date	state	King	Snohomish	Pierce	Ann Arbor	Boston	San Diego	DC
2020-01-26	0	0	0	0	0	0	0	0
2020-01-27	0	0	0	0	0	0	0	0
2020-01-28	0	0	0	0	0	0	0	0
2020-01-29	0	0	0	0	0	0	0	0
2020-01-30	0	0	0	0	0	0	0	0
2020-01-31	0	0	0	0	0	0	0	0
2020-02-01	0	0	0	0	0	0	0	0
2020-02-02	0	0	0	0	0	0	0	0
2020-02-03	0	0	0	0	0	0	0	0
2020-02-04	0	0	0	0	0	0	0	0
2020-02-05	0	0	0	0	0	0	0	0
2020-02-06	0	0	0	0	0	0	0	0
2020-02-07	0	0	0	0	0	0	0	0
2020-02-08	0	0	0	0	0	0	0	0
2020-02-09	0	0	0	0	0	0	0	0
2020-02-10	0	0	0	0	0	0	0	0
2020-02-11	0	0	0	0	0	0	0	0
2020-02-12	0	0	0	0	0	0	0	0
2020-02-13	0	1	3	0	0	0	0	0
2020-02-14	0	4	7	0	0	0	0	0
2020-02-15	0	7	12	0	0	0	0	0
2020-02-16	3	11	17	0	0	0	0	0
2020-02-17	5	15	22	0	0	0	0	0
2020-02-18	7	20	28	0	0	0	0	0
2020-02-19	10	24	34	1	0	0	0	0
2020-02-20	13	30	41	3	0	0	0	0
2020-02-21	17	35	49	5	1	0	0	0
2020-02-22	21	42	57	7	6	0	0	0
2020-02-23	24	48	65	10	11	0	0	0
2020-02-24	29	55	74	12	17	0	1	0
2020-02-25	33	63	84	16	23	10	2	0
2020-02-26	38	70	94	19	30	31	4	0
2020-02-27	44	79	105	23	38	54	5	0
2020-02-28	49	87	116	27	46	80	7	1
2020-02-29	55	97	128	31	55	108	9	9
2020-03-01	61	106	140	36	65	140	11	18
2020-03-02	68	117	153	41	75	175	13	29
2020-03-03	75	127	167	46	87	212	16	40
2020-03-04	82	138	181	52	99	253	18	53
2020-03-05	90	150	195	57	112	298	21	66
2020-03-06	98	161	210	64	126	345	24	81
2020-03-07	106	173	225	70	140	397	27	98
2020-03-08	114	186	240	77	155	451	31	115
2020-03-09	123	198	255	84	171	510	35	134
2020-03-10	132	211	271	92	188	572	39	155
2020-03-11	141	223	286	99	205	637	43	177
2020-03-12	150	236	301	107	223	706	47	200
2020-03-13	159	249	317	115	242	778	51	225
2020-03-14	168	261	331	123	261	854	56	251
2020-03-15	178	274	346	132	280	932	61	279
2020-03-16	187	286	360	140	300	1014	66	308
2020-03-17	196	298	373	149	320	1099	71	338
2020-03-18	205	309	386	157	340	1186	76	370
2020-03-19	213	321	398	166	360	1275	81	402
2020-03-20	222	331	410	174	379	1366	87	436
2020-03-21	230	342	420	182	398	1459	92	472
2020-03-22	238	351	429	190	417	1553	98	508
2020-03-23	245	360	437	197	434	1648	103	545
2020-03-24	251	369	443	204	450	1744	108	583
2020-03-25	258	376	449	211	465	1839	113	621
2020-03-26	263	383	453	217	479	1935	119	660
2020-03-27	268	389	456	223	492	2030	124	700
2020-03-28	273	395	458	228	504	2123	129	740
2020-03-29	277	400	459	232	514	2215	134	779
2020-03-30	281	404	459	237	524	2305	139	819
2020-03-31	284	407	458	240	532	2392	143	859
2020-04-01	286	410	456	243	538	2476	148	898
2020-04-02	288	412	453	245	543	2556	152	937
2020-04-03	290	413	449	247	547	2632	157	976
2020-04-04	291	414	445	248	550	2704	161	1013
2020-04-05	291	413	439	248	550	2771	165	1050
2020-04-06	291	412	433	248	550	2832	169	1086
2020-04-07	290	410	425	247	548	2888	173	1120
2020-04-08	289	407	418	245	544	2938	177	1154
2020-04-09	287	404	409	243	539	2982	180	1186
2020-04-10	285	401	401	241	534	3019	184	1218
2020-04-11	283	396	391	238	527	3049	187	1248
2020-04-12	280	392	382	235	519	3072	191	1277
2020-04-13	278	387	373	231	511	3088	194	1305
2020-04-14	275	382	363	228	502	3097	197	1331
2020-04-15	272	376	353	224	492	3098	201	1356
2020-04-16	269	370	343	220	482	3093	204	1380
2020-04-17	266	364	334	216	471	3081	207	1402
2020-04-18	262	358	324	212	460	3062	210	1423
2020-04-19	259	351	314	208	449	3036	213	1442
2020-04-20	256	344	305	204	437	3003	216	1460
2020-04-21	252	337	295	200	425	2965	219	1476
2020-04-22	249	330	286	196	413	2921	222	1490
2020-04-23	246	323	277	193	401	2871	224	1502
2020-04-24	243	316	268	189	389	2817	227	1513
2020-04-25	239	308	259	185	377	2758	229	1522
2020-04-26	236	301	250	181	365	2695	231	1529
2020-04-27	233	293	241	177	353	2628	233	1534
2020-04-28	230	286	233	174	341	2558	235	1538
2020-04-29	227	279	224	170	329	2486	237	1539
2020-04-30	225	271	216	167	317	2411	239	1539
2020-05-01	222	264	209	163	306	2335	241	1536
2020-05-02	220	256	201	160	295	2257	242	1531
2020-05-03	218	249	193	157	284	2177	243	1525
2020-05-04	216	242	186	153	274	2098	245	1516
2020-05-05	214	235	179	150	264	2018	246	1505
2020-05-06	213	229	173	148	254	1938	247	1493
2020-05-07	211	222	166	145	244	1858	248	1478
2020-05-08	210	216	160	142	235	1779	248	1462
2020-05-09	209	209	154	140	226	1700	249	1444
2020-05-10	209	204	149	137	218	1623	250	1425
2020-05-11	209	198	143	135	210	1547	251	1405
2020-05-12	209	193	138	133	202	1473	252	1384
2020-05-13	209	187	134	132	194	1400	252	1361
2020-05-14	210	183	130	130	187	1330	253	1337
2020-05-15	211	178	126	129	180	1261	254	1312
2020-05-16	213	174	122	128	173	1194	256	1286
2020-05-17	215	171	119	127	167	1129	257	1260
2020-05-18	217	168	116	126	161	1067	259	1232
2020-05-19	220	165	113	125	156	1007	261	1204
2020-05-20	223	163	111	125	150	950	263	1175
2020-05-21	226	161	109	125	145	895	266	1146
2020-05-22	230	160	108	125	141	842	269	1116
2020-05-23	234	159	107	125	136	792	272	1086
2020-05-24	239	159	106	126	132	744	276	1055
2020-05-25	243	159	106	126	129	699	281	1025
2020-05-26	248	159	106	127	125	656	286	994
2020-05-27	253	160	107	128	123	616	292	964
2020-05-28	258	161	108	129	120	578	298	933
2020-05-29	264	163	109	130	118	542	305	903
2020-05-30	269	165	110	132	116	509	313	873
2020-05-31	275	168	113	134	115	477	322	844
2020-06-01	282	171	115	136	114	448	331	815
2020-06-02	288	174	118	138	114	421	341	786
2020-06-03	295	178	121	141	114	396	352	758
2020-06-04	302	182	125	145	115	373	363	731
2020-06-05	310	187	129	149	116	352	376	704
2020-06-06	317	192	133	153	118	332	389	679
2020-06-07	325	198	138	158	120	315	403	654
2020-06-08	334	204	143	163	123	299	418	631
2020-06-09	342	210	148	169	127	284	433	608
2020-06-10	351	217	154	175	131	272	450	587
2020-06-11	361	225	161	182	136	260	467	567
2020-06-12	370	232	167	190	141	251	485	548
2020-06-13	380	241	174	198	147	242	504	530
2020-06-14	390	249	181	206	153	235	524	514
2020-06-15	401	258	189	215	160	229	544	499
2020-06-16	411	267	197	225	168	224	564	485
2020-06-17	422	277	205	235	175	221	585	473
2020-06-18	433	286	214	246	184	218	606	462
2020-06-19	445	296	222	257	192	216	628	453
2020-06-20	456	306	231	269	201	216	649	445
2020-06-21	468	317	240	281	211	216	671	439
2020-06-22	480	327	249	293	221	217	692	434
2020-06-23	492	337	258	306	231	219	713	430
2020-06-24	505	347	267	320	241	221	734	428
2020-06-25	517	357	276	334	252	224	754	427
2020-06-26	529	367	286	348	263	228	774	427
2020-06-27	541	377	295	362	274	233	793	429
2020-06-28	554	386	304	376	284	238	812	431
2020-06-29	566	396	313	391	295	243	830	435
2020-06-30	577	405	322	405	305	249	847	439
2020-07-01	589	414	330	420	316	255	863	444
2020-07-02	600	423	339	435	326	262	878	451
2020-07-03	611	432	348	450	335	269	892	457
2020-07-04	622	440	356	465	344	276	905	465
2020-07-05	632	448	364	479	353	284	917	473
2020-07-06	642	456	371	494	361	292	927	481
2020-07-07	652	463	379	508	368	299	936	490
2020-07-08	660	470	386	522	375	308	943	500
2020-07-09	669	477	392	535	381	316	950	509
2020-07-10	676	483	399	548	386	324	955	519
2020-07-11	683	489	404	561	391	333	958	529
2020-07-12	689	494	410	573	394	341	961	539
2020-07-13	694	498	415	584	397	350	962	548
2020-07-14	699	503	419	594	399	359	962	558
2020-07-15	702	506	422	604	400	368	961	567
2020-07-16	705	509	426	612	401	377	959	576
2020-07-17	707	512	428	620	400	387	956	585
2020-07-18	709	514	430	627	400	396	951	593
2020-07-19	709	516	432	633	398	405	947	601
2020-07-20	709	517	433	637	397	415	941	608
2020-07-21	708	518	433	641	395	425	935	614
2020-07-22	706	518	433	643	392	434	928	620
2020-07-23	704	518	433	645	389	444	920	625
2020-07-24	701	517	431	645	386	454	912	630
2020-07-25	697	517	430	644	383	463	904	634
2020-07-26	693	516	428	642	380	473	895	638
2020-07-27	688	514	425	640	377	482	885	641
2020-07-28	683	512	422	636	373	491	875	643
2020-07-29	677	511	419	631	370	500	865	644
2020-07-30	671	508	415	625	366	508	855	645
2020-07-31	664	506	411	619	362	517	845	646
2020-08-01	656	503	407	612	359	525	834	646
2020-08-02	649	500	402	604	355	533	823	645
2020-08-03	641	497	397	595	352	540	813	644
2020-08-04	632	493	392	586	348	548	802	642
2020-08-05	624	490	387	576	345	554	791	640
2020-08-06	615	486	381	566	341	561	781	637
2020-08-07	606	482	376	556	338	567	770	633
2020-08-08	597	477	370	545	335	572	760	630
2020-08-09	588	472	364	534	331	577	750	625
2020-08-10	578	468	358	522	328	582	740	620
2020-08-11	569	463	352	511	326	586	730	615
2020-08-12	560	457	346	499	323	590	721	610
2020-08-13	550	452	340	487	321	593	712	604
2020-08-14	541	446	334	475	319	596	703	598
2020-08-15	532	440	328	464	317	598	695	591
2020-08-16	523	434	322	452	316	600	687	585
2020-08-17	514	428	315	440	315	601	680	578
2020-08-18	505	421	309	429	315	602	673	571
2020-08-19	496	414	303	418	315	603	666	564
2020-08-20	488	407	297	407	316	603	660	557
2020-08-21	480	400	291	397	317	603	654	550
2020-08-22	472	393	285	387	318	603	648	544
2020-08-23	464	386	280	377	320	603	643	537
2020-08-24	457	378	274	368	323	603	638	530
2020-08-25	450	371	269	359	326	603	633	523
2020-08-26	443	364	263	351	330	602	629	517
2020-08-27	437	357	258	344	334	602	625	510
2020-08-28	431	351	253	337	339	602	621	504
2020-08-29	426	344	249	330	344	602	617	498
2020-08-30	421	338	245	324	350	601	613	493
2020-08-31	416	331	241	319	356	602	610	487
2020-09-01	412	326	237	314	363	602	606	482
2020-09-02	408	320	234	310	371	602	603	477
2020-09-03	405	315	231	306	379	603	600	472
2020-09-04	402	310	228	303	387	604	596	468
2020-09-05	399	306	226	301	397	606	593	464
2020-09-06	397	302	225	299	406	607	590	461
2020-09-07	396	298	224	298	417	609	587	458
2020-09-08	395	295	223	297	428	612	583	455
2020-09-09	394	293	223	297	440	615	580	453
2020-09-10	394	291	223	298	453	618	576	451
2020-09-11	395	290	224	299	466	622	573	449
2020-09-12	395	289	226	301	480	626	570	447
2020-09-13	397	289	228	304	495	631	566	446
2020-09-14	398	289	231	307	511	636	563	445
2020-09-15	400	290	234	311	527	642	559	444
2020-09-16	403	291	238	315	545	648	556	443
2020-09-17	406	293	243	320	563	655	553	443
2020-09-18	409	296	248	325	582	662	549	442
2020-09-19	413	300	253	331	602	670	546	442
2020-09-20	417	303	260	338	622	679	543	443
2020-09-21	421	308	267	345	643	689	540	444
2020-09-22	426	313	274	352	665	699	537	445
2020-09-23	431	319	283	360	687	710	534	447
2020-09-24	436	325	292	368	711	722	531	449
2020-09-25	442	333	301	377	735	735	528	451
2020-09-26	448	340	312	386	760	749	525	454
2020-09-27	455	348	323	396	786	764	523	457
2020-09-28	462	357	334	406	812	780	520	461
2020-09-29	470	367	347	417	840	797	518	466
2020-09-30	478	377	360	428	869	815	517	471
2020-10-01	487	388	373	440	899	833	515	476
2020-10-02	497	400	388	453	930	854	515	482
2020-10-03	507	412	403	466	961	875	514	489
2020-10-04	518	426	419	480	994	897	514	496
2020-10-05	530	440	435	494	1027	921	515	503
2020-10-06	543	455	453	510	1062	946	517	512
2020-10-07	556	471	471	526	1097	972	519	521
2020-10-08	571	488	489	542	1133	1000	522	530
2020-10-09	587	507	509	560	1170	1029	526	541
2020-10-10	603	526	529	578	1208	1059	531	552
2020-10-11	621	547	550	598	1247	1091	537	563
2020-10-12	640	569	572	618	1286	1124	544	576
2020-10-13	660	592	594	639	1327	1159	553	589
2020-10-14	682	616	618	661	1368	1195	562	603
2020-10-15	705	642	642	684	1410	1232	573	618
2020-10-16	729	669	667	708	1453	1271	585	634
2020-10-17	754	697	693	733	1496	1310	599	651
2020-10-18	781	726	720	760	1540	1351	614	669
2020-10-19	810	758	748	787	1584	1393	631	688
2020-10-20	840	790	777	816	1630	1435	650	709
2020-10-21	871	824	807	846	1675	1479	670	731
2020-10-22	904	858	838	877	1722	1523	693	754
2020-10-23	939	894	870	909	1769	1569	718	778
2020-10-24	975	932	903	943	1817	1615	745	803
2020-10-25	1013	970	937	978	1866	1662	775	830
2020-10-26	1052	1009	972	1014	1916	1709	807	858
2020-10-27	1092	1049	1007	1051	1966	1757	842	887
2020-10-28	1134	1090	1043	1090	2017	1807	880	917
2020-10-29	1176	1131	1080	1130	2069	1857	921	949
2020-10-30	1220	1173	1118	1170	2120	1907	964	981
2020-10-31	1264	1215	1155	1211	2171	1959	1011	1015
2020-11-01	1309	1257	1193	1253	2222	2011	1060	1049
2020-11-02	1355	1299	1232	1295	2273	2064	1113	1085
2020-11-03	1401	1341	1270	1338	2323	2118	1168	1121
2020-11-04	1447	1383	1309	1381	2372	2173	1227	1158
2020-11-05	1494	1425	1347	1423	2420	2229	1289	1195
2020-11-06	1540	1466	1385	1466	2466	2285	1354	1234
2020-11-07	1586	1506	1423	1509	2512	2342	1422	1272
2020-11-08	1632	1545	1461	1552	2555	2401	1494	1312
2020-11-09	1677	1584	1498	1594	2597	2460	1569	1352
2020-11-10	1722	1621	1535	1635	2636	2520	1648	1392
2020-11-11	1766	1658	1571	1676	2673	2581	1729	1433
2020-11-12	1810	1692	1606	1717	2708	2644	1814	1473
2020-11-13	1852	1726	1641	1756	2740	2708	1902	1514
2020-11-14	1893	1758	1675	1795	2769	2773	1993	1555
2020-11-15	1933	1789	1709	1832	2795	2840	2086	1596
2020-11-16	1972	1818	1741	1869	2817	2909	2182	1636
2020-11-17	2009	1845	1773	1904	2836	2979	2280	1676
2020-11-18	2045	1870	1804	1938	2852	3051	2380	1715
2020-11-19	2079	1893	1834	1970	2864	3125	2483	1755
2020-11-20	2111	1915	1863	2001	2872	3200	2588	1793
2020-11-21	2142	1934	1890	2031	2877	3277	2695	1831
2020-11-22	2170	1951	1916	2059	2879	3356	2804	1868
2020-11-23	2197	1966	1941	2085	2877	3436	2915	1904
2020-11-24	2221	1979	1964	2109	2872	3518	3028	1940
2020-11-25	2244	1990	1985	2131	2863	3600	3142	1975
2020-11-26	2264	1998	2005	2151	2852	3683	3258	2008
2020-11-27	2282	2004	2023	2169	2837	3765	3375	2041
2020-11-28	2297	2008	2039	2185	2820	3847	3494	2072
2020-11-29	2310	2010	2053	2198	2801	3928	3614	2102
2020-11-30	2321	2010	2064	2209	2779	4007	3735	2131
2020-12-01	2329	2008	2074	2217	2755	4084	3857	2158
2020-12-02	2334	2004	2082	2223	2729	4160	3980	2184
2020-12-03	2338	1998	2088	2227	2701	4233	4103	2209
2020-12-04	2340	1990	2092	2229	2672	4305	4225	2232
2020-12-05	2340	1981	2094	2229	2641	4374	4347	2255
2020-12-06	2338	1970	2095	2228	2608	4440	4469	2276
2020-12-07	2334	1958	2094	2225	2575	4505	4589	2296
2020-12-08	2329	1945	2091	2221	2541	4566	4707	2315
2020-12-09	2323	1931	2087	2215	2505	4625	4824	2333
2020-12-10	2315	1916	2082	2209	2469	4681	4938	2350
2020-12-11	2306	1900	2075	2201	2433	4734	5050	2366
2020-12-12	2297	1883	2067	2193	2396	4784	5158	2381
2020-12-13	2286	1866	2059	2184	2359	4831	5264	2395
2020-12-14	2275	1849	2048	2174	2322	4874	5365	2408
2020-12-15	2263	1831	2038	2165	2286	4914	5463	2421
2020-12-16	2251	1813	2026	2155	2250	4951	5557	2433
2020-12-17	2239	1796	2014	2145	2215	4985	5646	2444
2020-12-18	2227	1780	2001	2136	2181	5017	5730	2456
2020-12-19	2216	1764	1989	2128	2148	5047	5809	2467
2020-12-20	2206	1750	1976	2121	2118	5074	5882	2478
2020-12-21	2196	1737	1964	2115	2089	5100	5950	2488
2020-12-22	2188	1726	1952	2110	2062	5123	6012	2499
2020-12-23	2180	1715	1940	2106	2037	5144	6067	2509
2020-12-24	2173	1706	1928	2103	2014	5162	6115	2519
2020-12-25	2166	1698	1915	2101	1993	5177	6156	2529
2020-12-26	2159	1690	1902	2099	1973	5189	6188	2537
2020-12-27	2152	1683	1889	2097	1954	5197	6213	2545
2020-12-28	2145	1675	1874	2096	1937	5202	6229	2551
2020-12-29	2138	1668	1859	2095	1921	5202	6236	2556
2020-12-30	2130	1661	1843	2094	1906	5198	6235	2560
2020-12-31	2122	1654	1826	2093	1892	5190	6225	2562
2021-01-01	2113	1646	1808	2091	1878	5177	6206	2563
2021-01-02	2103	1638	1789	2089	1866	5160	6180	2562
2021-01-03	2092	1629	1769	2086	1854	5139	6145	2560
2021-01-04	2080	1619	1748	2082	1843	5112	6102	2556
2021-01-05	2066	1608	1726	2077	1832	5081	6051	2549
2021-01-06	2051	1596	1703	2071	1822	5046	5991	2541
2021-01-07	2035	1582	1678	2063	1812	5005	5924	2531
2021-01-08	2016	1567	1652	2054	1802	4959	5849	2518
2021-01-09	1996	1551	1625	2044	1793	4907	5765	2504
2021-01-10	1974	1532	1597	2031	1783	4851	5674	2487
2021-01-11	1950	1512	1567	2017	1774	4789	5576	2467
2021-01-12	1923	1490	1536	2001	1764	4722	5470	2445
2021-01-13	1895	1466	1504	1983	1755	4651	5358	2421
2021-01-14	1866	1441	1471	1963	1745	4575	5241	2396
2021-01-15	1835	1414	1438	1942	1735	4496	5118	2368
2021-01-16	1803	1387	1404	1920	1725	4414	4992	2339
2021-01-17	1770	1359	1371	1896	1715	4330	4862	2308
2021-01-18	1736	1330	1337	1872	1706	4243	4729	2276
2021-01-19	1701	1301	1304	1847	1695	4154	4595	2243
2021-01-20	1666	1272	1271	1821	1685	4064	4458	2209
2021-01-21	1631	1242	1239	1794	1674	3972	4320	2174
2021-01-22	1595	1212	1206	1766	1662	3879	4182	2137
2021-01-23	1559	1181	1175	1738	1649	3785	4044	2100
2021-01-24	1522	1151	1143	1709	1635	3691	3905	2063
2021-01-25	1486	1120	1113	1679	1620	3596	3768	2024
2021-01-26	1449	1090	1083	1649	1604	3501	3632	1985
2021-01-27	1412	1060	1053	1619	1586	3407	3497	1946
2021-01-28	1376	1030	1025	1588	1567	3313	3364	1907
2021-01-29	1340	1000	997	1557	1548	3220	3233	1868
2021-01-30	1304	971	969	1527	1527	3129	3104	1829
2021-01-31	1269	943	943	1496	1505	3040	2979	1791
2021-02-01	1235	915	917	1466	1482	2953	2856	1753
2021-02-02	1201	888	892	1437	1458	2868	2737	1716
2021-02-03	1168	862	868	1407	1434	2785	2621	1681
2021-02-04	1136	836	845	1379	1409	2705	2508	1646
2021-02-05	1104	812	822	1351	1384	2628	2398	1612
2021-02-06	1074	788	801	1323	1358	2553	2292	1579
2021-02-07	1044	765	780	1296	1333	2481	2190	1548
2021-02-08	1016	743	759	1270	1308	2413	2091	1518
2021-02-09	988	722	740	1245	1283	2347	1995	1490
2021-02-10	962	702	721	1221	1259	2284	1903	1463
2021-02-11	936	683	703	1198	1235	2224	1815	1437
2021-02-12	912	665	685	1175	1212	2168	1730	1414
2021-02-13	889	648	668	1154	1190	2116	1649	1392
2021-02-14	867	632	652	1134	1170	2066	1573	1372
2021-02-15	846	618	636	1115	1150	2021	1499	1354
2021-02-16	826	604	622	1097	1133	1979	1430	1338
2021-02-17	808	592	607	1081	1116	1941	1365	1324
2021-02-18	791	581	594	1066	1102	1906	1303	1311
2021-02-19	776	571	581	1051	1090	1874	1244	1300
2021-02-20	761	563	569	1039	1079	1845	1189	1290
2021-02-21	748	555	557	1027	1071	1820	1137	1282
2021-02-22	735	549	547	1017	1066	1798	1089	1275
2021-02-23	724	544	537	1008	1063	1778	1043	1269
2021-02-24	715	541	528	1000	1063	1761	1001	1263
2021-02-25	706	539	520	994	1066	1747	961	1259
2021-02-26	699	538	513	989	1072	1736	924	1256
2021-02-27	693	539	507	985	1082	1728	890	1253
2021-02-28	688	541	503	983	1095	1722	857	1251
2021-03-01	684	544	499	982	1113	1719	827	1249
2021-03-02	682	548	497	983	1134	1718	800	1248
2021-03-03	681	554	496	985	1158	1720	774	1247
2021-03-04	681	561	496	989	1187	1724	750	1246
2021-03-05	682	569	497	994	1218	1730	728	1245
2021-03-06	685	579	500	1000	1254	1737	707	1245
2021-03-07	688	589	504	1008	1292	1747	688	1244
2021-03-08	693	600	508	1017	1334	1758	671	1244
2021-03-09	698	613	515	1027	1379	1770	655	1244
2021-03-10	705	626	522	1038	1427	1784	640	1243
2021-03-11	712	640	530	1050	1478	1799	626	1243
2021-03-12	721	655	540	1063	1532	1816	614	1243
2021-03-13	730	670	551	1078	1589	1833	602	1242
2021-03-14	741	687	563	1093	1648	1850	592	1241
2021-03-15	752	704	576	1109	1710	1869	582	1240
2021-03-16	764	721	590	1126	1774	1887	573	1239
2021-03-17	776	739	605	1144	1840	1906	564	1237
2021-03-18	789	758	621	1163	1907	1925	557	1235
2021-03-19	803	777	638	1183	1974	1943	549	1233
2021-03-20	818	796	656	1202	2041	1960	543	1230
2021-03-21	833	815	674	1223	2108	1976	536	1227
2021-03-22	848	834	693	1244	2175	1990	531	1224
2021-03-23	864	853	712	1265	2239	2003	525	1221
2021-03-24	880	872	732	1286	2303	2014	521	1217
2021-03-25	896	890	752	1308	2364	2023	516	1213
2021-03-26	912	909	772	1329	2423	2030	511	1209
2021-03-27	929	927	792	1351	2478	2035	507	1204
2021-03-28	945	946	812	1373	2531	2037	503	1198
2021-03-29	962	963	832	1395	2580	2036	499	1192
2021-03-30	978	981	851	1416	2625	2033	495	1185
2021-03-31	995	997	871	1438	2665	2026	491	1177
2021-04-01	1011	1014	890	1459	2700	2017	487	1169
2021-04-02	1027	1030	909	1480	2730	2005	482	1160
2021-04-03	1042	1045	927	1501	2754	1991	478	1151
2021-04-04	1058	1060	944	1522	2771	1973	473	1140
2021-04-05	1072	1074	961	1542	2782	1953	468	1129
2021-04-06	1087	1087	977	1562	2785	1930	462	1117
2021-04-07	1100	1100	992	1582	2783	1905	456	1105
2021-04-08	1113	1111	1006	1601	2774	1878	450	1092
2021-04-09	1126	1122	1020	1619	2759	1849	444	1078
2021-04-10	1138	1132	1032	1637	2738	1817	438	1063
2021-04-11	1149	1141	1044	1654	2712	1784	431	1048
2021-04-12	1159	1149	1055	1670	2681	1749	424	1032
2021-04-13	1168	1156	1064	1685	2644	1713	417	1016
2021-04-14	1176	1162	1073	1699	2603	1675	411	999
2021-04-15	1184	1167	1080	1712	2557	1637	404	982
2021-04-16	1190	1171	1087	1723	2506	1597	397	964
2021-04-17	1196	1173	1092	1733	2452	1557	390	946
2021-04-18	1200	1174	1096	1742	2393	1515	383	927
2021-04-19	1203	1174	1099	1749	2331	1474	377	907
2021-04-20	1205	1172	1100	1754	2265	1432	370	888
2021-04-21	1205	1169	1101	1758	2197	1389	364	868
2021-04-22	1205	1165	1100	1760	2126	1347	358	848
2021-04-23	1203	1159	1097	1760	2053	1304	352	827
2021-04-24	1200	1152	1094	1759	1979	1262	346	806
2021-04-25	1196	1143	1089	1756	1905	1219	341	786
2021-04-26	1191	1133	1083	1751	1829	1176	336	765
2021-04-27	1185	1122	1076	1744	1753	1134	331	744
2021-04-28	1177	1109	1068	1736	1677	1092	327	723
2021-04-29	1168	1095	1059	1725	1601	1050	323	702
2021-04-30	1159	1079	1048	1713	1525	1008	319	680
2021-05-01	1148	1062	1036	1698	1450	966	315	659
2021-05-02	1135	1044	1023	1681	1374	925	311	637
2021-05-03	1122	1024	1009	1662	1299	884	307	616
2021-05-04	1108	1003	994	1641	1224	844	302	594
2021-05-05	1093	981	978	1618	1150	804	298	572
2021-05-06	1076	958	961	1593	1076	764	293	549
2021-05-07	1059	934	943	1566	1002	724	289	527
2021-05-08	1041	909	924	1538	929	685	284	505
2021-05-09	1023	883	905	1508	856	646	279	482
2021-05-10	1004	856	885	1477	783	607	274	459
2021-05-11	984	829	864	1445	711	568	269	437
2021-05-12	964	802	844	1411	638	529	264	414
2021-05-13	943	774	823	1377	566	491	259	391
2021-05-14	922	745	801	1342	494	452	254	368
2021-05-15	901	717	779	1306	423	414	248	345
2021-05-16	880	688	758	1270	351	376	243	322
