date	state	King	Snohomish	Pierce	Ann Arbor	Boston	San Diego	DC
2020-01-26	0	0	0	0	0	0	0	0
2020-01-27	0	0	0	0	0	0	0	0
2020-01-28	0	0	0	0	0	0	0	0
2020-01-29	0	0	0	0	0	0	0	0
2020-01-30	0	0	0	0	0	0	0	0
2020-01-31	0	0	0	0	0	0	0	0
2020-02-01	0	0	0	0	0	0	0	0
2020-02-02	0	0	0	0	0	0	0	0
2020-02-03	0	0	0	0	0	0	0	0
2020-02-04	0	0	0	0	0	0	0	0
2020-02-05	0	0	0	0	0	0	0	0
2020-02-06	0	0	0	0	0	0	0	0
2020-02-07	0	0	0	0	0	0	0	0
2020-02-08	0	0	0	0	0	0	0	0
2020-02-09	0	0.0176631896614435	0	0	0	0	0	0
2020-02-10	0	0.285450552598385	0	0	0	0	0	0
2020-02-11	0	0.566816743284464	0	0	0	0	0	0
2020-02-12	0.0802135982315448	0.862511963881746	0	0	0	0	0	0
2020-02-13	0.214345581376507	1.1732864165523	0.120131268455957	0	0	0	0	0
2020-02-14	0.356953699294798	1.49989030345818	0.293902360922275	0	0	0	0	0
2020-02-15	0.50855232294613	1.84307382676146	0.47946521938547	0	0	0	0	0
2020-02-16	0.669655823290211	2.20358718862421	0.677538874341129	0	0	0	0	0
2020-02-17	0.840778571286754	2.58218059120849	0.888842356284845	0	0	0	0	0
2020-02-18	1.02243493789547	2.97960423667636	1.11409469571221	0	0	0	0	0
2020-02-19	1.21513929407607	3.3966083271899	1.3540149231188	0	0	0	0	0
2020-02-20	1.41940601078826	3.83394306491116	1.60932206900022	0	0	0	0	0
2020-02-21	1.63574945899176	4.29235865200221	1.88073516385205	0.0352419367626136	0	0	0	0
2020-02-22	1.86468400964627	4.77260529062512	2.16897323816989	0.106043993153603	0	0	0	0
2020-02-23	2.10672403371151	5.27543318294195	2.47475532244932	0.183571873485201	0	0	0	0
2020-02-24	2.36231880149431	5.80139335720451	2.79872007835224	0.268182028040873	0	0	0	0
2020-02-25	2.63165718069007	6.35024014602349	3.14118469220582	0.360307496154141	0	0	0	0
2020-02-26	2.91486293834129	6.92152870809937	3.50238598150351	0.460400464421041	0	0	0	0
2020-02-27	3.21205984149047	7.51481420213259	3.88256076373879	0.568913119437611	0	0	0	0
2020-02-28	3.52337165718013	8.1296517868236	4.28194585640513	0.686297647799888	0.153328785300494	0	0.0138908650487863	0
2020-02-29	3.84892215245279	8.76559662087285	4.70077807699599	0.813006236103909	0.386713605776697	0	0.066577541197964	0
2020-03-01	4.18883509435095	9.42220386298078	5.13929424300484	0.949491070945709	0.644626198520317	0	0.124919519653955	0
2020-03-02	4.54306192542667	10.0987738242048	5.59747645804918	1.09610694480041	0.92835804425682	0	0.189219827004376	0
2020-03-03	4.91086479027019	10.7935874250299	6.07428797024258	1.25281907365944	1.23866163889871	0	0.259664584944859	0
2020-03-04	5.29133350898127	11.5046707382981	6.56843731382264	1.41949527939333	1.57615473215526	0.154452853075136	0.336410688948037	0.431036827967076
2020-03-05	5.68355790165971	12.2300498368514	7.07863302302697	1.59600338387259	1.94145507373573	1.18034476817721	0.419615034486544	0.963293490269901
2020-03-06	6.08662778840528	12.9677507935317	7.60358363209318	1.78221120896775	2.3351804133494	2.3123868785388	0.509434517033015	1.54852966655437
2020-03-07	6.49963298931775	13.7157996811811	8.14199767525885	1.97798657654931	2.75794850070552	3.55518789207953	0.606026032060082	2.18894318495592
2020-03-08	6.92166332449692	14.4722225726414	8.6925836867616	2.18319730848781	3.21037708551338	4.91335651671906	0.709546475040382	2.88673187361001
2020-03-09	7.35180861404256	15.2350455407548	9.25405020083902	2.39771122665375	3.69308391748223	6.39150146037701	0.820152741446548	3.64409356065206
2020-03-10	7.78915867805444	16.0022946583631	9.82510575172873	2.62139615291766	4.20668674632135	7.99423143097301	0.938001726751213	4.46322607421752
2020-03-11	8.23280333663235	16.7719959983083	10.4044588736683	2.85411990915005	4.75180332174	9.72615513642669	1.06325032642701	5.34632724244183
2020-03-12	8.68183240987607	17.5421756334324	10.9908181008954	3.09575031722144	5.32905139344745	11.5918812846577	1.19605543594658	6.29559489346043
2020-03-13	9.13533571788537	18.3108596365775	11.5828919676476	3.34615519900236	5.93904871115298	13.5960185835856	1.33657395078255	7.31322685540876
2020-03-14	9.59240308076003	19.0760740805854	12.1793890081624	3.60520237636332	6.58241302456583	15.7431757411301	1.48496276640755	8.40142095642225
2020-03-15	10.0521243185998	19.8358450382981	12.7790177566775	3.87275967117484	7.25976208339529	18.0379614652109	1.64137877829423	9.56237502463636
2020-03-16	10.5132489047326	20.5878116677418	13.3799053834864	4.14850197434702	7.97138898592887	20.4845062773219	1.80590533488643	10.7979115762184
2020-03-17	10.9731649253985	21.328065467679	13.9778536031059	4.43133245294832	8.71628822476699	23.0850279532551	1.97833159651291	12.1083518794632
2020-03-18	11.4289201200657	22.0523110220565	14.5680827661086	4.71996134308678	9.49312964108833	25.8412660823769	2.15837317647363	13.4936418906975
2020-03-19	11.8775622282022	22.7562529148209	15.1458132230672	5.01309888087043	10.3005830760716	28.7549602540537	2.34574568806858	14.9537275662481
2020-03-20	12.3161389892763	23.435595729919	15.7062653245545	5.30945530240732	11.1373183708954	31.8278500576517	2.54016474459772	16.4885548624416
2020-03-21	12.7416981427562	24.0860440512974	16.2446594211431	5.60774084380548	12.0020053667384	35.0616750825374	2.74134595936102	18.0980697356048
2020-03-22	13.15128742811	24.7033024629029	16.7562158634057	5.90666574117294	12.8933139047793	38.4581749180771	2.94900494565846	19.7822181420643
2020-03-23	13.5423049933699	25.2836267101279	17.2368169034182	6.20497025382397	13.809618285854	42.0168182406204	3.16278925668457	21.5401986179272
2020-03-24	13.9135506208251	25.8254771841479	17.6849923992698	6.50151473389759	14.7481106494263	45.7279900744499	3.38207420521214	23.3682200184211
2020-03-25	14.2641745013283	26.327865437584	18.0999341105528	6.79518955673905	15.7056875946174	49.5798045308311	3.60616704390849	25.261743778554
2020-03-26	14.5933268257328	26.7898030230574	18.4808337968597	7.0848850976936	16.6792457205484	53.5603757210299	3.83437502544099	27.2162313333337
2020-03-27	14.9001577848916	27.2103014931893	18.8268832177827	7.36949173210649	17.6656816263405	57.6578177563119	4.06600540247697	29.2271441177681
2020-03-28	15.1838175696578	27.5883724006009	19.1372741329144	7.64789983532296	18.6618919111146	61.8602447479429	4.30036542768377	31.2899435668652
2020-03-29	15.4434563708843	27.9230272979133	19.411198301847	7.91899978268825	19.6647731739921	66.1557708071886	4.53676235372873	33.4000911156328
2020-03-30	15.6782243794242	28.2132777377477	19.647847484173	8.18168194954761	20.6712220140938	70.5325100453147	4.77450343327921	35.5530481990789
2020-03-31	15.8872717861307	28.4581352727252	19.8464134394847	8.43483671124629	21.6781350305411	74.978576573587	5.01289591900254	37.7442762522113
2020-04-01	16.0697487818567	28.6566114554672	20.0060879273746	8.67735444312954	22.6824088224549	79.482084503271	5.25124706356607	39.969236710038
2020-04-02	16.2248055574553	28.8077178385946	20.126062707435	8.90812552054259	23.6809399889564	84.0311479456326	5.48886411963713	42.2233910075668
2020-04-03	16.3515923037795	28.9104659747288	20.2055295392583	9.12604031883071	24.6706251291666	88.6138810119375	5.72505433988308	44.5022005798058
2020-04-04	16.4492592116825	28.9638674164908	20.2436801824369	9.32998921333912	25.6483608422068	93.2183978134514	5.95912497697125	46.8011268617627
2020-04-05	16.5169564720172	28.9669337165019	20.2397063965631	9.51886257941308	26.611043727198	97.83281246144	6.19038328356899	49.1156312884454
2020-04-06	16.5542935692429	28.9193510449545	20.193467889506	9.6916880297213	27.555216656308	102.441935408861	6.41813877389978	51.4401656891501
2020-04-07	16.5627171622435	28.8235040423257	20.1074961622407	9.84804212622637	28.476007593892	107.017362475444	6.64171000841165	53.7651434703252
2020-04-08	16.5441332035088	28.6824519666639	19.984990664019	9.98763866821434	29.3681907773516	111.527385822607	6.86041780910876	56.0799684327075
2020-04-09	16.5004476455289	28.4992540760177	19.8291508440925	10.1101914549713	30.2265404440886	115.940297611771	7.07358299799527	58.3740443770334
2020-04-10	16.4335664407939	28.2769696284355	19.6431761517132	10.2154142857833	31.0458308315047	120.224390004357	7.28052639707536	60.6367751040398
2020-04-11	16.3453955417936	28.0186578819656	19.4302660361327	10.3030209599363	31.8208361770018	124.347955161784	7.48056882835319	62.8575644144632
2020-04-12	16.2378409010182	27.7273780946565	19.1936199466027	10.3727252767165	32.5463307179816	128.279285245474	7.67303111383293	65.0258161090404
2020-04-13	16.1126616676277	27.4059717753661	18.9362716394046	10.4244292470056	33.2176323718581	131.990209573223	7.85735332746386	67.1316879402742
2020-04-14	15.9710297774627	27.0564094361905	18.6605920989373	10.4587877280689	33.8322337760935	135.466706088341	8.03345255097585	69.1683534677324
2020-04-15	15.813970363034	26.6804438400352	18.3687866166295	10.4766437887671	34.3881712481625	138.698289890515	8.20136511804386	71.1297402027492
2020-04-16	15.6425085568523	26.2798277498057	18.0630604839096	10.4788404979613	34.8834811055396	141.674476079429	8.36112736234287	73.0097756566586
2020-04-17	15.4576694914284	25.8563139284076	17.7456189922062	10.4662209245121	35.3161996656993	144.384779754771	8.51277561754786	74.8023873407949
2020-04-18	15.260478299273	25.4116551387465	17.4186674329478	10.4396281372807	35.6843632461163	146.818716016228	8.65634621733381	76.5015027664919
2020-04-19	15.0519601128968	24.9476041437278	17.0844110975629	10.3999052051278	35.986008164265	148.965799963485	8.79187549537569	78.101049445084
2020-04-20	14.8331400648105	24.4659137062571	16.7450552774802	10.3478951969143	36.21917073762	150.815546696228	8.91939978534849	79.594954887905
2020-04-21	14.6050432875249	23.96833658924	16.4028052641281	10.2844411815012	36.3818872836558	152.357471314145	9.03895542092718	80.9771466062892
2020-04-22	14.3686949135508	23.456625555582	16.0598663489351	10.2103862277492	36.472194119847	153.581088916922	9.15057873578673	82.2415521115706
2020-04-23	14.1251200753988	22.9325333681886	15.7184438233299	10.1265734045195	36.4881275636681	154.475914604244	9.25430606360212	83.3820989150834
2020-04-24	13.8753439055797	22.3978127899654	15.3807429787408	10.0338457806727	36.4277239325937	155.031463475799	9.35017373804834	84.3927145281615
2020-04-25	13.6203915366042	21.8542165838179	15.0489691065966	9.93304642506982	36.2890195440983	155.237250631272	9.43821809280036	85.2673264621392
2020-04-26	13.3612881009831	21.3034975126516	14.7253274983256	9.82501840657176	36.0700507156565	155.08279117035	9.51847546153316	85.9998622283505
2020-04-27	13.0989764492636	20.7473974846008	14.4116443567227	9.71049560550308	35.7702421907294	154.563365240458	9.59095522949663	86.5857127390871
2020-04-28	12.834070304139	20.1876149887139	14.1082295300475	9.58977514804313	35.394572416724	153.697313179973	9.65555898824038	87.0261225104714
2020-04-29	12.5671011063391	19.625837659268	13.8150137779259	9.46304497183496	34.9494082670341	152.508740375011	9.71216138088891	87.3237994595831
2020-04-30	12.2986002965935	19.0637531305403	13.5319278599837	9.33049301452159	34.4411166150535	151.021752211687	9.76063705056673	87.4814515035022
2020-05-01	12.0290993156322	18.5030490368079	13.2589025358468	9.19230721374608	33.8760643341758	149.260454076117	9.80086064039838	87.5017865593085
2020-05-02	11.7591296041849	17.9454130123479	12.9958685651411	9.04867550715146	33.2606182977946	147.248951354416	9.83270679350835	87.387512544082
2020-05-03	11.4892226029813	17.3925326914374	12.7427567074924	8.89978583238077	32.6011453793038	145.011349432701	9.85605015302117	87.1413373749027
2020-05-04	11.2199115815633	16.8459064235063	12.4993697926557	8.74590021653718	31.9034654174697	142.570733638955	9.87081839412651	86.7664499561098
2020-05-05	10.9517371247207	16.3062754185948	12.2649989309023	8.58757704456433	31.1712101125502	139.946109068633	9.87715132027467	86.2679631410814
2020-05-06	10.6852416460555	15.7741916018961	12.0388073026326	8.42544879086603	30.4074641301757	137.15546075906	9.87524176698111	85.6514707704548
2020-05-07	10.4209675591697	15.2502068986031	11.819958088247	8.26014792984604	29.6153121359768	134.216773747559	9.86528256976129	84.9225666848676
2020-05-08	10.1594572776652	14.7348732339088	11.607614468146	8.09230693590816	28.797838795584	131.148033071453	9.84746656413069	84.0868447249573
2020-05-09	9.90125321514394	14.2287425330063	11.4009396227299	7.92255828345617	27.9581287746278	127.967223768067	9.82198658560475	83.1498987313613
2020-05-10	9.64689778520783	13.7323667210885	11.1990967323992	7.75153444689384	27.0992667387387	124.692330874725	9.78903546969894	82.117322544717
2020-05-11	9.39693340145883	13.2462977233486	11.0012489775543	7.57986790062498	26.2243373535472	121.341339428749	9.74880605192871	80.994710005662
2020-05-12	9.15190247749891	12.7710874649795	10.8065595385956	7.40819111905334	25.3364252846839	117.932234467464	9.70149116780954	79.7876549548337
2020-05-13	8.91234742692996	12.3072878711742	10.6141915959234	7.23713657658273	24.4386151977793	114.483001028194	9.64728365285689	78.5017512328696
2020-05-14	8.67881066335397	11.8554508671258	10.4233083299383	7.06733674761692	23.533991758464	111.011624148261	9.5863763425862	77.1425926804072
2020-05-15	8.45183460037285	11.4161283780273	10.2330729210406	6.8994241065597	22.6256396323683	107.536088864991	9.51896207251295	75.7157731380838
2020-05-16	8.23196165158855	10.9898723290716	10.0426485496308	6.73403112781486	21.716643485123	104.074380215706	9.4452336781526	74.2268864465371
2020-05-17	8.019734230603	10.5772346454519	9.85119839610919	6.57179028578616	20.8100879823584	100.64448323773	9.36538399502061	72.6815264464045
2020-05-18	7.81564326909413	10.1786438569969	9.65809180125192	6.41330332944007	19.908965899357	97.2619921627507	9.27977644451015	71.0857965348074
2020-05-19	7.61997377104368	9.7940349120781	9.46352274733774	6.25904910599373	19.0159024500096	93.9329379999063	9.18945679152523	69.4478383348032
2020-05-20	7.43295925850938	9.42321936370291	9.26789137702102	6.10947573722694	18.1334309578586	90.6609609526993	9.09564138684758	67.7763030259335
2020-05-21	7.25483325354895	9.06600876487866	9.07159783295618	5.9650313449195	17.2640847464467	87.4497012246315	8.99954658125892	66.0798417877395
2020-05-22	7.08582927822011	8.72221466861266	8.87504225779763	5.82616405085122	16.4103971393164	84.3027990192053	8.90238872554097	64.3671057997629
2020-05-23	6.9261808545806	8.39164862791225	8.67862479419976	5.6933219768019	15.5749014600103	81.2238945399226	8.80538417047546	62.6467462415449
2020-05-24	6.77612150468812	8.07412219578475	8.48274558481698	5.56695324455136	14.760131032071	78.2166279902856	8.70974926684412	60.9274142926271
2020-05-25	6.6358232844019	7.76944743401578	8.28785688870985	5.44744397601911	13.9683353496505	75.2841118673547	8.61656719306654	59.216670090322
2020-05-26	6.50521238478714	7.47743843950406	8.09461943056352	5.33493229368348	13.2006285893391	72.4273478424236	8.52638843811381	57.5177096030272
2020-05-27	6.3841535307105	7.19790981792661	7.9037460514693	5.22949432016254	12.4578410983365	69.6468098803444	8.4396303185949	55.8326377569113
2020-05-28	6.27251144703867	6.93067617496044	7.7159495925185	5.13120617807435	11.7408032238425	66.942971945969	8.35671015111878	54.1635594781431
2020-05-29	6.17015085863834	6.67555211628257	7.53194289480243	5.04014399003695	11.0503453130567	64.3163080041495	8.27804525229443	52.5125796928911
2020-05-30	6.0769364903762	6.43235224757	7.35243879941239	4.95638387866839	10.3872977131788	61.7672920197379	8.20405293873079	50.8818033273243
2020-05-31	5.99273306711891	6.20089117449976	7.17815014743969	4.88000196658674	9.75249077140868	59.2963979575862	8.13515052703684	49.2733353076111
2020-06-01	5.91740531373317	5.98098350274884	7.00978977997565	4.81107437641005	9.14675483494592	56.9040997825465	8.07175533382155	47.6892805599203
2020-06-02	5.85081795508566	5.77244383799427	6.84807053811157	4.74967723075638	8.5709202509903	54.5908714594707	8.01428467569388	46.1317440104207
2020-06-03	5.79283571604306	5.57508678591305	6.69370526293875	4.69588665224377	8.02581736674152	52.3571869532108	7.9631558692628	44.6028305852808
2020-06-04	5.74332332147206	5.3887269521822	6.54740679554852	4.64977876349028	7.51227652939932	50.203520228619	7.91878623113728	43.1046452106695
2020-06-05	5.70214549623933	5.21317894247874	6.40988797703216	4.61142968711397	7.0311280861634	48.1303452505472	7.88159307792629	41.6392928127553
2020-06-06	5.66916696521156	5.04825736247967	6.281861648481	4.58091554573289	6.58320238423351	46.1381359838474	7.85199372623879	40.208878317707
2020-06-07	5.64425245325544	4.89377681786201	6.16404065098633	4.5583124619651	6.16932977080935	44.2273663933717	7.83040549268375	38.8155066516933
2020-06-08	5.62728191771183	4.74959116339729	6.05684499090892	4.54362577410015	5.7898957385027	42.3978342507287	7.81722685387222	37.4607640027145
2020-06-09	5.61819624581839	4.61571125023506	5.95952333568729	4.53657768311363	5.44350636157354	40.6466325545535	7.81278092642357	36.1441616060982
2020-06-10	5.61695155728693	4.4921871786194	5.87103151802939	4.53681960565263	5.1283228596939	38.9701781102378	7.81737198695925	34.8646919590032
2020-06-11	5.62350397182931	4.37906904879439	5.7903253706432	4.54400295836424	4.84250645253582	37.3648877231735	7.8313043121007	33.6213475585887
2020-06-12	5.63780960915734	4.27640696100412	5.71636072623667	4.55777915789555	4.58421835977133	35.8271781987521	7.85488217846938	32.4131209020138
2020-06-13	5.65982458898287	4.18425101549264	5.64809341751778	4.57779962089364	4.35161980107246	34.3534663423656	7.88840986268675	31.2390044864376
2020-06-14	5.68950503101773	4.10265131250405	5.58447927719449	4.60371576400561	4.14287199611126	32.9401689594056	7.93219164137425	30.0979908090191
2020-06-15	5.72676576036015	4.03159690000555	5.52460901418878	4.63517386850682	3.95624481823853	31.5842075821833	7.98639712460281	28.9892267289702
2020-06-16	5.77135642365396	3.97083261685683	5.46811284227863	4.67179967418574	3.79044275552025	30.2845226506884	8.05065725624131	27.9124765537147
2020-06-17	5.82298537292937	3.92004224964071	5.41475585145607	4.71321378545909	3.64427894970118	29.0405593318297	8.12446831360809	26.867658952729
2020-06-18	5.88136096021664	3.87890958494004	5.3643031317131	4.7590368067436	3.5165665425261	27.8517627925164	8.20732657402151	25.8546925954897
2020-06-19	5.94619153754597	3.84711840933763	5.31651977304173	4.80888934245603	3.40611867573975	26.7175781996574	8.29872831479991	24.8734961514734
2020-06-20	6.01718545694759	3.82435250941631	5.27117086543397	4.86239199701309	3.3117484910869	25.6374507201618	8.39816981326165	23.9239882901564
2020-06-21	6.09405107045174	3.81029567175891	5.22802149888182	4.91916537483153	3.23226913031232	24.6108255209386	8.50514734672508	23.0060876810154
2020-06-22	6.17649673008863	3.80463168294825	5.1868367633773	4.97883008032808	3.16649373516077	23.6371477688969	8.61915719250856	22.1197129935269
2020-06-23	6.26423078788849	3.80704432956715	5.14738174891242	5.04100671791948	3.11323544737701	22.7158626309456	8.73969562793043	21.2647828971674
2020-06-24	6.35696159588156	3.81721739819846	5.10942154547918	5.10531589202245	3.07130740870579	21.8464152739938	8.86625893030903	20.4412160614135
2020-06-25	6.45439750609805	3.83483467542498	5.07272124306959	5.17137820705373	3.0395227608919	21.0282508649505	8.99834337696273	19.6489311557416
2020-06-26	6.5562468705682	3.85957994782955	5.03704593167566	5.23881426743007	3.01669464568008	20.2608145707247	9.13544524520989	18.8878468496283
2020-06-27	6.66221804132223	3.89113700199499	5.0021607012894	5.30724467756819	3.0016362048151	19.5435515582256	9.27706081236883	18.1578818125502
2020-06-28	6.77201937039036	3.92918962450413	4.96783064190281	5.37629004188482	2.99316058004172	18.875906994362	9.42268635575792	17.4589547139837
2020-06-29	6.88535050709207	3.97341361337853	4.93391788032561	5.44580779422834	2.99015499400216	18.2571161446821	9.57165994163996	16.7907649311104
2020-06-30	7.00187628990375	4.02345281239467	4.90067269063827	5.51660268617358	2.99180299292843	17.6855746692904	9.72268679205554	16.1521346719315
2020-07-01	7.12125285459106	4.07894307676776	4.86844238373899	5.58971629872703	2.99736220395001	17.1594683269306	9.87431391798972	15.5416668521533
2020-07-02	7.24313633691964	4.13952026171301	4.83757427052593	5.66619021289517	3.00609025419637	16.6769828763462	10.0250883304275	14.9579643874819
2020-07-03	7.36718287265514	4.20482022244564	4.80841566189729	5.74706600968447	3.01724477079697	16.2363040762808	10.173557040354	14.3996301936238
2020-07-04	7.49304859756321	4.27447881418085	4.78131386875124	5.83338527010142	3.03008338088129	15.8356176854781	10.3182670587543	13.865267186285
2020-07-05	7.62038964740949	4.34813189213387	4.75661620198597	5.92618957515248	3.04386371157879	15.4731094626816	10.4577653966133	13.3534782811718
2020-07-06	7.74884034814256	4.42542745745138	4.7346111590389	6.02629434088275	3.05793434571469	15.1469217187803	10.5907708256774	12.8630635645059
2020-07-07	7.87794778644277	4.50606209500598	4.71535198350446	6.13361032349175	3.07200768889715	14.8550229732442	10.7166891607385	12.3936118045699
2020-07-08	8.00723723917337	4.58974453560174	4.69883310551631	6.2478221142176	3.08588710243007	14.5953382976888	10.8350979773494	11.9449089401621
2020-07-09	8.13623398319763	4.67618351004272	4.68504895520813	6.36861430429845	3.09937594761734	14.3657927637295	10.9455748510634	11.5167409100806
2020-07-10	8.26446329537882	4.76508774913301	4.67399396271359	6.49567148497242	3.11227758576287	14.1643114429818	11.0476973574334	11.1088936531235
2020-07-11	8.39145045258022	4.85616598367666	4.66566255816636	6.62867824747765	3.12439537817056	13.9888194070611	11.1410430720124	10.721153108089
2020-07-12	8.51672073166507	4.94912694447776	4.6600491717001	6.76731918305226	3.13553268614431	13.8372417275827	11.2251895703537	10.3533052137753
2020-07-13	8.63979940949667	5.04367936234037	4.6571482334485	6.91127888293439	3.14549287098801	13.7075034761623	11.2997144280101	10.0051359089804
2020-07-14	8.76021176293826	5.13953196806857	4.65695417354521	7.06024193836216	3.15407929400557	13.597529724415	11.3641952205348	9.6764311325025
2020-07-15	8.87748306885313	5.23639349246643	4.6594614221239	7.21389294057372	3.16109531650088	13.5052455439565	11.4182095234807	9.36697682313977
2020-07-16	8.99113860410453	5.33397266633801	4.66466440931825	7.37191648080718	3.16634429977785	13.4285760064021	11.4613349124011	9.07655891969034
2020-07-17	9.10070364555573	5.43197822048739	4.67255756526194	7.53399715030069	3.16962960514038	13.3654461833673	11.4931489628488	8.80496336095235
2020-07-18	9.20570347007001	5.53011888571864	4.68313532008862	7.69981954029237	3.17075459389237	13.3137811464674	11.513229250377	8.55197608572394
2020-07-19	9.30566335451063	5.62810339283583	4.69639210393196	7.86906824202036	3.16952262733771	13.271505967318	11.5211533505387	8.31738303280325
2020-07-20	9.4000389979348	5.72549320803194	4.71218604588829	8.04121914474274	3.16570598054833	13.2367238520725	11.516773753223	8.10091652139991
2020-07-21	9.48800778817544	5.82126073905558	4.72983007090445	8.21491332979749	3.15895258366821	13.208250545037	11.5010426056629	7.90209439236941
2020-07-22	9.56867753525945	5.91423112904425	4.74850080288996	8.38858317654251	3.14887928060936	13.1850799250558	11.4751869694273	7.72038086697875
2020-07-23	9.64115604921371	6.00322952113547	4.76737486575431	8.56066106433575	3.13510291528378	13.1662058709731	11.4404339060852	7.55524016649491
2020-07-24	9.70455114006507	6.08708105846674	4.78562888340701	8.72957937253511	3.11724033160349	13.1506222616331	11.3980104772056	7.40613651218487
2020-07-25	9.75797061784043	6.16461088417559	4.80243947975755	8.89377048049853	3.0949083734805	13.1373229758799	11.3491437443576	7.27253412531561
2020-07-26	9.80052229256666	6.23464414139951	4.81698327871544	9.05166676758392	3.0677238848268	13.1253018925577	11.29506076911	7.15389722715412
2020-07-27	9.83151044521331	6.29620174819996	4.82852207506613	9.20191170971312	3.0354015531205	13.1136894899834	11.2368336004827	7.04960486714529
2020-07-28	9.85102524052061	6.34908772233412	4.83665834709889	9.34399316906359	2.99804744010408	13.1021626443636	11.1749142372984	6.95869540744564
2020-07-29	9.85935331417147	6.39330185648309	4.84107974397892	9.47761010437673	2.95586545108613	13.0905348313776	11.1095996658308	6.88012203838961
2020-07-30	9.85678130184879	6.42884394332798	4.84147391487144	9.60246147439389	2.90905949137522	13.0786195267047	11.0411868723536	6.81283795031162
2020-07-31	9.84359583923549	6.45571377554992	4.83752850894166	9.71824623785647	2.85783346627993	13.066230206024	10.9699728431402	6.75579633354611
2020-08-01	9.82008356201445	6.47391114583	4.8289311753548	9.82466335350584	2.80239128110884	13.0531803450149	10.8962545644643	6.70795037842751
2020-08-02	9.7865311058686	6.48343584684935	4.81536956327605	9.92141178008337	2.74293684117053	13.0392834193565	10.8203290225996	6.66825327529024
2020-08-03	9.74322510648084	6.48428767128907	4.79653132187065	10.0081904763305	2.67967405177358	13.0243529047282	10.7424932038195	6.63565821446874
2020-08-04	9.69045219953406	6.47646641183027	4.77210410030379	10.0846984009885	2.61280681822657	13.0082022768091	10.6630440943978	6.60911838629745
2020-08-05	9.62849902071119	6.45997186115408	4.7417755477407	10.1506345127988	2.54253904583808	12.9906450112786	10.582278680608	6.58758698111079
2020-08-06	9.55765220569511	6.43480381194159	4.70523331334658	10.2056977705028	2.46907463991669	12.9714945838159	10.5004939487237	6.57001718924319
2020-08-07	9.47819839016874	6.40096205687392	4.66216504628664	10.2495871328418	2.39261750577097	12.9505644701002	10.4179868850186	6.55536220102908
2020-08-08	9.39042420981499	6.35844638863218	4.6122583957261	10.2820015585573	2.31337154870951	12.9276681458108	10.3350544757662	6.5425752068029
2020-08-09	9.29461630031676	6.30725659989749	4.55520101083018	10.3026400063906	2.23154067404088	12.9026190866269	10.2519937072401	6.53060939689908
2020-08-10	9.19116890796774	6.24752962916489	4.49085473272881	10.3113692883625	2.14733806276672	12.8750672791216	10.1690284719668	6.51857452580155
2020-08-11	9.08090672150482	6.17995099818527	4.41977817041089	10.3087276296115	2.06101399866092	12.8440087534428	10.0860902874834	6.50620660459226
2020-08-12	8.96476204027568	6.10534337452343	4.34270412483006	10.2954211085555	1.97282804119041	12.8082760506322	10.0030375775802	6.4933982085027
2020-08-13	8.84366716362797	6.02452942574419	4.26036539693993	10.2721558036124	1.88303974982214	12.7667017117317	9.91972876604722	6.4800419127643
2020-08-14	8.71855439090937	5.93833181941235	4.17349478769414	10.2396377932001	1.79190868402304	12.7181182777829	9.83602227667448	6.46603029260854
2020-08-15	8.59035602146756	5.84757322309274	4.08282509804632	10.1985731557365	1.69969440326006	12.6613582898276	9.75177653325211	6.45125592326688
2020-08-16	8.4600043546502	5.75307630435016	3.98908912895009	10.1496679696395	1.60665646700013	12.5952542889076	9.66684995957017	6.43561137997078
2020-08-17	8.32836524788385	5.65561591383938	3.89305485571186	10.0935906827496	1.51313574553424	12.5189708287492	9.58122699517224	6.41908970344319
2020-08-18	8.19603879091059	5.55577563457497	3.79563095104918	10.0308592205972	1.41979835244946	12.4330005138175	9.49539614261582	6.402085796373
2020-08-19	8.06355863155138	5.45409123266144	3.69776126203234	9.96195387813552	1.32739171215692	12.3381679612622	9.40997192021188	6.38509502694057
2020-08-20	7.93145841762717	5.35109847420331	3.60038963573166	9.88735495031755	1.23666324906775	12.2352977882332	9.32556884627138	6.36861276332627
2020-08-21	7.80027179695892	5.24733312530509	3.50445991921746	9.8075427320964	1.14836038759307	12.12521461188	9.24280143910534	6.35313437371049
2020-08-22	7.6705324173676	5.14333095207132	3.41091595956005	9.72299751842513	1.063230552144	12.0087430493526	9.1622842170247	6.33915522627359
2020-08-23	7.54277392667416	5.03962772060649	3.32070160382974	9.63419960425683	0.982021167131671	11.8867077178005	9.08463169834046	6.32717068919593
2020-08-24	7.41748730377947	4.93672467932276	3.23462508226742	9.54159568900692	0.905350033114203	11.7599554220468	9.01026576192125	6.31755199685343
2020-08-25	7.294992851904	4.83498500586277	3.15295215779625	9.44549808994019	0.833316455237746	11.6294217176075	8.93883772886635	6.31017384840404
2020-08-26	7.17556820534817	4.73473736017678	3.07581297650995	9.34618552878377	0.765890114795454	11.4960643476722	8.86980628083268	6.30478680920127
2020-08-27	7.05949099841234	4.63631040221507	3.00333768450226	9.24393672726479	0.70304069308048	11.36084105543	8.80263009947718	6.3011414445986
2020-08-28	6.94703886539693	4.5400327919279	2.93565642786691	9.1390304071104	0.644737871385978	11.2247095840705	8.73676786645678	6.29898831994954
2020-08-29	6.83848944060232	4.44623318926554	2.87289935269763	9.03174529004771	0.5909513310051	11.0886276767829	8.6716782634284	6.29807800060757
2020-08-30	6.7341203583289	4.35524025417825	2.81519660508815	8.92236009780389	0.541650753231	10.9535530767567	8.60681997204899	6.2981610519262
2020-08-31	6.63420925287706	4.26738264661631	2.7626783311322	8.81115355210603	0.496805819356832	10.8204435271811	8.54165167397547	6.29898803925891
2020-09-01	6.5390337585472	4.18298902652998	2.71547467692352	8.6984043746813	0.456386210675748	10.6902567712456	8.47563205086477	6.3003095279592
2020-09-02	6.4488715096397	4.10238805386953	2.67371578855583	8.58439128725682	0.420361608480901	10.5639505521395	8.40821978437383	6.30187608338057
2020-09-03	6.36400014045496	4.02590838858524	2.63753181212287	8.46939301155973	0.388701694065446	10.4424826130522	8.33887355615957	6.30343827087651
2020-09-04	6.28469728529338	3.95387869062736	2.60705289371836	8.35368826931715	0.361376148722534	10.3268106971731	8.26705204787893	6.30474665580051
2020-09-05	6.21124057845533	3.88662761994616	2.58240917943604	8.23755578225623	0.33835465374532	10.2178925476915	8.19221394118884	6.30555180350607
2020-09-06	6.14390765424123	3.82448383649191	2.56373081536963	8.12127427210409	0.319606890426956	10.1166859077968	8.11381791774622	6.30560427934669
2020-09-07	6.08288469989054	3.76771909592397	2.5511037147913	8.00511085468427	0.304973959805692	10.0238540000766	8.03144929565256	6.30473864223949
2020-09-08	6.02799211439912	3.716377536738	2.54443685968685	7.88928622220584	0.293782641900166	9.93888196471147	7.94519993878745	6.30312542535615
2020-09-09	5.97895884970192	3.67044639313878	2.54359499922054	7.77400946097428	0.285231136474112	9.86096042128013	7.85528834747505	6.30101915543199
2020-09-10	5.9355138577339	3.62991289933105	2.5484428825566	7.65948965729506	0.278517643291265	9.78927998936139	7.76193302203951	6.29867435920231
2020-09-11	5.89738609042999	3.59476428951957	2.55884525885928	7.54593589747366	0.272840362115359	9.72303128853401	7.66535246280498	6.29634556340244
2020-09-12	5.86430449972515	3.56498779790911	2.57466687729282	7.43355726781555	0.267397492710128	9.66140493837678	7.56576517009561	6.29428729476767
2020-09-13	5.83599803755432	3.54057065870442	2.59577248702146	7.3225628546262	0.261387234839305	9.60359155846846	7.46338964423554	6.29275408003333
2020-09-14	5.81223333877422	3.52145184602433	2.6220687407531	7.21323146091504	0.254204959390931	9.54901304159081	7.35853092137655	6.29192364799681
2020-09-15	5.79292776992865	3.50737729364388	2.65362990537032	7.10612075650724	0.246034721750261	9.49801637333747	7.25184018098087	6.2916665357039
2020-09-16	5.77803638048319	3.49804467525221	2.69057215129936	7.00185812793193	0.237257748426855	9.45117981250503	7.14405513833837	6.29177648226244
2020-09-17	5.76751421990339	3.49315166453842	2.73301164896644	6.90107096171824	0.228255265930274	9.40908161789011	7.0359135087389	6.29204722678032
2020-09-18	5.76131633765484	3.49239593519163	2.7810645687978	6.80438664439531	0.219408500770078	9.37230004828932	6.92815300747232	6.29227250836538
2020-09-19	5.7593977832031	3.49547516090097	2.83484708121967	6.71243256249225	0.211098679455828	9.34141336249926	6.82151134982848	6.29224606612549
2020-09-20	5.76171360601374	3.50208701535556	2.89447535665829	6.6258361025382	0.203707028497084	9.31699981931654	6.71672625109726	6.29176163916851
2020-09-21	5.76821885555234	3.5119291722445	2.9600655655399	6.54522465106228	0.197614774403406	9.29963767753776	6.61453542656849	6.29061296660231
2020-09-22	5.77886858128446	3.52469930525693	3.03173387829072	6.47122559459362	0.193203143684356	9.28990519595954	6.51567659153205	6.28859378753475
2020-09-23	5.79361783267568	3.54009508808195	3.109596465337	6.40446631966135	0.190853362849492	9.28838063337847	6.4208874612778	6.28549784107369
2020-09-24	5.81242165919156	3.55781419440869	3.19376949710496	6.3455742127946	0.190946658408377	9.29564224859118	6.33090575109558	6.28111886632699
2020-09-25	5.83523511029768	3.57755429792627	3.28436914402085	6.2951766605225	0.19386425687057	9.31226830039426	6.24646917627526	6.27525060240252
2020-09-26	5.8620132354596	3.5990130723238	3.38151157651089	6.25390104937417	0.199987384745632	9.33883704758432	6.1683154521067	6.26768678840814
2020-09-27	5.8927110841429	3.6218881912904	3.48531296500132	6.22237476587873	0.209697268543122	9.37592674895797	6.09718229387975	6.25822116345171
2020-09-28	5.92732548184108	3.64590553268626	3.59588925319542	6.20111470219272	0.223446915421693	9.42404981954756	6.03338941173276	6.24669280910246
2020-09-29	5.96602035815938	3.67090379105585	3.71335547790465	6.19019577298216	0.241976455136351	9.48345529932843	5.97558449519799	6.23312217677505
2020-09-30	6.00900141873096	3.69674986511469	3.83782644921752	6.18958239854049	0.266097798091198	9.55432638451166	5.9219972286562	6.2175750603455
2020-10-01	6.05647436918898	3.72331065357833	3.96941697722253	6.19923899916114	0.296622854690331	9.63684627130833	5.87085729648814	6.20011725368985
2020-10-02	6.10864491516663	3.75045305516229	4.10824187200818	6.21912999513754	0.334363535337849	9.73119815592951	5.82039438307456	6.18081455068411
2020-10-03	6.16571876229706	3.77804396858212	4.254415943663	6.24921980676312	0.380131750437853	9.8375652345863	5.76883817279621	6.15973274520432
2020-10-04	6.22790161621344	3.80595029255334	4.40805400227547	6.2894728543313	0.434739410394441	9.95613070348977	5.71441835003385	6.1369376311265
2020-10-05	6.29534762040744	3.834102884789	4.56922165693952	6.33982061315119	0.498920569433516	10.0869289229118	5.65581001622151	6.11266849786357
2020-10-06	6.36800466980468	3.8626884389922	4.73778771277073	6.40006277859448	0.573097857068191	10.2293989093676	5.5934699410063	6.08785861697605
2020-10-07	6.44576909718927	3.89195760786353	4.91357177389005	6.46996610104855	0.657616046633384	10.382830843433	5.52830031108863	6.06361475556132
2020-10-08	6.52853723534535	3.9221610441036	5.09639344441848	6.54929733090077	0.752819911464014	10.546514905684	5.46120331316892	6.04104368071679
2020-10-09	6.61620541705702	3.95354940041302	5.286072328477	6.63782321853849	0.859054224894998	10.7197412766966	5.39308113394755	6.02125215953987
2020-10-10	6.70866997510841	3.98637332949238	5.48242803018658	6.73531051434911	0.976663760261253	10.9018001370466	5.32483596012494	6.00534695912796
2020-10-11	6.80582724228364	4.0208834840423	5.68528015366821	6.84152596871997	1.1059932908977	11.0919816673101	5.25736997840149	5.99443484657845
2020-10-12	6.90757355136682	4.05733051676338	5.89444830304285	6.95623633203845	1.24738759013925	11.289576048063	5.1915853754776	5.98962258898875
2020-10-13	7.01380523514208	4.09596508035622	6.10975208243151	7.07920835469191	1.40119143132082	11.4938734598813	5.12838433805367	5.99201695345627
2020-10-14	7.12441862639352	4.13703782752142	6.33101109595514	7.21020878706773	1.56774958777734	11.7041640833408	5.06866905283011	6.00272470707841
2020-10-15	7.23931005790529	4.18079941095959	6.55804494773474	7.34900437955328	1.74740683284372	11.9197380990175	5.01334170650732	6.02285261695256
2020-10-16	7.35837586246148	4.22750048337133	6.79067324189127	7.49536188253592	1.94050793985487	12.1398856874875	4.96330448578571	6.05350745017613
2020-10-17	7.48151237284622	4.27739169745725	7.02871558254573	7.64904804640302	2.14739768214572	12.3638970293265	4.91945957736567	6.09579597384653
2020-10-18	7.60861592184364	4.33072370591795	7.27199157381909	7.80982962154195	2.36842083305118	12.5910623051107	4.88270916794762	6.15082495506114
2020-10-19	7.73960219776623	4.38779403722328	7.52040447550907	7.97737195368921	2.6039542261441	12.8208497237639	4.85396638642889	6.21952352368369
2020-10-20	7.87446431104004	4.44908772292007	7.77419217012038	8.15093476997784	2.85450293594907	13.0534396076024	4.83418813049458	6.30211026064308
2020-10-21	8.01321472761949	4.51513667032438	8.03367619583446	8.32967639289001	3.1206040972286	13.2891903072906	4.82434224002675	6.39862610963454
2020-10-22	8.15586591345901	4.5864727867523	8.29917809083274	8.5127551449079	3.4027948447452	13.5284601734927	4.82539655490742	6.50911201435328
2020-10-23	8.30243033451303	4.66362797951989	8.57101939329668	8.69932934851367	3.70161231326139	13.771607556873	4.83831891501866	6.63360891849452
2020-10-24	8.45292045673598	4.74713415594322	8.84952164140772	8.8885573261895	4.01759363753967	14.0189908080958	4.86407716024248	6.77215776575348
2020-10-25	8.60734874608228	4.83752322333837	9.1350063733473	9.07959740041757	4.35127595234258	14.2709682778255	4.90363913046095	6.92479949982538
2020-10-26	8.76572143000212	4.93525532608359	9.42774323718482	9.27166720100176	4.70311575555786	14.5279019485796	4.95795704473817	7.09158899238505
2020-10-27	8.92801978192871	5.04050355680582	9.7277943205415	9.46422158703285	5.07324699757434	14.7901683302888	5.02792063886656	7.27263682702576
2020-10-28	9.09421883679101	5.1533692451942	10.0351698209266	9.65677472492336	5.46172299190605	15.0581475647369	5.11440402782059	7.46806751532037
2020-10-29	9.264293629518	5.27395372093786	10.3498799358491	9.84884078108577	5.86859705206706	15.332219793708	5.21828132657476	7.67800556884175
2020-10-30	9.43821919503865	5.40235831372592	10.6719348628184	10.0399339219326	6.29392249157142	15.6127651589859	5.34042665010354	7.90257549916277
2020-10-31	9.61597056828192	5.53868435324752	11.0013447993436	10.2295683138764	6.7377526239332	15.9001638023546	5.48171411338143	8.14190181785632
2020-11-01	9.79752278417678	5.68303316919177	11.3381199429339	10.4172581233295	7.20014076266642	16.194795865598	5.6430178313829	8.39610903649524
2020-11-02	9.98285087765221	5.83550609124782	11.6822704910985	10.6025175167046	7.68114022128518	16.4970414905	5.82521191908244	8.66532166665243
2020-11-03	10.1719298836372	5.99620444910479	12.0338066413466	10.7848606604142	8.18080431330351	16.8072808188446	6.02917049145454	8.94966421990076
2020-11-04	10.3647348370606	6.1652295724518	12.3927385911872	10.9638017208706	8.69918635223548	17.1258939924157	6.25576766347367	9.24926120781308
2020-11-05	10.5612407728515	6.34268279097799	12.7590765381297	11.1388548644865	9.23633965159513	17.4532611529972	6.50587755011433	9.56423714196228
2020-11-06	10.7614227259389	6.52866543437248	13.1328306796833	11.3095342576744	9.79231752489653	17.7897624423731	6.78037426635099	9.89471653392123
2020-11-07	10.9652557312517	6.72327883232441	13.514011213357	11.4753540668467	10.3671732856537	18.1357780023272	7.08013192715815	10.2408238952628
2020-11-08	11.1727148237188	6.9266243145229	13.9026283366601	11.6358284584159	10.9609602473808	18.4916879746435	7.40602464751028	10.6026837375598
2020-11-09	11.3837112957484	7.13865794546626	14.2983748399338	11.7905769288368	11.5736361145468	18.8577680613444	7.75889893134686	10.980376296111
2020-11-10	11.5979014696646	7.35875472888958	14.6996738848475	11.939640294733	12.2047761554412	19.2338762054062	8.13949083846735	11.373804701118
2020-11-11	11.8148779252709	7.5861444033371	15.1046312259026	12.0831647027703	12.8538600293085	19.6197659100439	8.54850881763619	11.7828278065084
2020-11-12	12.0342332423706	7.82005670735308	15.5113526176005	12.2212962996146	13.520367395393	20.0151906784722	8.98666131761783	12.2073044662096
2020-11-13	12.255560000767	8.05972137948178	15.9179438144427	12.3541812319318	14.2037779129392	20.4199040139059	9.45465678717671	12.647093534149
2020-11-14	12.4784507802636	8.30436815826747	16.3225105709305	12.4819656463876	14.9035712411916	20.8336594195599	9.95320367507728	13.1020538642542
2020-11-15	12.7024981606636	8.55322678225438	16.7231586415654	12.604795689648	15.6192270393947	21.256210398649	10.483010430084	13.5720443104527
2020-11-16	12.9273739271784	8.80555622505438	17.1182917527143	12.7229685669433	16.349977340858	21.6872267945534	11.0446825741792	14.0568488192582
2020-11-17	13.1530666866513	9.06073240054971	17.5075055182059	12.8373857177624	17.0940636751521	22.1260438113146	11.6384139222176	14.5559517075303
2020-11-18	13.3796442513335	9.31816045769017	17.8906935237345	12.9490996401587	17.8494799459126	22.5719129931397	12.2642953622713	15.0687623847145
2020-11-19	13.6071744334764	9.57724554542563	18.2677493549942	13.0591628321855	18.614220056775	23.0240858842354	12.9224177824131	15.5946902602568
2020-11-20	13.8357250453313	9.83739281270586	18.6385665976794	13.1686277918963	19.386277911375	23.4818140288087	13.6128720707152	16.1331447436027
2020-11-21	14.0653638991494	10.0980074084807	19.0030388374843	13.2785470173444	20.1636474133484	23.9443489710666	14.3357491152501	16.683535244198
2020-11-22	14.2961588071819	10.3584944817001	19.3610596601029	13.3899730065833	20.9443224663305	24.4109422552159	15.0911398040904	17.2452711714885
2020-11-23	14.5281775816803	10.6182591813137	19.7125226512297	13.5039582576663	21.7262969739572	24.8808454254637	15.8791350253083	17.81776193492
2020-11-24	14.7614880348957	10.8767066562714	20.0573213965589	13.6215552686469	22.507564839864	25.3533100260167	16.6998256669765	18.4004169439381
2020-11-25	14.9961579790794	11.133242055523	20.3953494817845	13.7438165375784	23.2861199676866	25.8275876010819	17.5533026171673	18.9926456079886
2020-11-26	15.2322552264828	11.3872705280184	20.726500492601	13.8717945625143	24.0599562610605	26.3029296948662	18.4396567639532	19.5938573365172
2020-11-27	15.4698475893571	11.6381972227074	21.0506680147025	14.0065418415079	24.8270676236215	26.7785878515766	19.3589789954066	20.2034615389697
2020-11-28	15.7090028799535	11.8854272885398	21.3677456337832	14.1491108726126	25.5854479590051	27.2538136154199	20.3113601996	20.8208676247918
2020-11-29	15.9497889105235	12.1283658744655	21.6776269355374	14.3005541538818	26.3330911708471	27.7278585306032	21.2968912646059	21.4454850034293
2020-11-30	16.1924535214597	12.3667851491915	21.9805791524668	14.4621558376846	27.0676251672643	28.2005293336705	22.3153330841771	22.076734698784
2020-12-01	16.4379646657213	12.6019253604538	22.2783641043036	14.6361266936524	27.7852138742995	28.6738535305155	23.365126574788	22.7140841925821
2020-12-02	16.6874703244088	12.8353937757458	22.5731172575875	14.8249091457324	28.4816552224768	29.1504138193689	24.4443826585936	23.3570125810061
2020-12-03	16.9421184786228	13.0687976625609	22.8669740788581	15.0309456178716	29.1527471423202	29.6327928984616	25.5512122577488	24.0049989602382
2020-12-04	17.2030571094638	13.3037442883921	23.1620700346552	15.2566785340173	29.7942875643538	30.1235734660243	26.6837262944082	24.6575224264609
2020-12-05	17.4714341980325	13.5418409207331	23.4605405915183	15.5045503181165	30.4020744191018	30.625338220288	27.8400356907271	25.3140620758566
2020-12-06	17.7483977254295	13.7846948270768	23.7645212159873	15.7770033941163	30.971905637088	31.1406698594834	29.01825136886	25.9740970046075
2020-12-07	18.0348191887405	14.0336114435854	24.0756744340849	16.0758956431603	31.5001412122821	31.6716718818485	30.2165654353522	26.6369423992427
2020-12-08	18.3304641489919	14.2886888810946	24.3937710097673	16.400746775177	31.9853893924343	32.2185309856503	31.4334947343096	27.3012578076777
2020-12-09	18.6348216831954	14.549723419109	24.7181087664736	16.7504919572915	32.4268204887407	32.7809546691628	32.6676372942284	27.9655388681749
2020-12-10	18.9473808683627	14.816511337133	25.047985527643	17.1240663566289	32.823604812397	33.3586504306602	33.9175911436045	28.6282812189962
2020-12-11	19.2676307815053	15.0888489146712	25.3826991167148	17.5204051403141	33.174912674599	33.9513257684167	35.1819543109344	29.287980498404
2020-12-12	19.5950604996349	15.3665324312279	25.7215473571282	17.9384434754722	33.4799143865426	34.5586881807061	36.459324824714	29.9431323446604
2020-12-13	19.9291590997633	15.6493581663078	26.0638280723224	18.3771165292282	33.7377802594236	35.1804451658028	37.7483007134396	30.5922323960277
2020-12-14	20.2694156589019	15.9371223994151	26.4088390857367	18.8353594687071	33.9476806044378	35.8163042219808	39.0474800056073	31.233776290768
2020-12-15	20.6153192540624	16.2296214100545	26.7558782208102	19.3121074610339	34.108785732781	36.4659728475142	40.3554607297131	31.8662596671435
2020-12-16	20.9663589622565	16.5266514777305	27.1042433009822	19.8062956733337	34.2202659556492	37.1291585406771	41.6708409142534	32.4881781634165
2020-12-17	21.3220238604958	16.8280088819474	27.4532321496918	20.3168592727315	34.281291584238	37.8055687997437	42.9922185877242	33.0980274178491
2020-12-18	21.6818030257919	17.1334899022098	27.8021425903785	20.8427334263522	34.2910329297433	38.494911122988	44.3181917786217	33.6943030687035
2020-12-19	22.0451855351566	17.4428908180221	28.1502724464812	21.3828533013209	34.2486603033611	39.1968930086842	45.6473585154421	34.275500754242
2020-12-20	22.4116604656013	17.7560079088888	28.4969195414394	21.9361540647627	34.1533440162869	39.9112219551063	46.9783168266814	34.8401161127267
2020-12-21	22.7802524080129	18.0720667942148	28.8406525044452	22.5007743513687	34.0048228753837	40.6371371123498	48.3092156495043	35.3869657403239
2020-12-22	23.1481280087783	18.3880104530062	29.1771231877032	23.0716666660953	33.8051096701813	41.372004237795	49.6364075557491	35.9161500648163
2020-12-23	23.5119894281594	18.7002112041695	29.501254249171	23.6429869814649	33.5567856858768	42.1127207406435	50.9557960259223	36.4280904718907
2020-12-24	23.8685388264183	19.0050413666111	29.8079683468061	24.20889127	33.2624322076669	42.8561840300972	52.263284540531	36.9232083472338
2020-12-25	24.214478363817	19.2988732592377	30.0921881385662	24.763535504223	32.9246305207486	43.5992915153574	53.5547765800815	37.4019250765325
2020-12-26	24.5465102006176	19.5780792009557	30.3488362824088	25.3010756566566	32.5459619103188	44.3389406056261	54.8261756250809	37.8646620454734
2020-12-27	24.8613364970819	19.8390315106715	30.5728354362914	25.815667699823	32.1290076615744	45.0720287101047	56.0733851560357	38.3118406397435
2020-12-28	25.1562121728791	20.078767992768	30.7600722737062	26.3023718074979	31.6763458008363	45.7954256411055	57.2925072315306	38.7438091559444
2020-12-29	25.4306031853065	20.2969883935327	30.9102895302825	26.7598649584685	31.1905413189225	46.5058908233828	58.4804382224617	39.1606235343379
2020-12-30	25.6845282510686	20.4940579447298	31.024193957184	27.1877283327753	30.6741559477747	47.2001560848016	59.6342730778031	39.5622666261009
2020-12-31	25.9180060868697	20.670341878123	31.1024923055746	27.5855431104587	30.1297514193349	47.8749532532266	60.751106746529	39.9487212824101
2021-01-01	26.1310554094142	20.8262054254763	31.1458913266181	27.9528904715589	29.5598894655449	48.5270141565228	61.8280341776135	40.3199703544423
2021-01-02	26.3236949354066	20.9620138185538	31.1550977714782	28.2893515961165	28.9671318183467	49.1530706225551	62.8621503200306	40.6759966933744
2021-01-03	26.4959433815512	21.0781322891192	31.1308183913188	28.5945076641717	28.3540402096821	49.7498544791884	63.8505501227544	41.016783150383
2021-01-04	26.6478194645524	21.1749260689365	31.0737599373036	28.8679398557649	27.7231763714931	50.3140975542874	64.790328534759	41.342312576645
2021-01-05	26.7793419011147	21.2527603897698	30.9846291605964	29.1092293509365	27.0771020357216	50.8425316757173	65.6785805050186	41.6525678233372
2021-01-06	26.8905294079424	21.3120004833828	30.8641328123611	29.3179573297269	26.4183789343094	51.3318886713427	66.5124009825071	41.9475317416364
2021-01-07	26.98140070174	21.3530115815397	30.7129776437614	29.4937049721765	25.7495687991985	51.7789003690286	67.2888849161988	42.2271871827193
2021-01-08	27.0519744992118	21.3761589160041	30.5318704059611	29.6360534583255	25.0732333623307	52.1802985966399	68.0051272550676	42.4915169977627
2021-01-09	27.1022695170623	21.3818077185403	30.3215178501239	29.7445839682145	24.391934355648	52.5328151820415	68.6582229480878	42.7405040379436
2021-01-10	27.1323044719958	21.370323220912	30.0826267274138	29.8188776818837	23.7082335110923	52.8331819530982	69.2452669442333	42.9741311544385
2021-01-11	27.1422604430367	21.3421561132237	29.8159503367617	29.8589641657863	23.0247951139955	53.079037702075	69.7635492286444	43.1921512912571
2021-01-12	27.1329679584883	21.2980989189427	29.5224281681682	29.8666665320266	22.3446936632508	53.2716490788366	70.2111399311252	43.3933977637403
2021-01-13	27.1054199089739	21.2390296198763	29.2030462594008	29.8442562791214	21.6711062111412	53.4131896976481	70.5863042176461	43.5764739800616
2021-01-14	27.060609185117	21.1658261978323	28.8587906482274	29.7940049055877	21.0072098099497	53.5058331727742	70.8873072541774	43.7399833483947
2021-01-15	26.9995286775408	21.0793666346183	28.4906473724155	29.7181839099426	20.3561815119596	53.5517531184797	71.1124142066894	43.8825292769131
2021-01-16	26.9231712768685	20.9805289120418	28.099602469733	29.6190647907029	19.7211983694539	53.5531231490296	71.2598902411523	44.0027151737905
2021-01-17	26.8325298737236	20.8701910119106	27.6866419779474	29.4989190463857	19.1054374347158	53.5121168786886	71.3280005235365	44.0991444472005
2021-01-18	26.7284872705347	20.7492077542086	27.2529246959513	29.3598766207207	18.5114843601326	53.4308318021049	71.3156641799094	44.1703882783639
2021-01-19	26.611485916952	20.6183413116259	26.8003004671357	29.2035012382886	17.9395591985095	53.3110609354587	71.2244161767269	44.2148889406908
2021-01-20	26.481858174431	20.4783306950286	26.3307918960163	29.031215068883	17.3892906027556	53.1545211753137	71.056445440542	44.2310564806385
2021-01-21	26.3399364044275	20.3299149152833	25.8464215871089	28.8444402822975	16.8603072257804	52.9629294182333	70.8139408979076	44.2173009446643
2021-01-22	26.186052968397	20.1738329832562	25.3492121449292	28.6445990483254	16.3522377204931	52.7380025607811	70.4990914753768	44.1720323792255
2021-01-23	26.020540227795	20.0108239098137	24.8411861739931	28.4331135367605	15.8647107398031	52.4814574995207	70.1140860995027	44.0936608307793
2021-01-24	25.8437305440772	19.8416267058222	24.3243662788162	28.2114059173962	15.3973549366196	52.1950111310155	69.6611136968382	43.9805963457831
2021-01-25	25.6559562786992	19.666980382148	23.8007750639144	27.9808983600261	14.9497989638521	51.8803803518292	69.1423631939362	43.8312489706943
2021-01-26	25.4575497931165	19.4876239496575	23.2724351338033	27.7430130344436	14.5216714744098	51.5392820585252	68.5600235173499	43.64402875197
2021-01-27	25.2488434487848	19.304296419217	22.7413690929987	27.4991721104423	14.112601121202	51.173433147667	67.9162835936322	43.4173457360676
2021-01-28	25.0301696071596	19.1177368016928	22.2095995460164	27.2507977578158	13.7222165571381	50.7845505158183	67.2133323493361	43.1496099694444
2021-01-29	24.8018606296965	18.9286841079515	21.6791490973722	26.9993121463576	13.3501464351274	50.3743510595425	66.4533587110146	42.8392314985577
2021-01-30	24.5642488778511	18.7378773488592	21.1520403515817	26.7461374458612	12.9960194080792	49.9445516754032	65.6385516052208	42.4846203698648
2021-01-31	24.3176667130791	18.5460555352823	20.6302959131608	26.4926958261201	12.6594641289028	49.4968692599639	64.7710999585076	42.084186629823
2021-02-01	24.0622534001983	18.3537245991144	20.1154039283145	26.2401212989475	12.3396507829035	49.0326780762041	63.8532895091992	41.6372160157016
2021-02-02	23.7973758174764	18.1604581563572	19.6067147100048	25.9883952442347	12.0339156849703	48.5519818527668	62.8877932427042	41.1464970280183
2021-02-03	23.5222077465431	17.9655967440395	19.1030441128832	25.7372108838927	11.739136682388	48.054441684711	61.8773809562022	40.6156938581027
2021-02-04	23.2359229690284	17.7684808991904	18.6032079916009	25.4862614398325	11.4521916224417	47.5397186670958	60.8248224468731	40.0484706972846
2021-02-05	22.9376952665621	17.5684511588386	18.1060222008093	25.2352401339648	11.1699583524162	47.00747389498	59.7328875118965	39.4484917368934
2021-02-06	22.6266984207743	17.3648480600131	17.6103025951599	24.9838401882008	10.8893147195966	46.4573684634228	58.6043459484522	38.8194211682591
2021-02-07	22.3021062132947	17.1570121397428	17.1148650293038	24.7317548244514	10.6071385712676	45.8890634674829	57.4419675537198	38.164923182711
2021-02-08	21.9634024258123	16.9443653188089	16.6188693718224	24.4786778652102	10.3210022575376	45.3026019180874	56.2486472453492	37.488505116516
2021-02-09	21.6113108402521	16.726655053002	16.1228515470164	24.2243055353015	10.0312561398083	44.6995544896341	55.027780422869	36.7930468856882
2021-02-10	21.2468652385983	16.503710181865	15.6276914931164	23.9683346601325	9.73894508230493	44.0818737723889	53.7828876062783	36.0812715511788
2021-02-11	20.871099402835	16.2753595449409	15.1342691483529	23.7104620651102	9.44511394925246	43.4515123566174	52.5174893155757	35.355902173939
2021-02-12	20.4850471149463	16.0414319817725	14.6434644509566	23.4503845756417	9.15080760487608	42.8104228325856	51.2351060707603	34.6196618149201
2021-02-13	20.0897421569163	15.8017563319029	14.1561573391581	23.187799017134	8.85707091340086	42.1605577905592	49.9392583918307	33.8752735350731
2021-02-14	19.686218310729	15.5561614348748	13.6732277511879	22.9224022149943	8.56494873905191	41.5038698208039	48.6334667987857	33.1254603953493
2021-02-15	19.2755093583687	15.3044761302313	13.1955556252766	22.6538909946296	8.27548594605435	40.8423115135856	47.3212518116243	32.3729454566999
2021-02-16	18.8586490818193	15.0465292575152	12.7240208996549	22.3819621814469	7.98972739863328	40.17783545917	46.0061339503452	31.6204517800761
2021-02-17	18.4366712630651	14.7821496562695	12.2595035125533	22.1063126008534	7.70871796101383	39.5123942478229	44.6916337349474	30.870702426429
2021-02-18	18.01060968409	14.5111661660371	11.8028834022024	21.8266390782561	7.43350249742107	38.8479404698102	43.3812716854294	30.1264204567098
2021-02-19	17.5814981268783	14.2334076263609	11.3550405068328	21.5426384390621	7.16512587208015	38.1864267153975	42.0785683217904	29.3903289318698
2021-02-20	17.150370373414	13.9487028767839	10.9168547646751	21.2540075086784	6.90463294921614	37.5298055748508	40.7870441640289	28.66515091286
2021-02-21	16.7182602056813	13.656880756849	10.4892061139599	20.9604431125121	6.65306859305418	36.8800296384357	39.510219732144	27.9536094606318
2021-02-22	16.2862086666896	13.3580081242634	10.0729459618306	20.6618351636348	6.41144671696726	36.2385464562077	38.2511895676407	27.2578804630991
2021-02-23	15.8552858435501	13.0531039093922	9.66881159108181	20.3588459257757	6.18065743092	35.6047834173808	37.0113442980499	26.5779511160274
2021-02-24	15.4265690843992	12.7434250607645	9.27751175342097	20.0523307503286	5.9615598940249	34.9776628709587	35.7916485724084	25.913261442145
2021-02-25	15.0011357373735	12.4302285269099	8.89975520055555	19.7431449886872	5.75501326539449	34.3561071659451	34.5930670397536	25.2632514641802
2021-02-26	14.5800631506095	12.1147712563575	8.53625068419292	19.4321439922453	5.56187670414125	33.7390386513436	33.4165643491223	24.6273612048612
2021-02-27	14.1644286722437	11.7983101976367	8.18770695604057	19.1201831123967	5.38300936937773	33.1253796761579	32.2631051495517	24.0050306869165
2021-02-28	13.7553096504126	11.4821022992768	7.85483276780589	18.808117700535	5.2192704202164	32.5140525893916	31.1336540900789	23.3956999330742
2021-03-01	13.3537157353186	11.1672997127571	7.53814596104645	18.4965974545386	5.07150000153014	31.9040860721826	30.0292806992011	22.7991841615718
2021-03-02	12.9603857854269	10.8546354013561	7.23740073672014	18.1854494582234	4.94046220123307	31.2949341342048	28.9514740232559	22.2167993726824
2021-03-03	12.5759909612688	10.5447375313025	6.95216038563502	17.8742951418901	4.82690209299971	30.6861571172665	27.9018279880412	21.6502367621885
2021-03-04	12.2012024233755	10.2382342688247	6.68198819859908	17.5627559358391	4.73156475050451	30.0773153631758	26.8819365193547	21.1011875258724
2021-03-05	11.8366913322782	9.93575378015144	6.42644746642038	17.2504532703711	4.65519524742197	29.4679692137409	25.8933935429943	20.5713428595164
2021-03-06	11.4831288485079	9.63792423151114	6.18510147990692	16.9370085757866	4.59853865742658	28.8576790107699	24.9377929847577	20.0623939589028
2021-03-07	11.1411861325961	9.34537378913242	5.95751352986674	16.6220432823861	4.56234005419282	28.246005096071	24.0167287704428	19.576032019814
2021-03-08	10.81145156455	9.05870621671044	5.74324626178016	16.3054299775154	4.5471215175086	27.6326656872886	23.1314358984643	19.1135922824181
2021-03-09	10.4941824022822	8.77842766780705	5.54185973981686	15.9880458767009	4.55251315161554	27.018010505412	22.2817136577049	18.6749861644258
2021-03-10	10.1895531231816	8.50501989345068	5.35291338281875	15.671019352514	4.57792206686869	26.4025471472667	21.4670024096641	18.2597691279338
2021-03-11	9.89773820463705	8.2389646446698	5.17596660962782	15.3554787775264	4.62275537362308	25.7867832096782	20.6867425158417	17.8674966350386
2021-03-12	9.61891212403728	7.98074367249286	5.010578839086	15.0425525243094	4.68642018223377	25.1712262894722	19.940374337737	17.4977241478367
2021-03-13	9.35324935877116	7.73083872794834	4.85630949003526	14.7333689654349	4.76832360305579	24.5563839834741	19.2273382368499	17.1500071284248
2021-03-14	9.10092438622752	7.48973156206468	4.71271798131755	14.4290564734741	4.86787274644419	23.9427638885095	18.5470745746799	16.8239010388994
2021-03-15	8.86211168379517	7.25790392587033	4.57936373177482	14.1307434209987	4.98447472275402	23.3308736014038	17.8990237127264	16.5189613413571
2021-03-16	8.63698572886297	7.03583757039377	4.45580616024904	13.8395581805802	5.11753664234032	22.7212207189828	17.2826260124894	16.2347434978944
2021-03-17	8.42572099881971	6.82401424666343	4.34160468558215	13.5566291247901	5.26646561555814	22.1143128380717	16.6973218354681	15.9708029706079
2021-03-18	8.22849197105425	6.62291570570781	4.23631872661612	13.2830846262001	5.43066875276251	21.5106575554964	16.1425515431625	15.7266952215942
2021-03-19	8.04547312295541	6.43302369855533	4.13950770219289	13.0200530573815	5.60955316430849	20.9107624680821	15.6177554970718	15.5019757129498
2021-03-20	7.87683893191201	6.25481997623447	4.05073103115443	12.7686627909061	5.80252596055111	20.3151351726546	15.1223740586959	15.2961999067714
2021-03-21	7.72276387531288	6.08878628977368	3.96954813234268	12.5300421993452	6.00899425184543	19.7242832660392	14.6558475895343	15.1089232651554
2021-03-22	7.58328894288329	5.93523005599275	3.89559340053931	12.3051018815015	6.22824010856554	19.1387406522921	14.2174603518018	14.9393685560737
2021-03-23	7.45792117369422	5.7937613548768	3.82880113428479	12.0938813411018	6.45904544116184	18.559146464391	13.8058722105744	14.7854277709997
2021-03-24	7.34603411915312	5.66381593220228	3.76918060805929	11.896202308104	6.70006712010374	17.9861661425443	13.419586931643	14.644660207282
2021-03-25	7.2470013306674	5.54482953374563	3.71674109634299	11.7118865124659	6.9499620158607	17.4204651269601	13.0571082807989	14.5146251622691
2021-03-26	7.16019635964452	5.43623790528331	3.67149187361606	11.5407556841454	7.20738699890212	16.8627088578468	12.716940023833	14.3928819333097
2021-03-27	7.08499275749187	5.33747679259176	3.63344221435866	11.3826315531003	7.47099893969748	16.3135627754126	12.3975859265365	14.2769898177524
2021-03-28	7.02076407561692	5.24798194144743	3.60260139305099	11.2373358492886	7.73945470871617	15.7736923198658	12.0975497547005	14.1645081129457
2021-03-29	6.96691205191824	5.16723592291052	3.5789254636456	11.1046416789114	8.01156589610633	15.243768139224	11.8153199596734	14.0533144587686
2021-03-30	6.9229511702591	5.09490860917622	3.56215759798464	10.9841276531431	8.28676297073064	14.7244817127423	11.5493237350331	13.9425598652211
2021-03-31	6.88842410099392	5.03071669772348	3.55198774738264	10.8753237594016	8.56463112113049	14.2165297274851	11.2979729599149	13.8317136848334
2021-04-01	6.86287351447715	4.97437688603123	3.54810586315415	10.7777599851046	8.84475553584724	13.7206088705167	11.059679513454	13.7202452701359
2021-04-02	6.84584208106319	4.92560587157843	3.55020189661369	10.6909663176699	9.12672140342228	13.2374158289015	10.8328552747856	13.6076239736589
2021-04-03	6.83687247110649	4.88412035184402	3.55796579907582	10.6144727445154	9.41011391239695	12.7676472897039	10.6159121230449	13.4933191479325
2021-04-04	6.83550735496146	4.84963702430694	3.57108752185507	10.5478092530587	9.69451825131266	12.3119999399883	10.4072619373672	13.3768001454872
2021-04-05	6.84128940298254	4.82187258644613	3.58925701626596	10.4905058307177	9.97951960871074	11.8711704668191	10.2053165968877	13.2575363188532
2021-04-06	6.85376128552415	4.80054373574053	3.61216423362306	10.4420924649101	10.2647031731326	11.4458555572606	10.0084879807417	13.1349970205608
2021-04-07	6.87246567294072	4.7853671696691	3.63949912524088	10.4020991430538	10.5496541331196	11.0367518983774	9.81518796806433	13.0086516031403
2021-04-08	6.89694523558668	4.77605958571077	3.67095164243397	10.3700558525665	10.8339576772131	10.6445561772336	9.6238284379909	12.8779694191219
2021-04-09	6.92674264381646	4.77233768134449	3.70621173651687	10.345492580866	11.1171989939544	10.2699650808938	9.43282126965663	12.742419821036
2021-04-10	6.96140056798448	4.77391815404919	3.74496935880411	10.3279393153701	11.3989632718851	9.91367529642233	9.24057834219674	12.6014721614129
2021-04-11	7.00046167844517	4.78051770130384	3.78691446061024	10.3169260434965	11.6788356995463	9.57638351088356	9.04551153474648	12.4545957927828
2021-04-12	7.04344967541457	4.79188649995526	3.83171909745264	10.3118792579489	11.9563325981244	9.25856395540455	8.84648174737883	12.3016221668874
2021-04-13	7.08981237855522	4.80790864432192	3.87898374166018	10.3118114725739	12.2306948193851	8.95980103736299	8.64414596391773	12.1438311323143
2021-04-14	7.13897863739125	4.82850170809017	3.92829096976456	10.315631706504	12.501094347739	8.67945670819931	8.43961018912496	11.9828646368623
2021-04-15	7.19037730144681	4.85358326494638	3.9792233582975	10.3222489788715	12.7667031675966	8.41689291935387	8.23398042776218	11.8203646283303
2021-04-16	7.24343722024603	4.8830708885769	4.0313634837907	10.3305723088091	13.0266932633686	8.17147162226708	8.02836268459117	11.6579730545172
2021-04-17	7.29758724331306	4.91688215266808	4.08429392277588	10.3395107154491	13.2802366194656	7.94255476837931	7.8238629643736	11.4973318632219
2021-04-18	7.35225622017205	4.95493463090629	4.13759725178474	10.3479732179239	13.5265052202982	7.72950430913096	7.62158727187123	11.3400830022433
2021-04-19	7.40690670992171	4.99711306727934	4.19088927784015	10.3548580625794	13.7646453772969	7.53165668763483	7.42245574643036	11.1875772541362
2021-04-20	7.46113610995903	5.04317088698081	4.24391872992953	10.3590204046146	13.9937007099722	7.34824631369354	7.22664506573571	11.0400007404795
2021-04-21	7.51457552725559	5.09282868550576	4.29646756753146	10.3593046264419	14.2126891648545	7.17848208878207	7.03414604205659	10.8972484176078
2021-04-22	7.56685606878297	5.14580705834921	4.34831775012449	10.3545551104738	14.4206286884744	7.02157291437546	6.84494948766234	10.7592152418559
2021-04-23	7.61760884151272	5.20182660100623	4.39925123718721	10.3436162391225	14.6165372273623	6.87672769194871	6.65904621482225	10.6257961695585
2021-04-24	7.66646495241643	5.26060790897184	4.44904998819818	10.3253323948005	14.7994327280486	6.74315532297686	6.47642703580566	10.4968861570504
2021-04-25	7.71305550846567	5.3218715777411	4.49749596263597	10.2985479599202	14.9683331370638	6.62006470893491	6.29708276288186	10.3723801606662
2021-04-26	7.75701161663201	5.38533820280904	4.54437111997916	10.262107316894	15.1222564009382	6.50666475129789	6.12100420832018	10.2521731367407
2021-04-27	7.79796438388702	5.45072837967072	4.58945741970631	10.2148548481342	15.2602204662025	6.4021643515408	5.94818218438993	10.1361600416087
2021-04-28	7.83554491720227	5.51776270382115	4.632536821296	10.1556349360533	15.381243279387	6.30577241113868	5.77860750336044	10.0242358316049
2021-04-29	7.86938432354933	5.58616177075541	4.6733912842268	10.0832919630637	15.4843427870223	6.21669783156653	5.61227097750101	9.91629546306391
2021-04-30	7.89911370989977	5.65564617596852	4.71180276797727	9.99667031157768	15.5685369356386	6.13414951429938	5.44916341908097	9.8122338923206
2021-05-01	7.92436418322518	5.72593651495554	4.74755323202599	9.8946143640077	15.6328436717665	6.05733636081223	5.28927564036962	9.71194607570965
2021-05-02	7.94476685049711	5.79675338321149	4.78042463585153	9.77596850276616	15.6762809419366	5.98546727258012	5.13259845363629	9.61532696956581
2021-05-03	7.95997263765122	5.86785625912291	4.81020923655599	9.63955104699807	15.6980166910843	5.91776588316209	4.97911374646199	9.52210728368441
2021-05-04	7.96971174647944	5.93916015264225	4.83674048173563	9.48407606277902	15.6978188577661	5.85351475445339	4.82876770767455	9.43136074170327
2021-05-05	7.97373419773777	6.01061895661343	4.85986211661025	9.30823155291723	15.6756053789438	5.79201118043329	4.68149760141348	9.3419968207208
2021-05-06	7.97179001218223	6.08218656388039	4.87941788639962	9.11070552022092	15.6312941915789	5.73255245508106	4.53724069181834	9.25292499783544
2021-05-07	7.96362921056883	6.15381686728705	4.89525153632354	8.8901859674983	15.5648032326332	5.67443587237598	4.39593424302862	9.1630547501456
2021-05-08	7.94900181365357	6.22546375967735	4.9072068116018	8.6453608975576	15.4760504390683	5.61695872629734	4.25751551918387	9.07129555474972
2021-05-09	7.92765784219246	6.29708113389521	4.9151274574542	8.37491831320703	15.3649537478458	5.5594183108244	4.12192178442359	8.9765568887462
2021-05-10	7.89939695514032	6.36856978528602	4.91893880927221	8.07780082545909	15.2316277947544	5.5012133051071	3.98910396905217	8.87790328813649
2021-05-11	7.86421736424716	6.43961811920098	4.91889256313409	7.7539694781433	15.0769740108908	5.44214792897804	3.85906766803327	8.77501952453408
2021-05-12	7.82216691946181	6.50986144349272	4.91532200528979	7.40363992329342	14.9020905261788	5.38212778744048	3.7318321424954	8.66774542845546
2021-05-13	7.77329347073309	6.5789350660139	4.90856042198927	7.02702781294329	14.708075470542	5.32105848549768	3.60741665356707	8.55592083041713
2021-05-14	7.71764486800983	6.64647429461716	4.89894109948248	6.62434879912664	14.4960269739042	5.25884562815289	3.48584046237679	8.43938556093559
2021-05-15	7.65526896124084	6.71211443715515	4.88679732401936	6.19581853387731	14.267043166189	5.19539482040939	3.36712283005308	8.31797945052734
2021-05-16	7.58621360037495	6.77549080148051	4.87246238184987	5.74165266922904	14.0222221773203	5.13061166727042	3.25128301772443	8.19154232970888
2021-05-17	7.510526635361	6.83623869544589	4.85626955922396	5.26206685721568	13.7626621372216	5.06440177373925	3.13834028651938	8.05991402899671
2021-05-18	7.42825591614778	6.89399342690393	4.83855214239158	4.75727674987096	13.4894611758168	4.99667074481914	3.02831389756641	7.92293437890732
2021-05-19	7.33944929268414	6.94839030370729	4.81964341760268	4.22749799922871	13.2037174230295	4.92732418551334	2.92122311199405	7.78044320995722
2021-05-20	7.2441546149189	6.99906463370861	4.79987667110722	3.67294625732268	12.9065290087835	4.85626770082512	2.81708719093079	7.6322803526629
2021-05-21	7.14241973280087	7.04565172476052	4.77958518915514	3.09383717618671	12.5989940630025	4.78340689575774	2.71592539550517	7.47828563754087
2021-05-22	7.03429249627888	7.08778688471569	4.7591022579964	2.49038640785452	12.2822107156101	4.70864737531445	2.61775698684567	7.31829889510761
2021-05-23	6.91982075530176	7.12510542142676	4.73876116388095	1.86280960435998	11.9572770965302	4.63189474449852	2.52260122608082	7.15215995587964
2021-05-24	6.79927119088045	7.15730332161109	4.71902692041651	1.21248338037446	11.6253385201705	4.55307760309184	2.4304604429949	6.97988075192486
2021-05-25	6.67378580827444	7.18431928744494	4.70089145064194	0.545428201120191	11.2877290388752	4.47221652999082	2.34126924199539	6.80216162151688
2021-05-26	6.54472544380531	7.2061526999693	4.68547840495384	0	10.9458298894725	4.38935509887053	2.25494529614552	6.6198750044807
2021-05-27	6.41345093379468	7.22280294022514	4.67391143374886	0	10.6010223087909	4.30453688340602	2.17140627850854	6.43389334064136
2021-05-28	6.28132311456414	7.23426938925344	4.6673141874236	0	10.2546875336584	4.21780545727233	2.09056986214768	6.24508906982385
2021-05-29	6.14970282243529	7.24055142809517	4.6668103163747	0	9.90820680090344	4.12920439414454	2.0123537201262	6.0543346318532
2021-05-30	6.01995089372973	7.24164843779133	4.67352347099877	0	9.56296134735425	4.03877726769768	1.93667552550734	5.86250246655441
2021-05-31	5.89329993067902	7.23759579895642	4.68824327538396	0	9.22020397213213	3.9466268102875	1.86346989215923	5.67039018623514
2021-06-01	5.77046959915451	7.2285728904991	4.71042324838448	0	8.88067372353031	3.85309238899243	1.79273919716957	5.47849609313344
2021-06-02	5.65205133093751	7.21479509090155	4.73918288254604	0	8.5449812121351	3.7585725295716	1.72450275843094	5.28724366197005
2021-06-03	5.53863655780932	7.19647777864595	4.77364167041439	0	8.21373704853272	3.66346575778412	1.65877989383592	5.09705636746565
2021-06-04	5.43081671155127	7.1738363322145	4.81291910453525	0	7.88755184330949	3.56817059938912	1.5955899212771	4.90835768434096
2021-06-05	5.32918322394463	7.14708613008938	4.85613467745435	0	7.56703620705163	3.47308558014571	1.53495215864705	4.72157108731667
2021-06-06	5.23432752677074	7.11644255075277	4.90240788171741	0	7.25280075034544	3.37860922581301	1.47688592383836	4.53712005111351
2021-06-07	5.14684105181089	7.08212097268686	4.95085820987016	0	6.94545608377716	3.28514006215015	1.42141053474362	4.35542805045216
2021-06-08	5.0673152308464	7.04433677437383	5.00060515445834	0	6.64561281793309	3.19307661491625	1.3685453092554	4.17691856005334
2021-06-09	4.99634149565857	7.00330533429588	5.05076820802766	0	6.35388156339948	3.10281740987042	1.3183095652663	4.00201505463775
2021-06-10	4.93451127802869	6.95924203093518	5.10046686312387	0	6.07087293076259	3.01476097277178	1.27072262066888	3.83114100892608
2021-06-11	4.8824160097381	6.91236224277393	5.14882061229268	0	5.79719753060871	2.92930582937946	1.22580379335574	3.66471989763906
2021-06-12	4.84064712256809	6.86288134829431	5.19494894807982	0	5.53346597352407	2.84685050545257	1.18357240121946	3.50317519549738
2021-06-13	4.80979604829997	6.81101472597851	5.23797136303102	0	5.28028887009498	2.76779352675025	1.14404776215262	3.34693037722176
2021-06-14	4.79007122054305	6.75674137500073	5.27712706025838	0	5.03817489009631	2.69247786542034	1.10723499841272	3.19641858427516
2021-06-15	4.78014908021871	6.69909477730336	5.31213408513948	0	4.80722494005755	2.62102427916577	1.07308244971694	3.05211162508978
2021-06-16	4.77832307007631	6.63687203552076	5.34283019361826	0	4.58743798569676	2.55349797207819	1.04152426014738	2.91449097484003
2021-06-17	4.78288663286523	6.56887025228735	5.36905314163867	0	4.37881299273206	2.48996414824926	1.01249457378614	2.78403810870038
2021-06-18	4.79213321133484	6.4938865302375	5.39064068514465	0	4.18134892688152	2.43048801177062	0.985927534715305	2.66123450184526
2021-06-19	4.80435624823451	6.41071797200563	5.40743058008015	0	3.99504475386326	2.37513476673395	0.961757287016983	2.54656162944913
2021-06-20	4.81784918631363	6.3181616802261	5.41926058238912	0	3.81989943939534	2.3239696172309	0.939917974773266	2.44050096668642
2021-06-21	4.83121111986528	6.21537675574195	5.42604510059098	0	3.65583275038436	2.27702511263475	0.920384401285651	2.34339661205445
2021-06-22	4.84426374935744	6.10297029223072	5.42800515350705	0	3.50244765849078	2.2342031834453	0.903294006733221	2.25504315734198
2021-06-23	4.85713442680179	5.98191138157859	5.42543841253414	0	3.35926793656362	2.195373105444	0.888824890514459	2.17509781766065
2021-06-24	4.86995050421003	5.8531691156717	5.41864254906904	0	3.22581735745181	2.16040415441228	0.877155152027847	2.10321780812209
2021-06-25	4.88283933359385	5.71771258639626	5.40791523450855	0	3.10161969400434	2.12916560613156	0.868462890671867	2.03906034383794
2021-06-26	4.89592826696495	5.57651088563841	5.39355414024948	0	2.98619871907017	2.10152673638329	0.862926205845001	1.98228263991983
2021-06-27	4.90934465633501	5.43053310528434	5.37585693768863	0	2.8790782054983	2.0773568209489	0.86072319694573	1.93254191147939
2021-06-28	4.92321585371573	5.2807483372202	5.35512129822279	0	2.77978192613766	2.05652513560982	0.862031963372538	1.88949537362825
2021-06-29	4.93766921111879	5.12812567333218	5.33164489324877	0	2.68783365383726	2.03890095614749	0.867030604523905	1.85280024147805
2021-06-30	4.9528320805559	4.97363420550644	5.30572539416336	0	2.60275716144605	2.02435355834334	0.875897219798315	1.82211373014042
2021-07-01	4.96883181403874	4.81824302562916	5.27766047236337	0	2.52407622181301	2.0127522179788	0.888809908594248	1.797093054727
2021-07-02	4.985795763579	4.66292122558649	5.2477477992456	0	2.45131460778711	2.00396621083531	0.905946770310188	1.77739543034941
2021-07-03	5.00385128118838	4.50863789726463	5.21628504620684	0.0916765960189104	2.38399609221732	1.99786481269431	0.927485904344616	1.76267807211929
2021-07-04	5.02312571887856	4.35636213254973	5.18356988464391	0.457897100520866	2.32164444795261	1.99431729933722	0.953605410096014	1.75259819514828
2021-07-05	5.04384521025805	4.20701086648217	5.15001041515623	0.805443102374366	2.26383568995859	1.99327005648542	0.984467257429367	1.74681835739171
2021-07-06	5.0666310153226	4.06129240671913	5.11645645515383	1.13446239736118	2.21035480166734	1.99497790962004	1.02016889807568	1.74502248817975
2021-07-07	5.09220317566476	3.91986290407202	5.08386825124939	1.44558276465346	2.1610390086276	1.99977279416215	1.06079165423245	1.7468998596863
2021-07-08	5.12128173287708	3.78337850935221	5.05320605005555	1.73943198342341	2.11572553638808	2.00798664553283	1.10641684809718	1.75213974408522
2021-07-09	5.15458672855213	3.65249537337111	5.02543009818498	2.01663783284318	2.07425161049751	2.01995139915314	1.15712580186738	1.7604314135504
2021-07-10	5.19283820428245	3.5278696469401	5.00150064225035	2.27782809208497	2.0364544565046	2.03599899044416	1.21299983774054	1.77146414025571
2021-07-11	5.2367562016606	3.41015748087056	4.98237792886432	2.52363054032097	2.00217129995809	2.05646135482695	1.27412027791419	1.78492719637505
2021-07-12	5.28706027699398	3.30000816358608	4.96887990039902	2.75481610752484	1.97124274129292	2.08154514876897	1.34055571447001	1.80056791748141
2021-07-13	5.34446804544942	3.19804353395891	4.96125528226439	2.97272832687629	1.94352288048886	2.1109559129232	1.41232381902658	1.81836589274434
2021-07-14	5.40969663690857	3.10487856847349	4.95961049562985	3.17885388235652	1.91886919241195	2.14427390898902	1.48942953308664	1.83835877473249
2021-07-15	5.48346318125308	3.02112824361425	4.96405196166482	3.37467945794674	1.89713915192817	2.1810793986658	1.57187779815297	1.86058421601454
2021-07-16	5.56648480836463	2.94740753586566	4.97468610153871	3.56169173762814	1.87819023390355	2.22095264365289	1.6596735557283	1.88507986915914
2021-07-17	5.65947864812487	2.88433142171212	4.99161933642094	3.74137740538194	1.86187991320409	2.26347390564968	1.75282174731542	1.91188338673497
2021-07-18	5.76316183041546	2.8325148776381	5.01495808748092	3.91522314518931	1.84806566469581	2.30822344635553	1.85132731441707	1.94103242131068
2021-07-19	5.87825148511807	2.79257288012802	5.04480877588806	4.08471564103149	1.8366049632447	2.35478152746981	1.95519519853602	1.97256462545494
2021-07-20	6.00546474211435	2.76512040566633	5.08127782281178	4.25134157688966	1.82735528371678	2.40272841069189	2.06443034117503	2.00651765173641
2021-07-21	6.14551873128597	2.75077243073746	5.1244716494215	4.41658763674503	1.82017410097806	2.45164435772115	2.17903768383685	2.04292915272377
2021-07-22	6.29913058251458	2.75014393182586	5.17449667688661	4.58194050457879	1.81491888989455	2.50110963025694	2.29902216802425	2.08183678098566
2021-07-23	6.46701742568187	2.76384988541597	5.23145932637656	4.74888686437217	1.81144712533225	2.55070448999864	2.42438873523999	2.12327818909077
2021-07-24	6.64989639066946	2.79250526799221	5.29546601906074	4.91891340010634	1.80961628215718	2.60000919864562	2.55514232698682	2.16729102960774
2021-07-25	6.84848460735905	2.83672505603904	5.36662317610857	5.09350679576253	1.80928383523534	2.64860401789725	2.69128788476751	2.21391295510526
2021-07-26	7.06344806561096	2.89696488138718	5.4449769162138	5.27419894876864	1.81030726646305	2.69614809149819	2.83280062930291	2.2632210524572
2021-07-27	7.29524819520034	2.97304299725247	5.53033214816756	5.46270261033951	1.81254408585785	2.74261609137432	2.97953689818628	2.31545014575841
2021-07-28	7.54429528588095	3.06461831219706	5.62243347828528	5.66077574513666	1.81585181046757	2.7880615714968	3.13132330822894	2.37087449340894
2021-07-29	7.81099962740665	3.17134973478309	5.72102551288244	5.87017631782166	1.82008795734005	2.8325380858368	3.28798647624227	2.42976835380886
2021-07-30	8.0957715095312	3.2928961735727	5.82585285827448	6.09266229305602	1.82511004352315	2.87609918836549	3.44935301903758	2.49240598535822
2021-07-31	8.39902122200845	3.42891653712802	5.93666012077686	6.3299916355013	1.83077558606468	2.91879843305404	3.61524955342625	2.55906164645709
2021-08-01	8.72115905459217	3.5790697340112	6.05319190670503	6.58392230981902	1.83694210201251	2.96068937387361	3.78550269621958	2.63000959550552
2021-08-02	9.06244084296781	3.74297186480623	6.17521515209694	6.85584459242349	1.84346073510443	3.00180755723192	3.95990931372514	2.70538986813489
2021-08-03	9.4225046065472	3.92006779818456	6.30258611188038	7.14567800673984	1.85015713583809	3.04211649928279	4.13814727023513	2.78480560890181
2021-08-04	9.80083391067388	4.10975959483951	6.43518337070568	7.45297438794602	1.8568505814011	3.08156170861661	4.319864679538	2.86772573959421
2021-08-05	10.1969123206913	4.31144931546436	6.57288551322312	7.7772855712199	1.86336034898109	3.12008869382375	4.50470965542213	2.953619182
2021-08-06	10.6102234019429	4.52453902075244	6.71557112408301	8.11816339173943	1.86950571576566	3.15764296349459	4.69233031167597	3.04195485790712
2021-08-07	11.0402507197723	4.74843077139704	6.86311878793565	8.47515968468247	1.87510595894243	3.1941700262195	4.8823747620879	3.13220168910349
2021-08-08	11.4864778395228	4.98252662809148	7.01540708943134	8.84782628522695	1.87998035569902	3.22961539058887	5.07449112044637	3.22382859737702
2021-08-09	11.9483883265381	5.22622865152907	7.17231461322038	9.23571502855081	1.88394818322303	3.26392456519306	5.26832750053978	3.31630450451566
2021-08-10	12.4254657461615	5.47893890240311	7.33371994395306	9.6383777498319	1.88682871870209	3.29704305862245	5.46353201615654	3.40909833230732
2021-08-11	12.9171936637366	5.74005944140692	7.4995016662797	10.0553662842482	1.88844123932381	3.32891637946742	5.65975278108509	3.50167900253992
2021-08-12	13.4230556446068	6.00899232923378	7.66953836485059	10.4862324669775	1.88860502227579	3.35949003631835	5.85663790911381	3.59351543700139
2021-08-13	13.9425352541156	6.28513962657703	7.84370862431603	10.9305281331979	1.88713934474567	3.38870953776561	6.05383551403116	3.68407655747965
2021-08-14	14.4751160576066	6.56790339412994	8.0218910293263	11.3878051180871	1.88386348392104	3.41652039239957	6.25099370962551	3.77283128576263
2021-08-15	15.0202816204231	6.85668569258586	8.20396416453174	11.8576152568231	1.87859671698953	3.44286810881062	6.44776060968531	3.85924854363825
2021-08-16	15.577461341758	7.15089158090588	8.38972972485889	12.3391439660764	1.87118320334279	3.46770041526659	6.64377018104573	3.94287247436045
2021-08-17	16.1458679562017	7.44993811112244	8.57868184633949	12.8301109884877	1.86156663118865	3.49097391874517	6.83859980272911	4.02354810704723
2021-08-18	16.7246600321936	7.75324533353573	8.77023777528147	13.3278696481905	1.84971557093895	3.51264744590151	7.03181270680451	4.10119569228262
2021-08-19	17.3129961381733	8.06023329844602	8.96381475799285	13.8297732693181	1.83559859300557	3.53267982339077	7.22297212534104	4.17573548065062
2021-08-20	17.9100348425805	8.3703220561535	9.15883004078158	14.3331751760038	1.81918426780036	3.5510298778681	7.41164129040778	4.24708772273527
2021-08-21	18.5149347138547	8.68293165695842	9.35470086995565	14.8354286923811	1.80044116573519	3.56765643598864	7.59738343407384	4.31517266912057
2021-08-22	19.1268543204354	8.99748215116099	9.55084449182303	15.3338871425832	1.77933785722193	3.58251832440755	7.77976178840828	4.37991057039054
2021-08-23	19.7450161402276	9.31347800485225	9.74677873263309	15.8263787299811	1.75586858698877	3.59559437192794	7.95845106877261	4.44127945589331
2021-08-24	20.3688982889961	9.63076134728629	9.94242373840068	16.312631174896	1.73013029702938	3.60694341594475	8.13357192369786	4.4994884700334
2021-08-25	20.9980427919714	9.94925872350808	10.1378002350821	16.7928470768866	1.70224560365375	3.61664429600088	8.30535648500748	4.55480453597947
2021-08-26	21.6319916743836	10.2688966785625	10.3329289486335	17.2672290355115	1.67233712317189	3.62477585163922	8.4740368845249	4.60749457690012
2021-08-27	22.2702869614631	10.5896017574945	10.5278306050112	17.7359796503297	1.64052747189379	3.63141692240268	8.63984525407359	4.65782551596401
2021-08-28	22.9124706784399	10.9113005053489	10.7225259301714	18.1993015208997	1.60693926612945	3.63664634783415	8.80301372547695	4.70606427633976
2021-08-29	23.5580848505446	11.2339194671708	10.9170356500704	18.6573972467804	1.57169512218887	3.64054296747653	8.96377443055846	4.75247778119601
2021-08-30	24.2066715030071	11.557385188005	11.1113804906643	19.1104694275304	1.53491765638207	3.64318562087272	9.12235950114153	4.79733295370139
2021-08-31	24.8577726610579	11.8816242128964	11.3055811779096	19.5587206627085	1.49672948501903	3.64465314756561	9.27900106904962	4.84089671702455
2021-09-01	25.5109303499272	12.20656308689	11.4996584377624	20.0023535518735	1.45725322440976	3.6450243870981	9.43393126610616	4.88343599433411
2021-09-02	26.1656865948452	12.5321283550306	11.6936329961789	20.4415706945839	1.41661149086426	3.6443781790131	9.5873822241346	4.92521770879871
2021-09-03	26.8215834210422	12.8582465623633	11.8875255791154	20.8765746903987	1.37492690069253	3.6427933628535	9.73958607495837	4.96650878358698
2021-09-04	27.4781628537484	13.1848442539328	12.0813569125281	21.3075681388764	1.33232207020456	3.64034877816219	9.89077495040092	5.00757614186755
2021-09-05	28.1349669181941	13.5118479747842	12.2751477223734	21.7347536395759	1.28891961571037	3.63712326448208	10.0411809822857	5.04868670680907
