date	state	King	Snohomish	Pierce	Ann Arbor	Boston	San Diego	DC
2020-01-26	0	0	0	0	0	0	0	0
2020-01-27	0	0	0	0	0	0	0	0
2020-01-28	0	0	0	0	0	0	0	0
2020-01-29	0	0	0	0	0	0	0	0
2020-01-30	0	0	0	0	0	0	0	0
2020-01-31	0	0	0	0	0	0	0	0
2020-02-01	0	0	0	0	0	0	0	0
2020-02-02	0	0	0	0	0	0	0	0
2020-02-03	0	0	0	0	0	0	0	0
2020-02-04	0	0	0	0	0	0	0	0
2020-02-05	0	0	0	0	0	0	0	0
2020-02-06	0	0	0	0	0	0	0	0
2020-02-07	0	0	0	0	0	0	0	0
2020-02-08	0	0	0	0	0	0	0	0
2020-02-09	0	0	0	0	0	0	0	0
2020-02-10	0	0.704875586093789	4.16298751741812	0	0	0	0	0
2020-02-11	0	4.35076100821515	8.96163245916653	0	0	0	0	0
2020-02-12	1.54834865288554	8.19690820901014	14.0080285103477	0	0	0	0	0
2020-02-13	3.93515999693143	12.2552402433461	19.3155538243668	0	0	0	0	0
2020-02-14	6.4721487124495	16.5376801660903	24.8975865546287	0	0	0	0	0
2020-02-15	9.16841701395309	21.0561510321103	30.7675048545387	1.47141372486725	0	0	0	0
2020-02-16	12.0330671159555	25.8225758962732	36.9386868775017	3.36057784827703	1.25163430831892	0	0	0
2020-02-17	15.0752012329702	30.8488778134465	43.4245107769229	5.39492870376257	5.32883993213314	0	0	0
2020-02-18	18.3039215795104	36.1469798384976	50.2383547062073	7.5830629268211	9.74730844488788	0	0	0
2020-02-19	21.7283303700894	41.7288050262937	57.39359681876	9.93357715294983	14.5270058212691	0	0	0
2020-02-20	25.3575298192208	47.6062764317022	64.9036152679862	12.455068017646	19.6878980359627	1.20497063286634	0.597284834504145	0
2020-02-21	29.2006221414176	53.7913171095905	72.7817882072908	15.1561321564068	25.2499510636547	18.9805231906252	1.70263710194129	0
2020-02-22	33.2667095511934	60.2958501148259	81.0414937900789	18.0453662047296	31.2331308790311	38.4670763197187	2.91223796483765	0
2020-02-23	37.5648942630614	67.1317985022758	89.6961101697557	21.1313667981114	37.6574034567778	59.7539670744205	4.23154359853546	0
2020-02-24	42.1030038590769	74.3083827207614	98.7552683471263	24.42226665578	44.5426285784131	82.9350329813797	5.66621921288477	0
2020-02-25	46.8837673914627	81.8240127949191	108.213610712597	27.9243428318842	51.908241252784	108.122113456746	7.22276615576668	5.70331370015824
2020-02-26	51.9086392799836	89.6743961433395	118.062032503972	31.6434084643033	59.77357029557	135.431548389043	8.9078948095701	13.751418945253
2020-02-27	57.1790739444042	97.8552401846127	128.29142895906	35.5852766909168	68.1579445224504	164.979677666798	10.7283155566839	22.6148587810967
2020-02-28	62.6965258044894	106.362252337329	138.892695315664	39.7557606496039	77.0806927491048	196.882841178533	12.690738779497	32.3449398094868
2020-02-29	68.4624492800038	115.19114002008	149.856726811592	44.1606734782439	86.5611437912124	231.257378812775	14.8018748603984	42.9929686322206
2020-03-01	74.4782987907121	124.337610651454	161.174418684649	48.8058283147161	96.6186264644527	268.219630458047	17.0684341817768	54.6102518510955
2020-03-02	80.7417691587713	133.792318039684	172.829769245783	53.6938363725363	107.264547684204	307.860377702825	19.4955729022682	67.2410313468344
2020-03-03	87.2355168159067	143.525701551565	184.779189098505	58.8145011677653	118.47862676464	350.168168935382	22.0822302854965	80.9012901158614
2020-03-04	93.9384385962358	153.503146943535	196.97219191947	64.1544242921004	130.232661119633	395.105994243944	24.8257913713326	95.5999464335261
2020-03-05	100.829431333876	163.690039972031	209.35829138533	69.700207337239	142.498448163056	442.636843716734	27.7236411996474	111.345918575178
2020-03-06	107.887391862945	174.05176639349	221.887001172739	75.4384518948784	155.247785308781	492.723707441976	30.7731648103118	128.148124816167
2020-03-07	115.091217017559	184.553711964349	234.50783495835	81.3557595567157	168.452469970682	545.329575507894	33.9717472431965	146.015483431842
2020-03-08	122.419803631837	195.161262441045	247.170306418818	87.4387319144485	182.08429956263	600.417438002713	37.3167735381727	164.956912697554
2020-03-09	129.852048539897	205.839803580015	259.823929230795	93.6739705597739	196.115071498499	657.950285014656	40.8056287351111	184.981330888651
2020-03-10	137.366848575854	216.554721137697	272.418217070935	100.048077084389	210.51658319216	717.891106631949	44.4356978738826	206.097656280483
2020-03-11	144.943100573828	227.271400870527	284.902683615891	106.547653079992	225.260632057487	780.202892942814	48.2043659943581	228.314807148401
2020-03-12	152.559701367934	237.955228534942	297.226842542318	113.159300138279	240.319015508352	844.848634035476	52.1090181364086	251.641701767752
2020-03-13	160.195547792292	248.571589887381	309.340207526867	119.869619850948	255.663530958627	911.79131999816	56.1470393399049	276.087258413888
2020-03-14	167.829536681018	259.085870684279	321.192292246194	126.665213809696	271.265975822186	980.993940919089	60.3158146447178	301.660395362157
2020-03-15	175.440564868229	269.463456682075	332.732610376951	133.53268360622	287.098147512901	1052.41948688649	64.6127290907184	328.370030887909
2020-03-16	183.003446662022	279.667221159147	343.906108554856	140.452624210052	303.114445647328	1125.99131220108	69.03221669228	356.212508202529
2020-03-17	190.476666266406	289.649987481643	354.639465251885	147.381604102057	319.199678652763	1201.47422801356	73.5569073617859	385.133870261533
2020-03-18	197.814625359368	299.362066537655	364.854791899079	154.270185140934	335.221257159183	1278.59340968713	78.1664799861222	415.067584956477
2020-03-19	204.971725618896	308.753769215273	374.474199927479	161.068929185382	351.046591796567	1357.074032585	82.8406134521748	445.947120178913
2020-03-20	211.902368722978	317.775406402587	383.419800768124	167.728398094101	366.543093194893	1436.64127207037	87.5589866468295	477.705943820393
2020-03-21	218.5609563496	326.377288987688	391.613705852056	174.19915372579	381.578171984141	1517.02030350642	92.3012784569723	510.277523772471
2020-03-22	224.901890176751	334.509727858667	398.978026610314	180.431757939148	396.019238794288	1597.93630225637	97.047167769489	543.5953279267
2020-03-23	230.886376435521	342.130007014019	405.450504065964	186.382203380661	409.750592307619	1679.10561213703	101.778550648255	577.58629414951
2020-03-24	236.502839569413	349.223302893854	411.031397610165	192.028205847959	422.724083415642	1760.20925077972	106.486191865103	612.151240206836
2020-03-25	241.746508575036	355.781765048687	415.736596226101	197.352911926458	434.90845106217	1840.91940426936	111.163073368854	647.184453839492
2020-03-26	246.612612448994	361.797543029035	419.581988896956	202.339468201575	446.272434191017	1920.90825869088	115.80217710833	682.580222788291
2020-03-27	251.096380187895	367.262786385411	422.583464605913	206.971021258727	456.784771745996	1999.8480001292	120.396485032354	718.232834794046
2020-03-28	255.193040788346	372.169644668331	424.756912336158	211.23071768333	466.414202670921	2077.41081466926	124.938979089746	754.036577597569
2020-03-29	258.897823246953	376.510267428311	426.118221070874	215.1017040608	475.129465909605	2153.268888396	129.422641229329	789.885738939675
2020-03-30	262.205956560324	380.276804215866	426.683279793244	218.567126976554	482.899300405863	2227.09440739432	133.840453399924	825.674606561175
2020-03-31	265.112669725064	383.46140458151	426.467977486452	221.610133016008	489.692445103507	2298.55955774917	138.185397550353	861.297468202883
2020-04-01	267.61319173778	386.056218075759	425.488203133684	224.21386876458	495.477638946352	2367.33652554548	142.450455629438	896.648611605612
2020-04-02	269.702751595079	388.053394249129	423.759845718121	226.361480807685	500.22362087821	2433.09749686816	146.628609586001	931.622324510174
2020-04-03	271.376578293569	389.445082652133	421.298794222949	228.03611573074	503.899129842895	2495.51465780216	150.712841368863	966.112894657383
2020-04-04	272.629900829854	390.223432835288	418.120937631351	229.220920119162	506.472904784222	2554.2601944324	154.696132926847	1000.01460978805
2020-04-05	273.457948200543	390.380594349109	414.242164926511	229.899040558366	507.913684646003	2609.00629284381	158.571466208773	1033.22175764299
2020-04-06	273.862608019429	389.916383322475	409.6867527891	230.064065112399	508.207096531265	2659.43972692247	162.334306624929	1065.63750873432
2020-04-07	273.87240236905	388.861282197721	404.512528689737	229.751347759815	507.406320179891	2705.30562175908	165.99005343146	1097.20056465936
2020-04-08	273.522511949132	387.253439995546	398.785707796526	229.0066839578	505.581423490974	2746.36369024549	169.546589345976	1127.85850978673
2020-04-09	272.848117459401	385.131005736651	392.572505277574	227.875869163537	502.80247436361	2782.37364527354	173.011797086088	1157.55892848504
2020-04-10	271.884399599582	382.532128441735	385.939136300984	226.404698834212	499.139540696895	2813.09519973509	176.393559369405	1186.24940512294
2020-04-11	270.6665390694	379.494957131497	378.951816034864	224.638968427009	494.662690389922	2838.28806652199	179.699758913537	1213.87752406902
2020-04-12	269.229716568582	376.057640826637	371.676759647318	222.624473399113	489.441991341788	2857.71195852608	182.938278436096	1240.39086969193
2020-04-13	267.606255362088	372.255716819211	364.173173956266	220.402191954255	483.543725700261	2871.19591292822	186.115492668208	1265.73916672085
2020-04-14	265.817048975824	368.114275486704	356.472232378886	217.993833282364	477.019032607809	2878.84626406528	189.231744395063	1289.8807013273
2020-04-15	263.880133500928	363.65579547796	348.598099982172	215.416289319914	469.915265455577	2880.83867056314	192.285868415371	1312.77590004335
2020-04-16	261.81354502854	358.902755441819	340.574941833115	212.686452003381	462.279777634707	2877.34879104767	195.27669952784	1334.38518940108
2020-04-17	259.635319649801	353.877634027125	332.42692299871	209.82121326924	454.159922536342	2868.55228414474	198.203072531176	1354.66899593259
2020-04-18	257.363493455851	348.60290988272	324.178208545948	206.837465053966	445.603053551625	2854.62480848024	201.063822224089	1373.58774616995
2020-04-19	255.016102537829	343.101061657446	315.852963541822	203.752099294035	436.656524071699	2835.74202268003	203.857783405286	1391.10186664524
2020-04-20	252.611182986875	337.394568000145	307.475353053326	200.582007925922	427.367687487707	2812.07958536999	206.583790873476	1407.17178389056
2020-04-21	250.16677089413	331.50590755966	299.069542147452	197.344082886102	417.783897190792	2783.813155176	209.240679427366	1421.75792443797
2020-04-22	247.700902350732	325.457558984834	290.659695891192	194.05521611105	407.952506572097	2751.11839072392	211.827283865664	1434.82071481956
2020-04-23	245.231613447823	319.272000924507	282.26997935154	190.732299537243	397.920869022766	2714.17095063965	214.342438987079	1446.32058156742
2020-04-24	242.776940276542	312.971712027523	273.924557595489	187.392225101154	387.73633793394	2673.14649354904	216.784979590318	1456.21795121363
2020-04-25	240.354918928029	306.579170942724	265.647595690031	184.05188473926	377.446266696764	2628.22067807798	219.15374047409	1464.47325029027
2020-04-26	237.983585493424	300.116856318953	257.46325870216	180.728170388035	367.09800870238	2579.56916285234	221.447556437103	1471.04690532943
2020-04-27	235.680416499149	293.606895065484	249.393765825478	177.436346692981	356.735684194967	2527.40115129754	223.66613270385	1475.90535682443
2020-04-28	233.460650212759	287.070007133326	241.453552760034	174.1851691357	346.390480830842	2472.0600260371	225.812656201971	1479.03910111369
2020-04-29	231.33896533709	280.526560733921	233.655109332488	170.981765906819	336.09035311936	2413.92271449413	227.891184284893	1480.44464849683
2020-04-30	229.330040574979	273.99692407871	226.010925369498	167.833265196967	325.863255569874	2353.36614409169	229.90577430604	1480.11850927352
2020-05-01	227.448554629262	267.501465379135	218.533490697725	164.746795196772	315.737142691739	2290.76724225288	231.86048361884	1478.05719374339
2020-05-02	225.709186202776	261.060552846637	211.235295143826	161.729484096861	305.739968994307	2226.50293640076	233.759369576717	1474.2572122061
2020-05-03	224.126613998358	254.694554692657	204.128828534462	158.788460087862	295.899688986932	2160.95015395842	235.606489533098	1468.7150749613
2020-05-04	222.715285298891	248.423985229777	197.226383599095	155.931535477633	286.241400929714	2094.45408120796	237.408830298874	1461.4397320421
2020-05-05	221.48872170745	242.269943175135	190.539464678412	153.16925904295	276.778778085736	2027.23293986759	239.185096514797	1452.48989241549
2020-05-06	220.460213407154	236.253673347008	184.079379015898	150.512863677817	267.522637468827	1959.47321051454	240.956922279089	1441.93670478196
2020-05-07	219.643050581125	230.396420563674	177.857433855045	147.97358227624	258.483796092815	1891.36137372603	242.745941689966	1429.85131784197
2020-05-08	219.050523412483	224.719429643412	171.884936439339	145.562647732225	249.67307097153	1823.08391007929	244.573788845649	1416.30488029597
2020-05-09	218.695922084349	219.243945404498	166.17319401227	143.291292939776	241.1012791188	1754.82730015155	246.462097844356	1401.36854084445
2020-05-10	218.592536779844	213.991212665211	160.733513817326	141.170750792899	232.779237548455	1686.77802452003	248.432502784307	1385.11344818787
2020-05-11	218.753657682088	208.982476243828	155.577203097997	139.212254185599	224.717763274322	1619.12256376197	250.506637763719	1367.61075102669
2020-05-12	219.192574974203	204.238980958627	150.71556909777	137.427036011882	216.927673310231	1552.04739845459	252.706136880813	1348.93159806138
2020-05-13	219.922578839308	199.781971627885	146.159919060134	135.826329165752	209.419784670011	1485.73900917511	255.052634233808	1329.14713799242
2020-05-14	220.956959460526	195.632693069881	141.921560228579	134.421366541216	202.204914367491	1420.38387650077	257.567763920921	1308.32851952026
2020-05-15	222.309007020976	191.812390102893	138.011799846591	133.223381032277	195.293879416499	1356.1684810088	260.273160040372	1286.54689134538
2020-05-16	223.992011703779	188.342307545197	134.441945157662	132.243605532943	188.697496830864	1293.27930327642	263.190456690381	1263.87340216824
2020-05-17	226.019263692056	185.243690215071	131.223303405277	131.493272937217	182.426583624416	1231.90282388085	266.341287969166	1240.37920068932
2020-05-18	228.399776556191	182.534439068909	128.365772143212	130.981295275431	176.491129474147	1172.20199696424	269.749470431908	1216.13762662875
2020-05-19	231.125457415619	180.219079615563	125.873610166376	130.707301123222	170.897814709709	1114.24567092833	273.447550461635	1191.23078378539
2020-05-20	234.183936777036	178.298793502001	123.749666579964	130.668598192549	165.652492323919	1058.07916773981	277.470256898339	1165.7429669778
2020-05-21	237.56284514714	176.77476237519	121.996790489171	130.862494195377	160.761015309593	1003.74780936532	281.852318582009	1139.75847102449
2020-05-22	241.24981303263	175.648167882098	120.617830999191	131.286296843665	156.229236659547	951.296917771537	286.628464352636	1113.36159074401
2020-05-23	245.232470940202	174.920191669692	119.615637215219	131.937313849375	152.063009366598	900.771814925125	291.83342305021	1086.63662095491
2020-05-24	249.498449376554	174.592015384941	118.993058242449	132.81285292447	148.268186423561	852.217822792747	297.501923514722	1059.66785647571
2020-05-25	254.037417625105	174.664552074844	118.752109431223	133.913390633389	144.851124178121	805.669560912257	303.664485052498	1032.53756106107
2020-05-26	258.847200076154	175.137640386527	118.89147111246	135.252078950482	141.82019239743	761.118839106274	310.334788835206	1005.31987421011
2020-05-27	263.927659896723	176.010850367147	119.408989862226	136.845238702576	139.184264203509	718.546764768606	317.522306500848	978.086904358074
2020-05-28	269.278660253834	177.283752063863	120.302512256589	138.709190716498	136.952212718378	677.934445293059	325.23650968743	950.910759940184
2020-05-29	274.900064314507	178.955915523832	121.569884871615	140.860255819078	135.132911064057	639.26298807344	333.486870032952	923.863549391681
2020-05-30	280.791735245763	181.026910794212	123.208954283368	143.314754837142	133.735232362567	602.51350050356	342.28285917542	897.017381147801
2020-05-31	286.953536214624	183.496307922161	125.217567067917	146.089008597518	132.768049735929	567.667089977223	351.633948752837	870.444363643778
2020-06-01	293.38533038811	186.363676954838	127.593569801326	149.199337927034	132.240236306161	534.704863888237	361.549610403206	844.216605314848
2020-06-02	300.086980933244	189.628587939399	130.334809059663	152.662063652518	132.160665195285	503.607929630412	372.03931576453	818.406214596245
2020-06-03	307.058351017046	193.290610923002	133.439131418993	156.493506600796	132.538209525322	474.357394597553	383.112536474813	793.085299923206
2020-06-04	314.299303806537	197.349315952806	136.904383455383	160.709987598697	133.381742418291	446.934366183468	394.778744172058	768.325969730966
2020-06-05	321.809702468738	201.804273075967	140.728411744898	165.327827473048	134.700136996212	421.319951781966	407.047410494268	744.20033245476
2020-06-06	329.589410170671	206.655052339645	144.909062863606	170.363347050678	136.502266381107	397.495258786854	419.928007079447	720.780496529823
2020-06-07	337.638290079357	211.901223790997	149.444183387572	175.832867158413	138.797003694995	375.441394591938	433.430005565599	698.138570391391
2020-06-08	345.955193386561	217.539778968918	154.329770651602	181.750036850596	141.589881321255	355.132925407116	447.555116184053	676.342695757767
2020-06-09	354.534923383023	223.557395379256	159.554425025466	188.117818091625	144.873068688701	336.518252706636	462.274003539448	655.445147479522
2020-06-10	363.37127138423	229.938172019595	165.104897637671	194.936501073413	148.635394487504	319.539236780835	477.549570829751	635.494233690295
2020-06-11	372.458028705666	236.66620788752	170.967939616725	202.206375987872	152.865687407835	304.13773792005	493.344721252927	616.538262523727
2020-06-12	381.788986662816	243.725601980616	177.130302091138	209.927733026915	157.552776139866	290.255616414619	509.622358006942	598.625542113455
2020-06-13	391.357936571166	251.100453296467	183.578736189418	218.100862382455	162.685489373768	277.834732554878	526.345384289761	581.804380593119
2020-06-14	401.1586697462	258.774860832659	190.299993040073	226.726054246404	168.252655799713	266.816946631165	543.476703299351	566.123086096359
2020-06-15	411.181814712678	266.730267266604	197.278926420291	235.799382039066	174.239662621431	257.145445609177	560.973558637048	551.619517562552
2020-06-16	421.405348832454	274.937489995021	204.492800701979	245.300052094307	180.618131096885	248.768723156059	578.770555517668	538.289737154032
2020-06-17	431.804086676656	283.364690094458	211.916982905726	255.203053974384	187.356240997597	241.636599614313	596.7966395594	526.119357838869
2020-06-18	442.352842816412	291.980028641462	219.526840052118	265.483377241555	194.422172095088	235.698895326445	614.98075638043	515.093992585135
2020-06-19	453.026431822852	300.751666712579	227.297739161742	276.116011458076	201.784104160879	230.905430634959	633.251851598946	505.199254360903
2020-06-20	463.799668267102	309.647765384357	235.205047255186	287.075946186205	209.410216966493	227.206025882358	651.538870833135	496.420756134244
2020-06-21	474.647366720292	318.636485733343	243.224131353037	298.338170988198	217.268690283451	224.550501411148	669.770759701185	488.744110873229
2020-06-22	485.544341753549	327.685988836084	251.330358475882	309.877675426314	225.327703883275	222.888677563831	687.876463821284	482.15493154593
2020-06-23	496.465407938003	336.764435769127	259.499095644308	321.669449062808	233.555437537485	222.170374682913	705.784928811618	476.638831120418
2020-06-24	507.38537984478	345.839987609019	267.705709878902	333.688481459938	241.920071017604	222.345413110898	723.425100290375	472.181422564766
2020-06-25	518.279072045011	354.880805432307	275.925568200253	345.909762179961	250.389784095153	223.36361319029	740.725923875743	468.768318847045
2020-06-26	529.121299109822	363.855050315539	284.134037628946	358.308280785135	258.932756541655	225.174795263593	757.616345185908	466.385132935326
2020-06-27	539.886875610342	372.730883335262	292.30648518557	370.859026837716	267.517168128629	227.728779673311	774.025309839059	465.017477797681
2020-06-28	550.5506161177	381.476465568022	300.418277890711	383.536989899962	276.111198627599	230.975386761949	789.881763453382	464.650966402183
2020-06-29	561.083562631888	390.062032482511	308.44428583604	396.313197111314	284.676393629263	234.86511624427	805.116233991125	465.260929194532
2020-06-30	571.441666868353	398.466117115999	316.357391397559	409.142825919956	293.147762001038	239.35118532408	819.665578790774	466.781566530953
2020-07-01	581.577107971409	406.669326897901	324.129980022355	421.977091351255	301.453678429517	244.387490577443	833.468237534875	469.136796245301
2020-07-02	591.442065085365	414.65226925763	331.734437157514	434.76720843058	309.522517601293	249.927928580423	846.462649905974	472.25053617143
2020-07-03	600.988717354534	422.395551624601	339.143148250121	447.464392183297	317.28265420296	255.926395909084	858.587255586616	476.046704143196
2020-07-04	610.169243923228	429.879781428229	346.328498747263	460.019857634775	324.662462921111	262.336789139492	869.780494259348	480.449217994453
2020-07-05	618.93582393576	437.085566097927	353.262874096025	472.384819810382	331.590318442342	269.113004847711	879.980805606715	485.381995559055
2020-07-06	627.245950250581	443.994815410072	359.920644207702	484.510994570821	338.007295305619	276.213242043096	889.140511948567	490.771990383305
2020-07-07	635.07837058271	450.594648528882	366.284116850418	496.35210111814	343.905267459412	283.612909468167	897.267466153966	496.558298863298
2020-07-08	642.417146361303	456.873486965539	372.337584256504	507.86235948972	349.288808704565	291.291718298734	904.383403729278	502.683053107574
2020-07-09	649.24633901552	462.819752231222	378.065338658294	518.995989722945	354.162492841923	299.229379710607	910.510060180869	509.088385224677
2020-07-10	655.550009974518	468.421865837114	383.45167228812	529.707211855196	358.530893672328	307.405604879597	915.669171015104	515.716427323148
2020-07-11	661.312220667455	473.668249294395	388.480877378314	539.950245923858	362.398584996626	315.800104981515	919.88247173835	522.509311511528
2020-07-12	666.517032523489	478.547324114244	393.137246161208	549.679311966311	365.770140615661	324.39259119217	923.171697856971	529.40916989836
2020-07-13	671.148506971779	483.047511807844	397.405070869135	558.848630019939	368.650134330275	333.162774687374	925.558584877336	536.358134592186
2020-07-14	675.190705441483	487.157233886374	401.268643734426	567.412420122125	371.043139941314	342.090366642935	927.064868305808	543.298337701547
2020-07-15	678.627689361758	490.864911861015	404.712256989415	575.32490231025	372.953731249621	351.155078234666	927.712283648753	550.171911334985
2020-07-16	681.443520161763	494.158967242949	407.720202866433	582.540296621699	374.386482056041	360.336620638376	927.522566412539	556.920987601043
2020-07-17	683.622259270656	497.027821543355	410.276773597813	589.012823093852	375.345966161417	369.614705029876	926.517452103529	563.487698608262
2020-07-18	685.147968117595	499.459896273415	412.366261415887	594.696701764093	375.836757366594	378.969042584975	924.718676228091	569.814176465184
2020-07-19	686.004708131737	501.443612944309	413.972958552986	599.546152669804	375.863429472415	388.379344479485	922.147974292589	575.842553280351
2020-07-20	686.183078754836	502.972770030278	415.086082871438	603.523914107654	375.43774270723	397.823702533958	918.831743299029	581.521764490272
2020-07-21	685.699831479018	504.062673857806	415.714554753536	606.626797411458	374.600203009403	407.273731147909	914.815026231965	586.827958843319
2020-07-22	684.578255809004	504.734007716436	415.87222021157	608.860132174314	373.398502744806	416.699425365597	910.147527571592	591.744088415834
2020-07-23	682.841641249516	505.007454895712	415.572925257827	610.229247989324	371.880334279309	426.07078023128	904.878951798103	596.253105284157
2020-07-24	680.513277305273	504.903698685179	414.830515904598	610.739474449586	370.093389978781	435.357790789216	899.059003391693	600.337961524628
2020-07-25	677.616453480998	504.44342237438	413.658838164169	610.396141148201	368.085362209095	444.530452083663	892.737386832555	603.981609213587
2020-07-26	674.174459281411	503.647309252859	412.07173804883	609.20457767827	365.903943336119	453.55875915888	885.963806600884	607.167000427375
2020-07-27	670.211414705398	502.533749895545	410.084254101152	607.176143719679	363.591769127246	462.41497289089	878.785586952185	609.880722562533
2020-07-28	665.754761728499	501.111964018911	407.716194984836	604.346319299471	361.171248955952	471.080417482788	871.240531243216	612.123904296405
2020-07-29	660.832772820419	499.388878624817	404.988561893867	600.756614531474	358.659735597237	479.538682969432	863.36406260605	613.901309626536
2020-07-30	655.473720450864	497.37142071512	401.92235602223	596.448539529519	356.074581826099	487.773359385682	855.191604172754	615.217702550472
2020-07-31	649.705877089538	495.066517291679	398.53857856391	591.463604407433	353.433140417537	495.768036766398	846.7585790754	616.077847065757
2020-08-01	643.557515206146	492.481095356354	394.85823071289	585.843319279047	350.752764146548	503.506305146441	838.100410446059	616.486507169938
2020-08-02	637.056907270394	489.622081911002	390.902313663156	579.62919425819	348.050805788132	510.971754560668	829.2525214168	616.448446860558
2020-08-03	630.232325751986	486.496403957483	386.691828608692	572.862739458691	345.344618117287	518.147975043941	820.250335119695	615.968430135165
2020-08-04	623.112043120627	483.110988497655	382.247776743483	565.58546499438	342.651553909012	525.018556631118	811.129274686814	615.051220991301
2020-08-05	615.724331846023	479.472762533376	377.591159261514	557.838880979086	339.988965938305	531.56708935706	801.924763250227	613.701583426513
2020-08-06	608.097464397878	475.588653066506	372.742977356768	549.664497526637	337.374206980164	537.777163256626	792.672223942003	611.924281438347
2020-08-07	600.259713245896	471.465587098904	367.72423222323	541.103824750864	334.824629809589	543.632368364676	783.407079894216	609.724079024346
2020-08-08	592.239350859785	467.110491632426	362.555925054886	532.198372765596	332.357587201578	549.11629471607	774.164754238933	607.105740182057
2020-08-09	584.064649709247	462.530293668934	357.259057045719	522.989651684662	329.990431931129	554.212532345667	764.980670108227	604.074028909024
2020-08-10	575.764024413076	457.7317428582	351.853603911318	513.520028226496	327.744093779098	558.908723299303	755.887312159033	600.638537146691
2020-08-11	567.366458186407	452.720879441662	346.355439453678	503.835295527956	325.653810549771	563.208717666717	746.905411147754	596.82816861209
2020-08-12	558.901076393466	447.503566308674	340.7794119964	493.982103330503	323.758397053289	567.120417548624	738.052759355658	592.676654966153
2020-08-13	550.397004398477	442.085666348589	335.140369863084	484.007101375599	322.096668099796	570.651725045741	729.347149064012	588.21772786981
2020-08-14	541.883367565663	436.473042450761	329.453161377329	473.956939404705	320.707438499434	573.810542258781	720.806372554087	583.485118983991
2020-08-15	533.38929125925	430.671557504542	323.732634862736	463.878267159284	319.629523062345	576.60477128846	712.448222107149	578.512559969628
2020-08-16	524.94390084346	424.687074399285	317.993638642904	453.817734380796	318.901736598673	579.042314235494	704.290490004466	573.333782487651
2020-08-17	516.575571515753	418.529525019644	312.251942181486	443.821041938238	318.558727381935	581.1360291025	696.347488938458	567.981244314983
2020-08-18	508.309677806521	412.225117231469	306.526999502349	433.930095210735	318.61847753916	582.918597499711	688.61961324614	562.482307692509
2020-08-19	500.170844079394	405.804127895909	300.839185769412	424.185850704946	319.094802660751	584.427656939261	681.103777675681	556.863060977108
2020-08-20	492.183694697999	399.296833874114	295.208876146596	414.629264927529	320.001518337113	585.700844933285	673.796896975248	551.149592525658
2020-08-21	484.372854025964	392.733512027233	289.656445797821	405.301294385144	321.352440158649	586.775798993917	666.695885893007	545.367990695035
2020-08-22	476.762946426917	386.144439216417	284.202269887006	396.24289558445	323.161383715764	587.690156633292	659.797659177126	539.544343842119
2020-08-23	469.378596264486	379.559892302814	278.866723578071	387.495025032106	325.442164598861	588.481555363546	653.099131575772	533.704740323787
2020-08-24	462.24302537862	373.010134976977	273.670791268917	379.094778669103	328.208679040983	589.186480661118	646.595676429098	527.87464849567
2020-08-25	455.373845514546	366.525378247067	268.637894293361	371.063810173763	331.475145845716	589.836809859672	640.276501445198	522.077056708414
2020-08-26	448.787265893815	360.135819950647	263.792063219205	363.41991265874	335.25586445929	590.463268257175	634.129272924155	516.334333311419
2020-08-27	442.499495737976	353.87165792528	259.157328614247	356.180879236688	339.565134327927	591.096581151596	628.141657166048	510.668846654084
2020-08-28	436.526744268578	347.763090008529	254.757721046286	349.364503020262	344.417254897857	591.767473840904	622.301320470959	505.102965085808
2020-08-29	430.885220707169	341.840314037958	250.617271083122	342.988577122117	349.826525615304	592.506671623067	616.595929138968	499.65905695599
2020-08-30	425.5911342753	336.133527851131	246.760009292554	337.070894654905	355.807245926494	593.344899796053	611.013149470157	494.359490614031
2020-08-31	420.660694194518	330.672929285609	243.20996624238	331.629248731282	362.373715277654	594.312883657831	605.540647764607	489.226634409329
2020-09-01	416.110109686375	325.488716178957	239.991172500402	326.681432463902	369.54023311501	595.441348506369	600.166090322398	484.282856691284
2020-09-02	411.955589972418	320.611086368738	237.127658634417	322.24523896542	377.321098884788	596.761019639636	594.877143443611	479.550525809294
2020-09-03	408.213344274198	316.070237692514	234.643455212225	318.338461348489	385.730612033214	598.3026223556	589.661473428328	475.052010112761
2020-09-04	404.899581813262	311.896367987851	232.562592801626	314.978892725764	394.783072006514	600.096881952229	584.506746576628	470.809677951083
2020-09-05	402.030511811161	308.119675092309	230.909101970418	312.184326209899	404.492778250915	602.174523727492	579.400629188594	466.845897673658
2020-09-06	399.622343489443	304.770356843453	229.707013286401	309.972554913548	414.874030212643	604.566272979358	574.330787564306	463.183037629888
2020-09-07	397.688252615696	301.876924833326	228.979026197521	308.358443178422	425.942137738773	607.302091569433	569.287856374008	459.838026880695
2020-09-08	396.229281141663	299.461145671882	228.742515672308	307.345140262455	437.716452279779	610.408887613875	564.274343768602	456.806037333106
2020-09-09	395.243437565125	297.543099723557	229.013525559438	306.932866652636	450.217335686986	613.912805792484	559.295726269153	454.076801605669
2020-09-10	394.728730383861	296.142867352785	229.80809970759	307.121842835955	463.465149811717	617.839990785056	554.357480396726	451.640052316935
2020-09-11	394.683168095653	295.280528924002	231.142281965439	307.912289299402	477.480256505297	622.216587271388	549.465082672384	449.485522085453
2020-09-12	395.104759198282	294.976164801642	233.032116181664	309.304426529966	492.283017619048	627.068739931279	544.624009617194	447.602943529774
2020-09-13	395.991512189528	295.249855350141	235.493646204939	311.298475014639	507.893795004294	632.422593444526	539.83973775222	445.982049268447
2020-09-14	397.343505015598	296.119956819116	238.5418997582	313.894943284787	524.329511374045	638.30489005437	535.120765066411	444.618307467966
2020-09-15	399.1690934164	297.597928998923	242.187840061409	317.095492049292	541.593332888048	644.744762257831	530.48767542025	443.5301284866
2020-09-16	401.478702580268	299.693507565099	246.441414208786	320.902070061415	559.684986567735	651.771940115371	525.964074142103	442.741658230562
2020-09-17	404.282757695536	302.416428193182	251.312569294548	325.316626074414	578.604199434538	659.416153687454	521.573566560336	442.277042606064
2020-09-18	407.591683950537	305.776426558711	256.811252412917	330.341108841549	598.35069850989	667.707133034543	517.339758003318	442.16042751932
2020-09-19	411.415906533605	309.783238337223	262.947410658111	335.977467116082	618.924210815223	676.674608217101	513.286253799414	442.415958876543
2020-09-20	415.765850633075	314.446599204257	269.73099112435	342.22764965127	640.32446337197	686.348309295592	509.436659276992	443.067782583945
2020-09-21	420.651941437279	319.776244835351	277.171940905853	349.093605200374	662.551183201562	696.757966330477	505.814579764417	444.140044547739
2020-09-22	426.084604134552	325.781910906043	285.280207096839	356.577282516655	685.604097325432	707.933309382222	502.443620590057	445.656890674138
2020-09-23	432.074263913227	332.47333309187	294.065736791529	364.680630353371	709.482932765013	719.904068511288	499.347387082278	447.642466869355
2020-09-24	438.631345961639	339.860247068372	303.53847708414	373.405597463782	734.187416541736	732.699973778139	496.549484569447	450.120919039604
2020-09-25	445.766275468121	347.952388511086	313.708375068893	382.754132601148	759.717275677035	746.350755243238	494.073518379931	453.116393091096
2020-09-26	453.489477621008	356.75949309555	324.585377840007	392.72818451873	786.07223719234	760.886142967048	491.943093842096	456.653034930044
2020-09-27	461.811377608631	366.291296497302	336.179432491701	403.329701969786	813.252028109086	776.335867010033	490.181816284309	460.754990462662
2020-09-28	470.746874921304	376.560280250274	348.499054889392	414.563148456149	841.260099011844	792.733044851824	488.818966863778	465.442652510279
2020-09-29	480.328766257245	387.589909321964	361.547035983278	426.443046473932	870.114794737753	810.124343648725	487.906530053073	470.721401554691
2020-09-30	490.594322616652	399.406394538264	375.324735494755	438.986433267823	899.838183687089	828.559817976209	487.502166153606	476.592864992809
2020-10-01	501.580814999722	412.035946725067	389.833513145221	452.210346082509	930.452334260132	848.089522409749	487.663535466788	483.058670221544
2020-10-02	513.32551440665	425.504776708264	405.07472865607	466.131822162676	961.979314857157	868.763511524817	488.44829829403	490.12044463781
2020-10-03	525.865691837636	439.839095313749	421.049741748699	480.76789875301	994.441193878446	890.631839896888	489.914114936744	497.779815638518
2020-10-04	539.238618292875	455.065113367412	437.759912144504	496.1356130982	1027.86003972427	913.744562101433	492.118645696342	506.03841062058
2020-10-05	553.479483206003	471.206659058309	455.207190918897	512.25164165042	1062.24705735982	938.141824453078	495.122093384839	514.90267662885
2020-10-06	568.615149744405	488.278030028147	473.395894563352	529.13121769181	1097.56999800984	963.82414022306	498.994830856666	524.398339299956
2020-10-07	584.670399508905	506.291141281799	492.330930923358	546.789213711999	1133.78574946401	990.782114421767	503.809773476861	534.555943918466
2020-10-08	601.670014100326	525.257907824133	512.017207844406	565.240502200614	1170.85119951199	1019.00635205959	509.639836610458	545.40603576895
2020-10-09	619.638775119492	545.190244660022	532.459633171985	584.499955647285	1208.72323594344	1048.48745814691	516.557935622493	556.979160135977
2020-10-10	638.601464167226	566.100066794336	553.663114751585	604.58244654164	1247.35874654802	1079.21603769413	524.636985878003	569.305862304116
2020-10-11	658.582862844353	587.999289231947	575.632560428695	625.502847373308	1286.7146191154	1111.18269571162	533.949902742024	582.416687557937
2020-10-12	679.607752751696	610.899826977724	598.372878048806	647.276030631917	1326.74774143524	1144.37803720979	544.56960157959	596.342181182009
2020-10-13	701.700915490077	634.81359503654	621.888975457408	669.916868807096	1367.4150012972	1178.79266719902	556.568997755739	611.112888460902
2020-10-14	724.887132660322	659.752508413264	646.185760499989	693.440234388474	1408.67328649095	1214.41719068969	570.021006635506	626.759354679184
2020-10-15	749.191185863253	685.728482112769	671.26814102204	717.860999865678	1450.47948480615	1251.2422126922	584.998543583927	643.312125121425
2020-10-16	774.637856699695	712.753431139924	697.141024869051	743.194037728339	1492.79048403246	1289.25833821694	601.574523966039	660.801745072194
2020-10-17	801.25192677047	740.8392704996	723.809319886512	769.454220466084	1535.56317195955	1328.45617227429	619.821863146875	679.258759816062
2020-10-18	829.058177676402	769.997915196669	751.277933919911	796.656420568542	1578.75443637708	1368.82631987464	639.813476491474	698.713714637596
2020-10-19	858.073577494376	800.229113708996	779.547556349766	824.812455806691	1622.32720859061	1410.35642074282	661.628024553222	719.192511401111
2020-10-20	888.283840205519	831.483948406426	808.602002696699	853.921925076911	1666.26859396929	1453.02225346141	685.367148638913	740.702478289905
2020-10-21	919.666866267019	863.701335131797	838.420870016359	883.981372556929	1710.5717413982	1496.79663132742	711.138235243693	763.246300067018
2020-10-22	952.200556136064	896.820189727948	868.983755364394	914.987342424473	1755.22979976237	1541.65236763785	739.048670862707	786.826661495492
2020-10-23	985.862810269843	930.779428037719	900.270255796454	946.936378857273	1800.23591794686	1587.56227568974	769.2058419911	811.446247338369
2020-10-24	1020.63152912554	965.517965903948	932.259968368186	979.825026033056	1845.58324483673	1634.49916878008	801.717135124019	837.107742358689
2020-10-25	1056.48461316035	1000.97471916948	964.932490135241	1013.64982812955	1891.26492931703	1682.43586020589	836.689936756608	863.813831319496
2020-10-26	1093.38644432335	1037.08157507921	998.258076702783	1048.39257912342	1937.25151273459	1731.34801044504	874.219044914462	891.559030441174
2020-10-27	1131.24733053119	1073.74230648639	1032.16961787405	1083.97607218707	1983.42310628329	1781.22266869882	914.348903744972	920.305181773485
2020-10-28	1169.96406119242	1110.8536576463	1066.59066200178	1120.30835029183	2029.63721361877	1832.04973134938	957.111368925979	950.005958823536
2020-10-29	1209.43342571557	1148.31237281423	1101.44475743874	1157.29745640905	2075.75133839669	1883.81909477886	1002.53829613532	980.615035098434
2020-10-30	1249.5522135092	1186.0151962455	1136.65545253766	1194.85143351005	2121.62298427269	1936.52065536941	1050.66154105084	1012.08608410528
2020-10-31	1290.21721398184	1223.85887219539	1172.14629565131	1232.87832456618	2167.10965490242	1990.14430950317	1101.51295935038	1044.37277935119
2020-11-01	1331.32521654204	1261.7401449192	1207.84083513243	1271.28617254877	2212.06885394153	2044.6799535623	1155.12440671177	1077.42879434327
2020-11-02	1372.77301059834	1299.55575867224	1243.66261933378	1309.98302042917	2256.35808504567	2100.11748392893	1211.52773881286	1111.20780258861
2020-11-03	1414.45738555929	1337.2024577098	1279.5351966081	1348.8769111787	2299.83485187049	2156.44679698522	1270.75481133149	1145.66347759434
2020-11-04	1456.27513083343	1374.57698628717	1315.38211530814	1387.87588776871	2342.35665807164	2213.6577891133	1332.83747994549	1180.74949286755
2020-11-05	1498.1230358293	1411.57608865967	1351.12692378665	1426.88799317053	2383.78100730476	2271.74035669534	1397.80760033271	1216.41952191535
2020-11-06	1539.89788995545	1448.09650908257	1386.69317039639	1465.8212703555	2423.9654032255	2330.68439611346	1465.69702817099	1252.62723824485
2020-11-07	1581.49648262042	1484.03499181119	1422.0044034901	1504.58376229496	2462.76734948952	2390.47980374982	1536.53761913817	1289.32631536315
2020-11-08	1622.81560323275	1519.28828110081	1456.98417142053	1543.08351196024	2500.04434975245	2451.11647598657	1610.36122891208	1326.47042677736
2020-11-09	1663.74943325337	1553.75265950733	1491.55859173203	1581.22774193	2535.64894300858	2512.60013241812	1687.17695549983	1364.00653771314
2020-11-10	1704.18172235268	1587.32256278897	1525.66405873529	1618.92039321214	2569.41380960663	2574.99978548796	1766.90286622551	1401.85478027029
2020-11-11	1743.9936122535	1619.89196500453	1559.2395359326	1656.06458642187	2601.16666523397	2638.40027085185	1849.43427074249	1439.92857826719
2020-11-12	1783.0662446786	1651.35484021282	1592.22398682625	1692.56344217441	2630.73522557797	2702.88642416556	1934.66647870413	1478.14135552219
2020-11-13	1821.28076135079	1681.60516247265	1624.55637491851	1728.32008108499	2657.94720632597	2768.54308108484	2022.4947997638	1516.40653585368
2020-11-14	1858.51830399285	1710.53690584284	1656.17566371169	1763.23762376881	2682.63032316533	2835.45507726546	2112.81454357484	1554.63754307999
2020-11-15	1894.66001432759	1738.04404438218	1687.02081670807	1797.21919084109	2704.61229178343	2903.70724836318	2205.52101979063	1592.74780101952
2020-11-16	1929.59969924825	1764.03694735696	1717.03256356018	1830.17624857577	2723.75860861425	2973.34320745593	2300.50534554969	1630.65554157453
2020-11-17	1963.28182632991	1788.49156486339	1746.15869852151	1862.05364588165	2740.08589307836	3044.24167731032	2397.64186793124	1668.29822898301
2020-11-18	1995.6635283181	1811.40024220515	1774.3487819958	1892.80457732625	2753.64854534294	3116.24015811515	2496.80074149968	1705.61813556686
2020-11-19	2026.70193795835	1832.75532468591	1801.55237438679	1922.3822374771	2764.50096557521	3189.1761500592	2597.85212081939	1742.55753364798
2020-11-20	2056.35418799619	1852.54915760937	1827.71903609822	1950.7398209017	2772.69755394234	3262.88715333125	2700.66616045477	1779.05869554826
2020-11-21	2084.57741117716	1870.77408627919	1852.79832753383	1977.83052216758	2778.29271061155	3337.2106681201	2805.11301497021	1815.06389358962
2020-11-22	2111.32874024677	1887.42245599906	1876.73980909736	2003.60753584227	2781.34083575002	3411.98419461452	2911.06283893008	1850.51540009395
2020-11-23	2136.56530795058	1902.48661207267	1899.49304119254	2028.02405649328	2781.89632952495	3487.04523300332	3018.3857868988	1885.35548738315
2020-11-24	2160.24424703411	1915.95889980368	1921.00758422312	2051.03327868813	2780.01359210354	3562.23128347526	3126.95201344074	1919.52642777912
2020-11-25	2182.32269024288	1927.83166449579	1941.23299859283	2072.58839699434	2775.74702365298	3637.37984621916	3236.63167312031	1952.97049360377
2020-11-26	2202.75777032243	1938.09725145267	1960.1188447054	2092.64260597943	2769.15102434047	3712.32842142377	3347.29492050188	1985.62995717899
2020-11-27	2221.5066200183	1946.74800597801	1977.61468296459	2111.14910021093	2760.27999433321	3786.91450927791	3458.81191014986	2017.44709082669
2020-11-28	2238.52637207601	1953.77627337548	1993.67007377413	2128.06107425635	2749.18833379839	3860.97560997034	3571.05279662862	2048.36416686876
2020-11-29	2253.77415924109	1959.17439894877	2008.23457753775	2143.33172268321	2735.9304429032	3934.34922368986	3683.88773450257	2078.3234576271
2020-11-30	2267.21551053559	1962.93927718803	2021.26110938745	2156.92331268305	2720.57280614609	4006.85665407516	3797.15859551674	2107.27359383165
2020-12-01	2278.84954008757	1965.0859993294	2032.71600336826	2168.83440194342	2703.23024535043	4078.25441856455	3910.59412013886	2135.18863984444
2020-12-02	2288.68375830162	1965.63420579545	2042.56894825346	2179.07262077592	2684.02966667082	4148.28283804622	4023.89476601726	2162.04901843553
2020-12-03	2296.72567558232	1964.6035370088	2050.78963281633	2187.64559949212	2663.09797626187	4216.6822334084	4136.76099080032	2187.835152375
2020-12-04	2302.98280233425	1962.01363339204	2057.34774583016	2194.56096840359	2640.56208027819	4283.19292553929	4248.8932521364	2212.52746443289
2020-12-05	2307.46264896199	1957.88413536776	2062.21297606823	2199.82635782193	2616.5488848744	4347.55523532709	4359.99200767386	2236.10637737929
2020-12-06	2310.17272587012	1952.23468335857	2065.35501230382	2203.44939805869	2591.1852962051	4409.50948366002	4469.75771506105	2258.55231398424
2020-12-07	2311.1425091968	1945.1063654304	2066.7663919281	2205.46107714065	2564.60412667629	4468.83963883702	4577.89515195488	2279.85602781891
2020-12-08	2310.48933801458	1936.62606022251	2066.53104680384	2205.98581395526	2536.96181369955	4525.5042588	4684.12637604631	2300.04959565882
2020-12-09	2308.35251712957	1926.94209401747	2064.75575741168	2205.17138510516	2508.42070093781	4579.50554890159	4788.17776503488	2319.17542508058
2020-12-10	2304.87135134789	1916.20279309789	2061.54730423226	2203.165567193	2479.14313205406	4630.84571449443	4889.77569662007	2337.27592366082
2020-12-11	2300.18514547566	1904.55648374635	2057.01246774623	2200.11613682142	2449.29145071124	4679.52696093117	4988.64654850143	2354.39349897614
2020-12-12	2294.43320431902	1892.15149224544	2051.25802843425	2196.17087059306	2419.02800057231	4725.55149356444	5084.51669837843	2370.57055860317
2020-12-13	2287.75483268406	1879.13614487775	2044.39076677695	2191.47754511055	2388.51512530022	4768.92151774689	5177.11252395062	2385.84951011851
2020-12-14	2280.28933537693	1865.65876792586	2036.51746325498	2186.18393697655	2357.91516855794	4809.63923883115	5266.16040291748	2400.27276109879
2020-12-15	2272.17601720373	1851.86768767237	2027.744898349	2180.43782279368	2327.39047400842	4847.70686216986	5351.38671297855	2413.88271912062
2020-12-16	2263.55418297059	1837.91123039986	2018.17985253964	2174.3869791646	2297.10338531462	4883.12659311567	5432.51783183333	2426.72179176061
2020-12-17	2254.56313748363	1823.93772239093	2007.92910630756	2168.17918269194	2267.2162461395	4915.90063702122	5509.28013718132	2438.83238659539
2020-12-18	2245.34218554898	1810.09548992816	1997.09944013339	2161.96220997834	2237.89140014601	4946.03119923913	5581.40000672206	2450.25691120156
2020-12-19	2236.03063197274	1796.53285929414	1985.7976344978	2155.88383762645	2209.29119099711	4973.52048512207	5648.60381815504	2461.03777315575
2020-12-20	2226.76778156105	1783.39815677146	1974.13046988142	2150.0918422389	2181.57796235577	4998.37070002266	5710.61794917978	2471.21738003456
2020-12-21	2217.65340350783	1770.79899936473	1962.17369459744	2144.69499625764	2154.88113285563	5020.55818307213	5767.16947603507	2480.8155331873
2020-12-22	2208.62912455823	1758.68016696665	1949.87892828916	2139.64605548182	2129.19842101313	5039.95580851607	5817.98826911689	2489.76160905397
2020-12-23	2199.59703584522	1746.94573019192	1937.1667584324	2134.85877154989	2104.49462031543	5056.41058437866	5862.80489736045	2497.96237784727
2020-12-24	2190.45922850176	1735.49975965528	1923.95777250301	2130.24689610031	2080.73452424967	5069.76951868407	5901.34992970101	2505.32460977988
2020-12-25	2181.1177936608	1724.24632597142	1910.17255797681	2125.72418077152	2057.88292630298	5079.87961945648	5933.35393507382	2511.7550750645
2020-12-26	2171.47482245532	1713.08949975508	1895.73170232964	2121.20437720199	2035.90461996252	5086.58789472006	5958.5474824141	2517.16054391381
2020-12-27	2161.43240601826	1701.93335162096	1880.55579303733	2116.60123703016	2014.76439871542	5089.74135249898	5976.66114065711	2521.44778654051
2020-12-28	2150.89753314795	1690.6842428725	1864.57706128312	2111.82881563411	1994.42474164009	5089.20642855062	5987.48194126278	2524.53161184467
2020-12-29	2139.79678330414	1679.25769756802	1847.77431307993	2106.80238335036	1974.83887017999	5084.92726956509	5991.02276578985	2526.3589834759
2020-12-30	2128.06163361197	1667.57153045455	1830.13799814805	2101.43751425505	1955.95769136986	5076.86744996569	5987.35295832174	2526.88490377121
2020-12-31	2115.62356119656	1655.54355627912	1811.6585662078	2095.64978242431	1937.73211224443	5064.99054417574	5976.54186294189	2526.06437506758
2021-01-01	2102.41404318301	1643.09158978877	1792.32646697949	2089.3547619343	1920.11303983842	5049.26012661854	5958.65882373371	2523.85239970202
2021-01-02	2088.36455669646	1630.13344573054	1772.13215018344	2082.46802686115	1903.05138118656	5029.63977171739	5933.77318478065	2520.20398001153
2021-01-03	2073.40657886202	1616.58693885146	1751.06606553995	2074.905151281	1886.49804332359	5006.09305389561	5901.95429016612	2515.07411833309
2021-01-04	2057.47158680482	1602.36988389856	1729.11866276933	2066.58170926999	1870.40393328423	4978.58354757649	5863.27148397356	2508.41781700371
2021-01-05	2040.49105764997	1587.40009561888	1706.2803915919	2057.41327490426	1854.71995810321	4947.07482718335	5817.79411028639	2500.19007836038
2021-01-06	2022.39646852261	1571.59538875945	1682.54170172796	2047.31542225995	1839.39702481527	4911.53046713949	5765.59151318806	2490.34590474011
2021-01-07	2003.11929654784	1554.8735780673	1657.89304289784	2036.2037254132	1824.38604045512	4871.91404186821	5706.73303676197	2478.84029847988
2021-01-08	1982.59101885079	1537.15247828948	1632.32486482184	2023.99375844016	1809.63791205751	4828.18912579284	5641.28802509156	2465.6282619167
2021-01-09	1960.74311255657	1518.34990417302	1605.82761722027	2010.60109541695	1795.10354665715	4780.31929333666	5569.32582226026	2450.66479738756
2021-01-10	1937.50705479033	1498.38367046494	1578.39174981344	1995.94131041973	1780.73385128879	4728.26811892299	5490.91577235151	2433.90490722947
2021-01-11	1912.84589149433	1477.20488407005	1550.0334050544	1979.95706025964	1766.48190398336	4672.0583989651	5406.20544503706	2415.32891405531
2021-01-12	1886.84894387961	1454.89782052419	1520.87149632713	1962.69933268787	1752.30946675668	4611.94981783613	5315.65531234209	2395.01842158162
2021-01-13	1859.63710197434	1431.58004752095	1491.05062974834	1944.24619819062	1738.18047262078	4548.26128189919	5219.8040718801	2373.08035380083
2021-01-14	1831.33125580671	1407.36913275392	1460.71541143473	1924.67572725407	1724.05885458769	4481.31169751738	5119.19042126458	2349.62163470537
2021-01-15	1802.0522954049	1382.38264391671	1430.01044750301	1904.06599036442	1709.90854566944	4411.41997105383	5014.35305810907	2324.74918828766
2021-01-16	1771.9211107971	1356.73814870292	1399.08034406991	1882.49505800787	1695.69347887807	4338.90500887162	4905.83068002704	2298.56993854013
2021-01-17	1741.0585920115	1330.55321480614	1368.06970725212	1860.04100067062	1681.3775872256	4264.08571733387	4794.16198463203	2271.19080945522
2021-01-18	1709.57849290913	1303.93753805559	1337.10648951838	1836.78107501905	1666.92703808408	4187.26795748872	4679.85132640256	2242.71773392932
2021-01-19	1677.56602268247	1276.96932682289	1306.25202874551	1812.78928244036	1652.31693626557	4108.7054091244	4563.26568727739	2213.25268047474
2021-01-20	1645.09925435684	1249.71891761531	1275.55100916236	1788.13881050196	1637.52462094217	4028.63870671416	4444.73770606028	2182.89662650772
2021-01-21	1612.25626095757	1222.25664694009	1245.04811499777	1762.90284677124	1622.52743128595	3947.30848473128	4324.60002155504	2151.75054944454
2021-01-22	1579.11511550999	1194.65285130448	1214.78803048058	1737.15457881559	1607.302706469	3864.95537764901	4203.18527256543	2119.91542670145
2021-01-23	1545.75389103941	1166.97786721574	1184.81543983965	1710.96719420241	1591.82778566341	3781.82001994062	4080.82609789524	2087.49223569473
2021-01-24	1512.25066057118	1139.30203118111	1155.17502730381	1684.41388049909	1576.08000804125	3698.14304607937	3957.85513634824	2054.58195384063
2021-01-25	1478.6834971306	1111.69567970784	1125.91147710191	1657.56782527304	1560.03671277461	3614.16509053852	3834.60502672823	2021.28555855543
2021-01-26	1445.13047374302	1084.22914930318	1097.0694734628	1630.50221609165	1543.67523903557	3530.12678779133	3711.40840783898	1987.70402725537
2021-01-27	1411.66966343375	1056.97277647439	1068.69370061532	1603.29024052232	1526.97292599622	3446.26877231106	3588.59791848428	1953.93833735674
2021-01-28	1378.37913922813	1029.99689772871	1040.82884278831	1576.00508613244	1509.90711282864	3362.83167857097	3466.50619746791	1920.08946627578
2021-01-29	1345.33697415147	1003.3718495734	1013.51958421062	1548.71994048942	1492.45513870492	3280.05614104434	3345.46588359365	1886.25839142877
2021-01-30	1312.62124122911	977.167968515693	986.810609111095	1521.50799116063	1474.59434279713	3198.18279420441	3225.80961566527	1852.54609023196
2021-01-31	1280.31001348637	951.455591062856	960.74660171858	1494.4424257135	1456.30206427736	3117.45227252445	3107.87003248657	1819.05354010163
2021-02-01	1248.47794263009	926.299889773362	935.365443147531	1467.59547313595	1437.58263186286	3038.09506309113	2991.94622801942	1785.88721531446
2021-02-02	1217.18599509321	901.745381410619	910.677802054866	1441.03552809816	1418.54833245148	2960.30106344473	2878.20311685811	1753.17557758884
2021-02-03	1186.49171599016	877.831418789256	886.687543983112	1414.83002669084	1399.33844248625	2884.25002373893	2766.77206875501	1721.05258550359
2021-02-04	1156.45265043538	854.597354723911	863.398534474801	1389.04640500472	1380.0922384102	2810.12169412743	2657.78445346251	1689.65219763754
2021-02-05	1127.12634354333	832.082542029214	840.81463907246	1363.7520991305	1360.94899666635	2738.0958247639	2551.37164073297	1659.1083725695
2021-02-06	1098.57034042844	810.326333519804	818.93972331862	1339.0145451589	1342.04799369773	2668.35216580205	2447.66500031878	1629.5550688783
2021-02-07	1070.84218620516	789.368082010311	797.777652755808	1314.90117918065	1323.52850594734	2601.07046739555	2346.79590197232	1601.12624514274
2021-02-08	1043.99337049587	769.244928101217	777.333092013821	1291.47469893054	1305.52623569945	2536.4028989501	2248.8756958868	1573.9319904055
2021-02-09	1018.05116095467	749.985163536376	757.613902071508	1268.77884871979	1288.16258860312	2474.39130687943	2153.93565401876	1547.98691556466
2021-02-10	993.036769743616	731.614867845494	738.62874299499	1246.85263450367	1271.55539614868	2415.04995684928	2061.98702876558	1523.28176198215
2021-02-11	968.971409024747	714.160120558269	720.38627485038	1225.73506223749	1255.82248982641	2358.39311452538	1973.04107252465	1499.80727101989
2021-02-12	945.876290960113	697.647001204406	702.895157703799	1205.46513787652	1241.08170112662	2304.43504557347	1887.10903769333	1477.55418403982
2021-02-13	923.772627711757	682.101589313606	686.164051621362	1186.08186737607	1227.45086153962	2253.19001565929	1804.20217666901	1456.51324240387
2021-02-14	902.681631441723	667.54996441557	670.201616669185	1167.62425669141	1215.0478025557	2204.67229044857	1724.33174184907	1436.67518747396
2021-02-15	882.62451431206	654.018206040002	655.016512913388	1150.13131177785	1203.99035566517	2158.89613560705	1647.50898563087	1418.03076061203
2021-02-16	863.622488484809	641.532393716602	640.617400420085	1133.64203859067	1194.39635235833	2115.87581680046	1573.74516041181	1400.57070317999
2021-02-17	845.69676612202	630.118606975074	627.012939255396	1118.19544308517	1186.38362412548	2075.62559969455	1503.05151858926	1384.28575653979
2021-02-18	828.868559385734	619.80292534512	614.211789485436	1103.83053121663	1180.07000245694	2038.15974995505	1435.43931256059	1369.16666205335
2021-02-19	813.159080438	610.611428356441	602.222611176324	1090.58630894035	1175.57331884299	2003.49253324769	1370.91979472319	1355.2041610826
2021-02-20	798.589541440861	602.570195538738	591.054064394174	1078.50178221162	1173.01140477394	1971.63821523822	1309.50421747443	1342.38899498947
2021-02-21	785.181154556363	595.705306421716	580.714809205106	1067.61595698572	1172.5020917401	1942.61106159237	1251.20383321169	1330.71190513588
2021-02-22	772.950561150382	590.03717330501	571.217356676862	1057.96186761728	1174.1552695558	1916.40704510959	1196.00901875978	1320.15212919665
2021-02-23	761.896119404119	585.563539568005	562.589621883684	1049.54866205824	1178.04906133154	1892.9489671242	1143.82664865326	1310.64289009807
2021-02-24	752.011616702602	582.276481360016	554.863370901441	1042.37951665985	1184.25364850184	1872.14133610424	1094.5427218541	1302.10590707931
2021-02-25	743.290840430865	580.168074830363	548.070369806003	1036.45760777339	1192.83921250124	1853.88866051774	1048.04323732428	1294.46289937953
2021-02-26	735.727577973936	579.230396128364	542.242384673237	1031.78611175011	1203.87593476427	1838.09544883273	1004.21419402578	1287.63558623793
2021-02-27	729.315616716848	579.455521403336	537.411181579012	1028.36820494129	1217.43399672544	1824.66620951726	962.941590920593	1281.54568689365
2021-02-28	724.048744044629	580.835526804597	533.608526599198	1026.20706369819	1233.58357981931	1813.50545103935	924.111426970688	1276.11492058588
2021-03-01	719.919482885177	583.359334382221	530.862772821537	1025.30378909358	1252.38375084986	1804.51959105287	887.61285200641	1271.26543427871
2021-03-02	716.915298337844	587.003249789297	529.188621381273	1025.65118108631	1273.849118099	1797.62268395492	853.347619331519	1266.92108583597
2021-03-03	715.022391044852	591.740424579672	528.597360425527	1027.2399643567	1297.98317521811	1792.73069332847	821.220633118138	1263.00616084639
2021-03-04	714.226961648417	597.544010307191	529.100278101418	1030.06086358511	1324.78941585857	1789.75958275646	791.136797538382	1259.44494489871
2021-03-05	714.515210790759	604.3871585257	530.708662556064	1034.10460345187	1354.27133367176	1788.62531582183	763.001016764377	1256.16172358169
2021-03-06	715.873339114098	612.243020789043	533.433801936587	1039.36190863734	1386.43242230906	1789.24385610753	736.718194968238	1253.08078248407
2021-03-07	718.287547260652	621.084748651068	537.286984390104	1045.82350382185	1421.27617542185	1791.53116719651	712.193236322088	1250.12640719458
2021-03-08	721.738810400282	630.879512972589	542.269909724907	1053.47249011072	1458.76550276923	1795.38761148814	689.334525928759	1247.23217168333
2021-03-09	726.187201813408	641.5705618423	548.345924393969	1062.26147430915	1498.70097854127	1800.65114664757	668.064372613945	1244.36880344583
2021-03-10	731.587569308095	653.095162655866	555.468786511436	1072.1354396473	1540.84259303576	1807.14412915638	648.308566134052	1241.51631835895
2021-03-11	737.894760692404	665.390582808952	563.592254191453	1083.03936935536	1584.95033655049	1814.68891549615	629.992896245489	1238.65473229958
2021-03-12	745.063623774398	678.394089697222	572.670085548166	1094.91824666349	1630.78419938325	1823.10786214847	613.043152704659	1235.76406114456
2021-03-13	753.04900636214	692.04295071634	582.656038695719	1107.71705480186	1678.10417183183	1832.22332559491	597.385125267972	1232.82432077078
2021-03-14	761.805756263693	706.274433261969	593.503871748257	1121.38077700064	1726.67024419402	1841.85766231705	582.944603691834	1229.81552705511
2021-03-15	771.28872128712	721.025804729777	605.167342819928	1135.85439649001	1776.24240676763	1851.83322879648	569.647377732651	1226.71769587441
2021-03-16	781.452749240482	736.234332515426	617.600210024873	1151.08289650013	1826.58064985042	1861.97238151477	557.41923714683	1223.51084310556
2021-03-17	792.252687931844	751.837284014581	630.756231477241	1167.01126026118	1877.44496374021	1872.09747695351	546.185971690779	1220.17498462543
2021-03-18	803.643385169266	767.771926622906	644.589165291175	1183.58447100333	1928.59533873478	1882.03087159427	535.873371120904	1216.69013631088
2021-03-19	815.579688760814	783.975527736066	659.052769580821	1200.74751195674	1979.79176513193	1891.59492191865	526.407225193611	1213.0363140388
2021-03-20	828.016446514548	800.385354749724	674.100802460325	1218.44536635159	2030.79423322943	1900.61198440821	517.713323665308	1209.19353368604
2021-03-21	840.908506238533	816.938675059546	689.687022043831	1236.62301741805	2081.3627333251	1908.90441554454	509.717456292402	1205.14181112948
2021-03-22	854.208385536602	833.573396345012	705.757965477123	1255.22436461395	2131.23090176292	1916.29411515454	502.347165802095	1200.85709290503
2021-03-23	867.85928119569	850.229987420872	722.231286032543	1274.18897230775	2180.02695907175	1922.60115644632	495.537006804773	1196.29904818476
2021-03-24	881.8020597985	866.84955738569	739.017416014069	1293.45532109557	2227.35277182667	1927.64515597332	489.223286881618	1191.42327679976
2021-03-25	895.977587927739	883.373215338034	756.026787725682	1312.96189157354	2272.81020660274	1931.24573028899	483.342313613812	1186.18537858114
2021-03-26	910.32673216611	899.742070376467	773.16983347136	1332.64716433778	2316.00112997501	1933.22249594676	477.830394582537	1180.54095336001
2021-03-27	924.79035909632	915.897231599556	790.356985555086	1352.44961998442	2356.52740851857	1933.39506950006	472.623837368974	1174.44560096746
2021-03-28	939.309335301072	931.779808105866	807.498676280835	1372.30773910956	2393.99090880847	1931.58306750234	467.658949554306	1167.8549212346
2021-03-29	953.825759756419	947.333409545584	824.510735300901	1392.16148687201	2428.04075535734	1927.64315148703	462.877846986158	1160.73114104756
2021-03-30	968.286661011792	962.511647775378	841.33058166081	1411.95676668123	2458.51510442795	1921.58016290755	458.24587857794	1153.06299551253
2021-03-31	982.640300009971	977.270635203536	857.901031754404	1431.64096650935	2485.29937022064	1913.43598819731	453.734201509502	1144.84584679074
2021-04-01	996.834937693733	991.566484238347	874.164901975519	1451.1614743285	2508.27896693575	1903.25251378973	449.313972960697	1136.07505704341
2021-04-02	1010.81883500586	1005.3553072881	890.065008717998	1470.46567811083	2527.33930877361	1891.07162611824	444.956350111378	1126.74598843176
2021-04-03	1024.54025288912	1018.59321676108	905.544168375677	1489.50096582845	2542.36580993456	1876.93521161624	440.632490141398	1116.85400311702
2021-04-04	1037.94745228631	1031.23632506559	920.545197342398	1508.21472545351	2553.24388461893	1860.88515671716	436.313550230607	1106.3944632604
2021-04-05	1050.98869414019	1043.2407446099	935.010912011998	1526.55434495814	2559.85894702706	1842.96334785441	431.970687558859	1095.36273102314
2021-04-06	1063.61223939354	1054.56258780231	948.884128778318	1544.46721231447	2562.09641135928	1823.21167146141	427.575059306007	1083.75416856645
2021-04-07	1075.76634898916	1065.15796705111	962.107664035196	1561.90071549464	2559.84169181594	1801.67201397157	423.097822651902	1071.56413805156
2021-04-08	1087.3992838698	1074.98299476458	974.624334176472	1578.80224247077	2552.98020259735	1778.38626181832	418.510134776396	1058.78800163969
2021-04-09	1098.45930497825	1083.99378335101	986.376955595985	1595.11918121501	2541.39735790386	1753.39630143507	413.783152859343	1045.42112149205
2021-04-10	1108.8946732573	1092.1464452187	997.308344687575	1610.79891969948	2524.9785719358	1726.74401925524	408.888034080595	1031.45885976989
2021-04-11	1118.65364964971	1099.39709277593	1007.36131784508	1625.78884589632	2503.6092588935	1698.47130171224	403.795935620003	1016.8965786344
2021-04-12	1127.68743890363	1105.70325849961	1016.48484447089	1640.03170080516	2477.25654087551	1668.63814351287	398.489593030606	1001.73779074759
2021-04-13	1135.95902098866	1111.02815514118	1024.65250600162	1653.45163753556	2446.21437157315	1637.37697245746	392.998055358182	986.018610774485
2021-04-14	1143.43431967975	1115.33641552067	1031.84403688241	1665.96816222462	2410.85841257593	1604.83832461973	387.361950021693	969.783303880882
2021-04-15	1150.07925875186	1118.59267245813	1038.03917155843	1677.5007810094	2371.5643254734	1571.17273607337	381.621904440101	953.076135232576
2021-04-16	1155.85976197996	1120.76155877362	1043.21764447483	1687.96900002698	2328.70777185507	1536.5307428921	375.818546032372	935.941369995367
2021-04-17	1160.741753139	1121.80770728718	1047.35919007677	1697.29232541444	2282.66441331046	1501.06288114962	369.992502217466	918.423273335048
2021-04-18	1164.69115600394	1121.69575081886	1050.4435428094	1705.39026330883	2233.80991142911	1464.91968691964	364.184400414349	900.566110417419
2021-04-19	1167.67994282743	1120.39823863326	1052.45489345834	1712.19203173275	2182.49521192642	1428.23873035588	358.426442554273	882.411090028302
2021-04-20	1169.70427977285	1117.91938577325	1053.39525817098	1717.66569625072	2128.97239702138	1391.1057179321	352.717128617659	863.987195433635
2021-04-21	1170.76638148127	1114.27132372622	1053.2711094352	1721.78903431281	2073.46883305882	1353.59339020205	347.04653309722	845.320353519379
2021-04-22	1170.86846259378	1109.4661839796	1052.08891973884	1724.53982336905	2016.21188638361	1315.7744877195	341.404730485666	826.436491171499
2021-04-23	1170.01273775143	1103.51609802078	1049.85516156976	1725.89584086949	1957.42892334061	1277.7217510382	335.78179527571	807.361535275957
2021-04-24	1168.20142159532	1096.43319733719	1046.57630741584	1725.83486426417	1897.34731027467	1239.50792071193	330.167801960064	788.121412718718
2021-04-25	1165.4367287665	1088.22961341623	1042.25882976491	1724.33467100313	1836.19441353065	1201.20573729443	324.55282503144	768.742050385743
2021-04-26	1161.72087390605	1078.91747774531	1036.90920110485	1721.37303853643	1774.1975994534	1162.88794133948	318.926938982549	749.249375162998
2021-04-27	1157.05607165505	1068.50892181185	1030.53389392351	1716.9277443141	1711.58423438779	1124.62727340083	313.280218306103	729.669313936445
2021-04-28	1151.44453665457	1057.01607710326	1023.13938070874	1710.97656578619	1648.58168467867	1086.49647403225	307.602737494814	710.027793592048
2021-04-29	1144.88848354567	1044.45107510694	1014.73213394841	1703.49728040274	1585.41731667089	1048.56828378749	301.884571041394	690.350741015769
2021-04-30	1137.39012696945	1030.82604731031	1005.31862613038	1694.4676656138	1522.31849670932	1010.91544322032	296.115793438555	670.664083093573
2021-05-01	1128.95168156695	1016.15312520077	994.905329742504	1683.86549886941	1459.51259113881	973.610692884495	290.286479179008	650.993746711422
2021-05-02	1119.57536197927	1000.44444026575	983.498717272639	1671.66855761963	1397.22696630422	936.726773333787	284.386702755467	631.365658755281
2021-05-03	1109.27254607436	983.725401120739	971.11664467784	1657.86846631765	1335.66635943011	900.329817107793	278.406622361109	611.805316710769
2021-05-04	1098.09126462774	966.074524893618	957.822501791935	1642.51223742942	1274.94499125995	864.459524689499	272.336730990993	592.336500462143
2021-05-05	1086.0887116418	947.58360584035	943.691061917949	1625.66073042403	1215.15445341689	829.148988547723	266.16760534064	572.982560493313
2021-05-06	1073.32208111894	928.344438216906	928.797098358905	1607.37480477058	1156.38633752411	794.431301151295	259.889822105574	553.766847288192
2021-05-07	1059.84856706157	908.448816279251	913.215384417825	1587.71531993817	1098.73223520476	760.339554969035	253.49395798132	534.712711330691
2021-05-08	1045.72536347208	887.988534283355	897.020693397734	1566.74313539591	1042.28373808202	726.906842469771	246.970589663401	515.843503104723
2021-05-09	1031.00966435288	867.055386485182	880.287798601656	1544.51911061288	987.132437779051	694.166256122323	240.31029384734	497.1825730942
2021-05-10	1015.75411091443	845.735750704749	863.087335843898	1521.1021197727	933.358750512681	662.147346166406	233.510334633508	478.752345967049
2021-05-11	999.993133199503	824.094339018254	845.473390983914	1496.54309591703	880.998390874388	630.86549392528	226.594725741653	460.571543127251
2021-05-12	983.756608458928	802.190447065941	827.495912392436	1470.890986802	830.075898049309	600.332538493088	219.594168296371	442.657960162805
2021-05-13	967.07441394354	780.083370488058	809.204848440205	1444.1947401838	780.615811222591	570.560318963983	212.539363422257	425.029392661708
2021-05-14	949.976426904172	757.832404924848	790.650147497955	1416.50330381856	732.64266957937	541.560674432108	205.461012243906	407.703636211955
2021-05-15	932.492524591659	735.496846016561	771.881757936424	1387.86562546245	686.181012304791	513.345443991614	198.389815885913	390.698486401547
2021-05-16	914.652584256833	713.135989403437	752.949628126346	1358.33065287162	641.25537858399	485.926466736645	191.356475472873	374.031738818478
2021-05-17	896.486483150529	690.809130725727	733.903706438461	1327.94733380224	597.890307602112	459.315581761351	184.391692129382	357.721189050747
2021-05-18	878.024098523579	668.575565623672	714.793941243503	1296.76461601046	556.110338544293	433.524628159878	177.526166980035	341.78463268635
2021-05-19	859.29530762682	646.494589737522	695.670280912211	1264.83144725243	515.940010595679	408.565445026374	170.790601149427	326.239865313286
2021-05-20	840.329987711083	624.625498707519	676.582673815318	1232.19677528432	477.403862941405	384.449871454984	164.215695762152	311.10468251955
2021-05-21	821.158016027204	603.02758817391	657.581068323563	1198.90954786228	440.526434766617	361.18974653986	157.832151942807	296.396879893142
2021-05-22	801.809269826014	581.76015377694	638.715412807682	1165.01871274247	405.33226525645	338.796909375145	151.670670815985	282.134253022056
2021-05-23	782.313626358349	560.882491156857	620.035655638412	1130.57321768104	371.84589359605	317.283199054989	145.761953506284	268.334597494292
2021-05-24	762.705053295571	540.448420223522	601.591195346767	1095.6347078077	340.082176711895	296.657977386043	140.136524876633	255.011538788425
2021-05-25	743.033879991161	520.489857965275	583.429231104881	1060.31561774627	310.017242495836	276.920697024987	134.824204743309	242.162021945359
2021-05-26	723.354526219127	501.033245640071	565.596412245161	1024.74107949415	281.617536581058	258.068333341001	129.854636660926	229.778821896571
2021-05-27	703.72141175348	482.105024505868	548.13938810002	989.036225048707	254.849504600755	240.097861703272	125.257464184097	217.854713573546
2021-05-28	684.188956368227	463.731635820622	531.104808001867	953.326186407317	229.679592188113	223.00625748098	121.062330867434	206.382471907762
2021-05-29	664.811579837379	445.93952084229	514.539321283112	917.736095567364	206.074244976324	206.790496043311	117.298880265551	195.354871830702
2021-05-30	645.643701934945	428.755120828826	498.489577276166	882.39108452622	183.999908598573	191.447552759446	113.996755933059	184.764688273846
2021-05-31	626.73941961525	412.203462955318	483.000859362133	847.411563525906	163.421624384795	176.974892770867	111.188499382245	174.608797251913
2021-06-01	608.151538553882	396.303918065357	468.112987116894	812.899055786986	144.298816451884	163.371940308245	108.918243956079	164.900479112571
2021-06-02	589.932541606747	381.074442919669	453.864414165026	778.950362774666	126.58950461348	150.638609374548	107.233020955202	155.657115286727
2021-06-03	572.134911629747	366.532994278973	440.293594131102	745.662285954147	110.25170868322	138.774813972746	106.179861680258	146.896087205284
2021-06-04	554.811131478789	352.697528903994	427.4389806397	713.131626790638	95.2434484747444	127.780468105808	105.80579743189	138.634776299151
2021-06-05	538.013684009776	339.586003555452	415.339027315393	681.455186749339	81.5227438016893	117.655485776701	106.157859510738	130.890563999232
2021-06-06	521.795052078614	327.216374994072	404.032187782759	650.729767295459	69.0476144776949	108.399780988396	107.283079217446	123.680831736433
2021-06-07	506.207718541204	315.606599980573	393.556915666371	621.052169894197	57.7760803163982	100.01326774386	109.228487852657	117.02296094166
2021-06-08	491.304166253455	304.774635275681	383.951664590807	592.519196010762	47.6661611314387	92.4958600460632	112.041116717011	110.934333045819
2021-06-09	477.13687807127	294.738437640116	375.25488818064	565.227647110357	38.6758767364542	85.8474718979736	115.767997111153	105.432329479816
2021-06-10	463.75833685055	285.5159638346	367.505040060446	539.274324658183	30.7632469450826	80.0680173025598	120.456160335724	100.534331674555
2021-06-11	451.221025447205	277.125170619857	360.740573854802	514.756030119449	23.8862915709632	75.1574102627914	126.152637691366	96.2577210609446
2021-06-12	439.577426717135	269.584014756608	354.999943188282	491.769564959356	18.0030304277336	71.1155647816364	132.904460478723	92.6198790698886
2021-06-13	428.880023516247	262.910453005576	350.321601685462	470.411730643112	13.0714833290329	67.9423948620642	140.758659998436	89.6381871322938
2021-06-14	419.18166113805	257.122994395751	346.74286106226	450.770707995228	9.05220367972747	65.6398524328073	149.766462279072	87.3311463359272
2021-06-15	410.53663462648	252.242357029199	344.296465399962	432.900195277473	5.91587924959988	64.2180411256546	159.995872260895	85.7217363960045
2021-06-16	402.999601463079	248.289811276249	343.0140168712	416.84527011092	3.63573139966034	63.6891024981586	171.519089612092	84.8340566846025
2021-06-17	396.625219129387	245.286627507236	342.927117648602	402.651010116647	2.1849814909198	64.0651781078722	184.408314000849	84.6922065737984
2021-06-18	391.468145106946	243.25407609249	344.067369904799	390.362492915727	1.53685088438873	65.3584095123481	198.735745095357	85.3202854356691
2021-06-19	387.583036877297	242.213427402345	346.466375812419	380.024796129238	1.66456094107787	67.5809382691388	214.5735825638	86.7423926422919
2021-06-20	385.024551921981	242.185951807132	350.155737544094	371.682997378254	2.54133302199789	70.7449059357974	231.994026074369	88.9826275657437
2021-06-21	383.844703479101	243.193623891459	355.163793174933	365.379274136813	4.14377756096539	74.86096356395	251.058761371295	92.0639596881625
2021-06-22	384.084927812996	245.261235097038	361.505824389975	361.144203290791	6.46206128302149	79.9338001815191	271.787418503002	96.0048389319308
2021-06-23	385.784016944569	248.414281079857	369.193848776736	359.005461579024	9.48973998601288	85.9666143105	294.189113593954	100.822585329491
2021-06-24	388.98076289472	252.678257495904	378.239883922736	358.990725740348	13.2203694677869	92.9626044728892	318.272962768622	106.534518913287
2021-06-25	393.713957684352	258.078660001165	388.655947415493	361.127672513601	17.6475055261901	100.924969190682	344.048082151471	113.157959715761
2021-06-26	400.022393334365	264.640984251629	400.454056842524	365.443978637619	22.7647039590699	109.856906985874	371.523587866972	120.710227769357
2021-06-27	407.944861865661	272.390725903283	413.646229791349	371.967320851239	28.5655205642728	119.761616380462	400.708596039589	129.208643106517
2021-06-28	417.520155299141	281.353380612116	428.244483849485	380.725375893296	35.0435111396463	130.642295896442	431.612222793792	138.670525759685
2021-06-29	428.787065655706	291.554444034113	444.26083660445	391.745820502628	42.1922314830368	142.502144055808	464.243584254047	149.113195761303
2021-06-30	441.784384956259	303.019411825264	461.707305643764	405.056331418072	50.005237392292	155.344359380558	498.611796544824	160.553973143816
2021-07-01	456.550905221699	315.773779641555	480.595908554943	420.684585378463	58.4760846652579	169.172140392686	534.725975790588	173.010177939665
2021-07-02	473.12541847293	329.843043138975	500.938662925507	438.65825912264	67.5983290997825	183.98868561419	572.595238115809	186.499130181295
2021-07-03	491.54671673085	345.25269797351	522.747586342973	459.005029389436	77.3655264937118	199.797193567063	612.228699644952	201.038149901147
2021-07-04	511.853592016364	362.028239801149	546.034696394861	481.752572917691	87.7712326448939	216.600862773304	653.635476502488	216.644557131666
2021-07-05	534.076030222663	380.189083489353	570.797545547416	506.919549472603	98.8104309604373	234.396595031849	696.805272138563	233.331472233204
2021-07-06	558.208792732112	399.730320751487	596.975825781805	534.48855092483	110.483815284504	253.156105249411	741.650139306066	251.095216877756
2021-07-07	584.237834799364	420.640962512383	624.494763957918	564.43315217139	122.793507070518	272.844811609638	788.062718083555	269.927913065226
2021-07-08	612.149111679078	442.910019696883	653.279586935651	596.726928109304	135.741627771903	293.428132296187	835.935648549603	289.82168279552
2021-07-09	641.928578625906	466.526503229818	683.255521574895	631.34345363559	149.330298842082	314.871485492706	885.16157078277	310.768648068541
2021-07-10	673.562190894505	491.479424036029	714.347794735545	668.256303647268	163.56164173448	337.140289382851	935.633124861623	332.760930884194
2021-07-11	707.035903739534	517.757793040353	746.481633277496	707.439053041362	178.437777902521	360.199962150276	987.242950864732	355.790653242386
2021-07-12	742.330112732849	545.343081329034	779.589381296567	748.857721253047	193.957447454817	384.012211824449	1039.87508448486	379.845129527316
2021-07-13	779.40297471514	574.186600633971	813.631851832309	792.448105870161	210.105865120741	408.52390581813	1093.37914387156	404.892443660385
2021-07-14	818.207086844295	604.232122848466	848.576975160193	838.138449018692	226.864864284851	433.678201389892	1147.59614278861	430.895871947283
2021-07-15	858.695046278211	635.423419865827	884.392681555701	885.856992824638	244.216278331709	459.418255798314	1202.36709499977	457.818690693709
2021-07-16	900.819450174773	667.704263579356	921.046901294302	935.531979413986	262.141940645872	485.687226301969	1257.5330142688	485.624176205354
2021-07-17	944.532895691879	701.018425882363	958.50756465148	987.091650912738	280.623684611904	512.428270159436	1312.93491435946	514.275604787916
2021-07-18	989.787979987415	735.309678668149	996.742601902705	1040.46424944688	299.643343614362	539.584544629287	1368.41380903552	543.736252747088
2021-07-19	1036.53730021928	770.521793830024	1035.71994332346	1095.57801714241	319.182751037809	567.099206970103	1423.81071206074	573.969396388566
2021-07-20	1084.73345354536	806.59854326129	1075.40751918921	1152.36119612531	339.223740266802	594.915414440456	1478.96663719887	604.938312018043
2021-07-21	1134.32903712355	843.483698855254	1115.77325977544	1210.7420285216	359.748144685903	622.976324298925	1533.7225982137	636.606275941216
2021-07-22	1185.27664811173	881.121032505221	1156.78509535763	1270.64875645724	380.737797679671	651.225093804082	1587.91960886897	668.936564463778
2021-07-23	1237.52888366781	919.454316104497	1198.41095621124	1332.00962205825	402.174532632668	679.604880214508	1641.39868292845	701.892453891426
2021-07-24	1291.03834094967	958.427321546386	1240.61877261177	1394.75286745061	424.040182929452	708.058840788776	1694.00083415591	735.437220529851
2021-07-25	1345.75761711521	997.983820724197	1283.37647483467	1458.80673476032	446.316581954585	736.530132785463	1745.56707631511	769.534140684752
2021-07-26	1401.61360008443	1038.04243762038	1326.63328431337	1524.0717009819	468.981153643491	764.959800653479	1795.94234263287	804.134388696055
2021-07-27	1458.43034082582	1078.42120457402	1370.263587113	1590.33718258402	491.993684135065	793.280437603085	1844.98724418833	839.14073104063
2021-07-28	1516.00618106998	1118.91300601332	1414.12306045664	1657.36483090389	515.309550119063	821.42252403487	1892.56631152365	874.443832229574
2021-07-29	1574.13946254751	1159.31072636652	1458.06738156737	1724.91629727871	538.884128285246	849.31654034943	1938.54407518105	909.934356773994
2021-07-30	1632.628526989	1199.40725006183	1501.95222766825	1792.75323304567	562.67279532337	876.892966947354	1982.78506570269	945.502969184986
2021-07-31	1691.27171612507	1238.99546152748	1545.63327598237	1860.63728954199	586.630927923196	904.082284229238	2025.15381363078	981.040333973656
2021-08-01	1749.86737168631	1277.86824519168	1588.96620373279	1928.33011810487	610.713902774479	930.814972595674	2065.51484950748	1016.4371156511
2021-08-02	1808.23527251856	1315.84681978477	1631.82035470265	1995.61922400654	634.882047522201	957.031934319552	2103.75165262373	1051.5929309927
2021-08-03	1866.28094592862	1352.86574124554	1674.11973891528	2062.39552825942	659.115493632206	982.715759162943	2139.8234972653	1086.44320583093
2021-08-04	1923.93135633856	1388.88789981489	1715.80203295408	2128.57580581096	683.399323525566	1007.85945876022	2173.70860646669	1120.93231826254
2021-08-05	1981.1134681704	1423.8761857337	1756.80491340242	2194.07683160861	707.718619623345	1032.45604474575	2205.38520326243	1155.00464638429
2021-08-06	2037.75424584619	1457.79348924289	1797.06605684371	2258.81538059983	732.058464346616	1056.4985287539	2234.83151068701	1188.60456829293
2021-08-07	2093.78065378799	1490.60270058334	1836.52313986132	2322.70822773207	756.403940116441	1079.97992241904	2262.02575177494	1221.6764620852
2021-08-08	2149.11965641783	1522.26670999594	1875.11383903865	2385.67214795277	780.740129353891	1102.89323737555	2286.94614956073	1254.16470585787
2021-08-09	2203.69821815777	1552.74840772161	1912.77583095909	2447.62391620939	805.052114480035	1125.23148525779	2309.57092707889	1286.01367770768
2021-08-10	2257.44330342985	1582.01068400123	1949.44679220602	2508.48030744938	829.324977915938	1146.98767770012	2329.87830736392	1317.16775573138
2021-08-11	2310.28187665611	1610.0164290757	1985.06439936284	2568.15809662019	853.543802082671	1168.15482633693	2347.84651345034	1347.57131802573
2021-08-12	2362.14090225861	1636.72853318592	2019.56632901293	2626.57405866928	877.693669401297	1188.72594280258	2363.45376837264	1377.16874268749
2021-08-13	2412.94734465938	1662.10988657279	2052.89025773968	2683.6449685441	901.75966229289	1208.69403873144	2376.67829516535	1405.90440781339
2021-08-14	2462.62816828048	1686.1233794772	2084.97386212648	2739.28760119209	925.726863178512	1228.05212575788	2387.49831686296	1433.7226915002
2021-08-15	2511.11033754394	1708.73190214005	2115.75481875673	2793.41873156071	949.580354479234	1246.79321551626	2395.89205649999	1460.56797184467
2021-08-16	2558.3386068522	1729.91665228405	2145.18783965229	2845.97845377537	973.309449691524	1264.91660420076	2401.8586391061	1486.39765497639
2021-08-17	2604.3288905292	1749.73205755918	2173.29577858896	2897.00013867332	996.920386613456	1282.44672624474	2405.48079769167	1511.22125915634
2021-08-18	2649.11489287927	1768.25085309724	2200.11852478104	2946.54047626974	1020.4236341185	1299.41430064134	2406.86216726222	1535.06133067834
2021-08-19	2692.73031820673	1785.54577403002	2225.69596744281	2994.65615657984	1043.82966108014	1315.85004638372	2406.10638282329	1557.94041583622
2021-08-20	2735.2088708159	1801.68955548931	2250.06799578856	3041.40386961881	1067.14893637184	1331.78468246505	2403.31707938041	1579.88106092379
2021-08-21	2776.58425501112	1816.75493260691	2273.27449903257	3086.84030540186	1090.39192886707	1347.24892787846	2398.59789193911	1600.90581223487
2021-08-22	2816.89017509671	1830.81464051462	2295.35536638914	3131.02215394419	1113.56910743932	1362.27350161713	2392.05245550492	1621.03721606329
2021-08-23	2856.16612272354	1843.94019106416	2316.35744092246	3174.01044587072	1136.68901421046	1376.88842006333	2383.78804321433	1640.30323668241
2021-08-24	2894.47473892868	1856.19820298701	2336.35538109638	3215.88357424534	1159.75248429602	1391.12088915586	2373.92648072761	1658.75351028372
2021-08-25	2931.88445209578	1867.65407173459	2355.43079922465	3256.72427274165	1182.75842605993	1404.99741222265	2362.59323183598	1676.44309103828
2021-08-26	2968.46369060844	1878.37319275829	2373.66530762102	3296.61527503326	1205.70574786614	1418.54449259164	2349.91376033069	1693.42703311712
2021-08-27	3004.2808828503	1888.42096150952	2391.14051859926	3335.6393147938	1228.59335807857	1431.78863359074	2336.01353000295	1709.76039069128
2021-08-28	3039.40445720498	1897.86277343971	2407.93804447312	3373.87912569686	1251.42016506117	1444.7563385479	2321.01800464399	1725.4982179318
2021-08-29	3073.90284205611	1906.76402400026	2424.13949755635	3411.41744141606	1274.18507717787	1457.47411079104	2305.05264804504	1740.69556900973
2021-08-30	3107.84446578732	1915.19010864257	2439.82649016271	3448.33699562501	1296.88700279259	1469.96845364809	2288.24292399734	1755.40749809611
2021-08-31	3141.29775678222	1923.20642281807	2455.08063460596	3484.72052199732	1319.52485026929	1482.26587044698	2270.71429629209	1769.68905936197
2021-09-01	3174.33114342445	1930.87836197815	2469.98354319984	3520.6507542066	1342.09752797189	1494.39286451564	2252.59222872054	1783.59530697836
2021-09-02	3207.01305409764	1938.27132157422	2484.61682825812	3556.21042592646	1364.60394426434	1506.375939182	2234.0021850739	1797.18129511632
2021-09-03	3239.4119171854	1945.45069705771	2499.06210209455	3591.48227083051	1387.04300751055	1518.24159777398	2215.06962914342	1810.50207794689
2021-09-04	3271.59616107136	1952.48188388001	2513.40097702289	3626.54902259237	1409.41362607448	1530.01634361953	2195.92002472031	1823.61270964112
2021-09-05	3303.63421413915	1959.43027749254	2527.71506535689	3661.49341488564	1431.71470832006	1541.72668004656	2176.6788355958	1836.56824437003
