date	state	King	Snohomish	Pierce	Ann Arbor	Boston	San Diego	DC
2020-01-26	0	0	0	0	0	0	0	0
2020-01-27	0	0	0	0	0	0	0	0
2020-01-28	0	0	0	0	0	0	0	0
2020-01-29	0	0	0	0	0	0	0	0
2020-01-30	0	0	0	0	0	0	0	0
2020-01-31	0	0	0	0	0	0	0	0
2020-02-01	0	0	0	0	0	0	0	0
2020-02-02	0	0	0	0	0	0	0	0
2020-02-03	0	0	0	0	0	0	0	0
2020-02-04	0	0	0	0	0	0	0	0
2020-02-05	0	0	0	0	0	0	0	0
2020-02-06	0	0	0	0	0	0	0	0
2020-02-07	0	0	0	0	0	0	0	0
2020-02-08	0	0	0	0	0	0	0	0
2020-02-09	0	0.157331651874324	0	0	0	0	0	0
2020-02-10	0	0.449064802490231	0	0	0	0	0	0
2020-02-11	0.0401143688901012	0.752706960516408	0	0	0	0	0	0
2020-02-12	0.17959707539186	1.06918209985539	0.0947464771812079	0	0	0	0	0
2020-02-13	0.32648252321851	1.39941419440973	0.27468985270981	0	0	0	0	0
2020-02-14	0.481291025876773	1.74432721808195	0.464904431457813	0	0	0	0	0
2020-02-15	0.644542896873369	2.1048451447746	0.666070266390616	0	0	0	0	0
2020-02-16	0.81675844971502	2.48189194839023	0.878867410473621	0	0	0	0	0
2020-02-17	0.998456853424639	2.87633380038372	1.10399150191576	0	0	0	0	0
2020-02-18	1.19015269908989	3.28880566241939	1.34220051990008	0	0	0	0	0
2020-02-19	1.39235943331464	3.7198846937139	1.59426802885316	0	0	0	0	0
2020-02-20	1.60559050270274	4.17014805348393	1.86096759320157	0.0549702235837462	0	0	0	0
2020-02-21	1.83035935385806	4.64017290094615	2.1430727773719	0.126296794466804	0	0	0	0
2020-02-22	2.06717943338444	5.13053639531722	2.44135714579071	0.204060950906805	0	0	0	0
2020-02-23	2.31656418788576	5.64181569581381	2.7565942628846	0.288675050560068	0	0	0	0
2020-02-24	2.57889301424877	6.17433477622563	3.08936078676672	0.380510381703647	0	0	0	0
2020-02-25	2.85400911049182	6.72740486863457	3.43944575029658	0.479773955097529	0	0	0	0
2020-02-26	3.14162162491617	7.30008401969557	3.8064412800203	0.586631712122436	0.0304590712800129	0	0	0
2020-02-27	3.44143970582307	7.89143027606355	4.18993950248398	0.701249594159085	0.242271801599982	0	0.0238470766278834	0
2020-02-28	3.75317250151378	8.50050168439344	4.58953254423371	0.823793542588198	0.474831823985005	0	0.0758174577535858	0
2020-02-29	4.07652916028954	9.12635629134019	5.0048125318156	0.954429498790494	0.729067332765929	0	0.132807964441784	0
2020-03-01	4.41121883045162	9.76805214355871	5.43537159177576	1.09332340414669	1.0059065222736	0	0.195043271106515	0
2020-03-02	4.75695066030127	10.4246472877039	5.88080185066028	1.24064120003752	1.30627758683887	0	0.262748052161813	0.0597064200675387
2020-03-03	5.11343379813974	11.0951997704308	6.34069543501528	1.39654882784368	1.63110872079259	0.575650142151153	0.336146982021716	0.534190323333734
2020-03-04	5.48037739226828	11.7787676383943	6.81464447138685	1.56121222894591	1.9813281184656	1.5876108337984	0.415464735100259	1.05598297497507
2020-03-05	5.85749059098815	12.4744089382493	7.3022410863211	1.73479734472493	2.35786397418875	2.69787311219155	0.500925985811478	1.62726205441373
2020-03-06	6.24448254260061	13.1811817166507	7.80307740636412	1.91747011656145	2.76164448229289	3.91082488775266	0.592755408569409	2.25020524107187
2020-03-07	6.6410623954069	13.8981440202534	8.31674555806204	2.10939648583619	3.19359783710887	5.23085407090378	0.691177677788089	2.92699021437166
2020-03-08	7.04693929770829	14.6243538957125	8.84283766796093	2.31074239392987	3.65465223296754	6.66234857206696	0.796417467881553	3.65979465373528
2020-03-09	7.46163700339987	15.3585555295018	9.38067677460695	2.52158377287447	4.14563657155221	8.2098237478	0.908678951537486	4.45081451268715
2020-03-10	7.88393768875218	16.0982376673707	9.92850956454638	2.74163651730693	4.66698258395612	9.8783047392038	1.02808429453817	5.30231884116074
2020-03-11	8.31243813562961	16.8405751948879	10.4843136363255	2.97052651251548	5.21902270862494	11.672944133515	1.15473516093955	6.21659496319172
2020-03-12	8.74573512589655	17.5827429976218	11.0460665884907	3.2078796437883	5.80208938400438	13.5988945179702	1.28873321479755	7.19593020281584
2020-03-13	9.18242544141737	18.3219159611408	11.6117460195882	3.45332179641361	6.41651504854011	15.661308479806	1.4301801201681	8.24261188406878
2020-03-14	9.62110586405646	19.0552689710136	12.1793295281644	3.70647885567961	7.06263214067784	17.8653386062592	1.57917754110715	9.35892733098626
2020-03-15	10.0603731756782	19.7799769128085	12.7467947127655	3.96697670687451	7.74077309886326	20.2161374845664	1.73582714167061	10.547163867604
2020-03-16	10.4987328252293	20.4932466880146	13.3119621704056	4.23431973375393	8.45089428179618	22.7173078349659	1.90014505399042	11.8088869522088
2020-03-17	10.9343249299852	21.1924132618034	13.8720244919692	4.50752631394315	9.19144772919302	25.366252909704	2.07180528250244	13.1427745800922
2020-03-18	11.3651982743038	21.874843615267	14.4240172668086	4.78549332353486	9.96050940102427	28.1588260940283	2.25039629971853	14.5467828807969
2020-03-19	11.789401642543	22.5379047294974	14.9649760842761	5.06711763862175	10.7561552572605	31.0908807731869	2.43550657815053	16.0188679838655
2020-03-20	12.2049838190606	23.1789635855867	15.491936533724	5.35129613529652	11.5764612578721	34.1582703324274	2.6267245903103	17.5569860188405
2020-03-21	12.6099935882145	23.7953871646269	16.0019342045045	5.63692568965186	12.4195033628297	37.3568481569979	2.82363880870968	19.1590931152648
2020-03-22	13.0024797343624	24.3845424477101	16.4920046859699	5.92290317778047	13.2833575321038	40.6824676321462	3.02583770586055	20.8231454026809
2020-03-23	13.3804910418622	24.9437964159284	16.9591835674725	6.20812547577504	14.166099725665	44.1309821431201	3.23290975427473	22.5470990106314
2020-03-24	13.7420762950718	25.4705160503737	17.4005064383644	6.49148945972826	15.0658059034836	47.6982450751675	3.4444434264641	24.328910068659
2020-03-25	14.085284278349	25.9620683321382	17.8130088879981	6.77189200573282	15.9805520255303	51.3801098135363	3.6600271949405	26.1665347063064
2020-03-26	14.4081637760517	26.4158202423139	18.1937265057258	7.04822998988142	16.9084140517756	55.1724297434743	3.87924953221578	28.0579290531161
2020-03-27	14.7087635725376	26.8291387619929	18.5396948808997	7.31940028826676	17.84746794219	59.0710582502295	4.1016989108018	30.0010492386309
2020-03-28	14.9851324521646	27.1993908722672	18.847949602872	7.58429977698152	18.795789656744	63.0718487190496	4.3269638032104	31.9938513923933
2020-03-29	15.2353191992905	27.5239435542289	19.1155262609952	7.8418253321184	19.7514551554081	67.1706545351825	4.55463268195345	34.0342916439461
2020-03-30	15.4577664254776	27.8007212621253	19.3401735140529	8.09089866206767	20.7122328703853	71.3610504937387	4.78422082649026	36.1196460677523
2020-03-31	15.6524920511047	28.0298783428246	19.5224922985549	8.33054080440998	21.6746611228083	75.6274970292789	5.01495074407001	38.2444705179572
2020-04-01	15.8199078237555	28.2121266163503	19.6637966204426	8.55979762902353	22.6349707060422	79.9521759862263	5.24597174888935	40.4026407936264
2020-04-02	15.9604254910132	28.3481779027259	19.7654004856571	8.77771500578654	23.5893924134521	84.3172692090041	5.47643315514492	42.5880326938256
2020-04-03	16.0744568004613	28.438744021975	19.8286179001397	8.98333880457722	24.5341570384031	88.7049585420358	5.70548427703338	44.7945220176206
2020-04-04	16.1624134996831	28.4845367941209	19.8547628698319	9.17571489527379	25.4654953742603	93.0974258297444	5.93227442875135	47.0159845640768
2020-04-05	16.224707336262	28.4862680391872	19.8451494006747	9.35388914775447	26.3796382143889	97.4768529165532	6.15595292449551	49.2462961322602
2020-04-06	16.2618583024767	28.4448317413784	19.801212886803	9.51707184570048	27.2728313867831	101.824939944455	6.37574857118091	51.4790095202312
2020-04-07	16.2748193693866	28.3618505416232	19.724874275125	9.6651309280052	28.1413808579541	106.121460245723	6.59120814659632	53.7063855220302
2020-04-08	16.2646517527466	28.2391292450312	19.6181759007424	9.798098747365	28.9816076290418	110.345705450198	6.80195792124892	55.9203619306922
2020-04-09	16.2324166683113	28.0784726567123	19.4831600987569	9.91600765647626	29.7898327011866	114.476967187722	7.00762416564588	58.1128765392526
2020-04-10	16.1791753318356	27.8816855817761	19.3218692042703	10.0188900080354	30.5623770755287	118.494537088137	7.20783315029439	60.2758671407463
2020-04-11	16.1059889590742	27.6505728253323	19.1363455523842	10.1067781547387	31.2955617532081	122.377706781286	7.40221114570165	62.4012715282088
2020-04-12	16.0139187657818	27.3869391924907	18.9286314782003	10.1797044492826	31.9857077353652	126.105767897009	7.59038442237482	64.4810274946749
2020-04-13	15.9040259677132	27.0925894883609	18.7007693168205	10.2377012443636	32.6291360231401	129.658012065149	7.77197925082109	66.5070728331801
2020-04-14	15.7773717806231	26.7693285180527	18.4548014033463	10.2808008926779	33.2221676176729	133.013730915548	7.94662190154765	68.4713453367594
2020-04-15	15.6350174202664	26.4189610866758	18.1927700728795	10.3090357469219	33.7611235201039	136.152216078048	8.11393864506167	70.365782798448
2020-04-16	15.4780241023977	26.0432919993399	17.9167176605217	10.3224381597921	34.2423247315733	139.05275918249	8.27355575187034	72.1823230112811
2020-04-17	15.3074530427718	25.6441260611547	17.6286865013748	10.3210404839848	34.6620922532212	141.694651858716	8.42509949248084	73.9129037682938
2020-04-18	15.1243654571435	25.2232680772299	17.3307189305403	10.3048750721964	35.0167470861879	144.05718573657	8.56819613740036	75.5494628625214
2020-04-19	14.9298225612675	24.7825228526752	17.0248572831201	10.2739742771232	35.3026102316135	146.119652445891	8.70247195713607	77.083938086999
2020-04-20	14.724869897163	24.3237081586122	16.7131363739172	10.2285897592502	35.516690436866	147.864866855554	8.82767066548177	78.5090014926594
2020-04-21	14.5104903119067	23.8486936302092	16.3975609365408	10.169850410216	35.6587474342251	149.289736790561	8.94400574937761	79.8202621620266
2020-04-22	14.28765097884	23.3593618686467	16.0801281843013	10.0991044294478	35.7292287021979	150.394693314944	9.05180813905037	81.014063435522
2020-04-23	14.0573190713038	22.8575954751048	15.7628353305092	10.0177000163728	35.7285817192919	151.180167492738	9.15140876472682	82.0867486535672
2020-04-24	13.8204617626395	22.3452770507638	15.447679588475	9.92698537041814	35.6572539640144	151.646590387974	9.24313855663372	83.0346611565835
2020-04-25	13.5780462261883	21.8242891968039	15.1366581715092	9.82830869101098	35.5156929148727	151.794393064687	9.32732844499786	83.8541442849927
2020-04-26	13.3310396352913	21.2965145144055	14.8317682929224	9.7230181775785	35.3043460503742	151.62400658691	9.40430936004599	84.5415413792161
2020-04-27	13.0803379880856	20.7637127141046	14.5346399416558	9.61226803837553	35.0242565554871	151.138663417382	9.47434173271755	85.094284143044
2020-04-28	12.8265525818914	20.2271519438604	14.2454342091735	9.49643651696743	34.6788504410231	150.352801613663	9.53740399680263	85.5141577337408
2020-04-29	12.5702235388248	19.687977460988	13.9639449625708	9.37570786574724	34.2721494242548	149.283660632021	9.59340408680399	85.8040356719397
2020-04-30	12.3118909810021	19.1473345228023	13.6899660689425	9.25026633710797	33.8081752224547	147.948479928722	9.64224993722439	85.9667914782738
2020-05-01	12.0520950305392	18.6063683866185	13.4232913953836	9.12029618344265	33.2909495528955	146.364498960035	9.68384948256657	86.0052986733761
2020-05-02	11.7913758095523	18.0662243097514	13.1637148089892	8.9859816571443	32.7244941328497	144.548957182225	9.71811065733331	85.9224307778799
2020-05-03	11.5302734401576	17.5280475495163	12.9110301768543	8.84750701060594	32.1128306795898	142.519094051559	9.74494139602734	85.7210613124182
2020-05-04	11.2693280444711	16.992983363228	12.6650313660739	8.70505649622059	31.4599809103885	140.292149024305	9.76424963315143	85.4040637976241
2020-05-05	11.0090797446089	16.4621770082016	12.425512243743	8.55881436638129	30.7699665425183	137.885361556729	9.77594330320834	84.9743117541309
2020-05-06	10.7500686626872	15.9367737417522	12.1922666769565	8.40896487348104	30.0468092932518	135.315971105098	9.77993034070082	84.4346787025715
2020-05-07	10.4928349208221	15.4179188211948	11.9650885328096	8.25569226991288	29.2945308798616	132.60121712568	9.77611868013162	83.7880381635792
2020-05-08	10.2379186411296	14.9067575038443	11.7437716783972	8.09918080806983	28.5171530196202	129.758339074741	9.76441625600351	83.037263657787
2020-05-09	9.98585994572602	14.4044350470159	11.5281099808144	7.9396147403449	27.7186974298002	126.804576408547	9.74473100281923	82.185228705828
2020-05-10	9.73719895672731	13.9120967080245	11.3178973071561	7.77717831913113	26.9031858276742	123.757168583367	9.71697085508156	81.2348068283355
2020-05-11	9.49248472359568	13.4307301381759	11.112784525334	7.61220231531695	26.0743555938924	120.633166124759	9.68116107694135	80.1896344491431
2020-05-12	9.25230200517749	12.9606925647386	10.9118505065266	7.4456035737725	25.2348067626157	117.448863835453	9.63779625114199	79.0563996048879
2020-05-13	9.01724448766515	12.5021836089719	10.7140311227291	7.27844545786335	24.3868550313824	114.220367587469	9.58748829007497	77.8425532354073
2020-05-14	8.78790585725106	12.0554028921351	10.5182622459367	7.11179133095505	23.532816097731	110.96378325283	9.5308491061318	76.5555462805389
2020-05-15	8.56487980012761	11.6205500354875	10.3234797481445	6.94670455641316	22.6750056592	107.695216703558	9.46849061170395	75.2028296801204
2020-05-16	8.34876000248723	11.1978246602882	10.1286195013476	6.78424849760324	21.8157394133278	104.430773811674	9.40102471918294	73.7918543739893
2020-05-17	8.14014015052231	10.7874263877966	9.93261737754129	6.62548651789086	20.9573330576528	101.186560449199	9.32906334096026	72.3300713019832
2020-05-18	7.93952926890074	10.3895161859766	9.73468698439633	6.47133233480519	20.1020498532383	97.9764639778675	9.25323056655329	70.8245748803146
2020-05-19	7.74709773619226	10.0041004096104	9.53515287228611	6.32210108252996	19.2519433152463	94.8054977182583	9.17419919398298	69.2810334306954
2020-05-20	7.56293126944211	9.6311467601849	9.33461732725967	6.17795824941249	18.4090145223636	91.6764564806629	9.09265419839618	67.7047587512125
2020-05-21	7.38711558569551	9.27062293918711	9.13368263536604	6.03906932380014	17.5752645532772	88.5921350753725	9.00928055493971	66.1010626399527
2020-05-22	7.21973640199771	8.92249664810389	8.93295108265427	5.90559979404025	16.7526944866737	85.5553283126784	8.92476323876044	64.475256895003
2020-05-23	7.06087943539392	8.58673558842215	8.73302495517339	5.77771514848015	15.94330540124	82.5688310028719	8.83978722500518	62.8326533144502
2020-05-24	6.91063040292939	8.26330746162881	8.53450653897243	5.65558087546719	15.1490983756629	79.6354379562442	8.7550374888208	61.1785636963811
2020-05-25	6.76907502164932	7.95217996921076	8.33799812010044	5.53936246334871	14.3720744886293	76.7579439830865	8.67119900535411	59.5182998388826
2020-05-26	6.63629900859896	7.65332081265492	8.14410198460643	5.42922540047204	13.614234818826	73.9391438936902	8.58895674975197	57.8571735400415
2020-05-27	6.51238808082354	7.3666976934482	7.95342041853947	5.32533517518454	12.8775804449398	71.1818324983464	8.50899569716122	56.2004965979448
2020-05-28	6.39742795536828	7.09227831307751	7.76655570794857	5.22785727583354	12.1641124456574	68.4888046073466	8.43200082272869	54.5535808106793
2020-05-29	6.29150434927842	6.83003037302976	7.58411013888278	5.13695719076639	11.4758318996658	65.8628550309818	8.35865710160123	52.9217379763318
2020-05-30	6.19470297959919	6.57992157479186	7.40668599739113	5.05280040833042	10.8147398856518	63.3067785795433	8.28964950892567	51.3102798929893
2020-05-31	6.1071095633758	6.3419196198507	7.23488556952266	4.97555241687297	10.1828374823021	60.8233700633224	8.22566301984886	49.7245183587384
2020-06-01	6.02876504730064	6.1159645322908	7.06928300177625	4.90537227365355	9.58176201212705	58.4149896124523	8.16733190194561	48.1688587298886
2020-06-02	5.95953129665462	5.90188562658689	6.91033988245014	4.84239331158028	9.01169577293065	56.0822586364336	8.11508759250263	46.6440805956386
2020-06-03	5.89922540636579	5.69948453981133	6.75848966029242	4.78674243247343	8.47245730634036	53.8253638646086	8.06931082123461	45.1500571034097
2020-06-04	5.84766447136221	5.50856290903646	6.61416578405118	4.73854653815328	7.96386515398362	51.64449202632	8.03038231785623	43.686661400623
2020-06-05	5.80466558657193	5.3289223713346	6.47780170247451	4.69793253044012	7.4857378574879	49.5398298509101	7.99868281208218	42.2537666346998
2020-06-06	5.77004584692301	5.16036456377811	6.34983086431049	4.66502731115421	7.03789395848065	47.5115640677215	7.97459303362714	40.8512459530612
2020-06-07	5.7436223473435	5.00269112343932	6.23068671830722	4.63995778211584	6.62015199858933	45.5598814060966	7.9584937122058	39.4789725031285
2020-06-08	5.7252184030576	4.85571700205939	6.12062935904639	4.62277035635405	6.23217527141173	43.684586902967	7.95069564177182	38.1368621762574
2020-06-09	5.71468221047408	4.71931041005481	6.01922546444424	4.61318949173295	5.87300607842701	41.8839588256206	7.95122987323483	36.8250018395416
2020-06-10	5.71186818629785	4.59335287251089	5.9258683582506	4.61085915732538	5.54153147308466	40.1558937489343	7.96005752174342	35.5435211040094
2020-06-11	5.71663074723383	4.47772591451292	5.83995136421531	4.61542332220423	5.23663850883419	38.4982882477852	7.97713970244619	34.292549580689
2020-06-12	5.72882430998692	4.37231106114622	5.76086780608821	4.62652595544234	4.95721423912509	36.9090388970501	8.00243753049173	33.0722168806088
2020-06-13	5.74830329126203	4.27698983749609	5.68801100761914	4.64381102611259	4.70214571740685	35.3860422716061	8.03591212102864	31.882652614797
2020-06-14	5.77492210776408	4.19164376864785	5.62077429255794	4.66692250328783	4.47031999712898	33.92719494633	8.07752458920553	30.7239863942818
2020-06-15	5.80853517619798	4.11615437968678	5.55855098465445	4.69550435604093	4.26062413174096	32.5303934960989	8.12723605017099	29.5963478300915
2020-06-16	5.84899691326863	4.05040319569822	5.50073440765852	4.72920055344476	4.0719451746923	31.1935344957897	8.18500761907362	28.4998665332544
2020-06-17	5.89616173568096	3.99427174176745	5.44671788531997	4.76765506457217	3.9031701794325	29.9145145202795	8.25080041106201	27.4346721147988
2020-06-18	5.94988406013986	3.94764154297979	5.39589474138865	4.81051185849603	3.75318619941104	28.6912301444451	8.32457554128477	26.4008941857528
2020-06-19	6.01001830335027	3.91039412442054	5.3476582996144	4.8574149042892	3.62088028807743	27.5215779431635	8.4062941248905	25.3986623571448
2020-06-20	6.07641888201707	3.88241101117501	5.30140188374706	4.90800817102455	3.50513949888116	26.4034544913117	8.49591727702778	24.428106240003
2020-06-21	6.1489402128452	3.86357372832851	5.25651881753647	4.96193562777494	3.40485088527173	25.3347563637667	8.59340611284523	23.4893554453557
2020-06-22	6.22739258114057	3.85370347777233	5.21252183411838	5.01887549832779	3.31887509026553	24.3138931745636	8.69859395614582	22.5824715987088
2020-06-23	6.31140974661324	3.85238016862171	5.16940130417215	5.07864302532873	3.24596711514647	23.3413266943711	8.81080296535009	21.7072443834789
2020-06-24	6.40058133757425	3.85912338679787	5.12726700776305	5.14108770613796	3.18485555076537	22.4180317330157	8.92922750753297	20.8633954975602
2020-06-25	6.49449698233467	3.87345271822206	5.08622872495635	5.20605903811568	3.13426898797303	21.5449831003242	9.05306194976939	20.0506466388468
2020-06-26	6.59274630920555	3.89488774881548	5.04639623581733	5.27340651862207	3.09293601762029	20.7231556061234	9.18150065913426	19.2687195052332
2020-06-27	6.69491894649797	3.92294806449937	5.00787932041125	5.34297964501734	3.05958523055793	19.9535240602399	9.31373800270251	18.5173357946133
2020-06-28	6.80060452252297	3.95715325119495	4.97078775880339	5.41462791466167	3.03294521763677	19.2370632725006	9.44896834754907	17.7962172048815
2020-06-29	6.90940723440548	3.99705892170394	4.93523000211205	5.4882876765598	3.01188096019791	18.5741850878623	9.58636382130895	17.1049913846621
2020-06-30	7.02098955452586	4.04236479634991	4.90130918566766	5.56424268629459	2.99580300154354	17.9630494918028	9.72500759385758	16.4429097854999
2020-07-01	7.13502852407836	4.09280662233692	4.86912711585371	5.64286355109344	2.98425827546613	17.4012535049297	9.86396059563045	15.8091298096696
2020-07-02	7.25120118425719	4.14812014686906	4.83878559905365	5.72452087818375	2.97679371575817	16.8863941478511	10.0022837570631	15.2028088594461
2020-07-03	7.36918457625659	4.20804111715037	4.81038644165096	5.80958527479294	2.97295625621212	16.4160684411746	10.139038008591	14.6231043371043
2020-07-04	7.48865574127079	4.27230528038492	4.78403145002912	5.8984273481484	2.97229283062046	15.9878734055083	10.2732842806496	14.0691736449189
2020-07-05	7.60929172049402	4.34064838377679	4.75982243057158	5.99141770547754	2.97435037277567	15.5994060614598	10.4040835036746	13.5401741851649
2020-07-06	7.73076955512051	4.41280617453002	4.73786118966182	6.08892695400774	2.97867581647023	15.2482634296371	10.5304966081013	13.035263360117
2020-07-07	7.8527662863445	4.48851439984869	4.71824953368331	6.19132570096644	2.9848160954966	14.9320425306481	10.6515845243653	12.5535985720501
2020-07-08	7.97495895536021	4.56750880693685	4.70108926901952	6.29898455358101	2.99231814364727	14.6483403851004	10.7664081829021	12.0943372232391
2020-07-09	8.09702460336187	4.64952514299858	4.68648220205393	6.41227411907887	3.00072889471471	14.394754013602	10.8740285141473	11.6566367159588
2020-07-10	8.21864027154371	4.73429915523794	4.67453013917	6.53156500468741	3.0095952824914	14.1688804367608	10.9735064485362	11.239654452484
2020-07-11	8.33948300109997	4.82156659085898	4.6653348867512	6.65722781763404	3.0184642407698	13.9683166751846	11.0639029165045	10.8425478350895
2020-07-12	8.45922983322487	4.91106319706579	4.658998251181	6.78963316514617	3.0268827033424	13.7906597494811	11.1442788484877	10.4644742660502
2020-07-13	8.577483506836	5.00247758704475	4.65556046089396	6.9289445891745	3.03442600060868	13.6336650254668	11.213880553951	10.1047706187602
2020-07-14	8.69354955174435	5.09530983791164	4.65481543252888	7.07449737056299	3.04078304939614	13.4957212497914	11.2726958584797	9.76349165109038
2020-07-15	8.80665919548424	5.18901289276457	4.65649550477568	7.22541972487892	3.04567116313927	13.3753755143135	11.3208979666886	9.44087159203075
2020-07-16	8.91604366559002	5.28303969470164	4.66033301632426	7.38083986768955	3.04880765527259	13.2711749108914	11.3586600831926	9.13714467057147
2020-07-17	9.02093418959602	5.37684318682096	4.66606030586452	7.53988601456216	3.0499098392306	13.1816665313834	11.3861554126068	8.85254511570262
2020-07-18	9.12056199503659	5.46987631222065	4.67340971208636	7.701686381064	3.0486950284478	13.105397467648	11.403557159546	8.58730715641433
2020-07-19	9.21415830944606	5.5615920139988	4.68211357367968	7.86536918276236	3.04488053635869	13.0409148115434	11.4110385286251	8.34166502169668
2020-07-20	9.30103319477812	5.65143611890628	4.69187906910666	8.03005247797594	3.03821492008435	12.9868463080544	11.4088515209601	8.11567008309611
2020-07-21	9.38081205066392	5.73882598830497	4.70231273591858	8.19481369602922	3.02857171149217	12.9421423146706	11.3975633236702	7.90864228238449
2020-07-22	9.45319911115395	5.82317186720949	4.71299595143901	8.35872010899812	3.01585568613609	12.9058338420079	11.3778199203756	7.71971870389001
2020-07-23	9.51789861029871	5.90388400063448	4.72351009299151	8.52083898895857	2.99997161957008	12.876951900682	11.3502672946965	7.54803643194087
2020-07-24	9.5746147821487	5.98037263359455	4.73343653789963	8.68023760798648	2.98082428734808	12.8545275013091	11.3155514302531	7.39273255086525
2020-07-25	9.62305186075441	6.05204801110434	4.74235666348694	8.83598323815778	2.95831846502405	12.8375916545048	11.2743183106656	7.25294414499137
2020-07-26	9.66291408016635	6.11832037817848	4.749851847077	8.98714315154838	2.93235892815195	12.8251753708851	11.2272139195542	7.12780829864741
2020-07-27	9.69390567443502	6.1785999798316	4.75550346599338	9.13278462023422	2.90285045228572	12.816309661066	11.174884240539	7.01646209616157
2020-07-28	9.7157308776109	6.23229706107831	4.75889289755962	9.27197491629121	2.86969781297932	12.8100255356632	11.1179752572403	6.91804262186205
2020-07-29	9.72809392374451	6.27882186693326	4.7596015190993	9.40378131179526	2.83280578578672	12.8053540052927	11.0571329532783	6.83168696007705
2020-07-30	9.73069904688633	6.31758464241107	4.75721070793598	9.5272710788223	2.79207914626185	12.8013260805704	10.9930033122731	6.75653219513477
2020-07-31	9.72325048108687	6.34799563252636	4.75130184139321	9.64151148944826	2.74742266995867	12.7969727721121	10.926232317845	6.69171541136339
2020-08-01	9.70545246039662	6.36946508229377	4.74145629679456	9.74556981574905	2.69874113243115	12.7913250905338	10.8574659536141	6.63637369309113
2020-08-02	9.67700921886608	6.38140323672793	4.72725545146359	9.83851332980059	2.64593930923323	12.7834140464513	10.7873502032006	6.58964412464617
2020-08-03	9.63778631097857	6.38339506542898	4.70829434565448	9.91962174608697	2.58897070928936	12.772428307576	10.7163980463562	6.55062052429529
2020-08-04	9.58829457294865	6.37572443633916	4.68422267134385	9.98902454872493	2.527983775006	12.758187170001	10.6445904473576	6.51822364605958
2020-08-05	9.5292061614237	6.35884994198623	4.65470378343896	10.0470636642394	2.46317568216009	12.740667586915	10.5717753666132	6.49133097789869
2020-08-06	9.46119323305112	6.33323017489796	4.61940103684705	10.0940810191551	2.39474360652859	12.7198465115067	10.4978007645312	6.4688200077723
2020-08-07	9.38492794447827	6.2993237276021	4.57797778647537	10.1304185399972	2.32288472388843	12.6957008969646	10.42251460152	6.44956822364007
2020-08-08	9.30108245235255	6.25758919262641	4.53009738723117	10.1564181532903	2.24779621001657	12.6682076964774	10.3457648379878	6.43245311346166
2020-08-09	9.21032891332134	6.20848516249865	4.4754231940217	10.1724217855596	2.16967524068995	12.6373438632337	10.2673994343429	6.41635216519673
2020-08-10	9.11332910825153	6.15248287173899	4.4138034931705	10.1787813224858	2.08876142791843	12.6030505865649	10.187339105905	6.4003500837529
2020-08-11	9.01070331488811	6.09010412283725	4.3458262966663	10.1758884863739	2.00546412864343	12.5651260003732	10.1057955876404	6.38436044182957
2020-08-12	8.90306143519556	6.02188336027563	4.27226454791413	10.1641449586851	1.92023513603932	12.5233324747037	10.0230533694267	6.36850402907408
2020-08-13	8.79101337113839	5.94835502853636	4.19389119031901	10.1439524208802	1.83352624328043	12.4774323796011	9.93939694114147	6.3529016351338
2020-08-14	8.67516902468109	5.87005357210166	4.11147916728598	10.1157125544204	1.7457892435411	12.4271880851106	9.85511079266246	6.33767404965606
2020-08-15	8.55613829778815	5.78751343545374	4.02580142222006	10.0798270407666	1.65747592999567	12.3723619612769	9.77047941386732	6.32294206228821
2020-08-16	8.43453109242407	5.70126906307483	3.93763089852627	10.0366975613799	1.56903809581849	12.3127163781452	9.6857872946337	6.30882646267762
2020-08-17	8.31095731055334	5.61185489944715	3.84774053960966	9.98672579772132	1.48092753418391	12.2480137057604	9.60131892483927	6.29544804047163
2020-08-18	8.18602685414047	5.51980538905291	3.75690328887523	9.93031343125185	1.39359603826626	12.1780163141673	9.51735879436169	6.28292758531758
2020-08-19	8.06034962514993	5.42565497637433	3.66589208972803	9.86786214343252	1.30749540123989	12.102486573411	9.43419139307861	6.27138588686284
2020-08-20	7.93453552554623	5.32993810589364	3.57547988557307	9.79977361572435	1.22307741627913	12.0211868535364	9.35210121086771	6.26094373475474
2020-08-21	7.80919445729386	5.23318922209304	3.48643961981539	9.72644952958837	1.14079387655834	11.9338795245885	9.27137273760664	6.25172191864064
2020-08-22	7.68493632235733	5.13594276945477	3.39954423586001	9.64829156648561	1.06109657525186	11.8403269566123	9.19229046317307	6.24384122816789
2020-08-23	7.56237102270111	5.03873319246103	3.31556667711196	9.56570140787708	0.984437305534024	11.7402915196526	9.11513887744465	6.23742245298384
2020-08-24	7.44204919318869	4.94205716894161	3.23517706243381	9.47906391275843	0.911200073165085	11.6337544161388	9.04008754726951	6.2325373968083
2020-08-25	7.32428440027947	4.84626031011646	3.15863421251829	9.38869665026382	0.841497734248904	11.5215721780377	8.96684634737752	6.22906191965095
2020-08-26	7.20933094333184	4.75165046055313	3.08609412351568	9.29490036706203	0.775375357475258	11.4048201697003	8.89501022946905	6.22682289559392
2020-08-27	7.09744312170418	4.65853546481913	3.01771279157624	9.19797580982183	0.712878011533913	11.2845737554777	8.82417414524442	6.22564719871936
2020-08-28	6.98887523475488	4.56722316748198	2.95364621285026	9.098223725212	0.654050765114641	11.1619082997211	8.75393304640399	6.22536170310941
2020-08-29	6.88388158184233	4.47802141310921	2.894050383488	8.99594485990133	0.598938686907211	11.0378991667816	8.68388188464809	6.2257932828462
2020-08-30	6.7827164623249	4.39123804626835	2.83908129963975	8.8914399605586	0.547586845601394	10.9136217210102	8.61361561167707	6.22676881201187
2020-08-31	6.68563417556097	4.30718091152692	2.78889495745577	8.78500977385258	0.50004030988696	10.7901513267581	8.54272917919128	6.22811516468856
2020-09-01	6.59288902090895	4.22615785345244	2.74364735308634	8.67695504645205	0.456344148453678	10.6685633483764	8.47081753889105	6.22965921495841
2020-09-02	6.50473529772721	4.14847671661244	2.70349448268173	8.5675765250258	0.41654342999132	10.5499331502162	8.39747564247673	6.23122783690356
2020-09-03	6.42142730537414	4.07444534557444	2.66859234239222	8.4571749562426	0.380683223189656	10.4353360966285	8.32229844164866	6.23264790460615
2020-09-04	6.34321934320811	4.00437158490597	2.63909692836807	8.34605108677124	0.348808596738454	10.3258475519645	8.24488088810718	6.23374629214832
2020-09-05	6.27036571058753	3.93856327917454	2.61516423675958	8.23450566328048	0.320964619327487	10.2225428805753	8.16481793355265	6.2343498736122
2020-09-06	6.20312070687077	3.8773282729477	2.596950263717	8.12283943243913	0.297196359646524	10.126497446812	8.0817045296854	6.23428552307994
2020-09-07	6.14166315516062	3.82092454638699	2.58456878283649	8.01134013453319	0.277427464154047	10.0384802047805	7.99523046954699	6.23344030602042
2020-09-08	6.08586997353753	3.76941062203009	2.57796467749774	7.90024348431773	0.261095890383378	9.95803446760599	7.90546491154389	6.23194205344954
2020-09-09	6.03554260382633	3.72279515800874	2.57704060852629	7.78977219016506	0.247518173636554	9.88439713816841	7.81257185542377	6.22997878776994
2020-09-10	5.99048248785187	3.68108681245465	2.58169923674771	7.68014896044747	0.236010849215607	9.81680511934775	7.71671530093431	6.22773853138426
2020-09-11	5.95049106743901	3.64429424349954	2.59184322298755	7.57159650353727	0.225890452422573	9.75449531402399	7.61805924782319	6.22540930669516
2020-09-12	5.91536978441257	3.61242610927513	2.60737522807137	7.46433752780676	0.216473518559487	9.6967046250771	7.51676769583809	6.22317913610527
2020-09-13	5.88492008059741	3.58549106791313	2.62819791282473	7.35859474162825	0.207076582928383	9.64266995538707	7.41300464472669	6.22123604201725
2020-09-14	5.85897125811466	3.56345467749109	2.65424925411456	7.25464875303373	0.197192187149687	9.59184571921279	7.30701652539829	6.21971255955424
2020-09-15	5.83746406027056	3.54611009586976	2.68560849297324	7.15301176869398	0.18701689811739	9.54455637632902	7.19937949340871	6.21851927472148
2020-09-16	5.82036709066766	3.53320738085573	2.72239018647455	7.05425389493944	0.176923289043875	9.50134389788944	7.0907521354754	6.21751128624473
2020-09-17	5.80764895290851	3.52449659025557	2.76470889169225	6.95894523810058	0.167283933141524	9.46275025504772	6.98179303831579	6.21654369284973
2020-09-18	5.79927825059563	3.51972778187585	2.8126791657001	6.86765590450785	0.158471403622719	9.42931741895754	6.87316078864732	6.21547159326223
2020-09-19	5.79522358733157	3.51865101352316	2.86641556557186	6.78095600049171	0.150858273699844	9.40158736077259	6.76551397318745	6.21415008620797
2020-09-20	5.79545356671887	3.52101634300406	2.92603264838131	6.69941563238261	0.14481711658528	9.38010205164654	6.6595111786536	6.21243427041271
2020-09-21	5.79993679236006	3.52657382812515	2.99164497120219	6.62360490651101	0.14072050549141	9.36540346273308	6.55581099176323	6.2101792446022
2020-09-22	5.80864186785769	3.53507352669299	3.06336709110828	6.55409392920738	0.138941013630616	9.35803356518588	6.45507199923378	6.20724010750217
2020-09-23	5.82153739681428	3.54626549651416	3.14131356517335	6.49145280680216	0.139851214215281	9.35853433015864	6.35795278778268	6.20347195783839
2020-09-24	5.8385919828324	3.55989979539524	3.22559895047115	6.43625164562581	0.143823680457787	9.36744772880501	6.26511194412738	6.1987298943366
2020-09-25	5.85977422951456	3.5757264811428	3.31633780407544	6.38906055200879	0.151230985570517	9.3853157322787	6.17720805498532	6.19286901572255
2020-09-26	5.88505274046332	3.59349561156342	3.41364468306	6.35044963228157	0.162445702765853	9.41268031173338	6.09489970707395	6.18574442072198
2020-09-27	5.9143961192812	3.61295724446368	3.51763414449858	6.32098899277458	0.177840405256178	9.45008343832273	6.01884548711071	6.17721120806066
2020-09-28	5.94780731195068	3.63388520170326	3.62841878776621	6.30114993252281	0.197851229535922	9.49800358714975	5.94935056132829	6.16716683709731
2020-09-29	5.98542663397397	3.65614836135427	3.74610338144293	6.29100852137931	0.223168565227706	9.55666524911473	5.88530641402043	6.15567820972262
2020-09-30	6.02742874323317	3.6796393655419	3.87079073641005	6.29054202190163	0.254546365236201	9.62622941906729	5.8252511089961	6.14285458846028
2020-10-01	6.07398829761043	3.70425085639137	4.00258366354886	6.29972769664734	0.292738582466075	9.70685709185703	5.7677227100643	6.12880523583397
2020-10-02	6.12527995498787	3.72987547602788	4.14158497374068	6.31854280817398	0.338499169821999	9.79870926233357	5.711259281034	6.11363941436736
2020-10-03	6.18147837324761	3.75640586657664	4.28789747786681	6.34696461903914	0.392582080208643	9.90194692534653	5.65439888571419	6.09746638658414
2020-10-04	6.2427582102718	3.78373467016287	4.44162398680855	6.38497039180037	0.455741266530677	10.0167310757455	5.59567958791386	6.080395415008
2020-10-05	6.30924974734382	3.81181007491482	4.60282382449888	6.43250547593309	0.528661210080598	10.1430956415943	5.53402483782694	6.06268473534395
2020-10-06	6.38090575935218	3.840802452973	4.7713823670775	6.48938756858424	0.611748505702225	10.2805662838135	5.46989963118713	6.04518847602241
2020-10-07	6.45763464458665	3.87093772248098	4.94714150373576	6.55540245381857	0.705340276627207	10.4285415965377	5.40415435011313	6.02890973865515
2020-10-08	6.53934480133699	3.90244180158232	5.12994312366504	6.63033591570089	0.809773646087192	10.5864201739018	5.33763937672357	6.01485162485392
2020-10-09	6.625944627893	3.9355406084206	5.3196291160567	6.71397373829597	0.925385737313829	10.7536006100405	5.27120509313713	6.00401723623049
2020-10-10	6.71734252254443	3.97046006113938	5.51604137010212	6.80610170566861	1.05251367353877	10.9294814990884	5.20570188147248	5.99740967439663
2020-10-11	6.81344688358106	4.00742607788222	5.71902177499265	6.90650560188358	1.19149457799365	11.1134614351804	5.14198012384828	5.99603204096409
2020-10-12	6.91416610929267	4.04666457679268	5.92841221991967	7.01497121100567	1.34266557391013	11.3049390124511	5.08089020238319	6.00088743754464
2020-10-13	7.01940859796903	4.08840147601435	6.14405459407455	7.13128431709966	1.50636378451986	11.5033128250353	5.02328249919587	6.01297896575004
2020-10-14	7.1290827478999	4.13286269369078	6.36579078664864	7.25523070423034	1.68292633305448	11.7079814670678	4.97000739640501	6.03330972719205
2020-10-15	7.24309695737506	4.18027414796554	6.59346268683332	7.38659615646249	1.87269034274564	11.9183435326832	4.92191527612924	6.06288282348243
2020-10-16	7.36135962468429	4.23086175698219	6.82691218381995	7.5251664578609	2.07599293682499	12.1337976160162	4.87985652048726	6.10270135623295
2020-10-17	7.48377914811735	4.28485143888431	7.06598116679991	7.67072739249034	2.29317123852418	12.3537423112017	4.84468151159771	6.15376842705537
2020-10-18	7.61026392596402	4.34246911181545	7.31051152496455	7.82306474441562	2.52456237107485	12.5775762123743	4.81724063157926	6.21708713756145
2020-10-19	7.74073860351408	4.40398101123315	7.56041464956984	7.98187516625113	2.77052587028467	12.8048490404501	4.79839963951886	6.29350849521322
2020-10-20	7.87519281405732	4.46981464185077	7.81587994013007	8.14649878480988	3.03151092226536	13.0357150234699	4.78908580237654	6.38327513087379
2020-10-21	8.01363243788353	4.54043782569565	8.07716629822412	8.31618659545446	3.30798912570465	13.270479516256	4.79024176408061	6.48647758125654
2020-10-22	8.1560633552825	4.61631838479509	8.34453262543088	8.49018959354751	3.60043207929028	13.5094478736307	4.80281016855941	6.60320638307485
2020-10-23	8.30249144654404	4.69792414117644	8.61823782332924	8.66775877445165	3.90931138170998	13.7529254504161	4.82773365974123	6.73355207304209
2020-10-24	8.45292259195793	4.78572291686702	8.89854079349807	8.84814513352947	4.23509863165148	14.0012176014344	4.8659548815544	6.87760518787164
2020-10-25	8.60736267181397	4.88018253389416	9.18570043751625	9.0305996661436	4.57826542780251	14.2546296815078	4.91841647792723	7.03545626427688
2020-10-26	8.76581222002233	4.98170671874118	9.47992876855276	9.21442823639606	4.93920117096278	14.5134707880051	4.98604313311743	7.20720049579864
2020-10-27	8.92825038497474	5.09044281571545	9.78125024613692	9.39915618334642	5.31796647037985	14.7780649884811	5.06968769270031	7.39295170328764
2020-10-28	9.09465096868328	5.20647407358034	10.0896424413881	9.58436371479368	5.71453973741328	15.0487400930373	5.17018504258054	7.59282836442203
2020-10-29	9.26498777316007	5.32988374109921	10.4050829254258	9.76963103853681	6.1288993834226	15.325823911775	5.28837006866283	7.80694895687998
2020-10-30	9.43923460041719	5.46075506703543	10.7275492693694	9.9545383623748	6.56102381976736	15.6096442547955	5.42507765685186	8.03543195833968
2020-10-31	9.61736525246674	5.59917130015237	11.0570190443383	10.1386658941066	7.01089145780709	15.9005289322003	5.58114269305233	8.27839584647926
2020-11-01	9.79935353132082	5.74521568921338	11.3934698214518	10.3215938415312	7.47848070890133	16.1988057540907	5.75740006316893	8.5359590989769
2020-11-02	9.98517323899154	5.89897148298184	11.7368791718295	10.5029024124477	7.96376998440965	16.5048025305681	5.95468465310635	8.8082401935108
2020-11-03	10.174798177491	6.06052193022111	12.0872246665906	10.6821718146549	8.46673769569154	16.8188470717339	6.17383134876928	9.09535760775907
2020-11-04	10.3682021488312	6.22995027969457	12.4444838768547	10.8589822559518	8.98736225410657	17.1412671876895	6.41567503606241	9.39742981939991
2020-11-05	10.5653589550244	6.40733978016556	12.8086343737411	11.0329139441376	9.52562207101429	17.4723906885362	6.68105060089043	9.71457530611148
2020-11-06	10.7662423980826	6.59277368039747	13.1796537283693	11.203547087011	10.0814955577742	17.8125453843755	6.97079292915805	10.046912545572
2020-11-07	10.9708262800179	6.78633522915365	13.5575195118586	11.3704618923711	10.6549611257459	18.1620590853087	7.28573690676994	10.3945600154595
2020-11-08	11.1790844028425	6.98810767519748	13.9422092953284	11.5332385680169	11.2459971862889	18.5212596014371	7.6267174196308	10.7576361934522
2020-11-09	11.3909365042774	7.19804740706653	14.3334280929541	11.6915531540338	11.8544849469463	18.8903854798107	7.9945393217643	11.1362145166655
2020-11-10	11.6060860648804	7.4156033723953	14.729790691134	11.8454650196526	12.4799167999958	19.2693182152731	8.38988733966996	11.530188259963
2020-11-11	11.824182500918	7.64009765859248	15.1296393193225	11.9951293663907	13.1216879338983	19.6578500396163	8.81341616796632	11.9394056576454
2020-11-12	12.0448752286569	7.87085235306678	15.5313162069738	12.1407013957654	13.7791935371151	20.0557731846324	9.26578050127188	12.3637149440137
2020-11-13	12.2678136643638	8.10718954322689	15.9331635835424	12.282336309294	14.4518287981073	20.4628798821135	9.74763503420514	12.8029643533685
2020-11-14	12.4926472243054	8.34843131648151	16.3335236784824	12.4201893084939	15.1389889053359	20.8789623638517	10.2596344613846	13.2570021200107
2020-11-15	12.7190253247483	8.59389976023935	16.7307387212482	12.5544155948822	15.8400690472623	21.3038128616391	10.8024334774288	13.7256764782411
2020-11-16	12.9466630427067	8.8429403556894	17.1234043047706	12.6852980610908	16.5542477241288	21.7371489458191	11.3765797793663	14.2087647763245
2020-11-17	13.1755380981845	9.09499215914189	17.5111294758858	12.8136303642087	17.2798366833032	22.1783895409408	11.9821930738661	14.7057608183812
2020-11-18	13.4056938719331	9.34951762068732	17.8937766449068	12.9403338524393	18.0149309839347	22.6268789101045	12.6192860700071	15.2160875224957
2020-11-19	13.6371737447038	9.60597919041622	18.2712082221463	13.0663298739862	18.7576256851724	23.0819613164107	13.2878714768683	15.7391678067523
2020-11-20	13.8700210972482	9.8638393184191	18.6432866179172	13.1925397770527	19.5060158461655	23.5429810229597	13.9879620035286	16.2744245892356
2020-11-21	14.1042793103174	10.1225604547865	19.0098742425322	13.3198849098425	20.2581965260632	24.0092822928519	14.7195703590672	16.8212807880298
2020-11-22	14.339991764663	10.3816050496089	19.3708335063043	13.4492866205588	21.0122627840145	24.4802093891877	15.482709252563	17.3791593212195
2020-11-23	14.5772018410363	10.6404355529768	19.7260268195461	13.5816662574053	21.7663096791687	24.9551065750676	16.277391393095	17.9474831068889
2020-11-24	14.8159529201888	10.8985144149808	20.0753165925706	13.7179451685853	22.5184322706748	25.4333181135918	17.1036294897421	18.5256750631225
2020-11-25	15.0562883828717	11.1553040857113	20.4185652356905	13.8590447023023	23.266725617682	25.9141882678608	17.9614362515833	19.1131581080047
2020-11-26	15.2982516098365	11.4102670152589	20.7556351592187	14.0058862067599	24.0092847793396	26.397061300975	18.8508243876977	19.7093551596199
2020-11-27	15.5418859818346	11.6628656537141	21.0863887734679	14.1593910301613	24.7442048147965	26.8812814760348	19.7718066071643	20.3136891360524
2020-11-28	15.7872348796173	11.9125624511674	21.410688488751	14.3204805207102	25.469580783202	27.3661930561406	20.7243956190619	20.9255829553868
2020-11-29	16.0343416839361	12.1588198577094	21.7283967153809	14.49007602661	26.1835077437052	27.8511403043927	21.7086041324697	21.5444595357073
2020-11-30	16.2833998627173	12.4014113398619	22.039692219777	14.6692902818466	26.8837681310078	28.3359359042358	22.724142941682	22.1697449016426
2020-12-01	16.5352032325875	12.6413544298726	22.3460191927859	14.8600015635361	27.5668938820218	28.8222662204912	23.7695151818547	22.8008775039983
2020-12-02	16.790695697348	12.8799776764206	22.6491381813611	15.0642795345769	28.2291043092115	29.3122860383244	24.8429220733593	23.4372989001242
2020-12-03	17.0508211608004	13.1186096281849	22.9508097324558	15.2841938578675	28.8666187250415	29.8081501429011	25.9425648365669	24.07845064737
2020-12-04	17.3165235267461	13.3585788338446	23.2527943930234	15.5218141963065	29.4756564419762	30.3120133193867	27.0666446918491	24.7237743030856
2020-12-05	17.5887466989866	13.6012138420788	23.5568527100172	15.7792102127923	30.05243677248	30.8260303529468	28.213362859577	25.3727114246206
2020-12-06	17.8684345813234	13.8478432015665	23.8647452303906	16.0584515702235	30.5931790290175	31.3523560287469	29.3809205601221	26.024703569325
2020-12-07	18.156289964701	14.0995355697392	24.1778255670901	16.361096216801	31.0946063611885	31.8927256035945	30.567573641043	26.6790527416915
2020-12-08	18.4520511886363	14.3563200390388	24.4958195970343	16.6866552419357	31.5554572671347	32.4471962208639	31.7717964586471	27.334502734785
2020-12-09	18.7552154797892	14.6179658106592	24.8180462631354	17.034128020341	31.9749740821332	33.0154054955714	32.9921179964294	27.9896577888136
2020-12-10	19.0652800648198	14.8842420857947	25.1438245083053	17.4025139267303	32.3523991414612	33.5969910427332	34.2270672378847	28.6431221439852
2020-12-11	19.3817421703878	15.1549180656395	25.4724732754559	17.790812335817	32.6869747803956	34.1915904773656	35.4751731665077	29.2935000405077
2020-12-12	19.7040990231533	15.4297629513877	25.8033115074992	18.1980226223145	32.9779433342136	34.7988414144848	36.7349647657934	29.9393957185892
2020-12-13	20.0318478497763	15.7085459442335	26.1356581473471	18.6231441609361	33.2245471381923	35.4183814691071	38.0049710192364	30.5794134184377
2020-12-14	20.3644858769166	15.9910362453711	26.4688321379115	19.0651763263953	33.4260285276088	36.0498482562487	39.2837209103316	31.212157380261
2020-12-15	20.7015103312341	16.2770030559946	26.8021524221045	19.5231184934054	33.5816298377401	36.6928793909259	40.5697434225739	31.8362318442673
2020-12-16	21.042418439389	16.5662155772982	27.134937942838	19.9959700366798	33.6905934038635	37.3471124881549	41.8615675394581	32.4502410506644
2020-12-17	21.3867074280409	16.8584430104761	27.4665076430239	20.4827303309319	33.752161561256	38.0121851629518	43.157722244479	33.0527892396603
2020-12-18	21.7338745238501	17.1534545567224	27.7961804655742	20.9823987508751	33.7655766451947	38.6877350303331	44.4567365211312	33.642480651463
2020-12-19	22.0834169534762	17.4510194172314	28.1232753534009	21.4939746712228	33.7300809909567	39.3733997053149	45.7571393529099	34.2179195262804
2020-12-20	22.4348319435794	17.7509067931972	28.4471112494158	22.0164574666883	33.6449169338191	40.0688168029134	47.0574597233096	34.7777101043206
2020-12-21	22.7872169567554	18.052397856992	28.7663842342212	22.5481577643392	33.5098385315306	40.7732122689555	48.3558314774784	35.3207309966381
2020-12-22	23.1380703993436	18.3528216657008	29.0772989391801	23.0846312006597	33.3266467317268	41.4841653725102	49.648807907177	35.8469582976738
2020-12-23	23.4844909136194	18.6490192475866	29.3754371333458	23.620744664488	33.0976542045146	42.1988437134572	50.9325471658192	36.3566424727151
2020-12-24	23.823577141858	18.9378316309125	29.6563805857715	24.1513650446624	32.8251736200012	42.914414891676	52.2032074068188	36.8500339870494
2020-12-25	24.1524277263346	19.2160998439414	29.9157110655106	24.6713592300211	32.5115176482937	43.6280465070463	53.4569467835895	37.3273833059642
2020-12-26	24.4681413093246	19.4806649149363	30.1490103416162	25.1755941094025	32.1589989594991	44.3369061594476	54.6899234495453	37.788940894747
2020-12-27	24.7678165331032	19.7283678721603	30.3518601831416	25.6589365716449	31.7699302237246	45.0381614487596	55.8982955580998	38.2349572186851
2020-12-28	25.049030170577	19.9566238227767	30.5206775272204	26.1170372731095	31.3466319214484	45.7289661429352	57.0784095459405	38.6656256464904
2020-12-29	25.3112715171773	20.1651441895503	30.6552199833063	26.5486819402499	30.8914557746335	46.4064186822204	58.2273649828485	39.0809111605718
2020-12-30	25.5545079989666	20.3542144741462	30.7560803289335	26.9534400670424	30.4067613156142	47.0676036749348	59.3424497218784	39.4807216467623
2020-12-31	25.7787070420075	20.5241201782295	30.8238513416361	27.3308811474636	29.8949080767246	47.7096057293976	60.4209516160847	39.8649649908953
2021-01-01	25.9838360723625	20.6751468034651	30.8591257989483	27.6805746754899	29.3582555902989	48.3295094539282	61.4601585185222	40.2335490788039
2021-01-02	26.1698625160942	20.8075798515184	30.862496478404	28.0020901450979	28.7991633886713	48.9243994568461	62.4573582822455	40.5863817963212
2021-01-03	26.3367537992652	20.9217048240542	30.8345561575375	28.294997050264	28.2199910041759	49.4913603464706	63.4098387603093	40.9233710292806
2021-01-04	26.484477347938	21.0178072227377	30.7758976138827	28.5588648849646	27.6230979691471	50.0274767311211	64.314887805768	41.2444246635152
2021-01-05	26.6130005881751	21.096172549234	30.6871136249739	28.7932631431763	27.0108438159188	50.529833219117	65.1697932716764	41.5494505848581
2021-01-06	26.7222909460392	21.1570863052082	30.5687969683451	28.9977613188756	26.3855880768255	50.9955144187777	65.9718430110891	41.8383566791426
2021-01-07	26.8123158475927	21.2008339923254	30.4215404215303	29.1719289060389	25.7496902842011	51.4216049384226	66.7183248770608	42.1110508322019
2021-01-08	26.8830427188981	21.2277011122506	30.2459367620638	29.3153353986426	25.10550997038	51.805189386371	67.4065267226459	42.3674409298691
2021-01-09	26.9344389860182	21.2379731666489	30.0425787674796	29.4275502906634	24.4554066676964	52.1433523709425	68.0337364008992	42.6074348579774
2021-01-10	26.9664720750154	21.2319356571855	29.8120592153118	29.5081430760776	23.8017399084843	52.4331785004562	68.5972417648753	42.8309405023601
2021-01-11	26.9792558290187	21.2099547273831	29.5550260695782	29.5570809004002	23.1469595715833	52.6725407454127	69.0945232932417	43.0376746737761
2021-01-12	26.9734897594229	21.172719088196	29.2723480402318	29.5759215152998	22.4938769218541	52.8624655250359	69.523831967117	43.2265898826878
2021-01-13	26.9500197946893	21.1209980924357	28.964949023709	29.5666203239835	21.8453935706625	53.004767620731	69.8836113932328	43.3964475644832
2021-01-14	26.9096918632792	21.0555610929143	28.6337529164466	29.5311327296585	21.2044111293746	53.101261813903	70.1723051783205	43.5460091545505
2021-01-15	26.8533518936537	20.9771774424436	28.279683614881	29.4714141355317	20.5738312093564	53.1537628859569	70.3883569291117	43.6740360882778
2021-01-16	26.7818458142743	20.8866164938353	27.903665015449	29.3894199448105	19.9565554219736	53.1640856182978	70.530210252338	43.7792898010533
2021-01-17	26.6960195536021	20.7846475999013	27.5066210145871	29.2871055607017	19.3554853785924	53.1340447923307	70.5963087547308	43.8605317282649
2021-01-18	26.5966312695425	20.6720229131493	27.0896272237766	29.1663133458909	18.7730030835541	53.0654077337696	70.585687943067	43.9165104291722
2021-01-19	26.4840880377774	20.5494257848707	26.6543661146771	29.0284335009768	18.2094121131019	52.9597519455642	70.4997509243052	43.9459229585195
2021-01-20	26.3587091634327	20.4175223660525	26.2026718739928	28.8747431860368	17.6644964364543	52.8186074749728	70.3404927054493	43.9474534949227
2021-01-21	26.2208139516343	20.276978807682	25.7363786884282	28.7065195611479	17.1380400228301	52.643504369254	70.1099082935032	43.9197862169974
2021-01-22	26.0707217075082	20.1284612607463	25.2573207446875	28.5250397863873	16.6298268414478	52.4359726756663	69.8099926954708	43.8616053033594
2021-01-23	25.9087517361803	19.9726358762327	24.7673322294749	28.3315810218321	16.1396408615261	52.1975424414682	69.4427409183561	43.7715949326244
2021-01-24	25.7352233427766	19.8101688051281	24.2682473294948	28.1274204275597	15.6672660522835	51.9297437139182	69.010147969163	43.6484392834081
2021-01-25	25.5504558324231	19.6417261984199	23.7619002314515	27.913835163647	15.2124863829388	51.6341065402747	68.5142088548953	43.4908225343263
2021-01-26	25.3547685102456	19.4679742070952	23.2501251220492	27.6921023901713	14.7750858227104	51.3121609677965	67.9569185825571	43.2974288639946
2021-01-27	25.1484806813701	19.2895789821412	22.7347561879924	27.4634992672099	14.3548483408171	50.9654370437418	67.3402721591523	43.066942451029
2021-01-28	24.9319116509227	19.107206674545	22.2176276159851	27.2293029548397	13.9515579064775	50.5954648153692	66.6662645916847	42.7980474740449
2021-01-29	24.7053807240291	18.9215234352938	21.7005735927318	26.9907906131381	13.5649984889102	50.2037743299373	65.9368908871583	42.4894281116583
2021-01-30	24.4692072058154	18.7331954153748	21.1854283049368	26.7492394021822	13.1949540573337	49.7918956347045	65.1541460525771	42.1397685424848
2021-01-31	24.2237104014075	18.5428887657752	20.6740259393042	26.5059264820492	12.8412085809668	49.3613587769293	64.3200250949449	41.7477529451401
2021-02-01	23.9690511746138	18.3510712689192	20.1677474339005	26.2618813151981	12.5031465202724	48.913410798684	63.436641597056	41.3128334388629
2021-02-02	23.7047566239726	18.1574172329795	19.6661607322399	26.0171425736156	12.1785543006917	48.4481667212955	62.506583444866	40.8375339053829
2021-02-03	23.4301954067046	17.9614025975659	19.1683805291985	25.7715012316703	11.8648188389099	47.9654585609047	61.5325571001209	40.3251461670529
2021-02-04	23.1447361800304	17.7625033022883	18.6735215196527	25.5247482637307	11.5593270516127	47.4651183336522	60.5172690245667	39.7789620462256
2021-02-05	22.8477476011709	17.5601952867564	18.1806983984787	25.2766746441655	11.2594658554853	46.946978055679	59.4634256799493	39.2022733652537
2021-02-06	22.5385983273466	17.3539544905801	17.6890258605528	25.0270713473432	10.9626221672132	46.4108697431256	58.3737335280147	38.5983719464898
2021-02-07	22.2166570157784	17.1432568533691	17.1976186007511	24.7757293476324	10.6661829034819	45.8566254121328	57.2508990305089	37.9705496122868
2021-02-08	21.8815582481769	16.9276504955583	16.7058773064237	24.5224483997736	10.3681190865201	45.2844068565417	56.0977231737849	37.321959334566
2021-02-09	21.5340003042127	16.7069722608826	16.2143466348148	24.2670633799953	10.0687381607297	44.6956949809941	54.9173850426244	36.6551986835242
2021-02-10	21.1749473880466	16.481131173902	15.7238572356426	24.0094179448982	9.76893167605589	44.0923004678322	53.7131582464161	35.9727263789271
2021-02-11	20.8053637038392	16.2500362591763	15.2352397586252	23.7493557510827	9.46959118244374	43.4760339993981	52.4883163945487	35.2770011405402
2021-02-12	20.4262134557511	16.0135965412656	14.7493248534805	23.4867204551494	9.17160822983847	42.848706258034	51.246133096411	34.5704816881292
2021-02-13	20.038460847943	15.7717210447297	14.2669431699267	23.2213557136988	8.87587436818522	42.2121279260819	49.9898819613916	33.8556267414594
2021-02-14	19.6430700845756	15.5243187941286	13.7889253576819	22.9531051833314	8.5832811474292	41.568109685884	48.7228365988793	33.1348950202967
2021-02-15	19.2410053698094	15.2712988140223	13.3161020664641	22.6818125206478	8.29472011751555	40.9184622197826	47.448270618263	32.4107452444065
2021-02-16	18.8332309078053	15.0125701289707	12.8493039459914	22.4073213822484	8.01108282838944	40.2649962101196	46.1694576289312	31.6856361335545
2021-02-17	18.4207109027237	14.7480417635337	12.3893616459819	22.1294754247339	7.73326082999604	39.6095223392373	44.8896712402727	30.9620264075062
2021-02-18	18.0044095587254	14.4776227422712	11.9371058161535	21.8481183047047	7.46214567228051	38.9538512894777	43.6121850616762	30.2423747860271
2021-02-19	17.585291079971	14.2012220897433	11.4933671062245	21.5630936787614	7.19862890518801	38.299793743183	42.3402727025306	29.529139988883
2021-02-20	17.1643196706212	13.9187488305098	11.0589761659128	21.2742452035045	6.94360207866372	37.6491603826954	41.0772077722244	28.8247807358394
2021-02-21	16.7424595348366	13.6301119891308	10.6347636449365	20.9814165355345	6.69795674265279	37.003761890357	39.8262638801464	28.1317557466617
2021-02-22	16.320686062892	13.3354116723316	10.2215320800722	20.6845417901675	6.46259773232416	36.3649249098838	38.5904086814001	27.4521097655808
2021-02-23	15.9000193895182	13.0355123155003	9.81997155633047	20.3839169175812	6.23848302374184	35.7320399304879	37.3713860139476	26.7862316346876
2021-02-24	15.4814908355604	12.7314694361902	9.43074404578028	20.0799283266689	6.0265838781936	35.104013402755	36.1706337614655	26.1340962205379
2021-02-25	15.0661317218634	12.4243385519549	9.05451152049069	19.772962426324	5.8278715569672	34.479751777271	34.9895898076307	25.495678389688
2021-02-26	14.6549733692723	12.1151751803479	8.69193595253074	19.4634056254396	5.64331732135041	33.8581615046219	33.82969203612	24.8709530086937
2021-02-27	14.2490470986321	11.8050348389226	8.34367931396946	19.1516443329091	5.47389243263101	33.2381490353934	32.69237833061	24.2598949441111
2021-02-28	13.8493842307878	11.4949730452326	8.01040357687589	18.8380649576257	5.32056815209676	32.6186208201715	31.5790865747777	23.6624790624961
2021-03-01	13.456930033032	11.1859783286559	7.69259446153085	18.5230774679102	5.18416873670704	31.9986972962363	30.491118423949	23.0788080354973
2021-03-02	13.0722855584469	10.8787712658701	7.39003268106222	18.2071860697931	5.06493042610756	31.3783548476452	29.4292306200469	22.5094957551328
2021-03-03	12.6959658065628	10.5740054453772	7.10232269680967	17.8909185287324	4.96294245561565	30.7577838451499	28.3940436766433	21.9552839185133
2021-03-04	12.3284857769095	10.2723344556793	6.82906897011287	17.574802610186	4.87829406054864	30.137174659502	27.3861781073107	21.4169142227493
2021-03-05	11.9703604690169	9.97441188527856	6.56987596231148	17.259366079612	4.81107447622384	29.5167176614532	26.4062544256209	20.8951283649516
2021-03-06	11.6221048824152	9.68089132267702	6.32434813474519	16.9451367024683	4.76137293795857	28.8966032217553	25.4548931451463	20.3906680422306
2021-03-07	11.2842340166343	9.39242635637682	6.09208994875365	16.632642244213	4.72927868107017	28.2770217111598	24.532714779459	19.9042749516972
2021-03-08	10.9572628712041	9.10967057488007	5.87270586567654	16.3224104703039	4.71488094087594	27.6581635004186	23.6403398421312	19.4366907904618
2021-03-09	10.6417064456546	8.83327756668887	5.66580034685351	16.0149691461991	4.71826895269322	27.0402189602832	22.7783888467349	18.9886572556352
2021-03-10	10.3380797395158	8.56390092030533	5.47097785362425	15.7108460373565	4.73953195183932	26.4233784615052	21.9474823068424	18.5609160443279
2021-03-11	10.0468977523177	8.30219422423155	5.2878428473284	15.4105689092342	4.77875917363157	25.8078323748365	21.1482407360258	18.1542088536506
2021-03-12	9.76867548359019	8.04881106696965	5.11599978930565	15.1146655272902	4.83603985338728	25.1937710710287	20.3812846478572	17.7692773807138
2021-03-13	9.50392793286335	7.80440503702174	4.95505314089566	14.8236636569823	4.91146322642378	24.5813849208334	19.6472345559089	17.4068633226284
2021-03-14	9.25317009966712	7.56962972288991	4.8046073634381	14.5380910637686	5.00511852805839	23.9708642950023	18.9467109737529	17.0677083765047
2021-03-15	9.01678485796069	7.34502189285489	4.66428547857618	14.2584773096682	5.11691748648635	23.3624502466878	18.2800521907542	16.7521968854497
2021-03-16	8.79462657942002	7.13065103431184	4.53378474916729	13.9853591429445	5.24606180141455	22.756586558645	17.6464675994495	16.4592837765541
2021-03-17	8.58641751015034	6.92646981443452	4.41282099837237	13.7192751084221	5.39157566542778	22.1537676960295	17.0448843681682	16.187566622905
2021-03-18	8.39187989625682	6.73243090039669	4.30111004935235	13.4607637509257	5.55248327111085	21.5544881239971	16.4742296652398	15.9356429975895
2021-03-19	8.21073598384467	6.54848695937214	4.19836772526816	13.2103636152797	5.72780881104856	20.9592423077036	15.9334306589935	15.7021104736944
2021-03-20	8.04270801901908	6.37459065853462	4.10430984928075	12.9686132463088	5.91657647782572	20.3685247123047	15.421414517759	15.4855666243069
2021-03-21	7.88751824788524	6.2106946650579	4.01865224455105	12.7360511888376	6.11781046402712	19.7828298029561	14.9371084098656	15.2846090225138
2021-03-22	7.74488891654835	6.05675164611575	3.94111073424	12.5132159876906	6.33053496223757	19.2026520448136	14.4794395036428	15.0978352414023
2021-03-23	7.61454227111361	5.91271426888194	3.87140114150852	12.3006461876924	6.55377416504187	18.6284859030329	14.04733496742	14.9238428540593
2021-03-24	7.4962005576862	5.77853520053024	3.80923928951757	12.0988803336676	6.78655226502482	18.0608258427698	13.6397219695266	14.7612294335719
2021-03-25	7.38958602237132	5.6541671082344	3.75434100142805	11.9084569704408	7.02789345477124	17.5001663291799	13.2555276782921	14.6085925530269
2021-03-26	7.29442091127417	5.53956265916821	3.70642210040093	11.7299146428365	7.27682192686591	16.947001827419	12.893679262046	14.4645297855115
2021-03-27	7.21042747049994	5.43467452050542	3.66519840959713	11.5637918956794	7.53236187389363	16.4018268026429	12.5531038891176	14.3276387041127
2021-03-28	7.13732794615384	5.33945535941981	3.63038575217759	11.410627273794	7.79353748843922	15.8651357200073	12.2327287278365	14.1965168819174
2021-03-29	7.07481233131324	5.25378722756539	3.60174355440701	11.2707604932644	8.05942035161492	15.337522879025	11.9313044006825	14.0697854093135
2021-03-30	7.0224416069443	5.17726971451714	3.57920565496516	11.1437359552133	8.32927159864284	14.8199819166371	11.6468753467378	13.9461594458921
2021-03-31	6.97974450098539	5.10943179433029	3.56274949563557	11.0288992320228	8.60239975327255	14.3136063041418	11.3773094592351	13.8243776685452
2021-04-01	6.94624974137485	5.04980244106006	3.55235251820177	10.925595896075	8.8781133392536	13.8194895128371	11.120474631407	13.7031787541647
2021-04-02	6.92148605605103	4.99791062876169	3.54799216444729	10.8331715197521	9.15572088033554	13.3387250140213	10.8742387564863	13.5813013796426
2021-04-03	6.90498217295231	4.9532853314904	3.54964587615568	10.7509716754361	9.43453090026794	12.8724062789925	10.6364697277056	13.4574842218709
2021-04-04	6.89626682001702	4.91545552330143	3.55729109511046	10.6783419355094	9.71385192280035	12.4216267790488	10.4050354382976	13.3304659577416
2021-04-05	6.89486486702383	4.88400169232546	3.57083695641864	10.6146235142508	9.99303441427937	11.9872921801329	10.1781196604102	13.1992711412168
2021-04-06	6.90028575111267	4.85871038299512	3.58991936848108	10.5591401935271	10.2715966114397	11.5695569267652	9.95516968185298	13.0640678345394
2021-04-07	6.91203505126375	4.83941965381847	3.61410593302212	10.5112113971019	10.5490986936132	11.1683876581105	9.73594866935058	12.9253099770227
2021-04-08	6.9296183464573	4.8259675633036	3.64296425176611	10.4701565487388	10.8251008401316	10.7837510133338	9.52021978962778	12.7834515079797
2021-04-09	6.95254121567355	4.81819216995858	3.67606192643738	10.4352950722015	11.0991632303267	10.4156136315999	9.30774620940934	12.6389463667236
2021-04-10	6.98030923789274	4.81593153229151	3.71296655876027	10.4059463912535	11.3708460435303	10.0639421520737	9.09829109542001	12.4922484925677
2021-04-11	7.01242799209507	4.81902370881044	3.75324575045912	10.3814299296585	11.6397094590741	9.72870321392014	8.89161761438454	12.343811824825
2021-04-12	7.04840305726079	4.82730675802347	3.79646710325826	10.36106511118	11.9053136562899	9.40986345630402	8.68748893302769	12.1940903028087
2021-04-13	7.08774001237013	4.84061873843868	3.84219821888204	10.3441713595817	12.1672188145095	9.10738951839022	8.4856682180742	12.0435378658319
2021-04-14	7.1299444364033	4.85879770856414	3.89000669905479	10.3300680986272	12.4249851130647	8.82124803934367	8.28591863624884	11.8926084532078
2021-04-15	7.17452190834053	4.88168172690793	3.93946014550085	10.3180747520801	12.6781727312873	8.55140565832923	8.08800335427636	11.7417560042496
2021-04-16	7.22097800716206	4.90910885197814	3.99012615994457	10.307510743704	12.9263418485089	8.29782901451178	7.89168553888152	11.5914344582704
2021-04-17	7.2688183118481	4.94091714228283	4.04157234411027	10.2976954972626	13.1690526440615	8.0604847470562	7.69672835678905	11.4420977545834
2021-04-18	7.31754840137889	4.9769446563301	4.0933662997223	10.2879484365193	13.4058652972768	7.83933949512738	7.50289497472373	11.2941998325017
2021-04-19	7.36667637516281	5.01700534222281	4.14510753703449	10.2774623201981	13.6361650874831	7.63418849908055	7.31006261174409	11.1482031563365
2021-04-20	7.41572041432082	5.06081670644299	4.19652320041868	10.2649232468631	13.8586376939948	7.44414140403242	7.11856469624386	11.0046042903909
2021-04-21	7.46420122040205	5.10807214506747	4.24737234277619	10.248890650039	14.071793896123	7.26813645629008	6.92884870895057	10.863908323966
2021-04-22	7.51163949495562	5.15846505417306	4.29741401700834	10.2279239632502	14.2741444731787	7.10511190216059	6.74136213059173	10.7266203463629
2021-04-23	7.55755593953065	5.2116888298366	4.34640727601648	10.2005826200212	14.4642002044728	6.95400598795103	6.55655244189487	10.5932454468828
2021-04-24	7.60147125567626	5.2674368681349	4.39411117270191	10.1654260538764	14.6404718693164	6.81375695996847	6.37486712358751	10.4642887148267
2021-04-25	7.64290614494158	5.32540256514478	4.44028475996598	10.1210136983404	14.8014702470205	6.68330306452	6.19675365639716	10.3402552394959
2021-04-26	7.68142508706801	5.38530502145355	4.48471319292136	10.0660049429661	14.9458984338714	6.56165676149553	6.02256733572948	10.2214718306608
2021-04-27	7.71676767456606	5.44696615569046	4.52728603552614	9.99945900142033	15.073228794057	6.44812736511641	5.85229471570258	10.1075521799703
2021-04-28	7.74871727813853	5.51023359099525	4.56791895394977	9.92053504339844	15.1831260087407	6.34209840318684	5.6858301651127	9.99793169954281
2021-04-29	7.77705726848823	5.57495495050764	4.6065276143617	9.82839223859572	15.2752547590857	6.24295340351101	5.52306805275609	9.89204580149649
2021-04-30	7.80157101631793	5.64097785736736	4.64302768293137	9.7221897567075	15.3492797262553	6.15007589389312	5.36390274742899	9.7893298979497
2021-05-01	7.82204189233044	5.70814993471415	4.67733482582822	9.60108676742907	15.4048655914128	6.06284940213736	5.20822861792765	9.68921940102076
2021-05-02	7.83825326722857	5.77631880568774	4.7093647092217	9.46424244045576	15.4416770357214	5.98065745604794	5.05594003304829	9.59114972282796
2021-05-03	7.84998851171509	5.84533209342787	4.73903299928126	9.31081594548287	15.4593787403445	5.90288358342904	4.90693136158716	9.49455627548962
2021-05-04	7.85703099649282	5.91503742107426	4.76625536217634	9.13996645220573	15.4576353864453	5.82891131208487	4.76109697234052	9.39887447112406
2021-05-05	7.85916409226453	5.98528241176664	4.79094746407638	8.95085313031964	15.4361116551872	5.75812416981962	4.61833123410459	9.30353972184957
2021-05-06	7.85617116973305	6.05591468864475	4.81302497115083	8.74263514951992	15.3944722277333	5.68990568443748	4.47852851567563	9.20798743978447
2021-05-07	7.84783559960115	6.12678187484833	4.83240354956914	8.51447167950189	15.3323817852471	5.62363938374266	4.34158318584987	9.11165303704707
2021-05-08	7.83394075257163	6.19773159351709	4.84899886550075	8.26552188996084	15.2495050088917	5.55870879553935	4.20738961342355	9.01397192575568
2021-05-09	7.8142699993473	6.26861146779078	4.86272658511511	7.9949449505921	15.1455065798305	5.49449744763175	4.07584216719293	8.9143795180286
2021-05-10	7.78860341514245	6.33921908791285	4.87350416972257	7.70191146623082	15.0202741940718	5.43046652141713	3.94685588912256	8.81231616290797
2021-05-11	7.75670789321738	6.40915191254165	4.88125626119712	7.38563778227153	14.8745876070043	5.3663878126651	3.82042851385036	8.70724195713125
2021-05-12	7.71834703134391	6.47795736743925	4.88590929655367	7.04535167924856	14.7094495888617	5.30211077073835	3.69657844918256	8.59862193435972
2021-05-13	7.67328442729383	6.54518287836773	4.8873897128071	6.68028093769629	14.5258629098779	5.23748484499958	3.57532410292541	8.48592112825466
2021-05-14	7.62128367883895	6.61037587108915	4.88562394697234	6.28965333814907	14.3248303402866	5.17235948481146	3.45668388288513	8.36860457247735
2021-05-15	7.56210838375109	6.67308377136559	4.88053843606428	5.87269666114126	14.1073546503215	5.10658413953668	3.34067619686796	8.24613730068907
2021-05-16	7.49552213980204	6.73285400495912	4.87205961709781	5.42863868720721	13.8744386102164	5.04000825853795	3.22731945268015	8.1179843465511
2021-05-17	7.4214159159188	6.78928686189594	4.86024355062824	4.95726201412073	13.6271084278447	4.97249625894158	3.11662812753658	7.98375744385995
2021-05-18	7.34019016564904	6.84219408925876	4.84566479137247	4.46056850861343	13.366484061638	4.90397242892848	3.00860097628679	7.84365512695298
2021-05-19	7.25237271369565	6.89144029839443	4.82902751758779	3.94111485465636	13.0937089076674	4.83437602444321	2.90323282318899	7.69802263030279
2021-05-20	7.1584913847615	6.93689010064978	4.8110359075315	3.40145773622057	12.8099263620041	4.76364630143031	2.80051849250136	7.54720518838196
2021-05-21	7.05907400354946	6.97840810737165	4.79239413946089	2.84415383727711	12.5162798207194	4.69172251583433	2.70045280848211	7.39154803566309
2021-05-22	6.9546483947624	7.01585892990689	4.77380639163326	2.27175984179704	12.2139126798843	4.61854392359982	2.60303059538942	7.23139640661876
2021-05-23	6.84574238310317	7.04910717960233	4.7559768423059	1.68683243375136	11.9039683355702	4.54404978067132	2.50824667748149	7.06709553572155
2021-05-24	6.73288379327468	7.0780174678048	4.73960966973612	1.09192829711121	11.5875901838481	4.46817934299339	2.41609587901653	6.89899065744408
2021-05-25	6.61660044997978	7.10245440586116	4.7254090521812	0.489604115847608	11.2659216207893	4.39087186651058	2.32657302425272	6.72742700625892
2021-05-26	6.49742017792134	7.12228260511824	4.71407916789844	0	10.9401060424649	4.31206660716743	2.23967293744827	6.55274981663867
2021-05-27	6.37587080180224	7.13736667692289	4.70632419514515	0	10.6112868449462	4.23170282090849	2.15539044286136	6.37530432305591
2021-05-28	6.25248014632534	7.14757123262193	4.70284831217861	0	10.2806074243043	4.14971976367832	2.07372036475021	6.19543575998323
2021-05-29	6.12777603619352	7.15276088356221	4.70435569725611	0	9.94921117661043	4.06605669142145	1.99465752737299	6.01348936189323
2021-05-30	6.00228629610965	7.15280024109058	4.71155052863497	0	9.61824149793573	3.98065286008245	1.91819675498791	5.82981036325849
2021-05-31	5.87671772434531	7.1476489696565	4.72490646761633	0	9.2887670309838	3.89352963742405	1.84433271549729	5.64479668311121
2021-06-01	5.75249301344697	7.13764694612003	4.74397510767684	0	8.96155740498768	3.80503683848178	1.77305945137997	5.45905697872207
2021-06-02	5.63121382952978	7.12322910044383	4.76807752533699	0	8.63730749581282	3.71560639010936	1.7043708487589	5.27325259192131
2021-06-03	5.51448183870892	7.10483036259061	4.79653479711727	0	8.31671217932467	3.62567021916052	1.63826079375703	5.08804486453923
2021-06-04	5.40389870709956	7.08288566252303	4.82866799953819	0	8.00046633138867	3.53566025248897	1.57472317249735	4.90409513840609
2021-06-05	5.30106610081688	7.05782993020378	4.86379820912025	0	7.68926482787025	3.44600841694845	1.51375187110279	4.72206475535215
2021-06-06	5.20758568597604	7.03009809559553	4.90124650238395	0	7.38380254463486	3.35714663939267	1.45534077569632	4.5426150572077
2021-06-07	5.12468541327711	6.99998589864097	4.94036219917837	0	7.08472089971031	3.26947203653434	1.39948337097245	4.3663504875253
2021-06-08	5.05209837175976	6.96723231920268	4.98060759266699	0	6.79244747977386	3.1832424845222	1.34617153591189	4.19364789674666
2021-06-09	4.98918393504856	6.93143714712326	5.02147321934186	0	6.50735641366515	3.09868104936394	1.29539674806689	4.0248272370358
2021-06-10	4.93530147676806	6.8922001722453	5.06244961569504	0	6.22982183022383	3.01601079706727	1.24715048498972	3.86020846055673
2021-06-11	4.88981037054285	6.84912118441137	5.1030273182186	0	5.96021785828952	2.93545479363992	1.20142422423262	3.70011151947345
2021-06-12	4.85206998999748	6.80179997346409	5.14269686340459	0	5.69891862670186	2.85723610508957	1.15820944334787	3.54485636594997
2021-06-13	4.82143970875652	6.74983632924602	5.18094878774506	0	5.4462982643005	2.78157779742396	1.11749761988771	3.39476295215032
2021-06-14	4.79727890044454	6.69283004159977	5.21727362773209	0	5.20273089992508	2.70870293665079	1.07928023140441	3.2501512302385
2021-06-15	4.7789469386861	6.63038090036792	5.25116191985772	0	4.96859066241522	2.63883458877777	1.04354875545022	3.11134115237852
2021-06-16	4.76580319710577	6.56208869539305	5.28210420061402	0	4.74425168061058	2.57219581981261	1.01029466957741	2.97865267073439
2021-06-17	4.75720704932812	6.48755321651776	5.30959100649305	0	4.53008808335077	2.50900969576303	0.979509451338223	2.85240573747012
2021-06-18	4.75251786897771	6.40637425358464	5.33311287398687	0	4.32647399947545	2.44949928263672	0.951184578284924	2.73292030474973
2021-06-19	4.75109502967911	6.31815159643627	5.35216033958753	0	4.13378355782424	2.39388764644141	0.92531152796977	2.62051632473721
2021-06-20	4.75229790505688	6.22248503491524	5.36622393978709	0	3.95239088723679	2.34239785318481	0.90188177794502	2.51551374959659
2021-06-21	4.75556538560978	6.11918298585821	5.37493832067326	0	3.78247276795386	2.29516510701849	0.8809236794434	2.41816345738432
2021-06-22	4.76065442933332	6.00888837407812	5.3785145667163	0	3.62341658582076	2.25197316466954	0.862613078419516	2.32844002972659
2021-06-23	4.76740151109719	5.89245275138198	5.37730787198212	0	3.47441237808391	2.2125179210089	0.847162694508442	2.24624897414208
2021-06-24	4.77564310577109	5.77072766957678	5.3716734305366	0	3.33465018198975	2.17649527090754	0.834785247345251	2.17149579814942
2021-06-25	4.78521568822471	5.64456468046954	5.36196643644567	0	3.2033200347847	2.1436011092364	0.825693456565019	2.10408600926726
2021-06-26	4.79595573332776	5.51481533586726	5.34854208377523	0	3.07961197371519	2.11353133086644	0.820100041802819	2.04392511501426
2021-06-27	4.80769971594991	5.38233118757695	5.33175556659118	0	2.96271603602766	2.0859818306686	0.818217722693726	1.99091862290907
2021-06-28	4.82038239876461	5.24792680808128	5.31198997026383	0	2.85193429314432	2.06071994316539	0.820244488550722	1.94492523680384
2021-06-29	4.83433169566019	5.11226885256559	5.28973994538113	0	2.74701695319054	2.03779876148551	0.82631940739842	1.9056164458847
2021-06-30	4.84997380832875	4.97598699689087	5.26552803383544	0	2.64782625846746	2.01734281840921	0.83656681693934	1.87261693567127
2021-07-01	4.86773493846236	4.83971091691812	5.2398767775191	0	2.55422445127623	1.99947664671675	0.851111054876005	1.84555139168321
2021-07-02	4.88804128775311	4.70407028850836	5.21330871832447	0	2.46607377391801	1.98432477918838	0.870076458910933	1.82404449944014
2021-07-03	4.91131905789306	4.56969478752259	5.18634639814391	0	2.38323646869394	1.97201174860435	0.893587366746647	1.80772094446168
2021-07-04	4.93799445057431	4.4372140898218	5.15951235886978	0.225721129624027	2.30557477790518	1.96266208774492	0.921768116085666	1.79620541226749
2021-07-05	4.96849366748893	4.30725787126699	5.13332914239441	0.5627998975663	2.23295094385287	1.95640032939032	0.954743044630512	1.78912258837718
2021-07-06	5.003242910329	4.18045580771916	5.10831929061018	0.889172982208181	2.16522720883815	1.95335100632083	0.992636490083705	1.78609715831039
2021-07-07	5.0426683807866	4.05743757503933	5.08500534540943	1.20437652290306	2.10226581516219	1.95363865131669	1.03557279014777	1.78675380758676
2021-07-08	5.08719628055382	3.93883284908848	5.06390984868451	1.50794665900432	2.04392900512613	1.95738779715815	1.08367628252522	1.79071722172591
2021-07-09	5.13725281132274	3.82527130572762	5.04555534232779	1.79941952986535	1.99007902103112	1.96472297662546	1.13707130491858	1.79761208624748
2021-07-10	5.19326417478543	3.71738262081776	5.03046436823162	2.07833127483954	1.9405781051783	1.97576872249889	1.19588219503037	1.8070630866711
2021-07-11	5.25565657263397	3.61579647021988	5.01915946828835	2.34421803328027	1.89528849986883	1.99064956755867	1.26023329056312	1.81869490851641
2021-07-12	5.3249497538043	3.521192864509	5.01214251349588	2.59695336982367	1.85403007690955	2.0094030552055	1.33024337748021	1.83222082325424
2021-07-13	5.4020376562077	3.43445315311604	5.00983269127436	2.83776055023681	1.81645322613005	2.03171877132178	1.40600903478855	1.84770844616029
2021-07-14	5.48790776499933	3.35650902018594	5.01262851814944	3.06820026556947	1.78216596686559	2.05719931241036	1.48762128975592	1.86531397846144
2021-07-15	5.58354756533433	3.28829214986365	5.02092851064681	3.28983320687146	1.75077631845147	2.08544727497408	1.57517116965009	1.8851936213846
2021-07-16	5.68994454236785	3.23073422629409	5.03513118529214	3.50422006519257	1.72189230022296	2.11606525551578	1.66874970173883	1.90750357615665
2021-07-17	5.80808618125502	3.18476693362221	5.05563505861112	3.71292153158259	1.69512193151533	2.1486558505383	1.76844791328994	1.9324000440045
2021-07-18	5.938959967151	3.15132195599293	5.08283864712943	3.91749829709133	1.67007323166387	2.18282165654449	1.87435683157117	1.96003922615503
2021-07-19	6.08345654320473	3.1311601374975	5.11705472366752	4.11945176655407	1.64643761151178	2.21822086439648	1.98654175659278	1.99055575606453
2021-07-20	6.24207918454039	3.1243589620123	5.15825308622502	4.32004619994807	1.62424004793403	2.25473404239361	2.10496507933487	2.02399799610684
2021-07-21	6.41523432427596	3.13082507336003	5.20631778909632	4.5204865710361	1.60358890931351	2.2922973531945	2.22956346352001	2.06039274088518
2021-07-22	6.60332839552939	3.15046511536338	5.26113288657583	4.72197785358088	1.58459256403313	2.33084695945779	2.36027357287076	2.09976678500277
2021-07-23	6.80676783141867	3.18318573184505	5.32258243295795	4.92572502134516	1.56735938047578	2.3703190238421	2.49703207110968	2.14214692306284
2021-07-24	7.02595906506178	3.22889356662773	5.39055048253708	5.13293304809171	1.55199772702434	2.41064970900607	2.63977562195936	2.18755994966861
2021-07-25	7.26130852957668	3.28749526353411	5.46492108960762	5.34480690758327	1.53861597206173	2.45177517760831	2.78844088914235	2.23603265942331
2021-07-26	7.51322265808136	3.35889746638689	5.54557830846397	5.56255157358259	1.52732248397084	2.49363159230747	2.94296453638123	2.28759184693015
2021-07-27	7.78210788369379	3.44300681900875	5.63240619340054	5.78737201985242	1.51822563113456	2.53615511576217	3.10328322739857	2.34226430679237
2021-07-28	8.06837063953194	3.5397299652224	5.72528879871173	6.02047322015551	1.5114337819358	2.57928191063104	3.26933362591692	2.40007683361319
2021-07-29	8.37241735871379	3.64897354885052	5.82411017869194	6.26306014825462	1.50705530475744	2.6229481395727	3.44105239565887	2.46105622199584
2021-07-30	8.69465447435732	3.77064421371581	5.92875438763557	6.51633777791249	1.50519856798238	2.6670899652458	3.61837620034698	2.52522926654353
2021-07-31	9.0354884195805	3.90464860364096	6.03910547983702	6.78151108289186	1.50597193999352	2.71164355030895	3.80124170370381	2.59262276185949
2021-08-01	9.3953256275013	4.05089336244865	6.1550475095907	7.05978503695551	1.50948378917377	2.75654505742079	3.98958556945194	2.66326350254694
2021-08-02	9.77443556185825	4.20917112885757	6.27646974955548	7.35219630611536	1.5157715819365	2.80175300557469	4.18331137609473	2.7371133518053
2021-08-03	10.1725398088721	4.37881852117025	6.40328234584817	7.65910832538017	1.52458917681709	2.84731533910299	4.38219036125875	2.8138744472187
2021-08-04	10.5892229853842	4.55905815258519	6.53540066295003	7.9807162220079	1.53561953038143	2.89330235867278	4.58596067735136	2.89318399496746
2021-08-05	11.0240697082357	4.74911263630091	6.67274006534233	8.31721512325649	1.54854559919537	2.93978436495113	4.79436047677993	2.9746792012319
2021-08-06	11.476664594268	4.94820458551592	6.81521591750635	8.6688001563839	1.56305033982478	2.98683165860514	5.00712791195183	3.05799727219235
2021-08-07	11.9465922603225	5.15555661342873	6.96274358392337	9.03566644864807	1.57881670883555	3.03451454030188	5.22400113527442	3.14277541402912
2021-08-08	12.4334373232403	5.37039133323786	7.11523842907465	9.41800912730695	1.59552766279354	3.08290331070844	5.44471829915506	3.22865083292254
2021-08-09	12.9366725566801	5.59191845283347	7.27257160731683	9.81570546558142	1.61296071010989	3.13208241550946	5.66897541693835	3.31526073770204
2021-08-10	13.4553233615697	5.81929605887244	7.43443743250802	10.2273613205441	1.63127156657685	3.1821928804597	5.89629994571777	3.40224234779359
2021-08-11	13.9883032956541	6.05166933270324	7.60048600838162	10.6512646952305	1.65071049983191	3.23338987633149	6.126177203524	3.48923288527222
2021-08-12	14.5345259166785	6.28818345567439	7.7703674386711	11.0857035926762	1.67152777751258	3.28582857389715	6.35809250838773	3.575869572213
2021-08-13	15.092904782388	6.52798360913441	7.94373182710992	11.5289660159167	1.69397366725638	3.33966414392902	6.59153117833968	3.66178963069099
2021-08-14	15.6623534505276	6.77021497443181	8.12022927743152	11.9793399679875	1.71829843670082	3.3950517571994	6.82597853141054	3.74663028278127
2021-08-15	16.2417854788424	7.0140227329151	8.29950989336933	12.4351134519242	1.74475235348339	3.45214658448062	7.060919885631	3.83002875055888
2021-08-16	16.8301144250776	7.25855206593279	8.48122377865683	12.8945744707623	1.77358568524161	3.51110379654502	7.29584055903177	3.9116222560989
2021-08-17	17.4262538469781	7.5029481548334	8.66502103702745	13.3560110275374	1.80504869961299	3.5720785641649	7.53022586964355	3.99104802147638
2021-08-18	18.0291173022892	7.74635618096543	8.85055177221464	13.8177111252849	1.83939166423503	3.63522605811259	7.76356113549702	4.06794326876638
2021-08-19	18.6376183487559	7.9879213256774	9.03746608795185	14.2779627670404	1.87686484674525	3.70070144916041	7.99533167462289	4.14194522004397
2021-08-20	19.2506705441233	8.22678877031782	9.22541408797253	14.7350539558395	1.91771851478115	3.7686599080807	8.22502280505186	4.21269109738422
2021-08-21	19.8671874461364	8.46210369623519	9.41404587601012	15.1872726947177	1.96220293598023	3.83925660564576	8.45211984481462	4.27981812286217
2021-08-22	20.4860826125404	8.69301128477803	9.60301155579808	15.6329069867105	2.01056837798002	3.91264671262793	8.67610811194187	4.3429635185529
2021-08-23	21.1062148080784	8.91873163781673	9.79199336561837	16.0703660740488	2.06306851303334	3.98898116348337	8.89653198493249	4.40189504716036
2021-08-24	21.7262236254851	9.13878453930914	9.98080208194707	16.4985441557446	2.11997063185436	4.0683939474036	9.11317208415805	4.45690263390409
2021-08-25	22.3446938644933	9.35276469373499	10.1692806158088	16.9164566700054	2.18154542977257	4.15101481726401	9.3258680904583	4.50840674463252
2021-08-26	22.960210324836	9.56026680557402	10.357271878228	17.3231190550386	2.24806360211748	4.23697352593996	9.534459684673	4.55682784519408
2021-08-27	23.5713578062458	9.76088557930596	10.5446187802295	17.7175467490516	2.31979584421857	4.32639982630683	9.7387865476419	4.60258640143722
2021-08-28	24.1767211084556	9.95421571941054	10.7311642328378	18.0987551902519	2.39701285140534	4.41942347123999	9.93868836020474	4.64610287921035
2021-08-29	24.7748850311982	10.1398519303675	10.9167511470774	18.4657598168469	2.47998531900729	4.51617421361483	10.1340048032013	4.68779774436192
2021-08-30	25.3644527130386	10.3174722839394	11.1012393815678	18.8177813586115	2.56893641749611	4.6167403199745	10.3244997887753	4.72803319122641
2021-08-31	25.9441006478714	10.4870883210201	11.2845565853077	19.1548617115913	2.66389921791237	4.72104411153343	10.5096341542865	4.7669383280825
2021-09-01	26.5125236684233	10.6487949497863	11.4666473548906	19.4772480633993	2.76485926643883	4.82896642317385	10.6887929683986	4.80458399169494
2021-09-02	27.068416607421	10.8026870784147	11.64745628691	19.7851876016486	2.87180210925824	4.94038808977796	10.8613612997755	4.84104101882846
2021-09-03	27.6104742975912	10.948859615082	11.8269279779595	20.0789275139523	2.98471329255338	5.055189946228	11.0267242170807	4.8763802462478
2021-09-04	28.1373915716607	11.087407467965	12.0050070246325	20.3587149879234	3.10357836250701	5.17325282740618	11.1842667889781	4.91067251071771
2021-09-05	28.6478632623562	11.2184255452403	12.1816380235226	20.6247972111751	3.22838286530188	5.29445756819472	11.3333740841314	4.94398864900291
2021-09-06	29.1405842024045	11.3420087550846	12.3567655712234	20.8774213713204	3.35911234712077	5.41868500347585	11.4734311712043	4.97639949786815
2021-09-07	29.6142492245323	11.4582520056747	12.5303342643283	21.1168346559724	3.49575235414643	5.54581596813179	11.6038231188606	5.00797589407817
2021-09-08	30.0675531614663	11.5672502051872	12.7022886994308	21.3432842527442	3.63828843256164	5.67573129704475	11.7239349957641	5.03878867439771
2021-09-09	30.4991908459333	11.6690982617988	12.8725734731246	21.5570173492489	3.78670612854914	5.80831182509696	11.8331518705784	5.0689086755915
2021-09-10	30.9078571106601	11.7638910836863	13.041133182003	21.7582811330995	3.94099098829172	5.94343838717063	11.9308588119673	5.09840673442428
2021-09-11	31.2922467883733	11.8517235790264	13.2079124226597	21.9473227919091	4.10112855797212	6.080991818148	12.0164408885945	5.12735368766079
2021-09-12	31.6510547117997	11.9326906559957	13.3728557916881	22.1243895132908	4.26710438377312	6.22085295291128	12.0892831691239	5.15582037206578
2021-09-13	31.9831621429895	12.0069820588441	13.5359596901299	22.2896980070785	4.43863854087312	6.36280587631369	12.1489692274625	5.18377928431346
2021-09-14	32.2881960612872	12.0751668761141	13.697427736819	22.44334307199	4.61438922043315	6.50624767309247	12.1958766584919	5.21080956071601
2021-09-15	32.5659698753604	12.137909032421	13.8575153550376	22.5853890289638	4.79274914260987	6.65047867795583	12.2305815623367	5.23639199749509
2021-09-16	32.816296993877	12.1958724523807	14.0164779680676	22.7159001989385	4.97211102755995	6.79479922561202	12.2536600391218	5.26000739087237
2021-09-17	33.0389908255048	12.2497210606085	14.1745709991911	22.8349409028526	5.15086759544006	6.93850965076926	12.2656881889721	5.28113653706949
2021-09-18	33.2338647789117	12.30011878172	14.3320498716902	22.9425754616447	5.32741156640688	7.0809102881358	12.2672421120124	5.29926023230812
2021-09-19	33.4007322627654	12.3477295403309	14.489170008847	23.0388681962534	5.50013566061705	7.22130147241983	12.2588979083674	5.31385927280993
2021-09-20	33.5396287892686	12.393159095022	14.6461128136053	23.1239205090303	5.66776100652794	7.35905398954217	12.2412017713232	5.32450022961692
2021-09-21	33.6514782847635	12.4367805402363	14.8027636075562	23.1979821279802	5.83032236579966	7.49382043027384	12.2145802668099	5.33109277305257
2021-09-22	33.737426779127	12.478908804382	14.9589336919525	23.2613398625206	5.98818290839298	7.62532383659844	12.1794300539189	5.3336323482607
2021-09-23	33.798620302236	12.5198588158675	15.114434368047	23.3142805220693	6.1417058042687	7.75328725049954	12.1361477917415	5.33211440038512
2021-09-24	33.8362048839674	12.5599455031011	15.2690769370926	23.3570909160441	6.29125422338761	7.87743371396075	12.0851301393689	5.32653437456965
2021-09-25	33.8513265541984	12.599483794491	15.422672700342	23.3900578538627	6.4371913357105	7.99748626896565	12.0267737558924	5.31688771595812
2021-09-26	33.8451313428057	12.6387886184456	15.5750329590482	23.4134681449429	6.57988031119815	8.11316795749784	11.9614753004035	5.30316986969436
2021-09-27	33.8187652796663	12.6781749033733	15.7259690144639	23.4276085987022	6.71968431981135	8.2242018215409	11.8896314319934	5.28537628092217
2021-09-28	33.7733743946572	12.7179575776822	15.875292167842	23.4327660245586	6.85696653151089	8.33031090307841	11.8116388097533	5.26350239478538
2021-09-29	33.7101047176554	12.7584515697807	16.0228137204353	23.4292272319297	6.99209011625756	8.43121824409398	11.7278940927747	5.23754365642781
2021-09-30	33.6301022785378	12.7999718080771	16.1683449734967	23.4172790302333	7.12541824401216	8.52664688657119	11.6387939401488	5.20749551099329
2021-10-01	33.5345131071813	12.8428332209798	16.3116972282789	23.397208228887	7.25731408473545	8.61631987249364	11.5447350109669	5.17335340362563
2021-10-02	33.4244832334629	12.8873507368969	16.4526817860348	23.3693016373087	7.38814080838825	8.6999602438449	11.4461139643204	5.13511277946866
2021-10-03	33.3011586872596	12.9338392842369	16.5911099480173	23.333846064916	7.51826158493132	8.77729104260858	11.3433274593005	5.0927690836662
2021-10-04	33.1656648669426	12.9825555141214	16.7268392346357	23.2911706356622	7.64800401709183	8.84816614409476	11.2367235593871	5.04638512385735
2021-10-05	33.0190446448612	13.0335229685254	16.8599120429257	23.2417737316424	7.77755343866231	8.91296275691958	11.1264559456141	4.99629315766241
2021-10-06	32.8623202618586	13.0867069121372	16.9904169890796	23.1861960494871	7.9070596162017	8.97218892302566	11.0126297034042	4.94289280519696
2021-10-07	32.6965139587784	13.1420726096451	17.1184426892896	23.124978285827	8.03667231626889	9.02635268435564	10.8953499181797	4.88658368657658
2021-10-08	32.5226479764639	13.1995853257375	17.2440777597479	23.0586611372926	8.16654130542282	9.07596208285214	10.7747216753631	4.82776542191684
2021-10-09	32.3417445557587	13.2592103251028	17.3674108166469	22.9877853005145	8.29681635022237	9.12152516045779	10.6508500603771	4.76683763133332
2021-10-10	32.1548259375061	13.3209128724293	17.4885304761788	22.9128914721232	8.42764721722648	9.16354995911524	10.5238401586441	4.70419993494162
2021-10-11	31.9629143625496	13.3846582324053	17.6075253545358	22.8345203487495	8.55918367299403	9.20254452076711	10.3937970555866	4.64025195285729
2021-10-12	31.7670320717327	13.4504116697191	17.7244840679103	22.7532126270237	8.69157548408397	9.23901688735602	10.2608258366271	4.57539330519594
2021-10-13	31.5682013058988	13.5181384490592	17.8394952324943	22.6695090035766	8.82497241705519	9.27347510082462	10.1250315871882	4.51002361207312
2021-10-14	31.3674443058914	13.5878038351138	17.9526474644802	22.5839501750387	8.95952423846661	9.30642720311553	9.98651939269226	4.44454249360443
2021-10-15	31.1657833125538	13.6593730925713	18.0640293800603	22.4970768380406	9.09538071487714	9.33838123617138	9.84539433856188	4.37934956990544
2021-10-16	30.9642405667296	13.73281148612	18.1737295954268	22.4094296892129	9.2326916128457	9.3698452419348	9.70176151021957	4.31484446109173
2021-10-17	30.7638383092622	13.8080842804483	18.2818367267719	22.3215494251861	9.37160669893119	9.40132726234843	9.55572599308782	4.25142678727889
