date	state	King	Snohomish	Pierce	Ann Arbor	Boston	San Diego	DC
2020-01-26	0	0	0	0	0	0	0	0
2020-01-27	0	0	0	0	0	0	0	0
2020-01-28	0	0	0	0	0	0	0	0
2020-01-29	0	0	0	0	0	0	0	0
2020-01-30	0	0	0	0	0	0	0	0
2020-01-31	0	0	0	0	0	0	0	0
2020-02-01	0	0	0	0	0	0	0	0
2020-02-02	0	0	0	0	0	0	0	0
2020-02-03	0	0	0	0	0	0	0	0
2020-02-04	0	0	0	0	0	0	0	0
2020-02-05	0	0	0	0	0	0	0	0
2020-02-06	0	0	0	0	0	0	0	0
2020-02-07	0	0	0	0	0	0	0	0
2020-02-08	0	0	0	0	0	0	0	0
2020-02-09	0	0	2.54106615329259	0	0	0	0	0
2020-02-10	0	3.00600667532901	7.50933997336992	0	0	0	0	0
2020-02-11	0.910177679248728	6.9775674490887	12.6796175375599	0	0	0	0	0
2020-02-12	3.37716877148467	11.1288027355938	18.0673650944255	0	0	0	0	0
2020-02-13	5.97369950361536	15.4727870294421	23.6880488925294	0	0	0	0	0
2020-02-14	8.70881608809596	20.0225948252316	29.5571351804345	1.53780343397096	0	0	0	0
2020-02-15	11.5915647373816	24.7913006175601	35.6900902067038	3.47926496151497	2.03413184315647	0	0	0
2020-02-16	14.6309916639276	29.7919789010255	42.1023802198999	5.54700324524199	6.23019786811583	0	0	0
2020-02-17	17.8362450270259	35.0374848780927	48.809057007703	7.74895754446529	10.7236831068899	0	0	0
2020-02-18	21.2168807733165	40.5397965826942	55.8235145142621	10.0947293362833	15.5367848829716	0	0	0
2020-02-19	24.7825567962764	46.3106727566297	63.1587322228434	12.5943356522408	20.6927556548026	6.18977934590002	0.609911864999379	0
2020-02-20	28.5429309893825	52.3618721416988	70.8276896167129	15.2577935238824	26.2148478808245	24.2830516484882	1.70663546393808	0
2020-02-21	32.5076612461118	58.7051534797011	78.843366179137	18.095119982753	32.1263140194792	43.9954972577243	2.90091178457164	0
2020-02-22	36.6864054599411	65.3522755124364	87.2187413933819	21.1163320603972	38.4504065292082	65.4358247094326	4.1993420022745	0
2020-02-23	41.0888215243474	72.3149969817041	95.9667947427136	24.3314467883597	45.2103778684534	88.7127425394375	5.60852729242111	0
2020-02-24	45.7217351514126	79.6005423732017	105.094345296467	27.7483449938918	52.4253888254447	113.92372105727	7.13436268889928	6.77182219798081
2020-02-25	50.5806433276388	87.1979991482177	114.58357046825	31.3663626870704	60.0982335075656	141.121277667288	8.77991865965025	14.8493638643418
2020-02-26	55.6582108581331	95.0919205119384	124.410487257741	35.182699673679	68.2276143519879	170.346691547556	10.5475595311287	23.6819276506097
2020-02-27	60.9471025480025	103.26685966955	134.551112664615	39.194555759501	76.8122337958833	201.641241876139	12.4396496297891	33.2981183226287
2020-02-28	66.439983202354	111.707369826239	144.98146368855	43.3991307503198	85.8507942764238	235.046207831101	14.4585532820862	43.7265406462435
2020-02-29	72.1295176262949	120.398004187191	155.677557329222	47.7936244519189	95.341998230781	270.602868590508	16.6066348144746	54.9957993872985
2020-03-01	78.008370624932	129.323315957594	166.61541058631	52.3752366700817	105.284548096127	308.352503332424	18.8862585534089	67.1344993116382
2020-03-02	84.0692070033725	138.467858342632	177.771040459488	57.1411672105916	115.677146309633	348.336391234913	21.2997888253438	80.1712451851071
2020-03-03	90.3046915667234	147.816184547493	189.120463948436	62.0886158792321	126.518495308471	390.595811476041	23.8495899567338	94.1346417735496
2020-03-04	96.7074891200919	157.352847777363	200.639698052828	67.2147824817866	137.807297529813	435.172043233871	26.5380262740335	109.05329384281
2020-03-05	103.270264468585	167.062401237427	212.304759772343	72.5168668240385	149.542255410831	482.10636568647	29.3674621036977	124.955806158734
2020-03-06	109.98568241731	176.929398132873	224.091666106657	77.9920687117713	161.722071388696	531.4400580119	32.3402617721808	141.870783487164
2020-03-07	116.846407771373	186.938391668886	235.976434055448	83.6375879507685	174.345447900581	583.214399388227	35.4587896059376	159.826830593946
2020-03-08	123.845105335882	197.073935050654	247.935080618391	89.4506243468133	187.411087383657	637.470668993516	38.7254099314226	178.852552244924
2020-03-09	130.97020385883	207.314849956868	259.935845095715	95.4253657039978	200.908771965584	694.227212076403	42.1409511876221	198.971253429916
2020-03-10	138.193187859751	217.617031960255	271.915855989851	101.543951819647	214.792602535976	753.410638167807	45.7000982636492	220.18504003463
2020-03-11	145.481305801066	227.930645107043	283.80446410378	107.785510489395	229.007759674935	814.924622869219	49.3960001611486	242.490718168749
2020-03-12	152.801806145196	238.205853443464	295.531020240485	114.129169508875	243.499423962562	878.672841782131	53.2218058817651	265.885093941955
2020-03-13	160.12193735456	248.392821015749	307.024875202948	120.554056673721	258.21277597896	944.558970508032	57.1706644271433	290.36497346393
2020-03-14	167.408947891581	258.44171187013	318.215379794149	127.039299779567	273.092996304232	1012.48668464842	61.2357247989279	315.927162844356
2020-03-15	174.630086218678	268.302690052836	329.031884817072	133.564026622047	288.085265518478	1082.35965980477	65.4101359987637	342.568468192916
2020-03-16	181.754056998138	277.930081708609	339.409936679916	140.105159083188	303.130334595402	1154.05366055344	69.685869393641	370.273179078305
2020-03-17	188.755389691712	287.294861376229	349.309864211757	146.630795390594	318.151236083117	1227.3328073702	74.0501858119326	398.975518905278
2020-03-18	195.610069961016	296.372165692984	358.698191846889	153.106827858266	333.066572923337	1301.93330970566	78.4891684473569	428.597194537603
2020-03-19	202.294083467668	305.137131296164	367.541444019606	159.499148800201	347.794948057774	1377.59137701045	82.9889004936322	459.05991283905
2020-03-20	208.783415873285	313.564894823058	375.806145164201	165.773650530399	362.254964428143	1454.04321873518	87.535465144477	490.285380673385
2020-03-21	215.054052839483	321.630592910955	383.458819714969	171.896225362858	376.365224976157	1531.02504433048	92.1149455936097	522.195304904379
2020-03-22	221.081980027879	329.309362197145	390.465992106204	177.832765611578	390.044332643531	1608.27306324697	96.7134250347487	554.711392395799
2020-03-23	226.84318310009	336.576339318917	396.794186772199	183.549163590557	403.210890371977	1685.52348493527	101.316986661612	587.755350011414
2020-03-24	232.313647717733	343.40666091356	402.409928147249	189.011311613793	415.78350110321	1762.512518846	105.911713667919	621.248884614993
2020-03-25	237.469359542426	349.775463618363	407.279740665647	194.185101995287	427.680767778943	1838.97637442978	110.483689247387	655.113703070304
2020-03-26	242.286304235784	355.657884070616	411.370148761688	199.036427049036	438.821293340891	1914.65126113722	115.018996593735	689.271512241115
2020-03-27	246.740467459424	361.029058907608	414.647676869666	203.53117908904	449.123680730766	1989.27338841897	119.503718900681	723.644018991195
2020-03-28	250.807834874964	365.864124766628	417.078849423873	207.635250429297	458.506532890283	2062.57896572562	123.923939361944	758.152930184313
2020-03-29	254.464392144021	370.138218284966	418.630190858606	211.314533383806	466.888452761155	2134.30420250781	128.265741171242	792.719952684237
2020-03-30	257.692032357256	373.831182225724	419.282674866962	214.541741880069	474.204508952759	2204.16762434175	132.517932380714	827.26177262979
2020-03-31	260.496278321517	376.94168385526	419.075072177267	217.316876299594	480.455632745131	2271.81702130609	136.680220476183	861.674993260012
2020-04-01	262.888560272692	379.473096565747	418.06060277665	219.646758637392	485.659221085967	2336.88249960504	140.755037801894	895.851197088996
2020-04-02	264.880308446674	381.428793749354	416.292486652242	221.538210888475	489.832670922963	2398.99416544284	144.744816702091	929.681966630836
2020-04-03	266.482953079354	382.812148798255	413.823943791172	222.998055047855	492.993379203819	2457.78212502373	148.651989521017	963.058884399626
2020-04-04	267.707924406622	383.626535104621	410.70819418057	224.033113110541	495.158742876231	2512.87648455193	152.478988602916	995.87353290946
2020-04-05	268.566652664371	383.875326060622	406.998457807567	224.650207071546	496.346158887898	2563.90735023168	156.228246292034	1028.01749467443
2020-04-06	269.072335919998	383.565710718686	402.745147906416	224.859156124162	496.577349471414	2610.55667137714	159.901950109281	1059.39283022377
2020-04-07	269.245243566937	382.720140772249	397.987450699864	224.681768254809	495.891337998972	2652.71376974219	163.501308282248	1089.94351214727
2020-04-08	269.107412830126	381.364883575006	392.761745657782	224.142848648189	494.331473127661	2690.31981019065	167.027284215189	1119.62399104986
2020-04-09	268.680880934506	379.526206480649	387.104412250043	223.267202489002	491.941103514571	2723.31595758633	170.480841312364	1148.38871753645
2020-04-10	267.987685105018	377.23037684287	381.051829946516	222.07963496195	488.763577816792	2751.64337679303	173.862942978028	1176.19214221198
2020-04-11	267.0498625666	374.503662015362	374.640378217074	220.604951251734	484.842244691413	2775.24323267457	177.174552616438	1202.98871568137
2020-04-12	265.889450544194	371.372329351818	367.906436531587	218.867956543057	480.220452795525	2794.05669009476	180.416633631852	1228.73288854955
2020-04-13	264.528486262738	367.862646205931	360.886384359926	216.893456020618	474.941550786218	2808.02491391742	183.590149428527	1253.37911142145
2020-04-14	262.989006947174	364.000879931393	353.616601171962	214.706254869119	469.048887320581	2817.08906900635	186.696063410719	1276.88183490198
2020-04-15	261.293049822441	359.813297881897	346.133466437568	212.331158273262	462.585811055704	2821.19032022537	189.735338982685	1299.19550959608
2020-04-16	259.462652113479	355.326167411136	338.473359626613	209.792971417748	455.595670648678	2820.26983243828	192.708939548683	1320.27458610867
2020-04-17	257.519851045228	350.565755872802	330.672660208969	207.116499487279	448.121814756591	2814.26877050891	195.617828512969	1340.07351504469
2020-04-18	255.486683842628	345.558330620588	322.767747654507	204.326547666555	440.207592036534	2803.12829930105	198.4629692798	1358.54674700905
2020-04-19	253.38518773062	340.330159008186	314.795001433099	201.447921140278	431.896351145597	2786.78958367853	201.245325253434	1375.64873260667
2020-04-20	251.236264333191	334.906587873159	306.787484488315	198.503024544627	423.232214321606	2765.25789595247	203.965583187483	1391.33387943868
2020-04-21	249.05627287052	329.309281988549	298.764993658528	195.504660321686	414.262398125337	2738.79493822326	206.62332323298	1405.55642309092
2020-04-22	246.860436961837	323.558985611264	290.744009255811	192.46323036502	405.0348926983	2707.72652003859	209.217848890314	1418.27055614541
2020-04-23	244.663980226368	317.676442998216	282.741011592236	189.389136568191	395.597688182009	2672.37845094616	211.748463659876	1429.43047118418
2020-04-24	242.482126283342	311.682398406314	274.772480979876	186.292780824761	385.998774717974	2633.07654049368	214.214471042054	1438.99036078927
2020-04-25	240.330098751986	305.597596092471	266.854897730804	183.184565028294	376.286142447707	2590.14659822883	216.615174537237	1446.90441754269
2020-04-26	238.223121251529	299.442780313595	259.004742157091	180.074891072353	366.507781512721	2543.91443369933	218.949877645815	1453.12683402649
2020-04-27	236.176292029353	293.238584977917	251.238194837638	176.974305570008	356.70710043858	2494.69240388286	221.219745909904	1457.62472692009
2020-04-28	234.204207845472	287.005202598945	243.570237418646	173.893934012362	346.909181287072	2442.73905547705	223.433393038536	1460.41690929258
2020-04-29	232.32134008805	280.762715341507	236.015551813144	170.845046610025	337.134524504034	2388.29948260952	225.601294782467	1461.53511831044
2020-04-30	230.542160145256	274.531205370432	228.588819934163	167.838913573609	327.403630535307	2331.61877940789	227.733926892456	1461.01109114015
2020-05-01	228.881139405257	268.330754850546	221.304723694731	164.886805113725	317.73699982673	2272.94203999978	229.841765119262	1458.87656494819
2020-05-02	227.35274925622	262.181445946679	214.177945007877	161.999991440982	308.155132824143	2212.51435851281	231.935285213642	1455.16327690107
2020-05-03	225.971461086312	256.103360823657	207.223165786631	159.189742765991	298.678529973385	2150.5808290746	234.024962926353	1449.90296416524
2020-05-04	224.751746283701	250.11658164631	200.45506794402	156.467329299364	289.327691720296	2087.38654581277	236.121274008156	1443.12736390722
2020-05-05	223.708076236553	244.241190579464	193.888333393076	153.84402125171	280.123118510715	2023.17660285494	238.234694209806	1434.86821329347
2020-05-06	222.854922333036	238.497269787948	187.537644046826	151.331088833642	271.085310790482	1958.19609432873	240.375699282064	1425.15724949048
2020-05-07	222.206755961317	232.90490143659	181.417681818299	148.939802255768	262.234769005438	1892.69011436176	242.554764975685	1414.02620966474
2020-05-08	221.778048509564	227.484167690218	175.543128620526	146.681431728701	253.59199360142	1826.90375708164	244.78236704143	1401.50683098274
2020-05-09	221.583271365942	222.255150713659	169.928666366534	144.56724746305	245.177485024269	1761.08211661601	247.068981230055	1387.63085061095
2020-05-10	221.636895918621	217.237932671743	164.588976969354	142.608519669426	237.011743719824	1695.47028709247	249.425083292319	1372.43000571586
2020-05-11	221.952615230776	212.452871879851	159.537760197672	140.815827209117	229.112963307444	1630.29668342044	251.86454588651	1355.94436835148
2020-05-12	222.541009065624	207.921431255596	154.784787242811	139.196983546116	221.490110100559	1565.72300363649	254.414829301039	1338.24735012191
2020-05-13	223.411878861392	203.665349867142	150.338847151751	137.759110795093	214.149843586119	1501.89426655897	257.106790731846	1319.42069751876
2020-05-14	224.575026056307	199.706366782656	146.208728971473	136.509331070718	207.098823251074	1438.95549100623	259.971287374872	1299.54615703364
2020-05-15	226.040252088594	196.066221070303	142.403221748956	135.45476648766	200.343708582373	1377.05169579664	263.039176426057	1278.70547515818
2020-05-16	227.817358396481	192.76665179825	138.931114531183	134.602539160589	193.891159066965	1316.32789974854	266.341315081343	1256.98039838399
2020-05-17	229.916146418193	189.829398034663	135.801196365133	133.959771204176	187.7478341918	1256.9291216803	269.908560536669	1234.45267320269
2020-05-18	232.34374590445	187.272511655336	133.021064173432	133.533516486862	181.920681538753	1198.98199710079	273.76973037035	1211.20306221167
2020-05-19	235.096599855933	185.099295766581	130.59354638129	133.330555892177	176.417801069395	1142.53962828091	277.94548369019	1187.30839243148
2020-05-20	238.168479585819	183.309366282339	128.520279289561	133.357602057425	171.247580840224	1087.63673418211	282.454439986368	1162.84450698843
2020-05-21	241.553156407283	181.902339116551	126.8028991991	133.621367619907	166.418408907738	1034.3080337658	287.315218749061	1137.88724900883
2020-05-22	245.244401633499	180.877830183157	125.443042410761	134.128565216926	161.938673328433	982.588245993423	292.546439468448	1112.51246161901
2020-05-23	249.235986577643	180.235455396099	124.4423452254	134.885907485785	157.816762158807	932.512089826401	298.166721634708	1086.79598794529
2020-05-24	253.52168255289	179.974830669315	123.802443943871	135.900107063785	154.061063455358	884.114284226164	304.194684738017	1060.81367111397
2020-05-25	258.095260872415	180.095571916748	123.524974867028	137.177876588231	150.679965274581	837.429548154142	310.648948268555	1034.64135425139
2020-05-26	262.950492849392	180.597295052338	123.611574295726	138.725928696423	147.681855672975	792.492600571762	317.548131716499	1008.35488048386
2020-05-27	268.081149796998	181.479615990026	124.063878530821	140.550976025664	145.075122707038	749.338160440455	324.910854572028	982.030092937688
2020-05-28	273.481003028407	182.742150643752	124.883523873166	142.659731213258	142.868154433265	708.00094672165	332.755736325319	955.742834739204
2020-05-29	279.143823856795	184.384514927457	126.072146623617	145.058906896506	141.069338908154	668.515678376775	341.101396466552	929.568949014723
2020-05-30	285.063383595335	186.406324755081	127.631383083027	147.75521571271	139.687064188204	630.917074367258	349.966454485903	903.584278890562
2020-05-31	291.233453557204	188.807196040566	129.562869552253	150.755370299174	138.72971832991	595.239853654529	359.369529873551	877.864667493039
2020-06-01	297.649625672537	191.587291510473	131.867311282674	154.068319047833	138.205447268405	561.50604889162	369.327101156867	852.484940121828
2020-06-02	304.314774339307	194.748961141841	134.541689327779	157.711953369152	138.121428453357	529.686947497972	379.847083011995	827.515850770014
2020-06-03	311.233594572449	198.295101724333	137.58205369158	161.706400428231	138.484597213072	499.741150584626	390.935249152273	803.02713560404
2020-06-04	318.410781386897	202.228610047609	140.984454378092	166.071787390168	139.301888875851	471.627259262628	402.597373291036	779.088530790347
2020-06-05	325.851029797585	206.552382901332	144.744941391327	170.828241420061	140.58023877	445.303874643018	414.839229141623	755.769772495376
2020-06-06	333.559034819448	211.269317075161	148.8595647353	175.995889683011	142.326582223822	420.729597836841	427.666590417369	733.140596885569
2020-06-07	341.539491467419	216.382309358759	153.324374414023	181.594859344114	144.54785456562	397.863029955141	441.085230831612	711.270740127368
2020-06-08	349.79383069464	221.889934665956	158.13310086207	187.640049614662	147.24688598843	376.662142376279	455.091866058023	690.222190739045
2020-06-09	358.310427207082	227.773480407266	163.270196236246	194.125447890708	150.410086144211	357.082387547897	469.646979611613	670.0259466462
2020-06-10	367.074391648926	234.009912117371	168.717793123916	201.039813614496	154.019759549656	339.078588184956	484.701996967726	650.705258126265
2020-06-11	376.07083466435	240.576195330955	174.458024112445	208.371906228269	158.058210721457	322.605567002417	500.208343601707	632.283375456671
2020-06-12	385.284866897533	247.449295582699	180.473021789197	216.110485174274	162.507744176303	307.618146715241	516.117444988901	614.78354891485
2020-06-13	394.701598992655	254.606178407288	186.744918741538	224.244309894753	167.350664430888	294.071150038389	532.380726604651	598.229028778233
2020-06-14	404.306141593894	262.023809339403	193.255847556831	232.762139831951	172.569276001903	281.919399686821	548.949613924304	582.643065324251
2020-06-15	414.08360534543	269.679153913728	199.987940822443	241.652734428113	178.145883406039	271.1177183755	565.775532423204	568.048908830336
2020-06-16	424.019100891442	277.549177664946	206.923331125737	250.904853125483	184.062791159988	261.620928819386	582.809907576694	554.469809573919
2020-06-17	434.097738876109	285.61084612774	214.044151054078	260.507255366305	190.302303780442	253.383853733439	600.004164860121	541.929017832432
2020-06-18	444.304629943611	293.841124836792	221.332533194832	270.448700592823	196.846725784091	246.361315832621	617.309729748829	530.449783883305
2020-06-19	454.624884738126	302.216979326786	228.770610135362	280.717948247283	203.678361687629	240.508137831893	634.678027718162	520.055358003972
2020-06-20	465.043613903834	310.715375132404	236.340514463033	291.303757771928	210.779516007745	235.779142446216	652.060484243465	510.768990471862
2020-06-21	475.545928084913	319.313277788329	244.024378765211	302.194888609002	218.132493261133	232.12915239055	669.408524800084	502.613931564407
2020-06-22	486.113808938448	327.986077391588	251.80288669332	313.376494739416	225.714733208773	229.511523576047	686.667992662528	495.602914128854
2020-06-23	496.716722173134	336.702862288574	259.650926155025	324.819308298747	233.484216588814	227.873744698619	703.762402301981	489.706601291707
2020-06-24	507.321004510575	345.431145388027	267.54193612205	336.490455961236	241.394059383691	227.161837650368	720.609685988789	484.885138749285
2020-06-25	517.892992672369	354.138439598686	275.44935556612	348.357064401127	249.397377575842	227.321824323396	737.127775993301	481.098672197909
2020-06-26	528.39902338012	362.792257829287	283.34662345896	360.386260292662	257.447287147705	228.299726609804	753.234604585864	478.307347333896
2020-06-27	538.805433355427	371.360112988569	291.207178772294	372.545170310082	265.496904081717	230.041566401696	768.848104036827	476.471309853567
2020-06-28	549.078559319892	379.809517985271	299.004460477848	384.800921127631	273.499344360314	232.493365591173	783.886206616537	475.550705453241
2020-06-29	559.185032772457	388.110484051058	306.712588789967	397.118884103966	281.409503580241	235.604219606637	798.276482456783	475.502735980131
2020-06-30	569.092664321425	396.2430157093	314.308408893492	409.457409335401	289.189395795464	239.335518021693	811.985053135113	476.272827885025
2020-07-01	578.769559352442	404.189615806295	321.769447215883	421.773091602664	296.802814674256	243.651723946245	824.987678090515	477.803463769604
2020-07-02	588.183823251151	411.932787188341	329.073230184602	434.022525686486	304.213553884889	248.517300490198	837.260116761978	480.03712623555
2020-07-03	597.303561403198	419.455032701735	336.197284227109	446.162306367595	311.385407095636	253.896710763456	848.77812858849	482.916297884544
2020-07-04	606.096879194226	426.738855192776	343.119135770866	458.149028426721	318.282167974771	259.754417875925	859.51747300904	486.383461318268
2020-07-05	614.531882009879	433.766757507761	349.816311243334	469.939286644592	324.867630190566	266.054884937507	869.453909462616	490.381099138403
2020-07-06	622.576675235804	440.521242492987	356.266337071975	481.489675801938	331.105587411294	272.762575058109	878.563197388206	494.85169394663
2020-07-07	630.199364257643	446.984812994753	362.446739684248	492.756790679487	336.959833305227	279.841951347634	886.821096224799	499.737728344631
2020-07-08	637.368054461042	453.139971859356	368.335045507617	503.697226057969	342.394161540639	287.257476915987	894.203365411383	504.981684934088
2020-07-09	644.050851231644	458.969221933094	373.908780969542	514.267576718113	347.372365785801	294.973614873073	900.685764386946	510.526046316681
2020-07-10	650.215859955095	464.455066062265	379.145472497483	524.424437440647	351.858239708988	302.954828328796	906.244052590478	516.313295094093
2020-07-11	655.831186017038	469.580007093166	384.022646518903	534.124403006302	355.815576978472	311.165580393061	910.853989460965	522.285913868005
2020-07-12	660.864934803118	474.326547872094	388.517829461263	543.324068195805	359.208171262525	319.570334175772	914.491334437398	528.386385240097
2020-07-13	665.290330918178	478.679705171085	392.610854229261	551.980033789505	362.012367998411	328.13656499756	917.144061975526	534.55742474914
2020-07-14	669.101075843847	482.634551465112	396.290779636549	560.048924566225	364.254719699351	336.843797021958	918.849006598148	540.742679682254
2020-07-15	672.295990280952	486.188673154889	399.548970974017	567.487371304405	365.974330647558	345.674566623228	919.655217844824	546.886030263647
2020-07-16	674.873894930321	489.339656641128	402.376793532553	574.252004782489	367.210305125246	354.61141017563	919.611745255117	552.931356717526
2020-07-17	676.833610492781	492.08508832454	404.765612603047	580.299455778917	368.001747414625	363.636864053423	918.767638368586	558.822539268101
2020-07-18	678.17395766916	494.422554605836	406.706793476388	585.586355072131	368.387761797908	372.733464630868	917.171946724793	564.503458139578
2020-07-19	678.893757160285	496.34964188573	408.191701443465	590.069333440573	368.407452557309	381.883748282224	914.873719863299	569.917993556166
2020-07-20	678.995332935186	497.866263865866	409.215505691836	593.71529696938	368.097204384891	391.069150016792	911.919398858434	575.017894847836
2020-07-21	678.495022035695	498.981643451623	409.788590995729	596.53225297048	367.482523612129	400.266699384024	908.344990923614	579.786387767609
2020-07-22	677.412664771849	499.707330849315	409.92514602604	598.538484062492	366.58619698035	409.452324568412	904.183894807023	584.214567174269
2020-07-23	675.768101453682	500.054876265255	409.639359453664	599.752272864042	365.43101123088	418.60195375445	899.469509256846	588.293527926602
2020-07-24	673.58117239123	500.035829905754	408.945419949499	600.19190199375	364.039753105046	427.691515126628	894.235233021268	592.01436488339
2020-07-25	670.871717894528	499.661741977127	407.85751618444	599.875654070239	362.435209344175	436.69693686944	888.514464848474	595.368172903418
2020-07-26	667.659578273612	498.944162685686	406.389836829383	598.821811712131	360.640166689593	445.594147167378	882.340603486648	598.34604684547
2020-07-27	663.964593838518	497.894642237744	404.556570555225	597.04865753805	358.677411882628	454.359074204934	875.747047683975	600.939081568331
2020-07-28	659.806604899279	496.524730839613	402.371906032861	594.574474166617	356.569731664605	462.9676461666	868.767196188641	603.138371930784
2020-07-29	655.205451765932	494.845978697607	399.850031933188	591.417544216455	354.339912776852	471.395791236868	861.434447748829	604.935012791614
2020-07-30	650.180974748512	492.869936018039	397.005136927102	587.596150306187	352.010741960694	479.619437600231	853.782201112726	606.320099009605
2020-07-31	644.753014157055	490.60815300722	393.851409685499	583.128575054434	349.60500595746	487.614513441181	845.843855028516	607.284725443541
2020-08-01	638.941410301595	488.072179871465	390.403038879275	578.033101079819	347.145491508475	495.35694694421	837.652808244383	607.819986952207
2020-08-02	632.766003492169	485.273566817086	386.674213179326	572.328011000964	344.654985355067	502.822666293811	829.242459508512	607.916978394386
2020-08-03	626.248653294501	482.221993027682	382.68033862887	566.03699593237	342.156338695488	509.98899461816	820.646930208539	607.570146302452
2020-08-04	619.419296297082	478.919653595992	378.441690760413	559.205380972047	339.672660555699	516.838834820174	811.903232289896	606.787343903138
2020-08-05	612.30988834409	475.366872592043	373.979762478783	551.883899713883	337.227124418586	523.356484746456	803.049100337466	605.579776096763
2020-08-06	604.952385279706	471.563974085861	369.316046688806	544.123285751767	334.842903767035	529.526242243604	794.122268936133	603.958647783649
2020-08-07	597.378742948109	467.511282147471	364.472036295312	535.974272679587	332.543172083934	535.332405158221	785.160472670781	601.935163864116
2020-08-08	589.620917193478	463.209120846901	359.469224203126	527.48759409123	330.351102852169	540.759271336909	776.201446126291	599.520529238488
2020-08-09	581.710863859995	458.657814254174	354.329103317078	518.713983580584	328.289869554626	545.791138626269	767.282923887548	596.725948807083
2020-08-10	573.679484724113	453.860853626587	349.072575713141	509.702393070506	326.382964217707	550.418455571425	758.437616976376	593.565161944989
2020-08-11	565.553465291388	448.834398970507	343.718180151884	500.494647799713	324.655153041869	554.656273511591	749.678142162372	590.062045926358
2020-08-12	557.358436999653	443.597777479568	338.283864565021	491.130791335894	323.131520771085	558.525794484505	741.012092652072	586.243012500104
2020-08-13	549.120031286738	438.170316347409	332.787576884267	481.650867246734	321.837152149326	562.048220527905	732.447061652016	582.134473415146
2020-08-14	540.863879590474	432.571342767664	327.247265041337	472.094919099919	320.797131920565	565.244753679527	723.990642368742	577.762840420399
2020-08-15	532.615613348694	426.82018393397	321.680876967946	462.502990463137	320.036544828773	568.13659597711	715.650428008786	573.154525264779
2020-08-16	524.400863999229	420.936167039962	316.106360595808	452.915124904074	319.580475617924	570.74494945839	707.434011778687	568.335939697205
2020-08-17	516.24526297991	414.938619279277	310.541663856639	443.371365990417	319.454009031989	573.091016161105	699.348986884984	563.333495466592
2020-08-18	508.174441728568	408.846867845551	305.004734682153	433.911757289851	319.68222981494	575.195998122992	691.402946534214	558.173604321857
2020-08-19	500.214031683035	402.68023993242	299.513521004065	424.576342370063	320.290222710749	577.081097381789	683.603483932915	552.882678011916
2020-08-20	492.389664281142	396.458062733519	294.08597075409	415.40516479874	321.303072463389	578.767515975234	675.958192287624	547.487128285686
2020-08-21	484.726970960721	390.199663442486	288.740031863943	406.438268143568	322.745863816832	580.276455941063	668.474664804881	542.013366892084
2020-08-22	477.251583159603	383.924369252955	283.493652265339	397.715695972233	324.64368151505	581.629119317014	661.160494691223	536.487805580025
2020-08-23	469.989132315619	377.651507358563	278.364779889992	389.277491852423	327.021610302015	582.846708140824	654.023275153187	530.936856098428
2020-08-24	462.963777803533	371.402427542338	273.372411214754	381.160165062307	329.90272461079	583.952424364396	647.067570213665	525.386142207628
2020-08-25	456.19379074583	365.206569944873	268.539736897016	373.386087721987	333.302057630798	584.977469596292	640.285827160953	519.858135713646
2020-08-26	449.695970201932	359.095397296155	263.890996139308	365.974097662049	337.232632240554	585.955045359237	633.667464099703	514.374520433921
2020-08-27	443.487115231256	353.10037232617	259.450428144157	358.943032713081	341.707471318571	586.918353175959	627.201899134566	508.956980185894
2020-08-28	437.584024893222	347.252957764903	255.242272114093	352.311730705667	346.739597743365	587.900594569183	620.878550370191	503.627198787004
2020-08-29	432.003498247248	341.584616342341	251.290767251644	346.099029470394	352.34203439345	588.934971061637	614.686835911228	498.406860054693
2020-08-30	426.762334352753	336.12681078847	247.620152759339	340.323766837848	358.527804147339	590.054684176046	608.61617386233	493.317647806399
2020-08-31	421.877332269156	330.911003833275	244.254667839705	335.004780638615	365.309929883548	591.292935435138	602.655982328144	488.381245859564
2020-09-01	417.365291055876	325.968658206742	241.218551695271	330.160908703281	372.70143448059	592.682926361639	596.795679413323	483.619338031626
2020-09-02	413.243009772331	321.331236638857	238.536043528566	325.810988862432	380.715340816979	594.257858478275	591.024683222517	479.053608140027
2020-09-03	409.527287477942	317.030201859606	236.231382542119	321.973858946654	389.36467177123	596.050933307772	585.332411860376	474.705740002207
2020-09-04	406.234923232125	313.097016598976	234.328807938457	318.668356786533	398.662450221858	598.095352372859	579.708283431549	470.597417435604
2020-09-05	403.382716094302	309.563143586951	232.852558920109	315.913320212656	408.621699047375	600.424317196259	574.141716040689	466.750324257661
2020-09-06	400.98746512389	306.460045553519	231.826874689605	313.727587055608	419.255441126298	603.071029300702	568.622127792445	463.186144285816
2020-09-07	399.063397990401	303.817194250453	231.274657568659	312.127345514889	430.57796819231	606.067414289172	563.142126824451	459.922069025041
2020-09-08	397.614456803724	301.656097516683	231.213462355738	311.118185265659	442.608647399782	609.440294085697	557.707081406277	456.957320730435
2020-09-09	396.642012283838	299.996272212928	231.659506968497	310.703046351989	455.368114758254	613.215214694563	552.325549840475	454.286629344624
2020-09-10	396.147435150725	298.857235199906	232.62900932459	310.884868817954	468.877006277266	617.417722120058	547.006090429598	451.904724810239
2020-09-11	396.132096124364	298.258503338335	234.13818734167	311.666592707626	483.15595796636	622.073362366468	541.757261476198	449.806337069907
2020-09-12	396.597365924738	298.219593488934	236.203258937392	313.051158065077	498.225605835075	627.20768143808	536.587621282829	447.986196066258
2020-09-13	397.544615271826	298.760022512421	238.84044202941	315.041504934381	514.106585892953	632.846225339182	531.505728152043	446.43903174192
2020-09-14	398.976834460041	299.89781039964	242.064930729452	317.640612131564	530.815984917861	639.015265128067	526.522980812353	445.164347983465
2020-09-15	400.903492081518	301.644989661938	245.887823925535	320.851613560471	548.35669276097	645.743972079065	521.662139696114	444.180744453233
2020-09-16	403.335676302827	304.012095940789	250.319196699752	324.677681896899	566.728050041779	653.062242520513	516.948805661639	443.51159475751
2020-09-17	406.284475290536	307.009664877665	255.369124134194	329.121989816646	585.929397379787	660.999972780746	512.408579567243	443.180272502579
2020-09-18	409.760977211212	310.64823211404	261.047681310954	334.187709995511	605.960075394493	669.587059188102	508.06706227124	443.210151294723
2020-09-19	413.776270231424	314.938333291387	267.364943312123	339.87801510929	626.819424705396	678.853398070917	503.949854631944	443.624604740227
2020-09-20	418.34144251774	319.890504051179	274.330985219793	346.196077833783	648.506785931993	688.828885757528	500.08255750767	444.447006445375
2020-09-21	423.467582236728	325.515280034889	281.955882116056	353.145070844787	671.021499693785	699.543418576272	496.490771756732	445.700730016451
2020-09-22	429.165777554956	331.82319688399	290.249709083003	360.7281668181	694.362906610269	711.026892855486	493.200098237445	447.409149059738
2020-09-23	435.447116638992	338.824790239955	299.222541202726	368.948538429519	718.530347300944	723.309204923505	490.236137808122	449.59563718152
2020-09-24	442.322687655404	346.530595744258	308.884453557318	377.809358354844	743.52316238531	736.420251108668	487.624491327077	452.283567988082
2020-09-25	449.803578770761	354.95114903837	319.24552122887	387.313799269871	769.340692482863	750.38992773931	485.390759652627	455.496315085708
2020-09-26	457.90087815163	364.096985763766	330.315819299474	397.465033850399	795.982278213105	765.248131143768	483.560543643083	459.257252080681
2020-09-27	466.625673964579	373.978641561919	342.105422851221	408.266234772226	823.447260195532	781.024757650378	482.159444156761	463.589752579285
2020-09-28	475.992740082492	384.608667158292	354.62294548878	419.722528968226	851.737738664197	797.75239753556	481.218459113146	468.513941770806
2020-09-29	486.031593203508	396.007673614314	367.871154907127	431.846860399581	880.866852311365	815.47441686806	480.790174676409	474.036951176536
2020-09-30	496.775435732082	408.198287075405	381.851357323815	444.654127284549	910.850499443853	834.236875664704	480.932574071889	480.16266390077
2020-10-01	508.257470072669	421.203133686982	396.564858956397	458.15922784139	941.70457836848	854.085833942322	481.703640524929	486.894963047802
2020-10-02	520.510898629723	435.044839594467	412.012966022425	472.377060288362	973.444987392065	875.067351717739	483.161357260869	494.237731721926
2020-10-03	533.568923807699	449.746030943278	428.196984739452	487.322522843722	1006.08762482142	897.227489007785	485.36370750505	502.194853027435
2020-10-04	547.464748011052	465.329333878834	445.118221325031	503.010513725731	1039.64838896338	920.612305829288	488.368674482813	510.770210068626
2020-10-05	562.229264902851	481.814775360978	462.778069487569	519.455206341986	1074.13332890782	945.259030529338	492.236312507767	519.971451845034
2020-10-06	577.884133180624	499.211985607246	481.178272898893	536.66787485745	1109.50909687699	971.169564776092	497.034960246595	529.821290937175
2020-10-07	594.448702800511	517.527995649595	500.320662721685	554.659068626424	1145.7324958762	998.336978567968	502.835027454246	540.346205820805
2020-10-08	611.942323718655	536.769836519986	520.207070118627	573.439337003211	1182.76032891077	1026.75434190339	509.70692388567	551.572674971682
2020-10-09	630.384345891196	556.944539250376	540.839326252401	593.019229342113	1220.549398986	1056.41472478076	517.721059295816	563.527176865564
2020-10-10	649.794119274279	578.059134872726	562.219262285689	613.409294997432	1259.05650910721	1087.31119719852	526.947843439636	576.236189978207
2020-10-11	670.190993824042	600.120654418992	584.348709381172	634.62008332347	1298.23846227972	1119.43682915508	537.457686072077	589.726192785371
2020-10-12	691.594319496629	623.136128921135	607.229498701533	656.662143674529	1338.05206150884	1152.78469064886	549.320996948092	604.023663762811
2020-10-13	714.023446248182	647.112589411113	630.863461409453	679.546025404913	1378.45410979988	1187.34785167828	562.60818582263	619.155081386287
2020-10-14	737.497724034842	672.057066920885	655.252428667614	703.282277868922	1419.40141015816	1223.11938224175	577.38966245064	635.146924131555
2020-10-15	762.036502812749	697.976592482409	680.398231638699	727.881450420859	1460.850765589	1260.0923523377	593.735836587072	652.025670474372
2020-10-16	787.659132538047	724.878197127644	706.302701485388	753.354092415025	1502.7589790977	1298.25983196455	611.717117986876	669.817798890496
2020-10-17	814.384963166877	752.768911888549	732.967669370364	779.710753205724	1545.08285368958	1337.61489112071	631.403916405002	688.549787855686
2020-10-18	842.23334465538	781.655767797084	760.394966456308	806.961982147258	1587.77919236996	1378.15059980461	652.866641596401	708.248115845697
2020-10-19	871.216300846415	811.534758096895	788.582344380672	835.115193388821	1630.80929865785	1419.85711253483	676.180373105509	728.934886728249
2020-10-20	901.316551129709	842.357724878389	817.511236679981	864.165260259181	1674.1524781271	1462.71292191059	701.438869634712	750.614705938898
2020-10-21	932.509488781703	874.065472443661	847.158997365529	894.103920881999	1717.79253686524	1506.69360505131	728.740559675885	773.287804305163
2020-10-22	964.770507078841	906.598805094805	877.502980448612	924.922913380935	1761.71328095983	1551.77473907636	758.1838717209	796.954412654563
2020-10-23	998.074999297566	939.898527133919	908.520539940525	956.613975879651	1805.89851649841	1597.93190110515	789.867234261633	821.614761814616
2020-10-24	1032.39835871432	973.905442863094	940.189029852561	989.168846501805	1850.33204956853	1645.14066825708	823.889075789956	847.269082612838
2020-10-25	1067.71597860554	1008.56035658443	972.485804196015	1022.57926337106	1894.99768625772	1693.37661765153	860.347824797741	873.917605876749
2020-10-26	1103.99136466221	1043.79795116868	1005.38001855411	1056.82411546659	1939.8601422899	1742.61711187486	899.329616882551	901.553142505733
2020-10-27	1141.14047223343	1079.52842376133	1038.80803479777	1091.83089518966	1984.80777193439	1792.84665538127	940.871416064693	930.138823686638
2020-10-28	1179.06736908281	1115.65585007649	1072.69801636985	1127.51424579705	2029.70983909689	1844.05153809189	984.997893470161	959.630360678179
2020-10-29	1217.67612297401	1152.0843058283	1106.9781267132	1163.78881054554	2074.43560768308	1896.21804992787	1031.73372022495	989.983464739069
2020-10-30	1256.87080167063	1188.7178667309	1141.57652927068	1200.5692326919	2118.85434159867	1949.33248081035	1081.10356745506	1021.15384712802
2020-10-31	1296.55547293633	1225.46060849841	1176.42138748514	1237.77015549291	2162.83530474933	2003.38112066049	1133.13210628647	1053.09721910376
2020-11-01	1336.63420453472	1262.21660684497	1211.44086479943	1275.30622220535	2206.24776104075	2058.35025939942	1187.8440078452	1085.76929192498
2020-11-02	1377.01106422943	1298.88993748471	1246.56312465641	1313.092076086	2248.96097437864	2114.2261869483	1245.26394325722	1119.12577685041
2020-11-03	1417.5901197841	1335.38467613177	1281.71633049893	1351.04236039164	2290.84420866868	2170.99519322826	1305.41658364854	1153.12238513877
2020-11-04	1458.27543896235	1371.60489850027	1316.82864576984	1389.07171837904	2331.76672781655	2228.64356816046	1368.32660014515	1187.71482804876
2020-11-05	1498.97108952782	1407.45468030435	1351.828233912	1427.09479330499	2371.59779572796	2287.15760166603	1434.01866387304	1222.8588168391
2020-11-06	1539.58113924414	1442.83809725815	1386.64325836826	1465.02622842626	2410.20667630858	2346.52358366612	1502.51744595821	1258.5100627685
2020-11-07	1580.00965587493	1477.65922507579	1421.20188258147	1502.78066699964	2447.46263346412	2406.72780408188	1573.84761752665	1294.62427709568
2020-11-08	1620.16070718383	1511.8221394714	1455.43226999449	1540.27275228189	2483.23493110026	2467.75655283445	1648.03384970437	1331.15717107936
2020-11-09	1659.93596937764	1545.23061483228	1489.26463621298	1577.41630576659	2517.38908944634	2529.60878010978	1725.07965018823	1368.05835103778
2020-11-10	1699.2275524359	1577.78722023829	1522.63740549385	1614.12186189451	2549.77565402627	2592.33407715296	1804.90387295865	1405.25300352733
2020-11-11	1737.92517478132	1609.39422344248	1555.49105425679	1650.29913334319	2580.24142668763	2655.9946954739	1887.40420856693	1442.66021016393
2020-11-12	1775.91855483659	1639.95389219787	1587.76605892154	1685.85783279019	2608.63320927798	2720.65288658249	1972.47834756438	1480.19905256351
2020-11-13	1813.09741102444	1669.36849425749	1619.40289590779	1720.70767291307	2634.79780364487	2786.37090198863	2060.02398050229	1517.78861234199
2020-11-14	1849.35146176756	1697.54029737438	1650.34204163526	1754.75836638937	2658.58201163588	2853.21099320222	2149.93879793195	1555.3479711153
2020-11-15	1884.57042548867	1724.37156930156	1680.52397252367	1787.91962589666	2679.83263509858	2921.23541173316	2242.12049040467	1592.79621049936
2020-11-16	1918.65553012782	1749.77936895788	1709.89117497713	1820.10893149547	2698.42998919105	2990.47062255711	2336.46156676292	1630.05667500886
2020-11-17	1951.5540416944	1773.73991992546	1738.39417533746	1851.27483277837	2714.38844231348	3060.7999445128	2432.83380901386	1667.06976075361
2020-11-18	1983.22473571516	1796.24423695224	1765.98550993086	1881.37364672088	2727.75587617661	3132.07090990473	2531.1038174558	1703.78012674218
2020-11-19	2013.62638771682	1817.28333478613	1792.61771508355	1910.36169029855	2738.58017249116	3204.1310510374	2631.13819238708	1740.13243198314
2020-11-20	2042.71777322615	1836.84822817508	1818.24332712175	1938.19528048693	2746.90921296784	3276.8279002153	2732.80353410602	1776.07133548506
2020-11-21	2070.45766776986	1854.92993186701	1842.81488237167	1964.83073426155	2752.79087931739	3350.00898974293	2835.96644291095	1811.54149625653
2020-11-22	2096.80484687471	1871.51946060987	1866.28491715953	1990.22436859796	2756.27305325052	3423.52185192479	2940.4935191002	1846.4875733061
2020-11-23	2121.71808606743	1886.60782915157	1888.60596781155	2014.33250047171	2757.40361647797	3497.21401906537	3046.25136297208	1880.85422564236
2020-11-24	2145.15616087477	1900.18605224006	1909.73057065393	2037.11144685832	2756.23045071044	3570.93302346918	3153.10657482493	1914.58611227388
2020-11-25	2167.07784682345	1912.24514462326	1929.6112620129	2058.51752473334	2752.80143765867	3644.5263974407	3260.92575495707	1947.62789220923
2020-11-26	2187.44191944022	1922.77612104911	1948.20057821467	2078.50705107233	2747.16445903338	3717.84167328444	3369.57550366683	1979.92422445699
2020-11-27	2206.20715425182	1931.76999626554	1965.45105558545	2097.03634285081	2739.36739654529	3790.72638330489	3478.92242125253	2011.41976802572
2020-11-28	2223.33232678499	1939.21778502048	1981.31523045147	2114.06171704433	2729.45813190512	3863.02805980656	3588.83310801251	2042.05918192401
2020-11-29	2238.77621256647	1945.11050206187	1995.74563913894	2129.53949062843	2717.48454682361	3934.59423509393	3699.17416424508	2071.78712516042
2020-11-30	2252.50553412763	1949.44387346315	2008.69826929818	2143.43445435136	2703.50606536024	4005.25817318508	3809.7865944703	2100.55391588165
2020-12-01	2264.51880201837	1952.23247059987	2020.14291387594	2155.74529405219	2687.62828096966	4074.79606495242	3920.40902009515	2128.33250878693
2020-12-02	2274.82247379324	1953.49557617308	2030.0528171431	2166.47916934267	2669.96832945528	4142.96983298195	4030.75446674833	2155.10151771359
2020-12-03	2283.42300700677	1953.25247288384	2038.4012233705	2175.64323983459	2650.64334662051	4209.54139985963	4140.53596005854	2180.83955649899
2020-12-04	2290.3268592135	1951.52244343322	2045.16137682902	2183.2446651397	2629.77046826876	4274.27268817147	4249.46652565448	2205.52523898045
2020-12-05	2295.54048796796	1948.32477052227	2050.30652178952	2189.29060486978	2607.46683020345	4336.92562050345	4357.25918916486	2229.13717899533
2020-12-06	2299.0703508247	1943.67873685204	2053.80990252286	2193.78821863659	2583.84956822799	4397.26211944155	4463.62697621838	2251.65399038098
2020-12-07	2300.94194500955	1937.62204080933	2055.66468272409	2196.76480105099	2559.04075373747	4455.08229479247	4568.2878759203	2273.06343066844
2020-12-08	2301.2569264336	1930.26604352381	2055.94370378509	2198.32818672017	2533.18220049376	4510.33900524568	4670.97973128217	2293.38983216366
2020-12-09	2300.13599067922	1921.74052181088	2054.73972652189	2198.60634525041	2506.42065785037	4563.02329671137	4771.44534879209	2312.66667086627
2020-12-10	2297.6998333288	1912.17525248596	2052.14551175055	2197.72724624799	2478.90287516086	4613.12621509971	4869.42753493816	2330.92742277592
2020-12-11	2294.06914996471	1901.70001236444	2048.25382028712	2195.81885931918	2450.77560177876	4660.63880632089	4964.66909620848	2348.20556389226
2020-12-12	2289.36463616934	1890.44457826173	2043.15741294766	2193.00915407027	2422.1855870576	4705.55211628508	5056.91283909116	2364.53457021492
2020-12-13	2283.70698752507	1878.53872699323	2036.94905054822	2189.42610010754	2393.27958035091	4747.85719090248	5145.9015700743	2379.94791774356
2020-12-14	2277.21689961429	1866.11223537436	2029.72149390484	2185.19766703726	2364.20433101225	4787.54507608325	5231.378095646	2394.47908247781
2020-12-15	2270.01506801936	1853.2948802205	2021.56750383359	2180.45182446571	2335.10658839513	4824.60681773759	5313.08522229435	2408.16154041733
2020-12-16	2262.22218832268	1840.21643834707	2012.57984115052	2175.31654199917	2306.1331018531	4859.03346177566	5390.76575650749	2421.02876756176
2020-12-17	2253.95895610662	1827.00668656947	2002.85126667167	2169.91978924393	2277.4306207397	4890.81605410766	5464.16250477348	2433.11423991075
2020-12-18	2245.34606695356	1813.79540170311	1992.4745412131	2164.38953580625	2249.14589440845	4919.94564064376	5533.01827358045	2444.45143346393
2020-12-19	2236.5042164459	1800.71236056339	1981.54242559086	2158.85375129242	2221.42567221291	4946.41326729414	5597.07586941649	2455.07382422095
2020-12-20	2227.554100166	1787.88733996571	1970.14768062101	2153.44040530872	2194.41670350659	4970.20997996899	5656.07809876971	2465.01488818146
2020-12-21	2218.58282211605	1775.41534250867	1958.35694918052	2148.24420675489	2168.23727773013	4991.30592492015	5709.77031190791	2474.28911242184
2020-12-22	2209.54311997744	1763.25227392369	1946.13240239003	2143.22682170461	2142.89184467245	5009.58764976612	5757.90803421771	2482.83502832541
2020-12-23	2200.35413985136	1751.31926572534	1933.4100934311	2138.316655525	2118.35639420958	5024.92080246708	5800.24933486546	2490.57217835225
2020-12-24	2190.93502783899	1739.53744942823	1920.12607548531	2133.44211358319	2094.60691621754	5037.17103098321	5836.55228301747	2497.42010496241
2020-12-25	2181.20493004151	1727.82795654695	1906.21640173421	2128.53160124632	2071.61940057235	5046.20398327466	5866.57494784006	2503.29835061596
2020-12-26	2171.08299256013	1716.11191859609	1891.61712535937	2123.51352388153	2049.36983715003	5051.88530730162	5890.07539849958	2508.12645777296
2020-12-27	2160.48836149602	1704.31046709027	1876.26429954236	2118.31628685593	2027.8342158266	5054.08065102426	5906.81170416235	2511.82396889348
2020-12-28	2149.34447802169	1692.34667106988	1860.1040815641	2112.86857350925	2006.9859764559	5052.67413821648	5916.593705722	2514.3178536722
2020-12-29	2137.59196359492	1680.15134967865	1843.12304510293	2107.10017907151	1986.78835880306	5047.62379590715	5919.43833098139	2515.56479074225
2020-12-30	2125.17573474483	1667.65725958611	1825.31786793656	2100.94117674532	1967.20205261106	5038.90612693888	5915.41427947069	2515.52888597141
2020-12-31	2112.04070800049	1654.79715746178	1806.6852278427	2094.32163973326	1948.18774762285	5026.49763415426	5904.59025072006	2514.17424522744
2021-01-01	2098.13179989103	1641.5037999752	1787.22180259904	2087.17164123795	1929.70613358138	5010.3748203959	5887.03494425967	2511.46497437809
2021-01-02	2083.39392694553	1627.7099437959	1766.92426998331	2079.42125446198	1911.71790022963	4990.51418850641	5862.81705961969	2507.36517929113
2021-01-03	2067.77200569311	1613.34834559342	1745.78930777319	2071.00055260795	1894.18373731054	4966.89224132838	5832.00529633028	2501.83896583432
2021-01-04	2051.21095266286	1598.35176203729	1723.8135937464	2061.83960887848	1877.06433456709	4939.48548170442	5794.6683539216	2494.85043987542
2021-01-05	2033.65568438388	1582.65294979704	1700.99380568064	2051.86849647615	1860.32038174223	4908.27041247713	5750.87493192383	2486.36370728219
2021-01-06	2015.05111738528	1566.18466554219	1677.32662135362	2041.01728860358	1843.91256857892	4873.22353648911	5700.69372986713	2476.34287392239
2021-01-07	1995.34216819615	1548.8796659423	1652.80871854304	2029.21605846335	1827.80158482012	4834.32135658298	5644.19344728166	2464.75204566379
2021-01-08	1974.47375334561	1530.67070766688	1627.43677502661	2016.39487925808	1811.94812020879	4791.54037560132	5581.44278369759	2451.55532837414
2021-01-09	1952.39078936274	1511.49054738547	1601.20746858202	2002.48382419036	1796.3128644879	4744.85709638675	5512.51043864509	2436.71682792121
2021-01-10	1929.03819277665	1491.27194176761	1574.117476987	1987.4129664628	1780.8565074004	4694.24802178187	5437.46511165433	2420.20065017277
2021-01-11	1904.38815131226	1469.97627961274	1546.18564786573	1971.13576641887	1765.54134798423	4639.74217970052	5356.44561759654	2401.99320750727
2021-01-12	1878.52193747768	1447.67947824005	1517.51950822836	1953.69923296547	1750.33612245723	4581.57869834151	5269.87123270736	2382.17013834605
2021-01-13	1851.54809497687	1424.48608709864	1488.24875493154	1935.17376215041	1735.21117633223	4520.04923097492	5178.23134856345	2360.82938762115
2021-01-14	1823.57516751376	1400.50065563759	1458.50308483192	1915.62975002145	1720.13685512203	4455.44543087078	5082.01535674154	2338.06890026462
2021-01-15	1794.71169879229	1375.82773330601	1428.41219478613	1895.1375926264	1705.08350433947	4388.05895129917	4981.71264881829	2313.98662120848
2021-01-16	1765.0662325164	1350.571869553	1398.10578165082	1873.76768601304	1690.02146949736	4318.18144553014	4877.81261637042	2288.68049538478
2021-01-17	1734.74731239002	1324.83761382766	1367.71354228263	1851.59042622914	1674.92109610852	4246.10456683375	4770.80465097461	2262.24846772555
2021-01-18	1703.8575870716	1298.72299257903	1337.35086742584	1828.67585518496	1659.75505094683	4172.10899062602	4661.14887301176	2234.78785453855
2021-01-19	1672.4761250375	1272.29994025599	1307.07592337517	1805.09259824054	1644.50528583039	4096.43148090691	4549.18831807956	2206.39345763429
2021-01-20	1640.6760997186	1245.63386830735	1276.93257031302	1780.9089266184	1629.15607383837	4019.29782382232	4435.23675057989	2177.159450199
2021-01-21	1608.53068454578	1218.79018818194	1246.96466842173	1756.19311154105	1613.69168804993	3940.93380551817	4319.60793491466	2147.18000541892
2021-01-22	1576.11305294989	1191.83431132858	1217.21607788369	1731.01342423099	1598.09640154424	3861.56521214037	4202.61563548574	2116.54929648026
2021-01-23	1543.49637836182	1164.83164919608	1187.73065888127	1705.43813591074	1582.35448740046	3781.41782983483	4084.57361669504	2085.36149656926
2021-01-24	1510.75383421243	1137.84761323327	1158.55227159682	1679.53551780282	1566.45021869776	3700.71744474748	3965.79564294443	2053.71077887215
2021-01-25	1477.95859393259	1110.94761488897	1129.72477621273	1653.37384112972	1550.36786851529	3619.6898430242	3846.5954786358	2021.69131657514
2021-01-26	1445.18383095318	1084.197065612	1101.29203291135	1627.02137711396	1534.09170993223	3538.56081081094	3727.28688817106	1989.39728286448
2021-01-27	1412.50271870507	1057.66137685118	1073.29790187507	1600.54639697804	1517.60601602774	3457.5561342536	3608.18363595209	1956.92285092639
2021-01-28	1379.98843061912	1031.40596005532	1045.78624328624	1574.01717194449	1500.89505988098	3376.90159949809	3489.59948638078	1924.36219394709
2021-01-29	1347.71414012621	1005.49622667326	1018.80091732725	1547.50197323581	1483.94311457112	3296.82299269033	3371.84820385902	1891.80948511281
2021-01-30	1315.75302065721	979.997588153808	992.385784180446	1521.06907207451	1466.73445317732	3217.54609997622	3255.2435527887	1859.35889760978
2021-01-31	1284.17824564299	954.975455945787	966.584704028212	1494.7867396831	1449.25334877874	3139.2967075017	3140.09929757171	1827.10460462424
2021-02-01	1253.06014949508	930.490943437229	941.435647088407	1468.72272849348	1431.50809712274	3062.29179888554	3026.69985329024	1795.14518460774
2021-02-02	1222.45771054763	906.58797177301	916.953023720868	1442.94271577508	1413.60308462945	2986.71314763811	2915.21223774775	1763.59683707327
2021-02-03	1192.42706811546	883.306164037218	893.145354320925	1417.51186000672	1395.66672038718	2912.73372474263	2805.77411942798	1732.58016679914
2021-02-04	1163.02436151337	860.685143313942	870.02115928391	1392.49531966724	1377.82741348424	2840.52650118233	2698.52316681469	1702.21577856366
2021-02-05	1134.3057300562	838.764532687268	847.588959005151	1367.95825323545	1360.21357300895	2770.26444794046	2593.59704839163	1672.62427714515
2021-02-06	1106.32731305874	817.583955241285	825.857273879981	1343.96581919017	1342.95360804963	2702.12053600024	2491.13343264254	1643.92626732193
2021-02-07	1079.14524983581	797.183034060081	804.834624303729	1320.58317601024	1326.1759276946	2636.2677363449	2391.2699880512	1616.24235387231
2021-02-08	1052.80981182025	777.598774865835	784.529568942252	1297.8707289809	1310.00421430556	2572.85285873548	2294.1248434285	1589.67234256543
2021-02-09	1027.34779891699	758.857713933094	764.95081954352	1275.86987061315	1294.54324333787	2511.91806804423	2199.7379688941	1564.23284313378
2021-02-10	1002.78014314896	740.983770174496	746.107126126026	1254.61724022445	1279.89306352025	2453.47936792119	2108.12979489476	1539.91966630066
2021-02-11	979.127776539128	724.000862502681	728.007238708267	1234.14947713221	1266.15372358146	2397.55276201639	2019.32075187731	1516.72862278937
2021-02-12	956.411631110427	707.932909830287	710.659907308737	1214.50322065388	1253.42527225023	2344.15425397989	1933.33127028852	1494.65552332322
2021-02-13	934.652638885808	692.80383106995	694.07388194593	1195.7151101069	1241.8077582553	2293.29984746173	1850.18178057518	1473.69617862551
2021-02-14	913.87173188822	678.637545134313	678.257912638344	1177.82178480869	1231.40123032541	2245.00554611196	1769.89271318412	1453.84639941956
2021-02-15	894.08984214061	665.457970936013	663.220749404473	1160.8598840767	1222.30573718931	2199.28735358061	1692.48449856211	1435.10199642867
2021-02-16	875.327901665926	653.289027387688	648.971142262812	1144.86604722837	1214.62132757574	2156.16127351775	1617.97756715596	1417.45878037614
2021-02-17	857.606842487115	642.154633401976	635.517841231856	1129.87691358113	1208.44805021344	2115.6433095734	1546.39234941245	1400.91256198528
2021-02-18	840.947596627124	632.078707891518	622.8695963301	1115.92912245241	1203.88595383114	2077.74946539761	1477.74927577839	1385.4591519794
2021-02-19	825.3710961089	623.08516976895	611.035157576039	1103.05931315965	1201.03508715759	2042.49574464043	1412.06877670057	1371.0943610818
2021-02-20	810.898272955392	615.197937946912	600.023274988169	1091.3041250203	1199.99549892153	2009.8981509519	1349.37128262579	1357.81400001578
2021-02-21	797.550059189547	608.440931338042	589.842698584985	1080.70019735178	1200.86723785171	1979.97268798206	1289.67722400083	1345.61387950466
2021-02-22	785.343850649816	602.833836780287	580.506508715684	1071.28002086725	1203.74954856548	1952.7212547988	1232.986773343	1334.47634218365
2021-02-23	774.282898436673	598.37941281283	572.045107052272	1063.05949186271	1208.73845923471	1928.08933214126	1179.21907145152	1324.32985833567
2021-02-24	764.366917466092	595.076185900159	564.493225597457	1056.0503580299	1215.92919391989	1906.00829616645	1128.27300119615	1315.08943015553
2021-02-25	755.595622654052	592.922682506766	557.885596353949	1050.26436706053	1225.4169766815	1886.40952303136	1080.0474454466	1306.67005983807
2021-02-26	747.968728916527	591.91742909714	552.256951324455	1045.71326664634	1237.29703158004	1869.22438889298	1034.44128707261	1298.9867495781
2021-02-27	741.485951169496	592.058952135772	547.642022511685	1042.40880447904	1251.66458267598	1854.3842699083	991.353408943916	1291.95450157045
2021-02-28	736.147004328933	593.345778087151	544.075541918345	1040.36272825036	1268.61485402982	1841.82054223432	950.682693930254	1285.48831800994
2021-03-01	731.947067031823	595.769550453475	541.584043278178	1039.57983230394	1288.20976529648	1831.45490315017	912.331012002454	1279.51072526308
2021-03-02	728.863172799172	599.294380887771	540.161267249056	1040.03709759102	1310.37801850862	1823.1703344236	876.212181535744	1273.97434638309
2021-03-03	726.867818872996	603.877498080775	539.792756219882	1041.70455171477	1335.01501129337	1816.8401389445	842.243008006452	1268.83932859489
2021-03-04	725.933502495308	609.476130723221	540.464052579562	1044.55222227834	1362.01614127783	1812.33761960275	810.340296890906	1264.06581912338
2021-03-05	726.032720908123	616.047507505844	542.160698717001	1048.5501368849	1391.27680608911	1809.53607928826	780.420853665431	1259.61396519346
2021-03-06	727.137971353454	623.548857119377	544.868237021103	1053.66832313761	1422.69240335431	1808.30882089089	752.401483806358	1255.44391403005
2021-03-07	729.221751073316	631.937408254557	548.572209880773	1059.87680863961	1456.15833070054	1808.52914730056	726.198992790013	1251.51581285804
2021-03-08	732.256557309723	641.170389602118	553.258159684916	1067.14562099409	1491.56998575492	1810.07036140714	701.730186092723	1247.78980890236
2021-03-09	736.214887304689	651.205029852794	558.911628822435	1075.44478780418	1528.82276614454	1812.80576610053	678.911869190816	1244.22604938791
2021-03-10	741.069238300229	661.998557697321	565.518159682237	1084.74433667307	1567.81206949653	1816.60866427061	657.660847560619	1240.78468153959
2021-03-11	746.792107538355	673.508201826433	573.063294653225	1095.01429520389	1608.43329343798	1821.35235880728	637.893926678461	1237.42585258231
2021-03-12	753.355992261084	685.691190930865	581.532576124305	1106.22469099982	1650.58183559601	1826.91015260042	619.527912020666	1234.10970974098
2021-03-13	760.733389710429	698.504753701351	590.91154648438	1118.34555166401	1694.15309359773	1833.15534853993	602.479609063565	1230.79640024051
2021-03-14	768.896797128403	711.906118828627	601.185748122356	1131.34690479962	1739.04246507023	1839.96124951569	586.665823283484	1227.44607130581
2021-03-15	777.814353339847	725.849101919309	612.331626700429	1145.19323560104	1785.11361686421	1847.19439364038	572.006871056789	1224.02103741835
2021-03-16	787.436763500903	740.27386624355	624.289240973958	1159.82685962751	1832.10329272457	1854.69425991783	558.437112360003	1220.49228208589
2021-03-17	797.710374350538	755.117161987381	636.989552971597	1175.18455002952	1879.71650561981	1862.29356257464	545.894418069688	1216.83295607279
2021-03-18	808.581532627721	770.315739336837	650.363524721996	1191.20307995752	1927.65826851842	1869.82501583743	534.316659062405	1213.01621014337
2021-03-19	819.996585071418	785.806348477951	664.342118253807	1207.81922256201	1975.63359438888	1877.1213339328	523.641706214716	1209.01519506197
2021-03-20	831.901878420598	801.525739596757	678.856295595682	1224.96975099346	2023.34749619969	1884.01523108737	513.807430403182	1204.80306159293
2021-03-21	844.243759414228	817.410662879287	693.837018776273	1242.59143840233	2070.50498691933	1890.33942152774	504.751702504364	1200.35296050059
2021-03-22	856.968574791277	833.397868511576	709.215249824231	1260.62105793911	2116.81107951629	1895.92661948052	496.412393394825	1195.63804254928
2021-03-23	870.02267129071	849.424106679656	724.921950768209	1278.99538275427	2161.97078695906	1900.60953917233	488.727373951125	1190.63145850334
2021-03-24	883.352395651497	865.426127569562	740.888083636857	1297.65118599828	2205.68912221613	1904.22089482977	481.634515049827	1185.30635912712
2021-03-25	896.904094612606	881.340681367328	757.044610458829	1316.52524082161	2247.67109825599	1906.59340067945	475.071687567491	1179.63589518494
2021-03-26	910.624114913003	897.104518258984	773.322493262775	1335.55432037475	2287.62172804712	1907.55977094799	468.976762380681	1173.59321744114
2021-03-27	924.458803291657	912.654388430567	789.652694077346	1354.67519780816	2325.24602455801	1906.95271986199	463.287610365955	1167.15147666007
2021-03-28	938.354506487534	927.927042068108	805.966174931195	1373.82464627233	2360.24900075716	1904.60496164807	457.942102399878	1160.28382360606
2021-03-29	952.257192094484	942.86266773085	822.193603261568	1392.94280040509	2392.34187859919	1900.3763920425	452.879673160928	1152.96417442505
2021-03-30	966.111311125875	957.415207470866	838.264468140085	1411.9832407938	2421.26071598333	1894.23563282024	448.046012535258	1145.16950678946
2021-03-31	979.86093544996	971.542041713435	854.107964046961	1430.90290951317	2446.74777979495	1886.17848726594	443.38837421094	1136.87756375328
2021-04-01	993.450136934987	985.200550883838	869.653285462411	1449.65874863793	2468.54533691941	1876.20075866421	438.854011876046	1128.06608837054
2021-04-02	1006.82298744921	998.348115407356	884.829626866651	1468.20770024279	2486.39565424208	1864.2982502997	434.390179218646	1118.71282369525
2021-04-03	1019.92355886087	1010.94211570927	899.566182739893	1486.50670640248	2500.04099864832	1850.46676545704	429.944129926813	1108.79551278142
2021-04-04	1032.69592303823	1022.93993221486	913.792147562354	1504.51270919171	2509.22363702352	1834.70210742085	425.463117688618	1098.29189868306
2021-04-05	1045.08695716207	1034.30026679938	927.443048922976	1522.17908543188	2513.75038742539	1817.01605407999	420.903595159284	1087.18637752131
2021-04-06	1057.05475966333	1044.98710713797	940.479746845618	1539.4449509311	2513.68627260109	1797.48428174017	416.258810862642	1075.48995768589
2021-04-07	1068.56023428546	1054.96576235575	952.869434462868	1556.24585624415	2509.16086647016	1776.19844131132	411.531212289674	1063.2203006336
2021-04-08	1079.56428477193	1064.20154157783	964.57930490731	1572.51735192582	2500.30374295212	1753.25018370335	406.723246931363	1050.3950678213
2021-04-09	1090.02781486621	1072.65975392932	975.576551311532	1588.1949885309	2487.2444759665	1728.7311598262	401.83736227869	1037.03192070579
2021-04-10	1099.91172831177	1080.30570853534	985.828366808121	1603.21431661416	2470.11263943282	1702.7330205898	396.876005822639	1023.14852074393
2021-04-11	1109.17692885207	1087.104714521	995.301944529664	1617.5108867304	2449.0378072706	1675.34741690406	391.841625054191	1008.76252939253
2021-04-12	1117.78432023058	1093.02208101142	1003.96447760875	1631.0202494344	2424.14955339937	1646.66599967892	386.736667464329	993.891608108421
2021-04-13	1125.69480619076	1098.02311713172	1011.78315917796	1643.67795528094	2395.57745173866	1616.7804198243	381.563580544036	978.553418348443
2021-04-14	1132.86929047609	1102.073132007	1018.72518236988	1655.41955482481	2363.45107620799	1585.78232825012	376.324811784293	962.765621569422
2021-04-15	1139.26867683002	1105.13743476238	1024.7577403171	1666.18059862079	2327.90000072689	1553.76337586632	371.022808676083	946.545879228189
2021-04-16	1144.85386899602	1107.18133452298	1029.84802615222	1675.89663722367	2289.05379921488	1520.81521358282	365.660018710388	929.911852781574
2021-04-17	1149.58577071756	1108.17014041391	1033.9632330078	1684.50322118823	2247.04204559149	1487.02949230955	360.238889378191	912.881203686407
2021-04-18	1153.42528573811	1108.06916156028	1037.07055401645	1691.93590106927	2201.99431377624	1452.49786295643	354.761868170475	895.471593399519
2021-04-19	1156.3384365493	1106.84844168997	1039.14160971884	1698.13501284162	2154.07418128154	1417.31255721838	349.232673638609	877.704322341598
2021-04-20	1158.31172063545	1104.49696294186	1040.16573028809	1703.06003416042	2103.58123999131	1381.5681299303	343.660108575521	859.61524678877
2021-04-21	1159.33675422905	1101.00844205761	1040.13667330539	1706.67522810084	2050.84908538234	1345.35971671208	338.054246834525	841.243861981016
2021-04-22	1159.40515356259	1096.37659577885	1039.04819635195	1708.94485773807	1996.21131293143	1308.78245318362	332.425162268936	822.62966315832
2021-04-23	1158.50853486856	1090.59514084724	1036.89405700898	1709.83318614731	1940.00151811539	1271.9314749648	326.782928732069	803.812145560666
2021-04-24	1156.63851437945	1083.65779400443	1033.66801285767	1709.30447640374	1882.553296411	1234.90191767551	321.137620077239	784.830804428035
2021-04-25	1153.78670832776	1075.55827199205	1029.36382147923	1707.32299158254	1824.20024329507	1197.78891693566	315.499310157762	765.725135000412
2021-04-26	1149.95036349802	1066.29913299974	1023.98248797508	1703.86058178842	1765.2422878844	1160.67981964393	309.874384804443	746.531214421458
2021-04-27	1145.14924888302	1055.91830100903	1017.55400752747	1698.91944524411	1705.84469385584	1123.63081781427	304.254477758059	727.271447449557
2021-04-28	1139.40876402762	1044.46254144942	1010.11562283886	1692.5093672019	1646.13905852625	1086.69031473942	298.627534736877	707.964820746769
2021-04-29	1132.75430847666	1031.97861975042	1001.70457661172	1684.64013291404	1586.25697921248	1049.90671371214	292.981501459166	688.630320975155
2021-04-30	1125.21128177499	1018.51330134154	992.3581115485	1675.32152763279	1526.3300532314	1013.32841802517	287.304323643193	669.286934796779
2021-05-01	1116.80508346745	1004.11335165228	982.113470351675	1664.56333661041	1466.48987789985	977.003830971249	281.583947007225	649.953648873699
2021-05-02	1107.56111309889	988.825536112164	971.007895723705	1652.37534509917	1406.86805053471	940.981355843137	275.808317269531	630.64944986798
2021-05-03	1097.50477021416	972.696620150685	959.078630367051	1638.76733835133	1347.59616845281	905.309395933575	269.965380148378	611.39332444168
2021-05-04	1086.66145435811	955.773369197358	946.362916984179	1623.74910161915	1288.80582897102	870.036354535316	264.043081362035	592.204259256864
2021-05-05	1075.05656507558	938.102548681689	932.89799827755	1607.3304201549	1230.6286294062	835.210634941105	258.029366628769	573.101240975593
2021-05-06	1062.71550191142	919.730924033187	918.721116949629	1589.52107921084	1173.19616707521	800.880640443689	251.912181666847	554.103256259926
2021-05-07	1049.66366441048	900.705260681359	903.869515702878	1570.33086403922	1116.64003929489	767.094774335817	245.679472194538	535.229291771927
2021-05-08	1035.9264521176	881.072324055712	888.380437239761	1549.76955989232	1061.09184338212	733.901439910236	239.31918393011	516.498334173657
2021-05-09	1021.52926457763	860.878879585755	872.29112426274	1527.84695202239	1006.68317665374	701.349040459692	232.819262591829	497.929370127177
2021-05-10	1006.50147769589	840.179029932811	855.644550395332	1504.58588974975	953.530391482103	669.48042674854	226.175602981665	479.543227893777
2021-05-11	990.888372819637	819.056226685465	838.506612945261	1480.06147866691	901.688860461509	638.316239427553	219.415896236387	461.368102131659
2021-05-12	974.739207656571	797.601258664117	820.948940141308	1454.36188843443	851.198711241748	607.871566619109	212.575782576467	443.434029098252
2021-05-13	958.103239914416	775.904914689168	803.04316021225	1427.57528871287	802.100071472611	578.161496445588	205.690902222373	425.771045050985
2021-05-14	941.029727300888	754.057983581019	784.860901386865	1399.7898491628	754.433068803889	549.201117029369	198.796895394578	408.409186247288
2021-05-15	923.567927523704	732.151254160069	766.473791893932	1371.09373944476	708.237830885373	521.005516492829	191.929402313551	391.378488944591
2021-05-16	905.767098290583	710.275515246719	747.953459962231	1341.57512921934	663.554485366853	493.589782958348	185.124063199764	374.708989400324
2021-05-17	887.674260242101	688.512335347053	729.366561275987	1311.31814862064	620.416271161315	466.96773890056	178.415736566749	358.426568253495
2021-05-18	869.327485750277	666.90640170988	710.759861341227	1280.39076967705	578.828872234527	441.148144203117	171.836154100295	342.540483669432
2021-05-19	850.762610119988	645.493181269695	692.175153119424	1248.85692489051	538.791083815455	416.138493101928	165.416265779254	327.055838195039
2021-05-20	832.015468656114	624.308140960991	673.654229572052	1216.78054676297	500.301701133063	391.946279832899	159.187021582476	311.977734377224
2021-05-21	813.121896663533	603.386747718261	655.238883660585	1184.22556779636	463.359519416316	368.57899863194	153.179371488813	297.311274762893
2021-05-22	794.117729447122	582.764468475999	636.970908346497	1151.25592049263	427.963333894177	346.044143734958	147.424265477116	283.061561898952
2021-05-23	775.038802311759	562.476770168697	618.89209659126	1117.93553735372	394.11193979561	324.349209377859	141.952653526236	269.233698332306
2021-05-24	755.920950562325	542.55911973085	601.044241356352	1084.32835088157	361.804132349582	303.501689796555	136.795485615026	255.832786609863
2021-05-25	736.800009503697	523.046984096952	583.469135603245	1050.49829357813	331.038706785057	283.50907922695	131.983711722335	242.863929278528
2021-05-26	717.711814440754	503.975830201496	566.208572293413	1016.50929794534	301.814458330998	264.378871904954	127.548281827017	230.332228885208
2021-05-27	698.692200678372	485.381124978974	549.304344388329	982.425296485132	274.13018221637	246.118562066474	123.520145907921	218.242787976809
2021-05-28	679.777003521432	467.29833536388	532.798244849468	948.310221699461	247.984673670138	228.735643947418	119.930253943899	206.600709100236
2021-05-29	661.002058274811	449.762928290709	516.732066638304	914.228006090265	223.376727921265	212.237611783694	116.809555913803	195.411094802396
2021-05-30	642.403200243387	432.810370693952	501.147602716311	880.242582159486	200.305140198717	196.63195981121	114.189001796484	184.679047630196
2021-05-31	624.021577928172	416.474047105702	486.087882595971	846.432127944415	178.760756231247	181.924203701966	112.101854811731	174.410981580008
2021-06-01	605.919592614711	400.779012448441	471.600881993806	812.931803623738	158.702623746761	168.111944872333	110.590631143087	164.618556446076
2021-06-02	588.164958784683	385.748239242248	457.735813177343	779.891014911487	140.081840972955	155.190806174775	109.700160215033	155.314743472108
2021-06-03	570.825390919765	371.404700007204	444.541888414114	747.459167521697	122.849506137524	143.156410461757	109.47527145205	146.512513901816
2021-06-04	553.968603501635	357.771367263388	432.068319971646	715.785667168402	106.956717468165	132.004380585742	109.960794278619	138.224838978908
2021-06-05	537.662311011973	344.871213530881	420.36432011747	685.019919565635	92.3545731925721	121.730339399195	111.20155811922	130.464689947095
2021-06-06	521.974227932456	332.727211329762	409.479101119113	655.31133042743	78.9941715384415	112.329909754579	113.242392398335	123.245038050086
2021-06-07	506.968921156624	321.361484919016	399.458767221603	626.794332295623	66.8297432666399	103.800343933619	116.12871830617	116.580069138023
2021-06-08	492.69836722547	310.792765513245	390.336990579944	599.543465023261	55.8280492707184	96.1454119350846	119.908324095836	110.488827486772
2021-06-09	479.211395091847	301.038936065957	382.144335326641	573.618295291194	45.9589829773992	89.3705131870077	124.629589786168	104.991571978633
2021-06-10	466.556833708609	292.117879530658	374.911365594196	549.078389780271	37.1924378134048	83.4810471174189	130.340895396003	100.108561495904
2021-06-11	454.783512028611	284.047478860855	368.66864551511	525.983315171342	29.4983072054574	78.4824131543491	137.090620944176	95.8600549208823
2021-06-12	443.940259004705	276.845617010055	363.446739221888	504.392638145253	22.8464845802788	74.3800107258289	144.927146449524	92.2663111358671
2021-06-13	434.075903589748	270.530176931766	359.276210847032	484.36592538286	17.2068633645924	71.17923925989	153.898851930882	89.3475890231572
2021-06-14	425.239274736591	265.119041579495	356.187624523044	465.962743565008	12.54933698512	68.8854981845629	164.054117407086	87.1241474650506
2021-06-15	417.47920139809	260.630093906747	354.211544382426	449.242659372547	8.84379886858373	67.5041869278787	175.441322896972	85.6162453438458
2021-06-16	410.844512527098	257.081216867031	353.378534557683	434.265239486327	6.06014244170606	67.0407049178682	188.108848419377	84.8441415418413
2021-06-17	405.38403707647	254.490293413854	353.719159181315	421.090050587198	4.16826113120925	67.5004515825625	202.105073993136	84.8280949413354
2021-06-18	401.146603999059	252.875206500721	355.263982385827	409.776659356008	3.1380483638156	68.8888263499924	217.478379637085	85.5883644246267
2021-06-19	398.181042247719	252.253839081141	358.04356830372	400.384632473608	2.93939756624744	71.2112286481891	234.27714537006	87.1452088740136
2021-06-20	396.536180775304	252.64407410862	362.088481067497	392.973536620847	3.54220216522705	74.4730579051833	252.549751210898	89.5188871717944
2021-06-21	396.26313616415	254.067632835186	367.429648081633	387.60129318493	4.91979664952156	78.681122902591	272.344526826225	92.7306304447341
2021-06-22	397.422175514521	256.561589706945	374.09944983849	384.319242378492	7.0592797560772	83.847869836368	293.709600473835	96.8055587974632
2021-06-23	400.075853556161	260.166857468525	382.130630102403	383.177079120522	9.95119128388503	89.987154256055	316.693050059311	101.769764579078
2021-06-24	404.286725018815	264.924348864554	391.555932637705	384.22449833001	13.5860710319361	97.1128317111926	341.342953488238	107.649340138677
2021-06-25	410.117344632229	270.874976639658	402.408101208732	387.511194925947	17.9544587992215	105.238757751321	367.7073886662	114.470377825355
2021-06-26	417.630267126146	278.059653538465	414.719879579817	393.086863827322	23.0468943847321	114.378787925982	395.834433498781	122.258969988211
2021-06-27	426.888047230313	286.519292305603	428.524011515294	401.001199953126	28.8539175874592	124.546777784716	425.772165891564	131.04120897634
2021-06-28	437.942858405051	296.28706466197	443.842622591693	411.293397631503	35.366689724237	135.751403872186	457.550835070081	140.839338280574
2021-06-29	450.805349032991	307.365178233554	460.655365634319	423.960648827224	42.578858183273	147.980626713554	491.129375539646	151.660205958677
2021-06-30	465.47578622734	319.748099622611	478.931275280672	438.989644914213	50.484691870618	161.217227829104	526.44889312552	163.506811210148
2021-07-01	481.954437101309	333.4302954314	498.639386168253	456.367077266397	59.0784596923235	175.443988739119	563.450493652964	176.382153234487
2021-07-02	500.241568768101	348.406232262179	519.748732934559	476.079637257697	68.3544305544389	190.643690963883	602.075282947236	190.289231231191
2021-07-03	520.337448340927	364.670376717205	542.228350217091	498.114016262038	78.3068733630158	206.799116023679	642.264366833597	205.231044399759
2021-07-04	542.242342932994	382.217195398737	566.04727265335	522.456905653348	88.9300570241048	223.893045438793	683.958851137309	221.21059193969
2021-07-05	565.956519657509	401.041154909033	591.174534880835	549.094996805549	100.218250443757	241.908260729507	727.099841683632	238.230873050482
2021-07-06	591.480245627681	421.13672185035	617.579171537046	578.014981092567	112.165722528022	260.827543416107	771.628444297826	256.294886931635
2021-07-07	618.813787956717	442.498362824947	645.230217259483	609.203549888326	124.766742182953	280.633675018875	817.485764805152	275.405632782647
2021-07-08	647.957413757826	465.120544435081	674.096706685645	642.647394566751	138.015578314598	301.309437058096	864.61290903087	295.566109803016
2021-07-09	678.911390144214	488.997733283011	704.147674453033	678.333206501768	151.90649982901	322.837611054053	912.950982800241	316.779317192242
2021-07-10	711.67598422909	514.124395970995	735.352155199147	716.2476770673	166.433775632239	345.200978527031	962.441091938526	339.048254149823
2021-07-11	746.251463125661	540.49499910129	767.679183561486	756.377497637273	181.591674630335	368.382320997314	1013.02434227098	362.375919875258
2021-07-12	782.63418658547	568.100176461309	801.095779830701	798.703493931924	197.373280140795	392.357806189687	1064.6224037631	386.76140602793
2021-07-13	820.804884913396	596.915230579087	835.560906910042	843.183029056739	213.766933126901	417.077146646946	1117.07920294129	412.188174106763
2021-07-14	860.740381052653	626.911631167813	871.03151335591	889.767600463517	230.759788963377	442.483441116388	1170.21923047216	438.635778070565
2021-07-15	902.417497946455	658.060847940675	907.464547724708	938.408705604056	248.339003024951	468.51978834531	1223.86697702234	466.083771878143
2021-07-16	945.813058538015	690.334350610864	944.816958572836	989.057841930156	266.491730686348	495.129287081009	1277.84693325847	494.511709488307
2021-07-17	990.903885770549	723.703608891567	983.045694456695	1041.66650689361	285.205127322295	522.255036070781	1331.98358984716	523.899144859864
2021-07-18	1037.66680258727	758.140092495974	1022.10770393269	1096.18619794623	304.466348307518	549.840134061926	1386.10143745505	554.225631951623
2021-07-19	1086.06086234714	793.599311577521	1061.95359763387	1152.54959008351	324.259603228194	577.827365652257	1440.03080445881	585.463902001579
2021-07-20	1135.97404007215	829.972938050625	1102.5086344999	1210.6140684758	344.557318516304	606.158258841662	1493.6253700753	617.559395364483
2021-07-21	1187.27654120004	867.136684269952	1143.69173554713	1270.21819583713	365.32897481528	634.774027480551	1546.74465123143	650.450729674277
2021-07-22	1239.83857116854	904.966262590161	1185.42182179185	1331.20053488157	386.544052768551	663.615885419324	1599.24816485411	684.076522564893
2021-07-23	1293.53033541538	943.33738536592	1227.6178142504	1393.39964832314	408.172033019549	692.62504650839	1650.99542787025	718.375391670273
2021-07-24	1348.22203937831	982.125764951891	1270.1986339391	1456.6540988759	430.182396211706	721.742724598157	1701.84595720676	753.285954624354
2021-07-25	1403.78388849505	1021.20711370274	1313.08320187428	1520.8024492539	452.544622988453	750.910133539028	1751.65926979055	788.746829061077
2021-07-26	1460.08608820336	1060.45714397313	1356.19043907226	1585.68326217118	475.228193993222	780.068487181412	1800.29488254853	824.696632614378
2021-07-27	1516.99884394095	1099.75156811772	1399.43926654937	1651.13510034179	498.202589869443	809.158999375714	1847.61231240761	861.073982918197
2021-07-28	1574.39236114558	1138.96609849118	1442.74860532191	1716.99652647977	521.437291260549	838.12288397234	1893.4710762947	897.817497606471
2021-07-29	1632.13684525498	1177.97644744817	1486.03737640623	1783.10610329918	544.90177880997	866.901354821696	1937.7306911367	934.865794313141
2021-07-30	1690.10250170688	1216.65832734336	1529.22450081865	1849.30239351405	568.565533161138	895.435625774189	1980.25067386054	972.157490672143
2021-07-31	1748.15953593902	1254.88745053141	1572.22889957548	1915.42395983844	592.398034957484	923.666910680225	2020.89054139311	1009.63120431742
2021-08-01	1806.17815338914	1292.53952936699	1614.96949369305	1981.30936498639	616.368764842439	951.53642339021	2059.50981066133	1047.2255528829
2021-08-02	1864.0214394758	1329.4903119296	1657.35617891938	2046.78981073164	640.445678864669	978.989156337161	2095.97885363879	1084.87253177007
2021-08-03	1921.52399954094	1365.61568919822	1699.26274992924	2111.66705508665	664.590634693775	1005.98521628454	2130.21146248585	1122.47764745055
2021-08-04	1978.51331890728	1400.79158787666	1740.55397612909	2175.73549512357	688.763965404593	1032.48848857843	2162.13228440952	1159.9397841635
2021-08-05	2034.81688289759	1434.89393466872	1781.09462692541	2238.78952791457	712.926004071958	1058.4628585649	2191.66596661686	1197.15782614807
2021-08-06	2090.26217683461	1467.79865627822	1820.74947172466	2300.6235505318	737.037083770705	1083.87221159002	2218.73715631489	1234.03065764344
2021-08-07	2144.67668604109	1499.38167940897	1859.38327993331	2361.03196004741	761.057537575671	1108.68043299987	2243.27050071065	1270.45716288877
2021-08-08	2197.88789583979	1529.51893076478	1896.86082095781	2419.80915353356	784.94769856169	1132.85140814053	2265.19064701117	1306.3362261232
2021-08-09	2249.74211747132	1558.10800200959	1933.06369383087	2476.77501471008	808.673938890814	1156.35361753039	2284.43929603402	1341.57791083542
2021-08-10	2300.16096584777	1585.13314464778	1967.94081609006	2531.85137388753	832.226787073962	1179.17392237712	2301.02636303891	1376.13699751216
2021-08-11	2349.08488179912	1610.60027514384	2001.45793489917	2584.98554802415	855.602810709262	1201.3037790607	2314.9788168961	1409.97944588965
2021-08-12	2396.45430615531	1634.51530996227	2033.58079742202	2636.12485407816	878.798577394849	1222.73464396111	2326.32362647582	1443.07121570413
2021-08-13	2442.20967974632	1656.88416556757	2064.27515082239	2685.2166090078	901.810654728856	1243.45797345835	2335.08776064832	1475.37826669186
2021-08-14	2486.2914434021	1677.71275842424	2093.50674226408	2732.20812977132	924.635610309415	1263.4652239324	2341.29818828387	1506.86655858907
2021-08-15	2528.64003795263	1697.00700499678	2121.24131891091	2777.04673332693	947.270011734659	1282.74785176324	2344.98187825269	1537.50205113199
2021-08-16	2569.19590422786	1714.77282174969	2147.44462792666	2819.67973663289	969.710426602721	1301.29731333087	2346.16579942505	1567.25070405688
2021-08-17	2607.89948305776	1731.01612514745	2172.08241647514	2860.05445664741	991.953422511732	1319.10506501526	2344.87692067118	1596.07847709997
2021-08-18	2644.69121527229	1745.74283165458	2195.12043172015	2898.11821032875	1013.99556705983	1336.1625631964	2341.14221086134	1623.95132999751
2021-08-19	2679.51154170141	1758.95885773557	2216.52442082548	2933.81831463513	1035.83342784514	1352.46126425428	2334.98863886578	1650.83522248573
2021-08-20	2712.30090317509	1770.67011985492	2236.26013095494	2967.10208652478	1057.46357246579	1367.99262456888	2326.44317355474	1676.69611430088
2021-08-21	2742.99974052329	1780.88253447712	2254.29330927233	2997.91684295595	1078.88256851993	1382.7481005202	2315.53278379846	1701.49996517919
2021-08-22	2771.54849457597	1789.60201806668	2270.58970294145	3026.20990088686	1100.08698360568	1396.71914848821	2302.28443846721	1725.21273485692
2021-08-23	2797.89921876437	1796.84287745214	2285.1323562671	3051.94423333973	1121.07150290327	1409.89722588726	2286.74644701754	1747.80563949356
2021-08-24	2822.05041692477	1802.65298091825	2297.97350211816	3075.14543759271	1141.82328192124	1422.27379426919	2269.05248125129	1769.27092094162
2021-08-25	2844.01220549476	1807.08858711379	2309.1826705045	3095.85476698791	1162.32759375026	1433.84031622019	2249.35755355663	1789.6060774769
2021-08-26	2863.79470091188	1810.20595468758	2318.82939143599	3114.11347486744	1182.56971148097	1444.58825432645	2227.8166763217	1808.80860737516
2021-08-27	2881.40801961372	1812.06134228839	2326.98319492251	3129.96281457344	1202.53490820402	1454.50907117417	2204.58486193467	1826.8760089122
2021-08-28	2896.86227803783	1812.71100856503	2333.71361097394	3143.44403944801	1222.20845701006	1463.59422934953	2179.8171227837	1843.80578036378
2021-08-29	2910.16759262178	1812.21121216629	2339.09016960016	3154.59840283329	1241.57563098973	1471.83519143874	2153.66847125693	1859.59542000569
2021-08-30	2921.34191138946	1810.61752791148	2343.17691924393	3163.4776146788	1260.62652314051	1479.22184585946	2126.28662151327	1874.23339612322
2021-08-31	2930.4345087101	1807.98279530193	2346.01598207966	3170.17521136377	1279.3705060871	1485.73778435529	2097.79009479456	1887.67205703973
2021-09-01	2937.50249053924	1804.35917000951	2347.64399871463	3174.79518587486	1297.82177236107	1491.3650245013	2068.29011411338	1899.85472108811
2021-09-02	2942.60296283243	1799.79880770606	2348.09760975613	3177.4415311987	1315.99451449395	1496.08558387258	2037.89790248233	1910.72470660121
2021-09-03	2945.79303154523	1794.35386406344	2347.41345581146	3178.21824032195	1333.90292501729	1499.88148004418	2006.72468291398	1920.22533191191
2021-09-04	2947.12980263318	1788.07649475352	2345.62817748791	3177.22930623125	1351.56119646262	1502.73473059119	1974.88167842092	1928.2999153531
2021-09-05	2946.67038205183	1781.01885544813	2342.77841539277	3174.57872191325	1368.98352136149	1504.62735308869	1942.48011201573	1934.89177525764
2021-09-06	2944.47187575672	1773.23310181914	2338.90081013333	3170.37048035459	1386.18409224544	1505.54136511174	1909.63120671099	1939.94422995841
2021-09-07	2940.59138970342	1764.7713895384	2334.03200231689	3164.70857454193	1403.17710164602	1505.45878423542	1876.4461855193	1943.40059778828
2021-09-08	2935.08602984747	1755.68587427777	2328.20863255073	3157.69699746191	1419.97674209477	1504.3616280348	1843.03627145323	1945.20419708013
2021-09-09	2928.01290214441	1746.02871170909	2321.46734144214	3149.43974210118	1436.59720612323	1502.23191408497	1809.51268752537	1945.29834616683
2021-09-10	2919.4291125498	1735.85205750424	2313.84476959843	3140.04080144638	1453.05268626294	1499.05165996099	1775.98665674829	1943.62636338126
2021-09-11	2909.39176701919	1725.20806733505	2305.37755762688	3129.60416848417	1469.35737504544	1494.80288323793	1742.5694021346	1940.13156705628
2021-09-12	2897.95797150812	1714.14889687338	2296.10234613477	3118.23383620118	1485.52546500229	1489.46760149088	1709.37214669686	1934.75727552479
2021-09-13	2885.1880106451	1702.72596220568	2286.05984165626	3106.02309814664	1501.57064842746	1483.04100291718	1676.48928306273	1927.4597715861
2021-09-14	2871.15488375046	1690.98772107673	2275.30701443288	3093.02245012006	1517.5046166647	1475.57095820328	1643.9478823201	1918.24719590545
2021-09-15	2855.93476881746	1678.9818916459	2263.904900633	3079.27168848353	1533.33856082021	1467.11850865789	1611.75818517193	1907.14065361449
2021-09-16	2839.60384383939	1666.75619207256	2251.91453642501	3064.81060959911	1549.08367200017	1457.74469558974	1579.93043232116	1894.16124984491
2021-09-17	2822.23828680952	1654.35834051608	2239.39695797729	3049.6790098289	1564.75114131078	1447.51056030755	1548.47486447077	1879.33008972838
2021-09-18	2803.91427572114	1641.83605513584	2226.41320145822	3033.91668553498	1580.35215985822	1436.47714412004	1517.4017223237	1862.66827839657
2021-09-19	2784.70798856751	1629.23705409121	2213.02430303618	3017.56343307943	1595.8979187487	1424.70548833593	1486.72124658292	1844.19692098116
2021-09-20	2764.69083978414	1616.60201670183	2199.28921618263	3000.6576697954	1611.3926712321	1412.25471066428	1456.44343266573	1823.94462475396
2021-09-21	2743.91518957535	1603.9434669285	2185.25856358133	2983.23229690029	1626.81291913307	1399.17623441552	1426.57729484685	1801.97000554738
2021-09-22	2722.42863458769	1591.26688989226	2170.9808852191	2965.31883658257	1642.12822641997	1385.51955930042	1397.13160211534	1778.33918133394
2021-09-23	2700.27877146772	1578.57777071418	2156.50472108277	2946.94881103072	1657.30815706115	1371.33418502975	1368.11512346028	1753.11827008617
2021-09-24	2677.51319686199	1565.88159451531	2141.87861115918	2928.1537424332	1672.32227502497	1356.66961131428	1339.53662787073	1726.37338977661
2021-09-25	2654.17950741704	1553.18384641673	2127.15109543515	2908.96515297849	1687.14014427979	1341.57533786478	1311.40488433576	1698.1706583778
2021-09-26	2630.32529977942	1540.49001153948	2112.37071389751	2889.41456485505	1701.73132879396	1326.10086439202	1283.72866184445	1668.57619386226
2021-09-27	2605.99817059568	1527.80557500464	2097.5860065331	2869.53350025136	1716.06539253583	1310.29569060678	1256.51672938586	1637.65611420253
2021-09-28	2581.24571651238	1515.13602193325	2082.84551332874	2849.35348135588	1730.11189947375	1294.20931621981	1229.77785594905	1605.47653737115
2021-09-29	2556.11553417606	1502.48683744638	2068.19777427127	2828.90603035709	1743.84041357609	1277.8912409419	1203.52081052311	1572.10358134064
2021-09-30	2530.65522023327	1489.86350666509	2053.69132934751	2808.22266944345	1757.22049881119	1261.39096448381	1177.75436209709	1537.60336408354
2021-10-01	2504.91237133056	1477.27151471045	2039.37471854429	2787.33492080345	1770.22171914741	1244.7579865563	1152.48727966006	1502.04200357239
2021-10-02	2478.93458411448	1464.7163467035	2025.29648184845	2766.27430662553	1782.8136385531	1228.04180687016	1127.7283322011	1465.48561777971
2021-10-03	2452.76945523158	1452.20348776531	2011.50515924682	2745.07234909819	1794.96582099663	1211.29192513616	1103.48628870928	1428.00032467805
2021-10-04	2426.45849682343	1439.73619977251	1998.03834285576	2723.75625658771	1806.65709409478	1194.54961739744	1079.76196442461	1389.65533932407
2021-10-05	2400.01888301174	1427.30885162406	1984.88983330981	2702.33598217168	1817.90334005816	1177.82326502678	1056.52435959095	1350.532265111
2021-10-06	2373.46170341321	1414.91358897446	1972.04248337305	2680.81716510553	1828.72970474579	1161.11302572929	1033.73452070312	1310.7158025162
2021-10-07	2346.79804764456	1402.54255747825	1959.47914580956	2659.20544464467	1839.16133401671	1144.41905721013	1011.35349425593	1270.29065201704
2021-10-08	2320.03900532251	1390.18790278992	1947.18267338342	2637.50646004453	1849.22337372997	1127.74151717442	989.342326744182	1229.34151409088
2021-10-09	2293.19566606377	1377.84177056401	1935.13591885869	2615.72585056051	1858.94096974459	1111.08056332733	967.662064662698	1187.95308921508
2021-10-10	2266.27911948508	1365.49630645503	1923.32173499947	2593.86925544805	1868.33926791962	1094.43635337398	946.273754506286	1146.210077867
2021-10-11	2239.30045520314	1353.14365611751	1911.72297456983	2571.94231396256	1877.4434141141	1077.80904501951	925.138442769758	1104.19718052402
2021-10-12	2212.27076283466	1340.77596520596	1900.32249033384	2549.95066535945	1886.27855418705	1061.19879596907	904.217175947925	1061.99909766349
2021-10-13	2185.20113199638	1328.38537937489	1889.10313505559	2527.89994889416	1894.86983399752	1044.60576392779	883.4710005356	1019.70052976278
2021-10-14	2158.102652305	1315.96404427883	1878.04776149914	2505.79580382209	1903.24239940454	1028.03010660082	862.860963027594	977.386177299245
2021-10-15	2130.98641337725	1303.5041055723	1867.13922242859	2483.64386939866	1911.42139626715	1011.47198169329	842.348109918719	935.140740750256
2021-10-16	2103.86350482984	1290.99770890982	1856.360370608	2461.4497848793	1919.43197044439	994.931546910352	821.893487703787	893.048920593174
2021-10-17	2076.74501627949	1278.4369999459	1845.69405880145	2439.21918951942	1927.2992677953	978.40895995714	801.458142877609	851.195417305364
