date	state	King	Snohomish	Pierce	Ann Arbor	Boston	San Diego	DC
2020-01-26	0	0	0	0	0	0	0	0
2020-01-27	0	0	0	0	0	0	0	0
2020-01-28	0	0	0	0	0	0	0	0
2020-01-29	0	0	0	0	0	0	0	0
2020-01-30	0	0	0	0	0	0	0	0
2020-01-31	0	0	0	0	0	0	0	0
2020-02-01	0	0	0	0	0	0	0	0
2020-02-02	0	0	0	0	0	0	0	0
2020-02-03	0	0	0	0	0	0	0	0
2020-02-04	0	0	0	0	0	0	0	0
2020-02-05	0	0	0	0	0	0	0	0
2020-02-06	0	0	0	0	0	0	0	0
2020-02-07	0	0	0	0	0	0	0	0
2020-02-08	0	0	0	0	0	0	0	0
2020-02-09	0	0	0	0	0	0	0	0
2020-02-10	0	0.148853338082072	0	0	0	0	0	0
2020-02-11	0	0.407505237556312	0	0	0	0	0	0
2020-02-12	0	0.681458478689295	0	0	0	0	0	0
2020-02-13	0.116832755036755	0.971556985543277	0	0	0	0	0	0
2020-02-14	0.247425683440191	1.27864468218052	0.14164626360858	0	0	0	0	0
2020-02-15	0.387530126687215	1.60356549266327	0.311597731054493	0	0	0	0	0
2020-02-16	0.537714401805209	1.94716334105379	0.494846441812407	0	0	0	0	0
2020-02-17	0.698546825821556	2.31028215141434	0.692192971817351	0	0	0	0	0
2020-02-18	0.87059571576364	2.69376584780718	0.904437897004354	0	0	0	0	0
2020-02-19	1.05442938865884	3.09845835429455	1.13238179330845	0	0	0	0	0
2020-02-20	1.25061616153455	3.52520359493873	1.37682523666465	0	0	0	0	0
2020-02-21	1.45972435141814	3.97484549380195	1.63856880300801	0	0	0	0	0
2020-02-22	1.682322275337	4.44822797494649	1.91841306827354	0.0246970341493761	0	0	0	0
2020-02-23	1.91897825031851	4.9461949624346	2.21715860839627	0.0962365591297576	0	0	0	0
2020-02-24	2.17019659787312	5.46938140441201	2.53552859000734	0.175057921506614	0	0	0	0
2020-02-25	2.43622565744361	6.01758634535844	2.87393654252234	0.261650351684596	0	0	0	0
2020-02-26	2.7172497729558	6.59039985383708	3.23271858605297	0.356529440218262	0	0	0	0
2020-02-27	3.01345328833553	7.1874119984111	3.61221084071092	0.460210777662169	0	0	0	0
2020-02-28	3.32502054750863	7.80821284764371	4.0127494266079	0.573209954570874	0	0	0	0
2020-02-29	3.65213589440093	8.45239247009808	4.43467046385558	0.696042561498934	0.116086279419813	0	0.0146752023260207	0
2020-03-01	3.99498367293828	9.11954093433742	4.87831007256569	0.829224189000908	0.354851214438854	0	0.0691419159825059	0
2020-03-02	4.35356004217223	9.8089687088026	5.34372472281105	0.97316603141144	0.619973559800536	0	0.129688773047462	0
2020-03-03	4.72710842165727	10.5188678614454	5.82985228450909	1.12786169818554	0.912344959238793	0	0.196530406367262	0
2020-03-04	5.11468404607359	11.2471508600952	6.3353509775384	1.29320040255829	1.23272433689585	0	0.269852371605795	0
2020-03-05	5.5153421501014	11.9917301725815	6.85887902177755	1.46907135776479	1.58187061691395	0	0.349840224426956	0.419984963421372
2020-03-06	5.92813796842091	12.7505182667338	7.39909463710512	1.65536377704013	1.96054272343532	0.962409595894822	0.436679520494634	0.965119505161832
2020-03-07	6.35212673571232	13.5214276103814	7.95465604339968	1.85196687361941	2.3694995806022	2.11861903887095	0.530555815472722	1.56642297133769
2020-03-08	6.78636368665583	14.3023706713539	8.52422146053981	2.05876986073771	2.80950011255681	3.39323209029128	0.631654665025111	2.22638475060639
2020-03-09	7.22990405593165	15.0912599174806	9.10644910840408	2.27566195163014	3.28130324344139	4.79153703929132	0.740161624815695	2.9474942316254
2020-03-10	7.68180307821999	15.8860078165911	9.69999720687107	2.50253235953177	3.78566789739818	6.31882217500652	0.856262250508363	3.73224080305218
2020-03-11	8.14111598820105	16.6845268365147	10.3035239758194	2.73927029767772	4.3233529985694	7.98037578657241	0.980142097767009	4.5831138535442
2020-03-12	8.60689802055503	17.4847294450809	10.9156876351275	2.98576497930306	4.8951174710973	9.78148616312443	1.11198672225552	5.50260277175889
2020-03-13	9.07820440996213	18.2845281101193	11.5351464046741	3.2419056176429	5.50172023912409	11.7274415937981	1.2519816796378	6.49319694635373
2020-03-14	9.55409039110258	19.0818352994591	12.1605585043378	3.50758142593232	6.14392022679203	13.8235303677289	1.40031252557772	7.55738576598619
2020-03-15	10.0336111986566	19.8745634809299	12.790582153997	3.78268161740643	6.82247635824333	16.0750407740523	1.5571648157392	8.6976586193137
2020-03-16	10.5154361108407	20.6601875390074	13.4232080298838	4.06688456301477	7.5378215444617	18.4869173368183	1.7226471405572	9.91614685703498
2020-03-17	10.9966905800176	21.4344320247524	14.0537566336433	4.3590252645648	8.28908464379664	21.0627295197353	1.89656022955114	11.2135496780136
2020-03-18	11.4741141020862	22.192583905872	14.6768809232741	4.65772788157842	9.07506850143914	23.805703021426	2.07862784701149	12.5902082431545
2020-03-19	11.9444461729455	22.9299301500734	15.2872338567749	4.96161657357755	9.89457596258018	26.7190635405133	2.26857375722874	14.0464637133624
2020-03-20	12.4044262884943	23.6417577250638	15.8794683921441	5.26931550008411	10.7464098724107	29.80603677562	2.46612172449339	15.5826572495423
2020-03-21	12.8507939446318	24.3233535985501	16.4482374873804	5.57944882062	11.6293730761218	33.069848425369	2.67099551309592	17.1991300125989
2020-03-22	13.2802886372568	24.9700047382396	16.9881941004823	5.89064069470714	12.5422684189043	36.5137241883831	2.88291888732683	18.8962231634371
2020-03-23	13.690040512171	25.5776050207177	17.4947422873755	6.20153856997811	13.4835279725021	40.1381661857421	3.10153465775827	20.6734103770624
2020-03-24	14.0787423147868	26.1444759580832	17.9662904956941	6.51088304650823	14.4501007148705	43.9327822283539	3.32616182008907	22.5266953848828
2020-03-25	14.4454774404192	26.6695459713135	18.4019982709995	6.81743801248349	15.4385648505176	47.8844565495833	3.5560384162997	24.4512144324069
2020-03-26	14.7893292843831	27.1517434813856	18.8010251588528	7.11996735608986	16.4454985839516	51.9800733827952	3.79040248837067	26.4421037651432
2020-03-27	15.1093812419936	27.5899969092769	19.1625307048153	7.41723496551334	17.4674801196805	56.2065169613543	4.02849207828246	28.4944996286003
2020-03-28	15.4047167085656	27.9832346759646	19.4856744544482	7.70800472893991	18.5010876622126	60.5506715186256	4.26954522801556	30.603538268287
2020-03-29	15.6744190794143	28.3303852024258	19.7696159533128	7.99104053455556	19.5428994160559	64.9994212879738	4.51279997955047	32.7643559297117
2020-03-30	15.9175717498546	28.6303769096377	20.0135147469703	8.26510627054628	20.5894935857187	69.5396505027638	4.75749437486766	34.9720888583831
2020-03-31	16.1332581152016	28.8821382185777	20.216530380982	8.52896582509805	21.6374483757089	74.1582433963605	5.00286645594763	37.2218732998098
2020-04-01	16.3205615707702	29.0845975502229	20.3778224009091	8.78138308639685	22.6833419905348	78.8420842021287	5.24815426477086	39.5088454995004
2020-04-02	16.4785655118754	29.2366833255505	20.4965503523128	9.02112194262869	23.7237526347046	83.5780571534332	5.49259584331786	41.8281417029634
2020-04-03	16.6063533338323	29.3373239655378	20.5718737807545	9.24694628197953	24.7552585127262	88.3530464836388	5.73542923356909	44.1748981557076
2020-04-04	16.7030084319559	29.385447891162	20.6029522317953	9.45761999263537	25.7744378291079	93.1539364261104	5.97589247750507	46.5442511032415
2020-04-05	16.7676142015612	29.3799835234002	20.5889452509965	9.6519069627822	26.7778687883579	97.9676112142129	6.21322361710627	48.9313367910736
2020-04-06	16.7997676993999	29.3206331708299	20.5297009660636	9.82877606445638	27.7620002879538	102.778472681939	6.44669575170516	51.3305113915206
2020-04-07	16.801120627971	29.2101946924289	20.4278218332786	9.98801610509583	28.7227639972522	107.560993065792	6.6757222100422	53.7330107841306
2020-04-08	16.7738383512099	29.0522398347754	20.2865988910679	10.1296208759889	29.6559622785792	112.287162202905	6.89975137820979	56.1292907752598
2020-04-09	16.7200862330524	28.8503403444474	20.1093231778579	10.2535841684237	30.5573974942608	116.92896993041	7.11823164230037	58.5098071712643
2020-04-10	16.642029637434	28.608067968023	19.8992857320749	10.3598997736888	31.4228720066233	121.458406085437	7.33061138840634	60.8650157785003
2020-04-11	16.5418339282904	28.3289944520803	19.6597775921453	10.4485614830723	32.2481881779926	125.84746050512	7.53633900262013	63.185372403324
2020-04-12	16.4216644695571	28.0166915431972	19.3940897964952	10.5195630878626	33.0291483706949	130.06812302659	7.73486287103417	65.4613328520914
2020-04-13	16.283523959862	27.6744166303479	19.1055206086535	10.5729905268249	33.7612492737054	134.09228160159	7.92568619994181	67.6830662532709
2020-04-14	16.1287644366024	27.3041696720895	18.7973971925574	10.6092983286329	34.4387648825948	137.891416640304	8.10853147644013	69.8395950237793
2020-04-15	15.9585752718676	26.9076362693753	18.4730539372469	10.629033169437	35.055663519583	141.43690666753	8.28317600782715	71.9196549026459
2020-04-16	15.7741458377473	26.4865020231584	18.1358252317615	10.6327417253877	35.60591350689	144.700130208063	8.44939710140088	73.9119816288996
2020-04-17	15.5766655063308	26.042452534392	17.7890454651411	10.6209706726356	36.0834831667354	147.6524657867	8.60697206445935	75.8053109415696
2020-04-18	15.3673236497077	25.5771734040294	17.4360490264254	10.5942666873313	36.4823408213393	150.265291928236	8.75567820430056	77.5883785796849
2020-04-19	15.1473096399674	25.0923502330235	17.0801703046541	10.5531764456252	36.7964547929215	152.509987157468	8.89529282822253	79.2499202822746
2020-04-20	14.917749059625	24.5896914688046	16.7243533439872	10.4982953592185	37.0212949614604	154.364410348209	9.02565492905964	80.7804467634038
2020-04-21	14.6795123328977	24.0709969447096	16.3699808090662	10.4304137820147	37.1583374379695	155.832341770337	9.14685024179175	82.1775686372809
2020-04-22	14.4334060944283	23.5380893405526	16.0180450196529	10.3503708034678	37.2105598912207	156.924042042749	9.25902618693505	83.4406714931505
2020-04-23	14.1802369788595	22.9927913361476	15.6695382955088	10.259005513032	37.180939989986	157.64977178434	9.36233018500576	84.569140920257
2020-04-24	13.9208116208342	22.4369256113085	15.3254529563958	10.1571570001615	37.0724554030376	158.019791614006	9.45690965652009	85.562362507845
2020-04-25	13.6559366549951	21.8723148458493	14.9867813220755	10.0456643543101	36.8880837991473	158.044362150643	9.54291202199424	86.4197218451588
2020-04-26	13.386418715985	21.300781719584	14.6545157123098	9.92536666493218	36.6308028470872	157.733744013146	9.62048470194444	87.1406045214431
2020-04-27	13.1130644384467	20.7241489123265	14.3296484468603	9.7971030214817	36.3035902156293	157.098197820411	9.68977511688687	87.7243961259421
2020-04-28	12.836680457023	20.1442391038908	14.0131718454887	9.66171251341277	35.9094235735456	156.147984191334	9.75093068733777	88.1704822479006
2020-04-29	12.5580734063566	19.5628749740909	13.7060782279568	9.52003423017951	35.4512805896082	154.893363744812	9.80409883381333	88.4782484765629
2020-04-30	12.2780499210903	18.9818792027407	13.4093599140263	9.37290726123599	34.932138932589	153.344597099738	9.84942697682977	88.6470804011734
2020-05-01	11.997416635867	18.4030744696543	13.1240092234589	9.22117069603634	34.3549762712601	151.51194487501	9.88706253690329	88.6763636109768
2020-05-02	11.7169801853294	17.8282834546455	12.8510184760164	9.06566362403463	33.7227702743935	149.405667689523	9.91715293455012	88.5654836952174
2020-05-03	11.4375472041202	17.2593288375284	12.5913799914604	8.90722513468496	33.0384986107612	147.036026162173	9.93984559028644	88.3138262431397
2020-05-04	11.1598675389713	16.6978581966939	12.3456403471881	8.74656146629079	32.3055715017389	144.416716670892	9.9551941647475	87.9219481206473
2020-05-05	10.8844638849705	16.144818704841	12.112563151138	8.58384745255301	31.5291293791176	141.575178629765	9.96287727904457	87.3950913002798
2020-05-06	10.6118021492946	15.6009824332454	11.890466268884	8.41912507602185	30.7147452272918	138.542287211909	9.96247979440795	86.7396690312357
2020-05-07	10.3423482391205	15.0671214531833	11.6776675659999	8.25243631924758	29.8679920306563	135.348917590446	9.95358657206793	85.9620945627139
2020-05-08	10.0765680616249	14.5440078359303	11.4724849080597	8.08382316478041	28.9944427736056	132.025944938495	9.9357824732548	85.0687811439128
2020-05-09	9.81492752398471	14.0324136527625	11.2732361606372	7.91332759517061	28.0996704405344	128.604244429177	9.90865235919887	84.0661420240313
2020-05-10	9.55789253337676	13.5331109749557	11.0782391893063	7.74099159296841	27.1892480158372	125.11469123561	9.87178109113044	82.9605904522679
2020-05-11	9.30591643086487	13.046748011263	10.8860289773391	7.56697306804534	26.2682067427889	121.584685682808	9.8249640999303	81.7587004214307
2020-05-12	9.05940229306099	12.5734775203459	10.6960089788004	7.39189363955801	25.3394109001849	118.027728703349	9.76883909508136	80.4676888987656
2020-05-13	8.81874063046405	12.1133283983428	10.5077997654534	7.21649085398433	24.4051830257005	114.453846381705	9.70425435571702	79.0949335951277
2020-05-14	8.58432195357303	11.6663295413923	10.3210219090611	7.0415022578022	23.4678456570113	110.873064802348	9.6320581609707	77.6478122213726
2020-05-15	8.35653677288687	11.2325098456331	10.1352959813866	6.8676653974895	22.5297213317929	107.295410049749	9.55309878997581	76.1337024883553
2020-05-16	8.13577559890452	10.8118982072037	9.95024255419301	6.69571781952415	21.5931325877205	103.730908208379	9.46822452186576	74.5599821069313
2020-05-17	7.92242894212493	10.4045235222427	9.76548219924334	6.52639707038403	20.6604019624699	100.18958536271	9.37828363577395	72.9340287879557
2020-05-18	7.71688731304707	10.0104146868886	9.58063548830069	6.36044069654706	19.7338519937163	96.6814675972138	9.2841244108338	71.2632202422838
2020-05-19	7.51954122216987	9.62960059727995	9.39532299312815	6.19858624449112	18.8158052191354	93.2165809963613	9.18659512617872	69.554934180771
2020-05-20	7.33078117999229	9.26211014955542	9.20916528548878	6.0415712606941	17.9085841764026	89.8049516446242	9.08654406094213	67.8165483142725
2020-05-21	7.15099769701328	8.90797223985354	9.02178293714566	5.89013329163392	17.0145114031934	86.4566056264739	8.98481949425742	66.0554403536436
2020-05-22	6.98058128373179	8.56721576431287	8.83279651986188	5.74500988378847	16.1359094371833	83.181569026382	8.88226970525802	64.2789880097396
2020-05-23	6.81992245064678	8.23986961907199	8.64182660540049	5.60693858363565	15.2751008160478	79.98986792882	8.77974297307732	62.4945689934158
2020-05-24	6.66941170825721	7.92596270026946	8.44849376552459	5.47665693765336	14.4344080774624	76.8915284182592	8.67808757684875	60.7095610155274
2020-05-25	6.52933417478157	7.62546479105451	8.25277246606288	5.35476261650655	13.616126869721	73.8944347176411	8.57812001960522	58.9308791998271
2020-05-26	6.3995533993166	7.33810922261904	8.05605274910656	5.24129378760846	12.822445283592	70.9979036037867	8.48052969997769	57.1635883216571
2020-05-27	6.2798275386786	7.0635702131656	7.86007855081248	5.13614874255938	12.0555245204622	68.1991099919869	8.3859742404966	55.4122905692571
2020-05-28	6.16991474968386	6.80152198089673	7.66659380733749	5.03922577295962	11.3175257817184	65.4952287975325	8.29511126369243	53.6815881308666
2020-05-29	6.06957318914869	6.55163874401499	7.47734245483843	4.95042317040945	10.6106102687475	62.8834349357146	8.20859839209564	51.9760831947253
2020-05-30	5.97856101388936	6.31359472072293	7.29406842947214	4.86963922650919	9.93693918293614	60.3609033218239	8.12709324823667	50.3003779490727
2020-05-31	5.89663638072217	6.0870641292231	7.11851566739546	4.79677223285912	9.29867372567126	57.9248088711515	8.051253454646	48.6590745821485
2020-06-01	5.82357998484901	5.8717612130363	6.95210178002772	4.73172150442971	8.69746127029399	55.5726071457977	7.98168420141012	47.0559485843212
2020-06-02	5.75926267501415	5.66756031695629	6.79493907983814	4.67439044967215	8.13289387796271	53.3028762951014	7.9187809488397	45.491468654475
2020-06-03	5.70357783834743	5.47437581109509	6.64681355455841	4.62468350040779	7.60404978179018	51.1144751152111	7.86288672480144	43.9652767936232
2020-06-04	5.65641886197872	5.29212206556471	6.50751119192026	4.58250508845797	7.11000721488912	49.0062624022752	7.81434455716204	42.4770150027789
2020-06-05	5.61767913303786	5.12071345047716	6.37681797965537	4.54775964564407	6.64984441037228	46.9770969524421	7.7734974737882	41.0263252829552
2020-06-06	5.58725203865472	4.96006433594447	6.25451990549546	4.52035160378743	6.22263960135239	45.0258375618602	7.74068850254663	39.6128496351654
2020-06-07	5.56503096595914	4.81008909207864	6.14040295717221	4.50018539470941	5.82747102094218	43.151343026678	7.71626067130403	38.2362300604227
2020-06-08	5.55090930208099	4.67070208899169	6.03425312241735	4.48716545023137	5.46341690225439	41.3524721430439	7.70055700792711	36.8961085597401
2020-06-09	5.54478043415011	4.54181769679562	5.93585638896257	4.48119620217465	5.12955547840174	39.6280837071063	7.69392054028256	35.592127134131
2020-06-10	5.54653774929637	4.42335028560246	5.84499874453957	4.48218208236062	4.82496498249699	37.9770365150136	7.69669429623709	34.3239277846084
2020-06-11	5.55607463464961	4.31521422552421	5.76146617688006	4.49002752261062	4.54872364765285	36.3981893629143	7.7092213036574	33.0911525121856
2020-06-12	5.5732844773397	4.2173238866729	5.68504467371574	4.50463695474602	4.29990970698207	34.8904010469568	7.7318445904102	31.8934433178758
2020-06-13	5.59806066449649	4.12959363916053	5.61552022277831	4.52591481058817	4.07760139359738	33.4525303632895	7.76490718436219	30.730442202692
2020-06-14	5.63029658324983	4.05193785309911	5.55267881179947	4.55376552195842	3.88087694061152	32.0834361080609	7.80875211338007	29.6017911676475
2020-06-15	5.66987056735116	3.9842542812554	5.49617556621139	4.58799555241012	3.70870063452272	30.7815229558408	7.86360304279706	28.5071342961579
2020-06-16	5.71660073703827	3.92637420701506	5.44514216224801	4.62801949242456	3.55958097537127	29.5433790948853	7.92920618781249	27.4461240012477
2020-06-17	5.77029015917053	3.8781122964185	5.39857941384374	4.67315396421502	3.43191251658297	28.3651385918717	8.00518840109217	26.418414778344
2020-06-18	5.8307419006073	3.83928321550611	5.35548813493297	4.72271558999479	3.32408981158359	27.2429355134776	8.09117653530195	25.4236611228738
2020-06-19	5.89775902820795	3.8097016303183	5.31486913945012	4.77602099197716	3.23450741379893	26.1729039263802	8.18679744310765	24.461517530264
2020-06-20	5.97114460883186	3.78918220689547	5.27572324132958	4.83238679237539	3.16155987665478	25.1511778972572	8.29167797717512	23.5316384959419
2020-06-21	6.05070170933839	3.77753961127802	5.23705125450577	4.89112961340278	3.10364175357693	24.1738914927859	8.40544499017018	22.6336785153342
2020-06-22	6.13620316962103	3.7745465282283	5.19806002937875	4.9516661590912	3.05917420147634	23.2381545707591	8.52765390321611	21.7673048281053
2020-06-23	6.22730092170971	3.77980771739645	5.15878056221129	5.01381346074696	3.02668479120464	22.3449801534309	8.6575744112659	20.9322356508679
2020-06-24	6.32361667066851	3.79288595715455	5.11944988573183	5.07748863149492	3.0047276970986	21.4963570541707	8.79440477773001	20.1282019444721
2020-06-25	6.42477212156147	3.81334402587467	5.08030503266881	5.14260878445998	2.99185709349504	20.6942740863479	8.93734326601887	19.3549346697678
2020-06-26	6.53038897945267	3.8407447019289	5.04158303575067	5.20909103276704	2.98662715473074	19.9407200633318	9.08558813954293	18.6121647876052
2020-06-27	6.64008894940615	3.87465076368933	5.00352092770584	5.27685248954096	2.98759205514249	19.237683798492	9.23833766171263	17.8996232588341
2020-06-28	6.75349373648598	3.91462498952802	4.96635574126276	5.34581026790665	2.99330596906709	18.5871541051977	9.39479009593842	17.2170410443046
2020-06-29	6.87023621185248	3.96026525539612	4.93031670656678	5.41599233915631	3.00249909342356	17.9903426501755	9.55408097367648	16.5640293686241
2020-06-30	6.98999391105097	4.01130982756095	4.89560184343083	5.48787010725145	3.01460571545992	17.4453525135795	9.71509489856596	15.9397205114302
2020-07-01	7.11245553572304	4.06753206986888	4.86240136908476	5.56202583432088	3.02923614500641	16.949509628921	9.87665374229176	15.3431270161175
2020-07-02	7.23730978751028	4.12870534616629	4.83090550075842	5.63904178249344	3.04600069189326	16.5001399297112	10.0375793765388	14.7732614260809
2020-07-03	7.36424536805427	4.19460302029954	4.80130445568164	5.71950021389795	3.06450966595071	16.0945693494616	10.1966936729919	14.2291362847153
2020-07-04	7.4929509789966	4.26499845611502	4.77378845108428	5.80398339066323	3.08437337700902	15.7301238216831	10.3528185033361	13.7097641354155
2020-07-05	7.62311532197885	4.3396650174591	4.74854770419617	5.89307357491811	3.10520213489842	15.4041292798873	10.5047757392562	13.2141575215764
2020-07-06	7.75442709864262	4.41837606817815	4.72577243224716	5.98735302879142	3.12660624944915	15.1139116575852	10.6513872524371	12.7413289865927
2020-07-07	7.88657501062949	4.50090497211855	4.7056528524671	6.08740401441197	3.14819603049146	14.8567968882882	10.7914749145638	12.2902910738594
2020-07-08	8.01924775958104	4.58702509312667	4.68837918208582	6.19380879390859	3.16958178785558	14.6301109055075	10.923860597321	11.8600563267713
2020-07-09	8.15213404713885	4.67650979504888	4.67414163833318	6.30714962941011	3.19037383137176	14.4311796427543	11.0473661723938	11.4496372887231
2020-07-10	8.28492257494453	4.76913244173155	4.66313043843902	6.42800878304535	3.21018247087025	14.25732903354	11.160813511467	11.0580465031098
2020-07-11	8.41730204463965	4.86466639702107	4.65553579963318	6.55696851694314	3.22861801618128	14.1058850113757	11.2630244862256	10.6842965133263
2020-07-12	8.5489611578658	4.96288502476381	4.6515479391455	6.6946110932323	3.24529077713509	13.9741735097728	11.3528209683543	10.3273998627672
2020-07-13	8.67948729404446	5.06349979162935	4.6512764238288	6.84124771102991	3.25983984562488	13.8597491062358	11.4292712922727	9.98663506870796
2020-07-14	8.80806254371672	5.16597457558012	4.6545082190277	6.99610531740607	3.27201944179559	13.7610809542424	11.4924296433379	9.66234454394529
2020-07-15	8.93376767520355	5.26971135740179	4.66094963970981	7.15813979641912	3.28161256785514	13.6768668512635	11.5425966696419	9.35513667515641
2020-07-16	9.05568345682594	5.37411211787998	4.67030700084273	7.32630703212743	3.28840222601143	13.6058045947702	11.5800730192763	9.06561984901855
2020-07-17	9.17289065690487	5.47857883780036	4.68228661739406	7.49956290858933	3.29217141847235	13.5465919822334	11.6051593403331	8.79440245220892
2020-07-18	9.28447004376132	5.58251349794856	4.6965948043314	7.67686330986318	3.29270314744582	13.4979268111242	11.618156280904	8.54209287140472
2020-07-19	9.38950238571626	5.68531807911024	4.71293787662235	7.85716412000732	3.28978041513973	13.4585068789135	11.6193644890807	8.30929949328318
2020-07-20	9.48715932676353	5.78637192080044	4.73098187607623	8.03940224396286	3.28320950347954	13.4270931827444	11.6091759913779	8.09637618662535
2020-07-21	9.57697601358837	5.88496379745179	4.75023175186931	8.22243867020186	3.27288981326085	13.4026995184486	11.5883483280012	7.90265874862779
2020-07-22	9.65857846854884	5.98035984222633	4.77015218001956	8.40511540807911	3.25874402499681	13.3844028815296	11.5577304175792	7.7272284585909
2020-07-23	9.73159271400304	6.07182618828609	4.79020783654498	8.58627446694943	3.24069481920057	13.3712802674912	11.5181711787402	7.56916659581508
2020-07-24	9.79564477230905	6.1586289687931	4.80986339746354	8.76475785616762	3.21866487638529	13.3624086718371	11.4705195301128	7.42755443960073
2020-07-25	9.85036066582494	6.24003431690938	4.82858353879324	8.93940758508847	3.19257687706412	13.3568650900708	11.4156243903255	7.30147326924826
2020-07-26	9.89536641690881	6.31530836579697	4.84583293655206	9.10906566306681	3.1623535017502	13.3537265176962	11.3543346780066	7.19000436405807
2020-07-27	9.93028804791872	6.3837172486179	4.86107626675798	9.27257409945742	3.1279174309567	13.3520699502168	11.2874993117847	7.09222900333057
2020-07-28	9.95475158121277	6.4445270985342	4.87377820542899	9.42877490361512	3.08919134519677	13.3509723831364	11.2159672102883	7.00722846636616
2020-07-29	9.96838303914904	6.4970040487079	4.88340342858307	9.57651008489471	3.04609792498354	13.3495108119586	11.1405872921458	6.93408403246525
2020-07-30	9.9708084440856	6.54041423230104	4.88941661223822	9.71462165265099	2.99855985083019	13.3467622321872	11.0622084759856	6.87187698092823
2020-07-31	9.96165381838054	6.57402378247564	4.89128243241241	9.84195161623878	2.94649980324985	13.3418036393257	10.9816796804363	6.81968859105551
2020-08-01	9.94054518439195	6.59709883239373	4.88846556512363	9.95734198501286	2.88984046275569	13.3337120288779	10.8998498241264	6.77660014214749
2020-08-02	9.9071085644779	6.60890551521734	4.88043068638986	10.0596347683281	2.82850450986084	13.3215643963475	10.8175678256842	6.74169291350459
2020-08-03	9.86117452649493	6.60893097444151	4.86665742251517	10.1479448931453	2.76247668391893	13.3046475520203	10.7355053980366	6.71397913842619
2020-08-04	9.80339182029341	6.59754639489322	4.8466852009479	10.2224789568503	2.69198995964543	13.2830875653109	10.6536254313036	6.69219486620765
2020-08-05	9.73461374122219	6.57534397173247	4.82006839942247	10.2837164744349	2.61733937059628	13.2572203204161	10.5717136099037	6.67500710014333
2020-08-06	9.65569358463008	6.54291590011925	4.78636139567329	10.3321369608908	2.5388199503274	13.2273817015327	10.4895556182551	6.66108284352757
2020-08-07	9.56748464586591	6.50085437521356	4.74511856743479	10.3682199312099	2.45672673239474	13.1939075928576	10.4069371407763	6.64908909965473
2020-08-08	9.47084022027853	6.44975159217538	4.69589429244138	10.392444900384	2.37135475035422	13.1571338785874	10.3236438618855	6.63769287181915
2020-08-09	9.36661360321674	6.39019974616471	4.63824294842748	10.4052913834049	2.28299903776179	13.1173964429191	10.2394614660013	6.62556116331519
2020-08-10	9.25563228369275	6.32280220850238	4.57194864245544	10.4072481730955	2.19198180737507	13.0748777624563	10.154255663414	6.61163758828263
2020-08-11	9.13862052537217	6.24820705515261	4.49771439889932	10.3988411736027	2.09873398875849	13.0291466834309	10.068212267903	6.59597220424303
2020-08-12	9.016276785584	6.16707353824047	4.41647297146112	10.3806055669045	2.00371369067817	12.9796186444815	9.98159711911949	6.57889167956336
2020-08-13	8.88929952165721	6.080060909891	4.32915711384284	10.3530765349789	1.90737902190024	12.9257090842469	9.89467605671484	6.56072268261063
2020-08-14	8.75838719092079	5.98782842222927	4.23669957974647	10.3167892598038	1.81018809119082	12.8668334413659	9.80771492034041	6.5417918817518
2020-08-15	8.62423825070371	5.89103532738034	4.140033122874	10.2722789233572	1.71259900731603	12.8024071544772	9.72097954964753	6.52242594535387
2020-08-16	8.48755115833496	5.79034087746926	4.04009049692743	10.220080707617	1.61506987904199	12.7318456622195	9.63473578428755	6.50295154178383
2020-08-17	8.34902437114352	5.68640432462109	3.93780445560875	10.1607297945614	1.51805881513483	12.6545644032316	9.54924946391179	6.48369533940865
2020-08-18	8.20935634645837	5.57988492096091	3.83410775261997	10.0947613661682	1.42202392436066	12.5699788161522	9.46478642817161	6.46498400659533
2020-08-19	8.06924554160849	5.47144191861376	3.72993314166306	10.0227106044153	1.32742331548562	12.4775043396201	9.38161251671834	6.44714421171086
2020-08-20	7.92939041392288	5.3617345697047	3.62621337644003	9.94511269128089	1.23471509727583	12.376556412274	9.29999356920332	6.43050262312221
2020-08-21	7.7904894207305	5.25142212635879	3.52388121065288	9.86250280874279	1.1443573784974	12.2665504727526	9.2201954252779	6.41538590919638
2020-08-22	7.65324101936035	5.1411638407011	3.4238693980036	9.77541613877903	1.05680826791647	12.1469019596947	9.14248392459341	6.40212073830034
2020-08-23	7.5183436671414	5.03161896485668	3.32711069219418	9.68438786336756	0.972525874299147	12.017026311739	9.0671249068012	6.39103377880109
2020-08-24	7.38643522990243	4.92338155192513	3.23443873463474	9.58988241579624	0.891973268891037	11.8768825547893	8.99432466923493	6.38233409802517
2020-08-25	7.25791120747143	4.81678485890418	3.14629071756786	9.49208123459241	0.815633372855637	11.7286040638095	8.92405133995765	6.37576035913731
2020-08-26	7.13310650817616	4.7120969437661	3.06300472094424	9.3910950095933	0.743994069835919	11.5748678010286	8.85621350471472	6.37093362426183
2020-08-27	7.01235604034441	4.60958586448315	2.98491882471459	9.2870344306361	0.677543243474856	11.4183507286754	8.7907197492515	6.367474955523
2020-08-28	6.89599471230394	4.50951967902762	2.91237110882961	9.18001018755805	0.616768777415419	11.2617298089789	8.72747865931336	6.36500541504513
2020-08-29	6.78435743238253	4.41216644537177	2.84569965324	9.07013297019637	0.562158555300584	11.1076820041681	8.66639882064568	6.36314606495251
2020-08-30	6.67777910890797	4.31779422148787	2.78524253789647	8.95751346838827	0.514200460773323	10.9588842764719	8.6073888189938	6.36151796736944
2020-08-31	6.57656039585899	4.22669855115601	2.73125530668585	8.84230959195377	0.473186022279398	10.8175011290314	8.55012628182109	6.3598187602173
2020-09-01	6.48086492981827	4.13928492138761	2.68366335923951	8.72486813064406	0.438621347475739	10.6836472286361	8.49336500346273	6.35805238460574
2020-09-02	6.39082209301943	4.0559863050019	2.64230955912493	8.60558309419315	0.409816188822064	10.5569247829877	8.43562781997194	6.35629935744151
2020-09-03	6.30656126769612	3.97723567481812	2.60703676990961	8.48484849233503	0.386080298778093	10.4369359997879	8.37543756740189	6.35464019563135
2020-09-04	6.22821183608196	3.90346600365549	2.57768785516104	8.3630583348037	0.366723429803545	10.3232830867383	8.31131708180576	6.353155416082
2020-09-05	6.15590318041061	3.83511026433327	2.55410567844673	8.24060663133316	0.35105533435814	10.2155682515408	8.24178919923674	6.35192553570021
2020-09-06	6.08976468291569	3.77260142967067	2.53613310333416	8.1178873916574	0.338385764901595	10.1133937018969	8.16537675574802	6.35103107139272
2020-09-07	6.02987271229911	3.71627439699308	2.52364299192466	7.99528643480559	0.328093946601911	10.0164385579511	8.08102495714514	6.3505314211647
2020-09-08	5.97609158313585	3.6660717616504	2.51662820045485	7.87315681698745	0.319836995460195	9.92468958961867	7.98936848824307	6.35040150741509
2020-09-09	5.92823259646915	3.62183804349868	2.51511158369518	7.7518434037079	0.313341500185836	9.83821047925762	7.89146440360915	6.35059513364124
2020-09-10	5.88610705334227	3.58341776239396	2.51911599641611	7.63169106047185	0.308334049488221	9.75706490922597	7.78836975781071	6.35106610334054
2020-09-11	5.84952625479844	3.5506554381923	2.52866429338809	7.51304465278418	0.304541232076739	9.68131656188172	7.68114160541508	6.35176822001034
2020-09-12	5.81830150188092	3.52339559074972	2.54377932938157	7.39624904614982	0.301689636660777	9.61102911958291	7.57083700098959	6.35265528714801
2020-09-13	5.79224409563295	3.50148273992228	2.564483959167	7.28164910607364	0.299505851949723	9.54626626468755	7.45851299910158	6.35368110825093
2020-09-14	5.77116533709777	3.48476140556603	2.59080103751485	7.16958969806057	0.297716466652964	9.48709167955364	7.34522665431836	6.35479948681645
2020-09-15	5.75487652731865	3.473076107537	2.62275341919555	7.0604156876155	0.296048069479889	9.43356904653921	7.23203502120729	6.35596422634194
2020-09-16	5.74318896733881	3.46627136569125	2.66036395897956	6.95447194024334	0.294227249139885	9.38576204800227	7.11999515433568	6.35712913032478
2020-09-17	5.73591395820151	3.46419169988482	2.70365551163734	6.85210332144898	0.291980594342341	9.34373436630083	7.01016410827088	6.35824800226233
2020-09-18	5.73286280094999	3.46668162997374	2.75265093193933	6.75365469673733	0.289034693796643	9.30754968379291	6.90359893758021	6.35927464565194
2020-09-19	5.73384679662751	3.47358567581408	2.807373074656	6.6594709316133	0.285116136212181	9.27727168283653	6.801356696831	6.36016286399101
2020-09-20	5.7386772462773	3.48474835726187	2.86784479455778	6.56989689158178	0.279951510298341	9.2529640457897	6.70449444059059	6.36086646077688
2020-09-21	5.74720734204221	3.49993215714375	2.93411379367916	6.48537544486923	0.273459929173873	9.2348510642549	6.61381773051369	6.36125940474731
2020-09-22	5.7594578404635	3.51857141016874	3.00632716311062	6.40674147058836	0.266330603594975	9.22379946681247	6.5291261566045	6.36089632560158
2020-09-23	5.775491389182	3.54001841401643	3.0846568412067	6.33492785057341	0.259445268727204	9.22083659128724	6.44996781595461	6.35925201827936
2020-09-24	5.79537063583857	3.56362546636642	3.16927476632191	6.27086746665866	0.253685659736119	9.22698977550399	6.37589080565562	6.35580127772031
2020-09-25	5.81915822807404	3.58874486489833	3.26035287681076	6.21549320067834	0.249933511787279	9.24328635728756	6.30644322279911	6.3500188988641
2020-09-26	5.84691681352927	3.61472890729176	3.35806311102779	6.16973793446673	0.249070560046242	9.27075367446274	6.24117316447667	6.34137967665039
2020-09-27	5.87870903984511	3.64092989122631	3.46257740732749	6.13453454985808	0.251978539678567	9.31041906485435	6.1796287277799	6.32935840601884
2020-09-28	5.91460243554599	3.66683322605423	3.57403833097003	6.11063503780645	0.259488940797971	9.36307905162474	6.12134306413269	6.31360997439037
2020-09-29	5.95468405269076	3.69245676781839	3.69247095483802	6.09806782574514	0.272232273310811	9.42860689928642	6.06578954228822	6.29450963911089
2020-09-30	5.99904582422185	3.71795148423428	3.81787097871974	6.09668045022724	0.290788802071601	9.50664505768943	6.01242658533199	6.27261275000752
2020-10-01	6.0477796830817	3.74346834301741	3.95023410240345	6.10632044780587	0.315738791934857	9.59683597668384	5.96071261634951	6.24847465690744
2020-10-02	6.10097756221276	3.7691583118833	4.08955602567741	6.12683535503413	0.347662507755093	9.6988221061197	5.91010605842625	6.22265070963777
2020-10-03	6.15873139455745	3.79517235854744	4.23583244832986	6.1580727084651	0.387140214386823	9.81224589584704	5.86006533464773	6.19569625802568
2020-10-04	6.22113311305821	3.82166145072534	4.38905907014909	6.19988004465191	0.434752176684563	9.93674979571593	5.81004886809944	6.16816665189831
2020-10-05	6.28827465065748	3.84877655613251	4.54923159092334	6.25210490014765	0.491078659502828	10.0719762555764	5.75951508186686	6.14061724108281
2020-10-06	6.3602479402977	3.87666864248446	4.71634571044088	6.31459481150542	0.556699927696133	10.2175677252785	5.70792239903551	6.11360337540631
2020-10-07	6.43714491492131	3.90548867749669	4.89039712848997	6.38719731527832	0.632196246118992	10.3731666546724	5.65472924269088	6.08768040469599
2020-10-08	6.51905750747074	3.93538762888471	5.07138154485887	6.46975994801946	0.718147879625921	10.538415493608	5.59939403591846	6.06340367877897
2020-10-09	6.60607765088843	3.96651646436402	5.25929465933584	6.56213024628194	0.815135093071435	10.7129566919353	5.54137520180375	6.04132854748242
2020-10-10	6.69829727811681	3.99902615165013	5.45413217170914	6.66415574661887	0.923738151310047	10.8964326995046	5.48013116343225	6.02201036063347
2020-10-11	6.79580832209834	4.03306765845856	5.65588978176704	6.77568398558334	1.04453731919628	11.0884859661657	5.41512034388944	6.00600446805927
2020-10-12	6.89863794382376	4.06880627452748	5.86451287128681	6.89652763327427	1.17803997218925	11.2886586637323	5.34622201749238	5.9940460573105
2020-10-13	7.00655421647717	4.10646457768581	6.07974555000186	7.02635989397388	1.32446192816655	11.4960918518717	5.27499886348421	5.98758966683184
2020-10-14	7.11926044129098	4.14627946778517	6.30128160963463	7.1648191055102	1.48394611561037	11.709826312215	5.20343441233964	5.98826967279154
2020-10-15	7.2364599194976	4.18848784467716	6.52881484190754	7.31154360571125	1.65663546300292	11.928902826393	5.13351219453337	5.99772045135781
2020-10-16	7.35785595232944	4.23332660821338	6.76203903854302	7.46617173240507	1.84267289882639	12.1523621760366	5.0672157405401	6.01757637869887
2020-10-17	7.48315184101892	4.28103265824543	7.0006479912635	7.62834182341968	2.04220135156298	12.3792451427768	5.00652858083453	6.04947183098294
2020-10-18	7.61205088679845	4.33184289462492	7.24433549179141	7.79769221658312	2.25536374969489	12.6085925082445	4.95343424589135	6.09504118437825
2020-10-19	7.74431707445233	4.3860358811181	7.49289327198517	7.97379019949685	2.4823712193472	12.8396815267318	4.90971318468398	6.15563146443217
2020-10-20	7.87995712297237	4.44405683714981	7.74650482424709	8.15591885885604	2.72370767721653	13.0727353431752	4.87633352018064	6.23144029420861
2020-10-21	8.01903843490229	4.50639264605952	8.00545158111548	8.34329023112928	2.97992523764236	13.3082135751722	4.85406029384824	6.32237794615067
2020-10-22	8.1616284127858	4.57353019118673	8.27001497512865	8.53511635278518	3.25157601496421	13.5465758403207	4.84365854715374	6.42835469270142
2020-10-23	8.30779445916661	4.6459563558709	8.54047643882491	8.73060926029234	3.53921212352156	13.7882817562182	4.84589332156404	6.54928080630392
2020-10-24	8.45760397658842	4.72415802345154	8.81711740474256	8.92898099011937	3.84338567765391	14.0337909404624	4.86152965854608	6.68506655940127
2020-10-25	8.61112436759495	4.80862207726811	9.10021930541991	9.12944357873486	4.16464879170077	14.283563010651	4.89133259956678	6.83562222443653
2020-10-26	8.7684230347299	4.8998354006601	9.39006357339526	9.33120906260742	4.50355358000162	14.5380575843815	4.93606718609308	7.00085807385278
2020-10-27	8.92956738053697	4.998284876967	9.68693164120692	9.53348947820564	4.86065215689597	14.7977342792517	4.9964984595919	7.1806843800931
2020-10-28	9.0946248075599	5.10445738952828	9.9911049413932	9.73549686199814	5.23649663672333	15.0630527128593	5.07339146153017	7.37501141560056
2020-10-29	9.26366271834236	5.21883982168343	10.3028649064924	9.93644325045349	5.63163913382316	15.3344725028017	5.16751123337482	7.58374945281823
2020-10-30	9.43674851542808	5.34191905677194	10.6224929690428	10.1355406800403	6.04663176253498	15.6124532666768	5.27962281659278	7.8068087641892
2020-10-31	9.61394960136077	5.47418197813328	10.9502705615828	10.3320011872272	6.48202663719829	15.8974546220822	5.41049125265096	8.04409962215654
2020-11-01	9.79533337868412	5.61611546910693	11.2864791166506	10.5250368084828	6.93837587215258	16.1899361866155	5.56088158301631	8.29553229916332
2020-11-02	9.9809310580689	5.7680825145326	11.6313277028478	10.713939940056	7.41607250257918	16.4903328846498	5.73159396491752	8.56110251838842
2020-11-03	10.170629082694	5.92995050525086	11.9847359330292	10.8983244173169	7.91487324702673	16.7989808676605	5.92356901863046	8.84114780595392
2020-11-04	10.3642777038654	6.10146293360249	12.3465510561126	11.0778844354162	8.4343757448857	17.1161915938981	6.13778248019273	9.1360911387177
2020-11-05	10.5617271728891	6.28236329192828	12.7166203210162	11.2523141895044	8.97417763554656	17.4422765216135	6.37521008564197	9.44635549353764
2020-11-06	10.762827741071	6.47239507256902	13.0947909766579	11.4213078747319	9.53387655839978	17.7775471090573	6.63682757101579	9.77236384727161
2020-11-07	10.967429659717	6.6713017678655	13.4809102719556	11.5845596862492	10.1130701528358	18.1223148144803	6.92361067235183	10.1145391767775
2020-11-08	11.1753831801331	6.8788268701585	13.8748254558274	11.7417638192071	10.7113560582452	18.4768910961332	7.23653512568771	10.4733044589132
2020-11-09	11.3864955356465	7.09464093361774	14.2760653073014	11.8926667163884	11.3283724751376	18.8414998564911	7.57653781958808	10.848965721432
2020-11-10	11.600401887669	7.31812275972866	14.682884725846	12.0372238111065	11.9639198484997	19.2160147749271	7.94440025272569	11.2413611956692
2020-11-11	11.8166943796337	7.54857821180556	15.0932201410401	12.1754427843073	12.6178391844377	19.6002219750388	8.34086507630024	11.6502121638554
2020-11-12	12.0349651549737	7.78531315316283	15.5050079824622	12.3073313169367	13.2899714890574	19.9939075804237	8.7666749415115	12.0752399082213
2020-11-13	12.254806357122	8.02763344711479	15.916184679691	12.4328970899405	13.9801577684649	20.3968577146794	9.22257249955923	12.5161657109976
2020-11-14	12.4758101295118	8.27484495697581	16.3246866623052	12.5521477842646	14.6882390287663	20.8088585014034	9.70930040164318	12.972710854415
2020-11-15	12.697568615576	8.52625354606023	16.7284503598834	12.6650910808549	15.4140562760674	21.2296960641932	10.2276012989631	13.4445966207042
2020-11-16	12.9197556297765	8.7811683560993	17.1257417723819	12.7719314666309	16.1571237490336	21.6590484604756	10.7781215265639	13.9314927316593
2020-11-17	13.1423716706902	9.03891164249187	17.5161451812671	12.8736606524067	16.915648616567	22.0961614829943	11.3611221548711	14.4328626673291
2020-11-18	13.3654989079227	9.29880893905371	17.8995744383829	12.9714671549698	17.687511280129	22.5401728583222	11.9767679381556	14.9481183473257
2020-11-19	13.5892195110795	9.56018577960057	18.2759433955733	13.066539491108	18.4705921411809	22.9902203130322	12.625223630688	15.4766716912614
2020-11-20	13.8136156497664	9.82236769794821	18.6451659046822	13.1600661776088	19.2627716011841	23.4454415736971	13.3066539867391	16.0179346187484
2020-11-21	14.0387694935888	10.0846802279124	19.0071558175536	13.25323573126	20.0619300616	23.9049743668901	14.0212237605796	16.5713190493987
2020-11-22	14.2647632121525	10.3464489033088	19.3618269860315	13.3472366688492	20.8659479238901	24.3679564191838	14.7690977064802	17.1362369028248
2020-11-23	14.491678975063	10.6069992579534	19.7090932619597	13.4432575071641	21.6727055895155	24.8335254571512	15.5504405787118	17.7121000986387
2020-11-24	14.7195989519259	10.8656568256617	20.0488684971823	13.5424867629922	22.4800834599378	25.3008192073653	16.365417131545	18.2983205564527
2020-11-25	14.9486053123469	11.1217471402496	20.3810665435431	13.6461129531213	23.2859619366183	25.768975396399	17.2141921192507	18.8943101958789
2020-11-26	15.1787802259316	11.3745957355328	20.7056012528862	13.7553245943391	24.0882214210184	26.2371317508251	18.0969302960994	19.4994809365296
2020-11-27	15.4102058622855	11.6235281453271	21.0223864770555	13.8713102034331	24.8847423145995	26.7044259972165	19.0137964163621	20.113244698017
2020-11-28	15.6429643910143	11.8678699034482	21.331336067895	13.995258297191	25.6734050188229	27.1699958621463	19.9649552343094	20.7350133999533
2020-11-29	15.8771379817236	12.1069465437119	21.6323638772485	14.1283573924005	26.45208993515	27.6329790721872	20.950571504212	21.3641989619507
2020-11-30	16.1130220647822	12.3405141234027	21.9258196907904	14.2720672098574	27.2182634665789	28.0931613873702	21.9704518800195	22.0002306707498
2020-12-01	16.351765113611	12.5700507936795	22.2137970295159	14.4289322863899	27.9677360222553	28.5529207015589	23.0229706143967	22.6426072816056
2020-12-02	16.5947288623944	12.79746522917	22.4988253482506	14.6017683628346	28.6959040128613	29.0152829420748	24.1061438596872	23.2908449169013
2020-12-03	16.8432750453164	13.024666104502	22.7834341018202	14.7933911800278	29.3981638490792	29.4832740362395	25.2179877682346	23.9444596990203
2020-12-04	17.0987653965614	13.2535620943033	23.0701527450502	15.006616478806	30.0699119415914	29.9599199113744	26.3565184923824	24.6029677503459
2020-12-05	17.3625616503134	13.4860618732013	23.3615107327661	15.2442600000056	30.7065447010801	30.4482464948012	27.5197521844743	25.2658851932613
2020-12-06	17.6360255407568	13.724074115824	23.6600375197937	15.509137484463	31.3034585382275	30.9512797138414	28.7057049968538	25.93272815015
2020-12-07	17.9202062083111	13.969160728699	23.9677216827255	15.8034085817127	31.8566677176374	31.4715053886434	29.9125038457893	26.6028234114693
2020-12-08	18.2149024183378	14.2214965459537	24.2843882852218	16.1266085760811	32.3646579195996	32.0092489106629	31.1387187032484	27.2747404399725
2020-12-09	18.5196003424338	14.4809096336156	24.6093215127102	16.4776166605924	32.826532678325	32.5642955641823	32.3830303051235	27.9468593664869
2020-12-10	18.8337861521959	14.7472280577122	24.9418055506181	16.855312028271	33.2413955280247	33.1364306334841	33.6441193873071	28.6175603218399
2020-12-11	19.1569460192211	15.020279884271	25.2811245843729	17.2585738721412	33.6083500029099	33.725439402851	34.9206666856915	29.2852234368589
2020-12-12	19.4885661151061	15.2998931793193	25.6265627994021	17.6862813852274	33.9264996371917	34.3311071565653	36.2113529361691	29.9482288423711
2020-12-13	19.828132611448	15.5858960088847	25.9774043811331	18.1373137605539	34.1949479650811	34.9532191789096	37.5148588746323	30.604956669204
2020-12-14	20.1751316798435	15.8781164389947	26.3329335149933	18.6105501911451	34.4127985207893	35.5915607541664	38.8298652369735	31.2537870481849
2020-12-15	20.5290494918895	16.1763825356766	26.6924343864102	19.1048698700252	34.5791548385273	36.2459171666181	40.1550527590853	31.8931001101412
2020-12-16	20.889372219183	16.480522364958	27.0551911808111	19.6191519902187	34.6931204525062	36.9160737005474	41.4891021768598	32.5212759859002
2020-12-17	21.2555860333208	16.7903639928663	27.4204880836236	20.1522757447498	34.7537988969373	37.6018156402366	42.8306942261895	33.1366948062892
2020-12-18	21.6271771058997	17.1057354854289	27.7876092802751	20.7031203266428	34.7602937060314	38.3029282699682	44.1785096429669	33.7377367021355
2020-12-19	22.0036316085168	17.4264649086734	28.155838956193	21.2705649289222	34.7117084139999	39.0191968740249	45.5312291630843	34.3227818042667
2020-12-20	22.3844357127687	17.7523803286271	28.5244612968048	21.8534887446123	34.6071465550536	39.750406736689	46.8875335224341	34.8902102435099
2020-12-21	22.7685412520231	18.0826512285023	28.891917561992	22.4498621727731	34.4463274115956	40.4958154366943	48.2456055300929	35.4387809330029
2020-12-22	23.1527627067295	18.4138127602498	29.2532773094531	23.0540204366072	34.2314332587956	41.2525697305788	49.6016362878739	35.9687679151251
2020-12-23	23.5333802191083	18.7417414930051	29.6027671713408	23.6593899653532	33.9652621200154	42.0172886693317	50.9513189707745	36.4808240145664
2020-12-24	23.9066739313798	19.0623139959038	29.9346137798075	24.2593971882495	33.6506120186166	42.7865913039423	52.290346753792	36.9756020560164
2020-12-25	24.2689239857642	19.3714068380815	30.2430437670061	24.8474685345345	33.2902809779607	43.5570966853999	53.6144128119237	37.453754864165
2020-12-26	24.6164105244818	19.6648965886735	30.522283765089	25.4170304334466	32.8870670214095	44.3254238646936	54.9192103201671	37.9159352637019
2020-12-27	24.9454136897529	19.9386598168156	30.7665604062089	25.9615093142243	32.4437681723246	45.0881918928127	56.2004324535195	38.3627960793169
2020-12-28	25.2528507438079	20.1893384857905	30.9712060937866	26.4753628201058	31.9631870424206	45.8419839384044	57.4539680913673	38.7948792145225
2020-12-29	25.5381874289178	20.4166361354706	31.1359763163157	26.9571734503292	31.4481445968241	46.5832396407471	58.6764889306531	39.2122828881222
2020-12-30	25.8015266073638	20.6210216998752	31.2617323335579	27.4065549181323	30.9014663890149	47.3083627567775	59.8648623727084	39.6149943977421
2020-12-31	26.042971141427	20.802964113024	31.3493354052748	27.8231209367531	30.3259779724724	48.0137570434319	61.0159558188648	40.0030010410083
2021-01-01	26.2626238933885	20.9629323089365	31.3996467912282	28.2064852194293	29.7245049006764	48.6958262576468	62.126636670454	40.3762901155472
2021-01-02	26.4605877255295	21.1013952216322	31.4135277511799	28.556261479399	29.0998727271065	49.3509741563587	63.1937723288077	40.7348489189847
2021-01-03	26.6369655001312	21.2188217851307	31.3918395448916	28.8720634298999	28.4549070052422	49.975604496504	64.2142301952572	41.0786647489471
2021-01-04	26.7918600794747	21.3156809334515	31.3354434321249	29.1535047841699	27.7924332885633	50.5661210350193	65.1848776711343	41.4077249030606
2021-01-05	26.9253743258412	21.3924416006141	31.2452006726416	29.4001992554469	27.1152771305493	51.1189275288409	66.1025821577706	41.7220166789512
2021-01-06	27.0376111015117	21.4495727206381	31.1219725262035	29.6117605569688	26.42626408468	51.6304277349054	66.9642110564976	42.0215273742452
2021-01-07	27.1286732687676	21.487543227543	30.9666202525723	29.7878024019734	25.7282197044348	52.0970254101493	67.7666317686469	42.3062442865688
2021-01-08	27.1986636898898	21.5068220553484	30.7800051115096	29.9279385036988	25.0239695432935	52.5151243115089	68.5067116955502	42.5761547135481
2021-01-09	27.2476852271596	21.5078781380737	30.5629883627772	30.0317825753826	24.3163391547357	52.8811281959208	69.1813182385391	42.8312459528092
2021-01-10	27.275840742858	21.4911804097386	30.3164312661369	30.0989483302628	23.608154092241	53.1914408203214	69.7873187989451	43.0715053019783
2021-01-11	27.2833668789056	21.4572556407158	30.041178850161	30.1295304691302	22.9022239986913	53.443449347048	70.3218599660661	43.2967903961815
2021-01-12	27.2710353957798	21.4068619467908	29.7380112186653	30.1255476429867	22.2012948745777	53.638474560041	70.7832050810641	43.5064402205441
2021-01-13	27.2397518335972	21.3408152801023	29.4076922442761	30.0894994903872	21.5080968097938	53.7788206486417	71.1698966730677	43.699664097691
2021-01-14	27.1904217324747	21.2599315927891	29.0509857996197	30.0238856498865	20.825359894233	53.8667918021914	71.4804772712053	43.8756713502477
2021-01-15	27.1239506325289	21.1650268369899	28.6686557573224	29.9312057600395	20.1558142177887	53.9046922100313	71.7134894046051	44.0336713008391
2021-01-16	27.0412440738765	21.0569169648435	28.2614659900107	29.8139594594011	19.5021898703544	53.8948260615025	71.8674756023958	44.1728732720904
2021-01-17	26.9432075966343	20.9364179284886	27.8301803703109	29.6746463865261	18.8672169418235	53.8394975459465	71.9409783937055	44.2924865866268
2021-01-18	26.8307554550385	20.8044241068539	27.3759752346105	29.5156849727854	18.2533557251653	53.7410911172535	71.9330370039136	44.3911999555556
2021-01-19	26.7048367598038	20.6621435860276	26.9016767743415	29.3391688208141	17.661987325653	53.6023122875105	71.8446774434022	44.4656196439133
2021-01-20	26.5664093357642	20.5108628788878	26.4105236446971	29.1471103260635	17.0942230516354	53.4259468333538	71.6774224188045	44.5118313052185
2021-01-21	26.4164310077538	20.3518684983128	25.9057545008705	28.9415218839847	16.5511742114615	53.2147805314195	71.4327946367534	44.5259205929898
2021-01-22	26.2558596006069	20.1864469571806	25.390607998055	28.724415890029	16.0339521134804	52.9715991583437	71.112316803882	44.5039731607459
2021-01-23	26.0856529391575	20.0158847683695	24.8683227914436	28.4978047396475	15.5436680660408	52.6991884907627	70.7175116268234	44.4420746620054
2021-01-24	25.9067688482398	19.8414684447575	24.3421375362295	28.2637008282914	15.0814333774918	52.4003343053124	70.2499018122105	44.336310750287
2021-01-25	25.7199279190625	19.6642818162993	23.8147976195701	28.023879800688	14.6477776487524	52.0774192195817	69.7112463331763	44.1836034403915
2021-01-26	25.5249018083334	19.4845979812547	23.2870753564784	27.7791702986687	14.2409036510224	51.7312132149689	69.104249228853	43.9842201922482
2021-01-27	25.3212249391347	19.3024873549603	22.7592497939316	27.5301642133408	13.8584324480716	51.3620831138249	68.4318508048728	43.739264827069
2021-01-28	25.1084317345489	19.1180203527524	22.2315999789069	27.2774534358117	13.4979851036699	50.9703957385007	67.6969913668676	43.4498411660653
2021-01-29	24.8860566176582	18.9312673899673	21.7044049583815	27.021629857189	13.1571826815871	50.5565179113471	66.9026112204695	43.1170530304489
2021-01-30	24.6536340115451	18.7422988819415	21.1779437793326	26.7632853685799	12.833646245593	50.120816454715	66.0516506713108	42.7420042414314
2021-01-31	24.4106983392918	18.5511852440114	20.6524954887373	26.5030118610919	12.5249968594576	49.6636581909553	65.1470500250233	42.3257986202244
2021-02-01	24.1567840239807	18.3579968915134	20.1283391335729	26.2414012258324	12.2288555869507	49.185409942419	64.1917495872393	41.8695399880396
2021-02-02	23.8914254886941	18.1628042397837	19.6057537608166	25.9790453539087	11.9428434918421	48.6864385314569	63.1886896635909	41.3743321660885
2021-02-03	23.6141571565144	17.9656777041589	19.0850184174455	25.7165361364284	11.6645816379017	48.16711078042	62.14081055971	40.8412789755828
2021-02-04	23.3245134505239	17.7666876999753	18.5664121504368	25.4544654644988	11.3916910888994	47.6277935116591	61.0510525812288	40.2714842377342
2021-02-05	23.022028793805	17.5659046425693	18.0502140067677	25.1934252292274	11.1217929086049	47.0688535475252	59.9223560337793	39.6660517737543
2021-02-06	22.70623760944	17.3633989472773	17.5367030334154	24.9340073217214	10.8525081607882	46.4906577103691	58.7576612229937	39.0260854048547
2021-02-07	22.3766743205113	17.1592410294356	17.026158277357	24.6768036330884	10.5814579092191	45.8935728225418	57.559908454504	38.352688952247
2021-02-08	22.0331038043056	16.9532786460225	16.5188522579051	24.4221162042981	10.3067549670605	45.2784076332716	56.3321828615799	37.6477245244817
2021-02-09	21.6762127549274	16.7444689205833	16.0150313837133	24.1690876757695	10.0284791450479	44.6477385992974	55.0781488880406	36.9160873794636
2021-02-10	21.3069183206854	16.5315463183049	15.5149355357704	23.9165708377841	9.7472020033096	44.0045841042352	53.801615805343	36.1634310624365
2021-02-11	20.9261376498886	16.3132453043746	15.0188045950653	23.6634184806232	9.46349510197414	43.3519625317012	52.5063928849441	35.395409118644
2021-02-12	20.5347878908457	16.0883003439793	14.526878442587	23.4084833945683	9.17793000116994	42.6928922653117	51.1962893983005	34.6176750933299
2021-02-13	20.1337861918657	15.8554459023062	14.0393969593242	23.1506183699007	8.89107826102548	42.0303916886827	49.8751146168692	33.8358825317378
2021-02-14	19.7240497012573	15.6134164445423	13.556600026266	22.8886761969018	8.60351144166918	41.3674791854307	48.5466778121071	33.0556849791115
2021-02-15	19.3065300233539	15.3612836020317	13.0788367832272	22.6217485987501	8.3159145532903	40.7066967631861	47.2145680541824	32.2818950646607
2021-02-16	18.882316586587	15.0994676707469	12.6068934053267	22.349883030212	8.02942640632124	40.0486809256376	45.8814936081089	31.5159617534597
2021-02-17	18.4525332754125	14.8287261128171	12.1416653265093	22.0733658789508	7.74529926125518	39.3935918004882	44.5499425376122	30.7584930945491
2021-02-18	18.0183039742862	14.5498163903718	11.68404798072	21.7924835326301	7.46478537858531	38.7415895154409	43.2224029064174	30.0100971369692
2021-02-19	17.5807525676642	14.2634959655403	11.2349368019036	21.5075223789132	7.18913701880481	38.0928341981988	41.90136277825	29.2713819297604
2021-02-20	17.1410029400023	13.970522300452	10.7952272240051	21.2187688054636	6.91960644240686	37.4474859764649	40.5893102168352	28.5429555219633
2021-02-21	16.7001789757565	13.6716528572363	10.3658146809692	20.9265091999448	6.65744590988466	36.8057049779423	39.2887332858985	27.8254259626183
2021-02-22	16.2594045593826	13.3676450980226	9.94759460674082	20.63102995002	6.40390768173139	36.1676513303339	38.0021200491651	27.1194013007657
2021-02-23	15.8198035753367	13.0592564849402	9.54146243526491	20.3326174433528	6.16024401844022	35.5334851613428	36.7319585703603	26.425489585446
2021-02-24	15.3824999080747	12.7472444801186	9.14831360048634	20.0315580676067	5.92770718050436	34.903366598672	35.4807369132097	25.7442988656998
2021-02-25	14.9486174420525	12.4323665456871	8.76904353634997	19.7281382104449	5.70754942841699	34.2774557700247	34.2509431414384	25.0764371905674
2021-02-26	14.5192800617259	12.1153801437752	8.40454767680068	19.422644259531	5.50102302267129	33.6559128031037	33.0450653187718	24.4225126090892
2021-02-27	14.0956116515511	11.7970427365121	8.05572145578336	19.1153626025284	5.30938022376045	33.0388978256122	31.8655915089353	23.7831331703058
2021-02-28	13.6787360959838	11.4781117860272	7.72346030724287	18.8065796271005	5.13387329217765	32.4265709652532	30.7150097756542	23.1589069232575
2021-03-01	13.2697072750752	11.1593655633426	7.40841419484726	18.4965000880588	4.97565754394048	31.8188705591243	29.5955318706754	22.5505720548798
2021-03-02	12.8692990512573	10.8416655750505	7.11025120115711	18.1850022088067	4.83550051716416	31.2148477819013	28.5082642978323	21.9593873036888
2021-03-03	12.4782152825573	10.5258941366357	6.82839393845618	17.871882579896	4.7140728054883	30.6133320176547	27.4540372489799	21.3867415460955
2021-03-04	12.0971598270023	10.2129335635832	6.5622650190282	17.5569377918782	4.61204500255253	30.0131526504548	26.433680915973	20.8340236585108
2021-03-05	11.7268365426197	9.90366617137758	6.31128705515694	17.2399644353049	4.53008770199647	29.4131390643721	25.4480254906668	20.3026225173459
2021-03-06	11.3679492874366	9.59897427550387	6.07488265912614	16.9207591007276	4.46887149745972	28.812120643477	24.4979011649161	19.7939269990117
2021-03-07	11.0212019194801	9.29974019144687	5.85247444321953	16.599118378698	4.42906698258191	28.2089267718399	23.584138130576	19.3093259799194
2021-03-08	10.6872109522872	9.0067813762543	5.64350486357187	16.2750807966992	4.41112722522126	27.6026844875396	22.7073281369439	18.8498972631313
2021-03-09	10.3662435214337	8.72065585322534	5.44749575172179	15.9496526299407	4.41463519011032	26.9937114446883	21.8671091630876	18.4154743583163
2021-03-10	10.0584794180048	8.44185678722205	5.26398878305894	15.6240820905635	4.43895631620027	26.3826229514065	21.0628807455177	18.0055797017943
2021-03-11	9.76409843308621	8.1708773431065	5.09252563297296	15.2996173907089	4.48345604244227	25.7700343158149	20.2940424207445	17.6197357298856
2021-03-12	9.48328035776322	7.90821068574073	4.93264797685348	14.9775067425177	4.54749980778749	25.1565608460339	19.5599937252785	17.2574648789103
2021-03-13	9.21620498312125	7.6543499799868	4.78389749009015	14.6589983581312	4.63045305118709	24.5428178501842	18.86013419563	16.9182895851884
2021-03-14	8.9630521002458	7.40978839070679	4.64581584807261	14.3453404496903	4.73168121159222	23.9294206363863	18.1938633683095	16.6017322850402
2021-03-15	8.72400150022228	7.17501908276275	4.51794472619049	14.0377812293362	4.85054972795406	23.3169845127607	17.5605807798275	16.3073154147857
2021-03-16	8.49923297413612	6.95053522101674	4.39982579983344	13.73756890921	4.98642403922377	22.7061247874282	16.9596859666942	16.0345614107451
2021-03-17	8.28892631307276	6.73682997033081	4.29100074439109	13.4459517014526	5.13866958435251	22.0974567685091	16.3905784654202	15.7829927092385
2021-03-18	8.09326130811764	6.53439649556704	4.19101123525309	13.1641778182052	5.30665180229145	21.4915957641241	15.8526578125158	15.5521317465861
2021-03-19	7.91241775035619	6.34372796158746	4.09939894780907	12.8934954716088	5.48973613199174	20.8891570823938	15.3453235444915	15.341500959108
2021-03-20	7.74657543087384	6.16531753325416	4.01570555744866	12.6351528738046	5.68728801240456	20.2907560314386	14.8679751978577	15.1506227831243
2021-03-21	7.59591414075604	5.99965837542917	3.93947273956152	12.3903982369336	5.89867288248107	19.6970079193793	14.4200123091248	14.9790196549551
2021-03-22	7.46045833993741	5.84705944063961	3.87029811684522	12.1602275456781	6.12314992935569	19.1084948860014	14.0007090290449	14.8258700789771
2021-03-23	7.33961116374934	5.70709283207277	3.80800310122911	11.9446278748854	6.35955333289593	18.525666397751	13.6088379653371	14.6889768317928
2021-03-24	7.23262041637242	5.57914644058097	3.75246505195048	11.7433340719443	6.60661102115257	17.9489387527396	13.2430463399621	14.5657987580613
2021-03-25	7.13873390198725	5.46260815701655	3.70356132824664	11.5560809842433	6.86305092217636	17.3787282490782	12.9019813748805	14.4537947024416
2021-03-26	7.0571994247744	5.35686587223183	3.66116928935485	11.3826034591711	7.12760096401808	16.8154511848783	12.5842902920532	14.3504235095927
2021-03-27	6.98726478891447	5.26130747707915	3.62516629451243	11.2226363441162	7.39898907472849	16.2595238582509	12.2886203134408	14.2531440241738
2021-03-28	6.92817779858804	5.17532086241084	3.59542970295666	11.0759144864673	7.67594318235837	15.7113625673075	12.0136186610041	14.1594150908438
2021-03-29	6.87925107545225	5.09833030369104	3.57185883908484	10.9421740208049	7.95729322790373	15.1715521147744	11.7577115109095	14.0669089911623
2021-03-30	6.84005651107034	5.02990561483107	3.55444088793432	10.821156230477	8.2422772041416	14.6413513218396	11.518440856146	13.9741517542908
2021-03-31	6.81023081448212	4.96965299435412	3.54318499970244	10.7126036860237	8.53023511679419	14.1221875143062	11.2931276439085	13.8798828462917
2021-04-01	6.7894106947274	4.91717864078332	3.53810032458655	10.6162589579847	8.82050697158378	13.6154880179772	11.0790928213917	13.7828417332268
2021-04-02	6.77723286084598	4.87208875264183	3.53919601278401	10.5318646169001	9.11243277423261	13.1226801586557	10.8736573357903	13.6817678811583
2021-04-03	6.77333402187766	4.8339895284528	3.54648121449217	10.4591632333097	9.40535253046293	12.6451912621447	10.6741421342991	13.5754007561484
2021-04-04	6.77735088686223	4.80248716673937	3.55996507990837	10.3978973777536	9.69860624599701	12.1844486542475	10.4778681641129	13.4624798242591
2021-04-05	6.78889030493907	4.77722567596245	3.57957564147639	10.3477256192875	9.99158382389676	11.741637732076	10.282586105888	13.3420713536229
2021-04-06	6.80743968564578	4.75800030433388	3.60491646062569	10.3079705210308	10.2838747565828	11.3169761779778	10.0877655741274	13.2145488206535
2021-04-07	6.8324565786195	4.74464411000325	3.63550998103215	10.2778706446185	10.5751184338155	10.9104397456095	9.89330591679551	13.0806125038347
2021-04-08	6.86339853349743	4.73699015112016	3.67087864637168	10.256664551686	10.8649542453552	10.5220041886277	9.6991064818569	12.9409626816506
2021-04-09	6.89972309991672	4.7348714858342	3.71054490032015	10.2435908038683	11.153021580962	10.1516452606889	9.50506661727606	12.7962996325851
2021-04-10	6.94088782751452	4.73812117229496	3.75403118655345	10.2378879628006	11.4389598303965	9.79933871544967	9.31108567101748	12.6473236351222
2021-04-11	6.98635026592802	4.74657226865203	3.80085994874746	10.2387945901182	11.7224083834188	9.46506030656661	9.11706299104569	12.4947349677459
2021-04-12	7.03556796479437	4.760057833055	3.85055363057808	10.2455492474561	12.0030066297893	9.14878578769626	8.92289792532518	12.3392339089402
2021-04-13	7.08799847375073	4.77841092365346	3.90263467572119	10.2573904964495	12.2803939592683	8.85049091249518	8.72848982182047	12.1815207371889
2021-04-14	7.14309934243428	4.80146459859702	3.95662552785268	10.2735568987337	12.5542097616161	8.57015143461994	8.53373802849605	12.0222957309761
2021-04-15	7.20032812048217	4.82905191603524	4.01204863064844	10.2932870159438	12.824093426593	8.30774310772709	8.33854189331645	11.8622591687858
2021-04-16	7.25914235753157	4.86100593411774	4.06842642778435	10.315819409715	13.0896843439593	8.06324168547319	8.14280076424616	11.7021113291019
2021-04-17	7.31899960321965	4.8971597109941	4.12528136293631	10.3403926416824	13.3506219034754	7.8366229215148	7.94641398924969	11.5425524904084
2021-04-18	7.37935740718356	4.93734630481391	4.18213587978018	10.3662452734812	13.6065454949015	7.6278625695085	7.74928091629155	11.3842829311892
2021-04-19	7.43968140163463	4.98137609654687	4.23854962745509	10.3924651508816	13.8568500453448	7.43672252964574	7.55143726680239	11.2280141282464
2021-04-20	7.49946954908079	5.02896875844305	4.294231076953	10.4175372561936	14.0999526312999	7.26210928825758	7.35346425607734	11.0745023516544
2021-04-21	7.55822789460412	5.07982128557268	4.34892590472909	10.4397958558622	14.3340258666079	7.10271547820997	7.1560794728777	10.9245150698056
2021-04-22	7.6154624832867	5.13363067300592	4.40237978723856	10.4575752163323	14.5572423651103	6.95723373236887	6.96000050596475	10.7788197510925
2021-04-23	7.67067936021063	5.19009391581298	4.45433840093658	10.469209604049	14.7677747406483	6.82435668360024	6.76594494409976	10.6381838639075
2021-04-24	7.72338457045798	5.24890800906405	4.50454742227835	10.4730332854572	14.9637956070634	6.70277696477004	6.57463037604402	10.503374876643
2021-04-25	7.77308415911084	5.30976994782932	4.55275252771904	10.4673805270019	15.1434775781968	6.59118720874421	6.38677439055881	10.3751602576915
2021-04-26	7.81933009996153	5.37240940175011	4.59872702128789	10.4506807892806	15.3052265238836	6.48838072121021	6.20295975067618	10.2540597214261
2021-04-27	7.86185808164332	5.43668673875222	4.64235471731027	10.4217443095004	15.4483813379332	6.39355349914135	6.02322991651118	10.1396019661421
2021-04-28	7.90044972149973	5.50249500133256	4.68354705768562	10.3794765190208	15.5725141701491	6.30600221233245	5.84749352244966	10.0310679361155
2021-04-29	7.93488663687426	5.56972723198805	4.72221548431336	10.3227828492013	15.6771971703344	6.22502353057833	5.67565920287744	9.92773857562239
2021-04-30	7.96495044511042	5.63827647321561	4.75827143909291	10.2505687314016	15.7620024882924	6.14991412367378	5.50763559218034	9.82889482893875
2021-05-01	7.99042276355172	5.70803576751215	4.7916263639237	10.161739596981	15.8265022738264	6.07997066141363	5.34333132474419	9.73381764034058
2021-05-02	8.01108520954167	5.7788981573746	4.82219170070514	10.0552008772993	15.8702686767397	6.01448981359268	5.18265503495483	9.64178795410387
2021-05-03	8.02671940042378	5.85075668529988	4.84987889133668	9.92985800371585	15.8928738468355	5.95276825000575	5.02551535719809	9.55208671450464
2021-05-04	8.03710695354156	5.9235043937849	4.87459937771772	9.78461640759028	15.893889933917	5.89410264044763	4.87182092585977	9.46399486581888
2021-05-05	8.04202948623852	5.99703432532658	4.8962646017477	9.61838152028213	15.8728890877876	5.83778965471316	4.72148037532573	9.37679335232262
2021-05-06	8.04126861585818	6.07123952242183	4.91478600532603	9.43005877315094	15.8294434582505	5.78312596259712	4.57440233998178	9.28976311829184
2021-05-07	8.03460595974403	6.14601302756759	4.93007503035215	9.21855359755626	15.7631251951089	5.72940823389435	4.43049545421376	9.20218510800257
2021-05-08	8.02182313523958	6.22124788326076	4.94204311872548	8.98277142485761	15.6735064481662	5.67593313839964	4.2896683524075	9.11334026573079
2021-05-09	8.00270175968836	6.29683713199826	4.95060171234545	8.72161768641454	15.5601593672256	5.6219973459078	4.15182966894881	9.02250953575253
2021-05-10	7.97700455435286	6.37260219273594	4.9556607328417	8.43395045821309	15.4229251379792	5.56699738432063	4.01690804549775	8.92897630255762
2021-05-11	7.94441865617157	6.44807799026541	4.95712402076486	8.11843839474522	15.2627210896749	5.51072921396782	3.88491215281126	8.83203371149132
2021-05-12	7.90461230600197	6.52272782583717	4.95489389639576	7.77370279512937	15.0807335874492	5.45308865328603	3.7558706689205	8.73097734811271
2021-05-13	7.85725374470156	6.59601500070175	4.94887268001526	7.398364958484	14.8781489964387	5.39397152071194	3.62981227185661	8.62510279798089
2021-05-14	7.80201121312781	6.66740281610968	4.9389626919042	6.99104618392755	14.6561536817803	5.33327363468221	3.50676563965076	8.51370564665495
2021-05-15	7.7385529521382	6.73635457331149	4.92506625234342	6.55036777057848	14.4159340086104	5.27089081363351	3.3867594503341	8.39608147969398
2021-05-16	7.66654720259023	6.80233357355768	4.90708568161376	6.07495101755522	14.1586763420658	5.20671887600252	3.26982238193779	8.27152588265708
2021-05-17	7.58583041496474	6.86487742527522	4.88509035613323	5.56417670447275	13.8855944674137	5.14066441328376	3.15597735474703	8.1395220112042
2021-05-18	7.4969118782361	6.92382096559675	4.85981787686845	5.02046353293209	13.5980118504444	5.07267710920312	3.04522425806314	8.00030330139884
2021-05-19	7.40046909100204	6.97907333883131	4.83217290092318	4.44698968503078	13.2972793770786	5.00271742054438	2.9375572234415	7.85429075940536
2021-05-20	7.29717955186029	7.03054368928798	4.80306008540119	3.84693334286636	12.9847479332373	4.9307458040913	2.83297038243748	7.70190539138811
2021-05-21	7.18772075940858	7.07814116127581	4.77338408740625	3.22347268853638	12.6617684048412	4.85672271662764	2.73145786660645	7.54356820351146
2021-05-22	7.07277021224463	7.12177489910387	4.74404956404213	2.57978590413833	12.3296916778113	4.78060861493715	2.63301380750378	7.37970020193976
2021-05-23	6.95300540896619	7.16135404708123	4.7159611724126	1.91905117176983	11.9898686380683	4.7023639558036	2.53763233668485	7.21072239283739
2021-05-24	6.829103848171	7.19678774951693	4.69002356962143	1.24444667352839	11.643650171533	4.62194919601075	2.44530758570501	7.03705578236869
2021-05-25	6.70174302845676	7.22798515072005	4.66714141277239	0.559150591511543	11.2923871641265	4.53932479234237	2.35603368611966	6.85912137669805
2021-05-26	6.57160044842123	7.25485539499964	4.64821935896925	0	10.9374305017694	4.45445120158221	2.26980476948415	6.6773401819898
2021-05-27	6.43935360666213	7.27730762666478	4.63416206531578	0	10.5801310703826	4.36728888051403	2.18661496735385	6.49213320440831
2021-05-28	6.30568000177719	7.29525099002451	4.62587418891575	0	10.221839755887	4.2777982859216	2.10645841128414	6.30392145011796
2021-05-29	6.17125713236414	7.30859462938791	4.62426038687292	0	9.86390744420342	4.18593987458868	2.02932923283039	6.11312592528308
2021-05-30	6.03676249702072	7.31724768906403	4.63022531629107	0	9.5076850212527	4.09167410329902	1.95522156354796	5.92016763606805
2021-05-31	5.9030844097294	7.321177796383	4.64443206516956	0	9.15438236503677	3.99504440839304	1.88412132247838	5.72553637336204
2021-06-01	5.77195444601166	7.32058651075924	4.66657744509011	0	8.80464532188189	3.8964261444377	1.81598157860766	5.52999706695343
2021-06-02	5.6453149967737	7.31573387462822	4.69611669853004	0	8.45897873019542	3.79627764555662	1.75074718840798	5.33438343135542
2021-06-03	5.52510845292175	7.30687993042543	4.73250506796667	0	8.11788742838471	3.69505724587342	1.68836300835151	5.13952918108122
2021-06-04	5.41327720536203	7.29428472058635	4.77519779587731	0	7.78187625485711	3.59322327951171	1.62877389491042	4.94626803064401
2021-06-05	5.31176364500074	7.27820828754644	4.82365012473928	0	7.45145004801997	3.49123408059512	1.57192470455688	4.755433694557
2021-06-06	5.2225101627441	7.2589106737412	4.8773172970299	0	7.12711364628064	3.38954798324726	1.51776029376307	4.56785988733339
2021-06-07	5.14700220855306	7.23656362960239	4.93549799223843	0	6.8094492202779	3.28863692890889	1.46622897963728	4.38429925415889
2021-06-08	5.0848974686075	7.21098573754692	4.99686463790197	0	6.4993482695762	3.18902728828943	1.41729292183231	4.20518016290928
2021-06-09	5.03539668814203	7.181907287988	5.05993309856954	0	6.19777962597146	3.09125903941544	1.3709177406371	4.03084991213291
2021-06-10	4.99770061239125	7.14905857133883	5.12321923879017	0	5.90571212125955	2.99587216031348	1.32706905634059	3.86165580037807
2021-06-11	4.97100998658976	7.11216987801261	5.18523892311292	0	5.62411458723637	2.90340662901012	1.2857124892317	3.69794512619308
2021-06-12	4.95452555597218	7.07097149842255	5.24450801608681	0	5.35395585569779	2.81440242353192	1.24681365959937	3.54006518812624
2021-06-13	4.94744806577311	7.02519372298184	5.29954238226088	0	5.09620475843971	2.72939952190544	1.21033818773254	3.38836328472589
2021-06-14	4.94898006128805	6.97458247628242	5.34912340902284	0	4.85160091098384	2.64883478704084	1.17626285900949	3.24315299755119
2021-06-15	4.95833128805601	6.91894621963114	5.39309457511517	0	4.61996706375508	2.57273262138266	1.144609119166	3.10461304020478
2021-06-16	4.97471329167692	6.85810904851358	5.43156488211901	0	4.4008967509042	2.50101431225903	1.11540957902721	2.97288840930019
2021-06-17	4.99733761775067	6.79189505841532	5.46464333161552	0	4.19398350658192	2.43360114699808	1.08869684941823	2.84812410145091
2021-06-18	5.02541581187718	6.72012834482195	5.49243892518583	0	3.99882086493899	2.37041441292795	1.06450354116421	2.73046511327047
2021-06-19	5.05815941965636	6.64263300321905	5.5150606644111	0	3.81500236012614	2.31137539737678	1.04286226509028	2.62005644137237
2021-06-20	5.09477998668811	6.55923312909219	5.53261755087248	0	3.64212152629412	2.2564053876727	1.02380563202156	2.51704308237012
2021-06-21	5.13448905857235	6.46975281792696	5.54521858615112	0	3.47977189759366	2.20542567114384	1.0073662527832	2.42157003287724
2021-06-22	5.17649818090898	6.37401616520895	5.55297277182816	0	3.3275470081755	2.15835753511833	0.993576738200323	2.33378228950723
2021-06-23	5.22001889929792	6.27184726642373	5.55598910948476	0	3.18504039219038	2.11512226692431	0.982469699098061	2.2538248488736
2021-06-24	5.26426275933908	6.16307021705688	5.55437660070206	0	3.05184558378905	2.07564115388992	0.974077746301549	2.18184270758987
2021-06-25	5.30844130663235	6.04750911259399	5.54824424706121	0	2.92755611712223	2.03983548334329	0.968433490635919	2.11798086226955
2021-06-26	5.35176608677767	5.92498804852063	5.53770105014336	0	2.81176552634067	2.00762654261255	0.965569542926301	2.06238430952614
2021-06-27	5.39344864537492	5.79533112032239	5.52285601152966	0	2.70406734559511	1.97893561902583	0.965518513997831	2.01519804597316
2021-06-28	5.43286112661971	5.65858205628553	5.5038918769043	0	2.60408208692823	1.95371110993255	0.968332299246141	1.97636575356592
2021-06-29	5.47001806909035	5.51566311589895	5.48128636836355	0	2.51153817395049	1.93200985276721	0.974139932348873	1.9450258556269
2021-06-30	5.50509460996084	5.36771619145223	5.45559095210674	0	2.42619100816428	1.9139157949856	0.983089731554172	1.92011546082039
2021-07-01	5.53826588640519	5.21588317523497	5.42735709433319	0.197791450549754	2.347795991072	1.89951288404348	0.995330015110183	1.90057167781067
2021-07-02	5.56970703559738	5.06130595953674	5.39713626124222	0.623671823244559	2.27610852417605	1.88888506739665	1.01100910126505	1.88533161526202
2021-07-03	5.59959319471144	4.90512643664713	5.36547991903316	1.02799732216764	2.21088400897882	1.88211629250088	1.03027530826691	1.87333238183874
2021-07-04	5.62809950092134	4.74848649885571	5.33293953390532	1.4094651649791	2.15187784698272	1.87929050681195	1.05327695436392	1.8635110862051
2021-07-05	5.65542832979817	4.59241718018715	5.30006128644716	1.76705115569434	2.09884676930834	1.88047847007802	1.080127344563	1.85495539397835
2021-07-06	5.68189101050133	4.43750608160644	5.26737021480368	2.10084544374982	2.05155282554912	1.88569819121672	1.11079973090622	1.84735519858756
2021-07-07	5.70782611058726	4.28422994581361	5.23538607150905	2.41121676493727	2.00975939491667	1.89495449143807	1.14523235219444	1.84055095041477
2021-07-08	5.73357219761245	4.13306551550874	5.2046286090974	2.69853385504843	1.97322985662264	1.90825219195207	1.18336344722852	1.83438309984201
2021-07-09	5.75946783913335	3.98448953339188	5.17561758010289	2.96316544987504	1.94172758987865	1.92559611396874	1.2251312548093	1.82869209725133
2021-07-10	5.78585160270643	3.83897874216307	5.14887273705965	3.20548028520883	1.91501597389634	1.94699107869809	1.27047401373765	1.82331839302474
2021-07-11	5.81306205588815	3.69700988452239	5.12491383250185	3.42584709684154	1.89285838788733	1.97244190735012	1.31932996281442	1.81810243754429
2021-07-12	5.84143776623498	3.55905970316988	5.10426061896363	3.62463462056491	1.87501821106326	2.00195342113485	1.37163734084047	1.81288468119201
2021-07-13	5.87131730130339	3.4256049408056	5.08743284897913	3.80221159217067	1.86125882263575	2.03553044126229	1.42733438661665	1.80750557434993
2021-07-14	5.90303922864983	3.29712234012961	5.0749502750825	3.95894674745055	1.85134360181644	2.07317778894245	1.48635933894381	1.8018055674001
2021-07-15	5.93694211583078	3.17408864384197	5.06733264980789	4.09520882219629	1.84503592781696	2.11490028538533	1.54865043662282	1.79562511072454
2021-07-16	5.9733645304027	3.05698059464272	5.06509972568946	4.21136655219962	1.84209917984893	2.16070275180096	1.61414591845452	1.78880465470529
2021-07-17	6.01264503992206	2.94627493523194	5.06877125526134	4.30778867325229	1.84229673712399	2.21059000939934	1.68278402323978	1.78118464972438
2021-07-18	6.05512221194531	2.84244840830967	5.07886699105769	4.38484392114602	1.84539197885378	2.26456687939047	1.75450298977944	1.77260554616385
2021-07-19	6.10109721252618	2.74588476268852	5.0957513194491	4.44310008751336	1.85126348570044	2.32255897177969	1.82922767139472	1.76291736879545
2021-07-20	6.15072160170733	2.65659577163131	5.11916716215198	4.48392118734997	1.86025064412826	2.38417505175353	1.9068293794882	1.75200843994981
2021-07-21	6.20410953802869	2.57450021451342	5.14870207471919	4.50887029149234	1.87280804205205	2.44894467329386	1.98716603998284	1.73977665634728
2021-07-22	6.26137518003019	2.49951687071022	5.1839436127036	4.51951047077695	1.8893902673866	2.51639739038251	2.07009557880159	1.72611991470819
2021-07-23	6.32263268625175	2.43156451959708	5.22447933165804	4.51740479604027	1.91045190804674	2.58606275700136	2.15547592186737	1.7109361117529
2021-07-24	6.3879962152333	2.37056194054938	5.2698967871354	4.50411633811878	1.93644755194727	2.65747032713224	2.24316499510315	1.69412314420175
2021-07-25	6.45757992551475	2.31642791294249	5.31978353468852	4.48120816784896	1.96783178700299	2.73014965475703	2.33302072443186	1.67557890877509
2021-07-26	6.53143383813522	2.26900918627999	5.37374654837944	4.45008997831279	2.0049303117649	2.80371412542812	2.42489490317166	1.65524928893833
2021-07-27	6.60935142413061	2.22786439057828	5.43147047630696	4.41155795157429	2.0475532673288	2.87811245098021	2.51861479422152	1.63327211513715
2021-07-28	6.69106201703601	2.19248012598199	5.49265938507905	4.36625489194298	2.09538190542665	2.95337717481854	2.61400152787562	1.6098332045623
2021-07-29	6.77629495038649	2.1623429926357	5.55701734130366	4.31482360372839	2.14809747779042	3.02954084034835	2.71087623442815	1.58511837440454
2021-07-30	6.86477955771715	2.13693959068405	5.62424841158878	4.25790689124004	2.2053812361521	3.10663599097489	2.80906004417329	1.55931344185462
2021-07-31	6.95624517256308	2.11575652027163	5.69405666254237	4.19614755878745	2.26691443224366	3.1846951701034	2.90837408740522	1.53260422410329
2021-08-01	7.05042112845935	2.09828038154306	5.76614616077239	4.13018841068015	2.33237831779708	3.26375092113913	3.00863949441812	1.5051765383413
2021-08-02	7.14703675894106	2.08399777464295	5.84022097288682	4.06067225122766	2.40145414454432	3.34383578748731	3.10967739550617	1.4772162017594
2021-08-03	7.24582139754329	2.07239529971591	5.91598516549363	3.98824188473951	2.47382316421736	3.42498231255319	3.21130892096355	1.44890903154834
2021-08-04	7.34650437780112	2.06295955690655	5.99314280520079	3.91354011552521	2.54916662854818	3.50722303974202	3.31335520108445	1.42044084489888
2021-08-05	7.44881503324965	2.05517714635949	6.07139795861627	3.8372097478943	2.62716578926876	3.59059051245905	3.41563736616305	1.39199745900176
2021-08-06	7.55248269742396	2.04853466821932	6.15045469234803	3.75989358615629	2.70750189811107	3.67511727410951	3.51797654649352	1.36376469104775
2021-08-07	7.65723670385914	2.04251872263068	6.23001707300404	3.68223443462071	2.78985620680708	3.76083586809865	3.62019387237006	1.33592835822757
2021-08-08	7.76280638609026	2.03661590973815	6.30978916719228	3.60487509759709	2.87390996708877	3.84777883783171	3.72211047408684	1.308674277732
