date	state	King	Snohomish	Pierce	Ann Arbor	Boston	San Diego	DC
2020-01-26	0	0	0	0	0	0	0	0
2020-01-27	0	0	0	0	0	0	0	0
2020-01-28	0	0	0	0	0	0	0	0
2020-01-29	0	0	0	0	0	0	0	0
2020-01-30	0	0	0	0	0	0	0	0
2020-01-31	0	0	0	0	0	0	0	0
2020-02-01	0	0	0	0	0	0	0	0
2020-02-02	0	0	0	0	0	0	0	0
2020-02-03	0	0	0	0	0	0	0	0
2020-02-04	0	0	0	0	0	0	0	0
2020-02-05	0	0	0	0	0	0	0	0
2020-02-06	0	0	0	0	0	0	0	0
2020-02-07	0	0	0	0	0	0	0	0
2020-02-08	0	0	0	0	0	0	0	0
2020-02-09	0	0.140563828200771	0	0	0	0	0	0
2020-02-10	0	0.429235970251637	0	0	0	0	0	0
2020-02-11	0.0293597033343369	0.729946472341996	0	0	0	0	0	0
2020-02-12	0.167151259559099	1.04363104270535	0.0775777925594034	0	0	0	0	0
2020-02-13	0.312411117974567	1.37122538957522	0.255362300066522	0	0	0	0	0
2020-02-14	0.465665066245016	1.71366522118509	0.443512254605193	0	0	0	0	0
2020-02-15	0.627438892034718	2.07188624576847	0.64271512001151	0	0	0	0	0
2020-02-16	0.79825838300795	2.44682417155888	0.853658360121567	0	0	0	0	0
2020-02-17	0.978648752749053	2.83935704822775	1.07704615997257	0	0	0	0	0
2020-02-18	1.16913291852264	3.25013229119834	1.31364958940618	0	0	0	0	0
2020-02-19	1.37023322351339	3.67973965733182	1.56425643946517	0	0	0	0	0
2020-02-20	1.58247201090599	4.12876890348939	1.82965450119233	0.0444313238417451	0	0	0	0
2020-02-21	1.80637162388511	4.59780978653223	2.11063156563042	0.114922511764738	0	0	0	0
2020-02-22	2.04245440563543	5.08745206332153	2.40797542382221	0.191885699122631	0	0	0	0
2020-02-23	2.29124269934164	5.59828549071848	2.7224738668105	0.275737945220516	0	0	0	0
2020-02-24	2.55312356708685	6.13064392338573	3.05471576829695	0.366855283036835	0	0	0	0
2020-02-25	2.82794294654794	6.68383760719179	3.4044943326188	0.465449640243422	0	0	0	0
2020-02-26	3.11541149430023	7.25692088580663	3.77140384677221	0.571691918185459	0	0	0	0
2020-02-27	3.41523986691904	7.84894810290024	4.15503859775332	0.685753018208127	0.205237379050627	0	0.0167826706014214	0
2020-02-28	3.72713872097968	8.4589736021426	4.55499287255827	0.807803841656608	0.435272100147008	0	0.068230381015267	0
2020-02-29	4.05081871305748	9.08605172720368	4.97086095818322	0.938015289876086	0.687060986650483	0	0.124714560635124	0
2020-03-01	4.38599049972774	9.72923682175346	5.40223714162432	1.07655826421174	0.961548193869167	0	0.186463202008852	0
2020-03-02	4.73236473756579	10.3875832294619	5.8487157098777	1.22360366600875	1.25967787711117	0	0.253704297684308	0
2020-03-03	5.08965208314695	11.060145293999	6.30989094993951	1.37932239661231	1.58239419168462	0.404422973591533	0.326665840209353	0.458943837903863
2020-03-04	5.45756319304652	11.7459773590348	6.7853571488059	1.54388535736759	1.93064129289762	1.40544664559086	0.405575822131845	0.975592534836412
2020-03-05	5.83580872383984	12.4441337682391	7.27470859347301	1.71746344961977	2.30536333605828	2.5050793554328	0.490662235999643	1.54185312973227
2020-03-06	6.22409933210221	13.1536688652821	7.777539570937	1.90022757471404	2.70750447647473	3.7077683675328	0.582153074360606	2.15992933093932
2020-03-07	6.62214567440896	13.8736369938336	8.29344436819401	2.09234863399558	3.13800886945508	5.01796094630633	0.680276329762593	2.83202484680546
2020-03-08	7.0296584073354	14.6030924975637	8.82201727224018	2.29399752880957	3.59782067030744	6.44010435616885	0.785259994753462	3.56034338567856
2020-03-09	7.446160529282	15.3407717207224	9.36258000227544	2.50525436417659	4.08778545736787	7.97878494832744	0.897311675828686	4.34711123546623
2020-03-10	7.87042440594985	16.0841390098799	9.91336400631488	2.72583605981882	4.60835450108425	9.63914542115567	1.01655743527419	5.19464500231492
2020-03-11	8.30103474486517	16.8303407121868	10.4723281645774	2.95536873913382	5.15988049493237	11.4264675598187	1.14310294932352	6.10528387193081
2020-03-12	8.73657625355422	17.5765231747933	11.0374313572817	3.19347852551918	5.74271613238804	13.3460331494818	1.2770538942102	7.08136703002009
2020-03-13	9.17563363954322	18.31983274485	11.6066324646469	3.43979154237246	6.35721410692708	15.4031239753101	1.41851594616778	8.12523366228893
2020-03-14	9.61679161035842	19.057415769507	12.1778903668917	3.69393391309123	7.00372711202529	17.6030218224688	1.5675947814298	9.2392229544435
2020-03-15	10.058634873526	19.7864185959149	12.7491639442349	3.95553176107307	7.68260784115848	19.9510084761231	1.72439607622979	10.42567409219
2020-03-16	10.4996544053472	20.5040187397309	13.318250875834	4.22408757907176	8.39382812036411	22.4507988897205	1.88893881096524	11.6861966279577
2020-03-17	10.9379662572227	21.2075183906391	13.8823040366002	4.49860933726591	9.1358363059263	25.099840689838	2.06089518268942	13.0194815810689
2020-03-18	11.371592749328	21.8942509068309	14.438315100383	4.77798137519035	9.90669988669077	27.8940146713346	2.23985069261954	14.4234903375686
2020-03-19	11.7985562018389	22.5615496464972	14.9832757410323	5.06108803237988	10.7044863515033	30.8292016290696	2.42539084197281	15.8961842835023
2020-03-20	12.2168789349309	23.2067479678291	15.5141776323976	5.34681364836933	11.5272631892096	33.9012823579023	2.61710113196645	17.4355248049153
2020-03-21	12.6245832687796	23.8271792290179	16.0280124483287	5.63404256269352	12.3730978886555	37.1061376526918	2.81456706381765	19.0394732878527
2020-03-22	13.0196915235607	24.4201767882546	16.5217718626752	5.92165911488727	13.2400579386867	40.4396483082974	3.01737413874365	20.7059911183598
2020-03-23	13.4002260194498	24.9830740037303	16.9924475492868	6.2085476444854	14.126210828149	43.8976951195782	3.22510785796165	22.433039682482
2020-03-24	13.7642090766224	25.5132042336362	17.4370311820132	6.49359249102273	15.0296240458881	47.4761588813935	3.43735372268885	24.2185803662646
2020-03-25	14.1096630152542	26.0079008361633	17.8525144347041	6.77567799403408	15.9483650807498	51.1709203886024	3.65369723414248	26.0605745557527
2020-03-26	14.4346101555209	26.4644971695028	18.2358889812091	7.05368849305427	16.8805014215798	54.9778604360643	3.87372389353975	27.9569836369918
2020-03-27	14.737072817598	26.8803265918458	18.584146495378	7.32650832761812	17.8241005572239	58.8928598186383	4.09701920209787	29.905768996027
2020-03-28	15.0150733216611	27.2527224613834	18.8942786510604	7.59302183726044	18.7772299765278	62.9117993311835	4.32316866103405	31.9048920189037
2020-03-29	15.2666339878859	27.5790181363067	19.163277122106	7.85211336151607	19.7379571683373	67.0305597685593	4.55175777156549	33.9523140916671
2020-03-30	15.4901774484097	27.8571130286041	19.3888585403681	8.10269244746899	20.7040382359099	71.2427117999061	4.78229780946677	36.0453095637553
2020-03-31	15.6857275832169	28.0871707654528	19.5716393697149	8.34376947239992	21.67198374015	75.5325855914891	5.01400314874183	38.178404638178
2020-04-01	15.8537085842538	28.2699210278272	19.712961032018	8.57438002113877	22.637992856374	79.8822011838548	5.24601393795196	40.3454384813374
2020-04-02	15.9945446434663	28.4060934967019	19.8141649491495	8.79355967851543	23.598264759898	84.2735786175499	5.47747032565846	42.5402502596362
2020-04-03	16.1086599528008	28.4964178530513	19.8765925429809	9.0003440293598	24.5489986260382	88.6887379331209	5.70751246042261	44.7566791394765
2020-04-04	16.1964787042033	28.5416237778499	19.901585235384	9.19376865850177	25.4863936301109	93.1096991711142	5.93528049080572	46.9885642872609
2020-04-05	16.25842508962	28.5424409520722	19.8904844482308	9.37286915077123	26.4066489474323	97.5184823720763	6.15991456536907	49.2297448693918
2020-04-06	16.2950320131654	28.4997821500422	19.8447534074107	9.53684752364428	27.3059760563205	101.896606450281	6.38063542259746	51.4737284682817
2020-04-07	16.307267227627	28.4152925194823	19.7663425548849	9.68557152518171	28.1806356471012	106.223585814912	6.59698616066965	53.7126963303846
2020-04-08	16.2962071979606	28.2908003014643	19.6573241366322	9.81907533609054	29.0269007131018	110.47843374888	6.80859046768792	55.9384981181643
2020-04-09	16.2629283891221	28.1281337370604	19.5197703986317	9.93739313707776	29.84104424765	114.640163535095	7.01507203175453	58.142983494085
2020-04-10	16.2085072660674	27.9291210673423	19.3557535868622	10.0405591088503	30.6193392440733	118.687788456467	7.21605454097174	60.3180021206108
2020-04-11	16.1340202937524	27.695590533382	19.1673459473027	10.1286074321153	31.3580586956991	122.600321795909	7.41116168344183	62.4554036602055
2020-04-12	16.0405439371327	27.4293703762515	18.9566197259322	10.2015722875797	32.053475595855	126.356776836329	7.60001714726707	64.5470377753333
2020-04-13	15.9291546611644	27.1322888370227	18.7256471687294	10.2594878559504	32.7018629378686	129.93616686064	7.78224462054971	66.5847541284581
2020-04-14	15.8009289308032	26.8061741567675	18.4765005216734	10.3023883179345	33.2994937150674	133.317505151751	7.95746779139203	68.5604023820441
2020-04-15	15.656943211005	26.452854576558	18.2112520307431	10.3303078542389	33.8426409207789	136.479804992573	8.1253103478963	70.4658321985553
2020-04-16	15.4982739667257	26.0741583374659	17.9319739419174	10.3432806455707	34.3275775483306	139.402079666017	8.28539597816478	72.2928932404557
2020-04-17	15.3259976629211	25.6719136805633	17.6407385011753	10.3413408726369	34.7505765910501	142.063342454993	8.43734837029973	74.0334351702092
2020-04-18	15.141190764547	25.2479488469221	17.3396179544956	10.3245227161444	35.107911042265	144.442606642412	8.58079121240343	75.6793076502801
2020-04-19	14.9449297365594	24.8040920776142	17.0306845478573	10.2928603568003	35.3958538953026	146.518885511185	8.71534819257815	77.2223603431322
2020-04-20	14.7382738334228	24.3421828931406	16.7160017941921	10.2466104442038	35.6113750883384	148.27476756197	8.84076218520062	78.6551867472934
2020-04-21	14.5222134676373	23.8641059317186	16.3975982742426	10.1869195035235	35.7542323389386	149.707142166413	8.95725280974546	79.9733557055466
2020-04-22	14.2977218412116	23.3717571109943	16.0774938357041	10.1151565288201	35.8248803095171	150.816473913909	9.06515887196177	81.1731798967382
2020-04-23	14.0657721561547	22.8670323486141	15.7577083262719	10.0326905141545	35.8237736624879	151.603227393853	9.16481917759865	82.250971999715
2020-04-24	13.8273376144752	22.3518275622241	15.4402615936414	9.94089045358757	35.751367060265	152.067867195639	9.25657253240518	83.2030446933235
2020-04-25	13.583391418182	21.8280386694707	15.1271734855079	9.84112534118001	35.6081151652624	152.210857908661	9.34075774213047	84.0257106564103
2020-04-26	13.334906769284	21.2975615879999	14.8204638495667	9.73476417099266	35.3944726398941	152.032664122314	9.41771361252361	84.7152825678221
2020-04-27	13.0827845399448	20.7621676583313	14.5217791817331	9.62297782152036	35.1114975964539	151.536588070641	9.48770639075203	85.2691734674834
2020-04-28	12.8276362829476	20.2231299124765	14.2312725708016	9.50614470899399	34.7626619467555	150.737282566278	9.55071208965655	85.6891978396314
2020-04-29	12.5700012212306	19.6815968053202	13.9487237537868	9.38444513407845	34.3520410524924	149.652238066511	9.6066341634963	85.978270529581
2020-04-30	12.3104185777319	19.1387167917471	13.673912467703	9.25805939743863	33.8837102753583	148.298945028627	9.65537606653043	86.1393063826473
2020-05-01	12.0494275753896	18.5956383266421	13.4066184495647	9.12716779973941	33.3617449770467	146.694893909909	9.69684125301808	86.1752202441455
2020-05-02	11.7875674371417	18.0535098648899	13.1466214363864	8.99195064164571	32.7902205192512	144.857575167645	9.73093317721841	86.0889269593907
2020-05-03	11.5253773859265	17.5134798613752	12.8937011651825	8.85258822382241	32.1732122636653	142.80447925912	9.75755529339057	85.8833413736979
2020-05-04	11.263396644682	16.9766967709828	12.6476373729676	8.7092608469344	31.5147955719827	140.553096641618	9.77661105579369	85.5613783323821
2020-05-05	11.0021644363464	16.4443090485975	12.408209796756	8.56214881164659	30.8190458058968	138.120917772426	9.78800391868692	85.1259526807585
2020-05-06	10.7422199838577	15.917465149104	12.1751981735623	8.41143241862386	30.0900383271012	135.52543310883	9.79163733632941	84.5799792641422
2020-05-07	10.4841025101541	15.3973135273871	11.9483822404008	8.25729196853112	29.3318484972896	132.784133108115	9.78741476298031	83.9263729278482
2020-05-08	10.2283512381737	14.8850026383315	11.7275417342861	8.09990776203325	28.5485516781554	129.914508227566	9.77523965289876	83.1680485171917
2020-05-09	9.97550539085457	14.381680936822	11.5124563922326	7.93946009979515	27.7442232313923	126.934048924469	9.7550154603439	82.3079208774876
2020-05-10	9.72610419113487	13.8884968777433	11.3029059512548	7.77612928248173	26.9229385186937	123.860245656109	9.72664563957489	81.3489048540512
2020-05-11	9.4806962893678	13.4064391284705	11.0985251776278	7.61024479085853	26.0884803963841	120.710384171581	9.69015258151074	80.2946850351845
2020-05-12	9.23986804556707	12.9358572063402	10.8983689546689	7.44273282609382	25.2434616993106	117.500931387205	9.64603442370993	79.1520249811384
2020-05-13	9.00421524716148	12.476940841179	10.7013471949564	7.27466876945653	24.3902027569509	114.248149511112	9.59490824039081	77.9284579951508
2020-05-14	8.77433368157985	12.0298797628137	10.5063698110682	7.1071280022156	23.531023898783	110.968300751432	9.53739110577173	76.6315173804596
2020-05-15	8.55081913625096	11.5948637010712	10.3123467155826	6.94118590563994	22.6682454542848	107.677647316295	9.47410009407105	75.2687364403027
2020-05-16	8.33426739860365	11.1720823857782	10.1181878210776	6.7779178609985	21.8041877529341	104.39245141383	9.40565227950711	73.8476484779179
2020-05-17	8.1252742560667	10.7617255467616	9.92280304013119	6.6183992495602	20.9411711242087	101.128975252167	9.33266473629826	72.3757867965432
2020-05-18	7.9243500506059	10.3639448487742	9.72538585879766	6.46355343822818	20.0814646072363	97.9012273557953	9.2557670669365	70.8603216015602
2020-05-19	7.73166334233491	9.97873969627401	9.52626405703536	6.31369573644239	19.2271320797429	94.7142015146397	9.17563898700833	69.3069707069244
2020-05-20	7.54729724590437	9.60607142864503	9.32604898827877	6.168989439277	18.3801861291042	91.5706378349845	9.09297274037394	67.7210888287354
2020-05-21	7.37133487596491	9.24590138527132	9.12535200596233	6.02959784180616	17.5426393426962	88.4732764231136	9.00846057089347	66.1080306830924
2020-05-22	7.20385934716716	8.89819090553696	8.92478446352053	5.89568423910403	16.7165043078944	85.4248573853113	8.92279472242708	64.4731509860949
2020-05-23	7.04495377416176	8.56290132882598	8.7249577143878	5.76741192624477	15.9037936120747	82.4281208278615	8.83666743883493	62.8218044538421
2020-05-24	6.89470127159934	8.23999399452247	8.52648311199864	5.64494419830256	15.1065198426128	79.4858068570486	8.75077096397719	61.1593458024335
2020-05-25	6.75318495413053	7.92943024201046	8.3299720097875	5.52844435035153	14.3266955868846	76.6006555791564	8.66579754171402	59.4911297479684
2020-05-26	6.62048793640598	7.63117141067403	8.13603576118884	5.41807567746587	13.5663334322657	73.7754071004692	8.58243941590557	57.8225110065461
2020-05-27	6.4966933330763	7.34517883989723	7.94528571963711	5.31400147471971	12.8274459661319	71.0128015272711	8.501388830412	56.1588442942661
2020-05-28	6.38188425879214	7.07141386906413	7.75833323856681	5.21638503718724	12.1120457758591	68.3155789658461	8.42333802909348	54.5054843272276
2020-05-29	6.27614382820413	6.80983783755877	7.57578967141237	5.1253896599426	11.4221454488229	65.6864795224784	8.34897925581016	52.86778582153
2020-05-30	6.17955515596291	6.56041208476523	7.39826637160828	5.04117863805996	10.7597575723992	63.1282433034521	8.27900475442221	51.2511034932728
2020-05-31	6.0922013567191	6.32309795006755	7.22637469258898	4.96391526661347	10.1268947339636	60.6436104150513	8.21410676878977	49.6607920585552
2020-06-01	6.01412071437305	6.09782969275813	7.06069776048987	4.8937568593918	9.52520116808198	58.2348860819545	8.154926187847	48.1012838367576
2020-06-02	5.94517218982391	5.88443325176265	6.90170579224995	4.83083680504162	8.95484769807994	55.9026360024176	8.10189848082394	46.5733215603843
2020-06-03	5.88516991322055	5.68270748591512	6.74984077750917	4.77528251092407	8.4156367944731	53.6469909930908	8.05540776202461	45.0767255652206
2020-06-04	5.83392801471184	5.49245125404955	6.60554470590745	4.72722138440034	7.90737092777708	51.4680818706245	8.01583814575305	43.6113161870519
2020-06-05	5.79126062444663	5.31346341499995	6.46925956708474	4.68678083283157	7.4298525685075	49.3660394516689	7.98357374631327	42.1769137616634
2020-06-06	5.7569818725738	5.14554282760034	6.34142735068096	4.65408826357894	6.98288418717998	47.3409945528742	7.9589986780093	40.7733386248404
2020-06-07	5.7309058892422	4.98848835068473	6.22249004633605	4.6292710840036	6.56626825431013	45.3930779908908	7.94249705514518	39.4004111123684
2020-06-08	5.71285368354251	4.84211294588192	6.1127132192731	4.61237511807959	6.17965141781755	43.5220390923728	7.93438258806091	38.057999558649
2020-06-09	5.70267378033271	4.7062859859999	6.01165673704785	4.60311985623246	5.82205703523764	41.7261012239896	7.93468737124048	36.7461642925503
2020-06-10	5.70022158341257	4.58089094664146	5.91870404279919	4.6011432055006	5.4923526415098	40.0031062624145	7.94337309520386	35.4650136415567
2020-06-11	5.70535249658187	4.46581130340938	5.83323857966602	4.60608307292244	5.18940577157339	38.3508960843208	7.96040145047103	34.2146559331526
2020-06-12	5.71792192364038	4.36093053190645	5.75464379078722	4.61757736553638	4.9120839603678	36.7673125663818	7.98573412756196	32.9951994948226
2020-06-13	5.7377852683879	4.26613210773546	5.68230311930169	4.63526399038083	4.65925474283241	35.2501975852708	8.01933281699661	31.8067526540511
2020-06-14	5.76479793462419	4.18129950649919	5.61560000834832	4.65878085449421	4.4297856539066	33.7973930176611	8.06115920929498	30.6494237383225
2020-06-15	5.79881532614904	4.10631620380042	5.55391790106601	4.68776586491492	4.22254422852975	32.406740740226	8.11117499497703	29.5233210751213
2020-06-16	5.83969284676223	4.04106567524195	5.49664024059365	4.72185692868138	4.03639800164124	31.0760826296388	8.16934186456272	28.428552991932
2020-06-17	5.88728590026354	3.98543139642655	5.44315047007013	4.760691952832	3.87021450818045	29.8032605625727	8.23562150857204	27.365227816239
2020-06-18	5.94144989045275	3.93929684295702	5.39283203263434	4.80390884440518	3.72286128308675	28.5861164157012	8.30997561752496	26.3334538755269
2020-06-19	6.00204022112963	3.90254549043614	5.34506837142519	4.85114551043935	3.59320586129953	27.4224920656973	8.39236588194145	25.33333949728
2020-06-20	6.06891229609397	3.87506081446669	5.29924292958156	4.9020398579729	3.48011577775818	26.3102293892346	8.48275399234149	24.3649930089828
2020-06-21	6.14192151914555	3.85672629065146	5.25473915024234	4.95622979404426	3.38245856740206	25.2471702629862	8.58110163924505	23.4285227381197
2020-06-22	6.22087883146789	3.84736441262277	5.21106243789	5.01338849747017	3.29907673277031	24.2316859158239	8.6872411104559	22.5239713645185
2020-06-23	6.30541732377948	3.84655374613108	5.16820604238127	5.07333023418076	3.22871264680106	23.2642649854133	8.80048708291302	21.6511189773794
2020-06-24	6.39512562418255	3.8538118749564	5.12628517491648	5.13590454188449	3.17008365003218	22.3459254616185	8.92002483083919	20.8096800182459
2020-06-25	6.48959236077934	3.86865638287871	5.08541504669591	5.20096095828983	3.12190708300156	21.4776853343034	9.04503962845719	19.9993689286615
2020-06-26	6.58840616167207	3.89060485367802	5.04571086891989	5.26834902110525	3.08290028624709	20.6605625933322	9.1747167499898	19.2199001501697
2020-06-27	6.69115565496298	3.91917487113433	5.00728785278872	5.33791826803921	3.05178060030662	19.8955752285689	9.30824146965979	18.4709881243139
2020-06-28	6.7974294687543	3.95388401902762	4.9702612095027	5.40951823680018	3.02726536571806	19.1837412298776	9.44479906168995	17.7523472926376
2020-06-29	6.90683102537806	3.99428660390497	4.93474472939688	5.48308728240431	3.00821056286479	18.5255054586001	9.58355193614734	17.0635977369318
2020-06-30	7.01902292408546	4.0400838233817	4.90084651934518	5.55891902909845	2.99402673151228	17.9190202619895	9.72357104647613	16.4039820999772
2020-07-01	7.13368255835749	4.0910135978402	4.86867326535626	5.63739591843719	2.98426305127152	17.3618648587769	9.86390448196479	15.772648664802
2020-07-02	7.25048732167516	4.14681384766285	4.83833165343879	5.71890039197505	2.97846870175348	16.8516184676932	10.0036003319018	15.1687457144345
2020-07-03	7.36911460751946	4.20722249323205	4.80992836960141	5.80381489126661	2.97619286256916	16.3858603074693	10.1417066855755	14.5914215319027
2020-07-04	7.48924180937137	4.27197745493019	4.78357009985279	5.8925218578664	2.97698471332953	15.9621695968363	10.2772716322745	14.0398244002351
2020-07-05	7.61054632071192	4.34081665313965	4.75936353020159	5.98540373332899	2.98039343364559	15.5781255545251	10.4093432612872	13.5131026024596
2020-07-06	7.73270553502208	4.41347800824283	4.73741534665646	6.08284295920893	2.9859682031283	15.2313073992666	10.5369696619021	13.0104044216046
2020-07-07	7.85539684578286	4.48969944062212	4.71783223522607	6.18522197706077	2.99325820138867	14.9192943497919	10.6591989234075	12.5308781406982
2020-07-08	7.97829764647525	4.5692188706599	4.70072088191907	6.29292322843906	3.00181260803767	14.6396656248319	10.7750791350921	12.0736720427687
2020-07-09	8.10108533058025	4.65177421873856	4.68618797274411	6.40632915489837	3.01118060268628	14.3900004431176	10.8836583862441	11.6379344108443
2020-07-10	8.22343729157885	4.7371034052405	4.67434019370986	6.52582219799323	3.0209113649455	14.1678780233799	10.9839847661522	11.2228135279531
2020-07-11	8.34503092295206	4.82494435054811	4.66528423082498	6.65178479927822	3.03055407442629	13.9708775843498	11.0751063641047	10.8274576771234
2020-07-12	8.46554361818086	4.91503497504376	4.65912677009812	6.78459940030787	3.03965791073966	13.7965783447583	11.1560712693902	10.4510151413834
2020-07-13	8.58457707619904	5.00706514272419	4.65591203612705	6.92443754140794	3.04780114696928	13.6427233424635	11.2261164749065	10.0928182079184
2020-07-14	8.70143021775144	5.1005324920434	4.65543440786593	7.07062715798895	3.05467843008969	13.5077108918325	11.2852345879903	9.75293518054301
2020-07-15	8.81532626903572	5.19488660506975	4.65742580285803	7.22228528423261	3.06001350054812	13.3901031263595	11.3336071195874	9.43161836722872
2020-07-16	8.92548845624949	5.28957706387159	4.66161813864664	7.37852895432065	3.06353009879181	13.2884621795388	11.3714155806438	9.12912007594718
2020-07-17	9.03114000559042	5.38405345051725	4.66774333277503	7.53847520243477	3.06495196526798	13.2013501848646	11.3988414821055	8.84569261467001
2020-07-18	9.13150414325612	5.47776534707509	4.67553330278645	7.70124106275671	3.06400284042388	13.1273292758311	11.4160663349186	8.58158829136882
2020-07-19	9.22580409544424	5.57016233561346	4.6847199662242	7.86594356946816	3.06040646470674	13.0649615859326	11.4232716500289	8.33705941401526
2020-07-20	9.31334230980253	5.66068609096561	4.69500872664535	8.03168954726158	3.0539162757396	13.0128857784891	11.4207179064191	8.1121721937441
2020-07-21	9.39373811977918	5.74874665902447	4.70599893166221	8.19754498287243	3.04440449984866	12.9700466361245	11.4089814552176	7.90624845434276
2020-07-22	9.4666900802725	5.83374617844788	4.71726341490091	8.36256565354685	3.03177306053594	12.9354654712882	11.3887176155895	7.71842392276181
2020-07-23	9.53189674618083	5.91508678789367	4.72837500998757	8.52580733653103	3.01592388130346	12.9081635964298	11.3605817066998	7.54783432595186
2020-07-24	9.58905667240244	5.99217062601968	4.73890655054832	8.68632580907114	2.99675888565324	12.887162323999	11.3252290477135	7.39361539086348
2020-07-25	9.63786841383568	6.06439983148375	4.74843087020927	8.84317684841335	2.97417999708727	12.8714829664453	11.2833149577958	7.25490284444724
2020-07-26	9.67803052537883	6.13117654294371	4.75652080259654	8.99541623180384	2.94808913910759	12.8601468362184	11.2354947561117	7.13083241365373
2020-07-27	9.70924156193023	6.19190289905741	4.76274918133627	9.14209973648877	2.91838823521619	12.8521752457677	11.1824237618262	7.02053982543354
2020-07-28	9.73120007838817	6.24598103848268	4.76668884005457	9.28228313971433	2.88497920891511	12.8465895075429	11.1247572941043	6.92316080673725
2020-07-29	9.74360462965097	6.29281309987736	4.76791261237757	9.41502221872668	2.84776398370634	12.8424109339935	11.0631506721111	6.83783108451543
2020-07-30	9.74615377061695	6.33180122189928	4.76599333193139	9.539372750772	2.80664448309191	12.8386608375691	10.9982592150117	6.76368638571868
2020-07-31	9.73854605618441	6.3623475432063	4.76050383234214	9.65439051309645	2.76152263057383	12.8343605307194	10.930738241971	6.69986243729756
2020-08-01	9.72048004125167	6.38385420245623	4.75101694723597	9.75913128294623	2.71230034965412	12.8285313258939	10.8612430721542	6.64549496620268
2020-08-02	9.69165428071704	6.39572333830692	4.73710551023897	9.85265083756749	2.65887956383477	12.8201945355422	10.7904290247263	6.59971969938459
2020-08-03	9.65193351080543	6.39753472708228	4.71835967311603	9.93421817363739	2.60121929099145	12.8085545466581	10.718820591696	6.56162450438959
2020-08-04	9.60184719304817	6.38957869577052	4.69443886018691	10.0039551655571	2.53950692649426	12.7935480444125	10.646418956447	6.5301058111467
2020-08-05	9.54209097030318	6.37232320902591	4.66501981391017	10.0621969071586	2.47398696008696	12.7752947885204	10.5730944752065	6.50401219018066
2020-08-06	9.4733604854284	6.34623623150274	4.62977927674431	10.1092784922741	2.40490388151329	12.753914538697	10.4987175042018	6.48219221201619
2020-08-07	9.39635138128175	6.31178572785528	4.58839399114788	10.1455350147358	2.332502180517	12.7295270546573	10.4231583996602	6.46349444717801
2020-08-08	9.31175930072117	6.26943966273783	4.5405406995794	10.1713015683756	2.25702634684185	12.7022520961165	10.346287517809	6.44676746619087
2020-08-09	9.22027988660456	6.21966600080464	4.48589614449739	10.1869132470257	2.17872087023157	12.6722094227897	10.2679752148756	6.43085983957947
2020-08-10	9.12259185009925	6.16294460958857	4.42431602471704	10.1927212963915	2.09785365842999	12.6394230558	10.1881539195631	6.41483890633176
2020-08-11	9.01930617561006	6.09980296813666	4.35637186448009	10.1891415696713	2.01478629118124	12.6035340619038	10.1070043504783	6.39864707928842
2020-08-12	8.9110169158512	6.03078045837452	4.28281414438496	10.1766060719367	1.92990376622955	12.5640877692654	10.0247692987039	6.38244553975335
2020-08-13	8.79831812353688	5.95641646222777	4.20439334503003	10.1555468082592	1.84359108131911	12.5206295060491	9.94169155532267	6.36639546903045
2020-08-14	8.68180385138129	5.877250361622	4.12185994701372	10.1263957837105	1.75623323419414	12.4727046004193	9.85801391141726	6.35065804842361
2020-08-15	8.56206815209865	5.79382153848283	4.03596443093443	10.0895850033622	1.66821522259884	12.4198583805403	9.77397915807039	6.33539445923673
2020-08-16	8.43970507840317	5.70666937473587	3.94745727739056	10.0455464722859	1.57992204427744	12.3616361745766	9.68983008636476	6.32076588277371
2020-08-17	8.31530868300904	5.61633325230673	3.85708896698051	9.99471219555306	1.49173869697413	12.2975833106924	9.60580948738308	6.30693350033843
2020-08-18	8.18947301863048	5.52335255312101	3.76560998030268	9.93751417823536	1.40405017843313	12.2272451170521	9.52216015220805	6.2940584932348
2020-08-19	8.06279213798168	5.42826665910432	3.67377079795548	9.8743844254044	1.31724148639866	12.1501669218202	9.43912487192238	6.28230204276671
2020-08-20	7.93586009377687	5.33161495218227	3.58232190053731	9.80575494213173	1.23169761861491	12.0658940531609	9.35694643760877	6.27182533023805
2020-08-21	7.80927093873024	5.23393681428047	3.49201376864657	9.73205773348897	1.1478035728261	11.9739718392386	9.27586764034992	6.26278953695273
2020-08-22	7.683618725556	5.13577162732453	3.40359688288167	9.65372480454769	1.06594434677644	11.8739456082177	9.19613127122853	6.25535584421463
2020-08-23	7.55949750696837	5.03765877324006	3.317821723841	9.5711881603795	0.986504938210153	11.7653606882626	9.11798012132733	6.24968543332765
2020-08-24	7.4374683299443	4.94010870927125	3.23536621717737	9.48484520949249	0.909871221614725	11.6481933934384	9.04157477812539	6.24585520408525
2020-08-25	7.31796021851185	4.84351619393662	3.15661806876116	9.39495497414083	0.83643257845084	11.524143981414	8.96674701468739	6.24360493023919
2020-08-26	7.20136919096185	4.74824706107329	3.08189242951716	9.3017418800152	0.766579266922468	11.395343695759	8.89324640047439	6.24259010403077
2020-08-27	7.08809126558511	4.65466714451838	3.01150445037016	9.20543035280629	0.700701545233582	11.2639237800431	8.82082250494746	6.2424662177013
2020-08-28	6.97852246067246	4.56314227810898	2.94576928224493	9.10624481820478	0.639189671588148	11.1320154778359	8.74922489756765	6.24288876349211
2020-08-29	6.87305879451471	4.47403829568222	2.88500207606627	9.00440970190136	0.582433904190139	11.0017500327071	8.67820314779603	6.24351323364449
2020-08-30	6.77209628540268	4.38772103107521	2.82951798275896	8.9001494295867	0.530824501243526	10.8752586882264	8.60750682509366	6.24399512039977
2020-08-31	6.67596733001057	4.30452116414457	2.77957474101244	8.7937018414078	0.484622942267018	10.7542904314927	8.53685575199562	6.24405801466812
2020-09-01	6.58474983854606	4.22462875882503	2.73520044057478	8.6853584353369	0.443575592038273	10.6390652237221	8.465850763333	6.24369790203508
2020-09-02	6.49845809960021	4.14819872507081	2.6963657589587	8.57542412380252	0.407300036649695	10.5294207696601	8.39406294701094	6.2429788667551
2020-09-03	6.41710640176409	4.07538597283614	2.66304137367692	8.46420381923321	0.375413862193682	10.4251947740521	8.32106339093455	6.24196499308258
2020-09-04	6.34070903362874	4.00634541207527	2.63519796224218	8.35200243405753	0.347534654762635	10.3262249416436	8.24642318300896	6.24072036527193
2020-09-05	6.26928028378523	3.94123195274242	2.61280620216718	8.23912488070399	0.323280000448952	10.23234897718	8.16971341113928	6.23930906757759
2020-09-06	6.20283444082462	3.88020050479182	2.59583677096465	8.12587607160114	0.302267485345034	10.1434045854067	8.09050516323063	6.23779518425398
2020-09-07	6.14138579333796	3.82340597817771	2.58426034614732	8.01256091917752	0.284114695543282	10.0592294710691	8.00836952718814	6.23624279955549
2020-09-08	6.08494862991632	3.77100328285433	2.57804760522792	7.89948433586169	0.268439217136095	9.97966133891282	7.92287759091692	6.23471599773656
2020-09-09	6.03353723915076	3.7231473287759	2.57716922571915	7.78695123408216	0.254858636215872	9.90453789368313	7.8336004423221	6.23327886305161
2020-09-10	5.98716590963232	3.67999302589665	2.58159588513375	7.67526652626749	0.242990538875014	9.83369684012552	7.74010916930879	6.23199547975505
2020-09-11	5.94584892995208	3.64169528417083	2.59129826098444	7.56473512484621	0.232452511205921	9.76697588298543	7.64197485978211	6.23092993210131
2020-09-12	5.90960058870109	3.60840901355267	2.60624703078394	7.45566194224686	0.222862139300993	9.70421272700829	7.53876860164719	6.23014630434479
2020-09-13	5.87843517447041	3.58028912399639	2.62641287204497	7.34835189089799	0.213837009252629	9.64524507693955	7.43006148280914	6.22970868073992
2020-09-14	5.85233511297171	3.55741498640301	2.65179467612961	7.24316156000223	0.205075097723434	9.59002941858906	7.31582153878951	6.22963475739321
2020-09-15	5.83115537839913	3.53956381546073	2.68250418979729	7.14065424585856	0.196595943656831	9.53899736202446	7.19760459557553	6.22975667781954
2020-09-16	5.8147190820674	3.52643728680451	2.7186813736568	7.04144492154005	0.188499476566445	9.49269929837777	7.07736342677086	6.2298601973859
2020-09-17	5.80284933529128	3.51773707606932	2.76046618831692	6.94614856011979	0.180885625965905	9.45168561878103	6.95705080597917	6.22973107145925
2020-09-18	5.79536924938549	3.51316485889013	2.80799859438644	6.85538013467084	0.173854321368836	9.41650671436632	6.8386195068041	6.22915505540658
2020-09-19	5.7921019356648	3.51242231090191	2.86141855247414	6.7697546182663	0.167505492288867	9.38771297626566	6.72402230284932	6.22791790459486
2020-09-20	5.79287050544395	3.51521110773962	2.92086602318881	6.68988698397923	0.161939068239623	9.36585479561109	6.61521196771849	6.22580537439107
2020-09-21	5.79753959767846	3.52124456401368	2.98647183320309	6.61633676323821	0.157339304466836	9.35145181733025	6.51371020250028	6.22263865560808
2020-09-22	5.80613996188704	3.53028255023622	3.05833027344497	6.5494417208938	0.15422775914465	9.34490070153308	6.41931441822348	6.21838068084226
2020-09-23	5.8187438752292	3.54209657589479	3.1365265009063	6.4894841801521	0.153210316179314	9.34656736212509	6.3313909534019	6.2130298181359
2020-09-24	5.83542361486441	3.55645815047696	3.22114567257895	6.43674646421915	0.154892859477078	9.35681771301182	6.24930614654932	6.20658443553127
2020-09-25	5.85625145795218	3.57313878347029	3.31227294545475	6.39151089630104	0.159881272944191	9.37601766809877	6.17242633617957	6.19904290107065
2020-09-26	5.881299681652	3.59190998436234	3.40999347652557	6.35405979960383	0.1687814404869	9.40453314129148	6.10011786080644	6.1904035827963
2020-09-27	5.91064056312337	3.61254326264068	3.51439242278326	6.32467549733359	0.182199246011456	9.44273004649546	6.03174705894373	6.1806648487505
2020-09-28	5.94434637952577	3.63481012779288	3.62555494121966	6.3036403126964	0.200740573424107	9.49097429761624	5.96668026910526	6.16982506697553
2020-09-29	5.98248940801872	3.65848208930649	3.74356618882663	6.29123656889833	0.225011306631102	9.54963180855933	5.90428382980482	6.15788260551366
2020-09-30	6.02514192576169	3.68333065666907	3.86851132259602	6.28774658914544	0.25561732953869	9.61906849323026	5.84392407955621	6.14483583240716
2020-10-01	6.07237620991419	3.70912733936819	4.00047549951968	6.29345269664381	0.293164526053119	9.69965026553455	5.78496735687324	6.13068311569831
2020-10-02	6.12426453763571	3.73564364689142	4.13954387658947	6.30863721459951	0.33825878008064	9.79174303937773	5.72678000026972	6.11542282342938
2020-10-03	6.18087918608574	3.76265108872632	4.28580161079723	6.33358246621861	0.391505975527501	9.89571272866531	5.66872834825944	6.09905332364264
2020-10-04	6.24229243242378	3.78992117436044	4.43933385913482	6.36857077470718	0.45351199629995	10.0119252473028	5.61017873935621	6.08157298438038
2020-10-05	6.30856432936201	3.81732504276181	4.60018557101441	6.41379950293149	0.524860054074268	10.1405249010692	5.55064809226567	6.06317635740462
2020-10-06	6.37970603182336	3.84513235082027	4.76824086552949	6.46912617239858	0.606042671606878	10.2807695632369	5.49025564646076	6.04484272935643
2020-10-07	6.45571647028343	3.87371238490612	4.94334365419389	6.5343233442757	0.697529699424227	10.4316954989518	5.42927122160626	6.02774757059666
2020-10-08	6.53659457521785	3.90343443138966	5.1253378485214	6.60916357973008	0.799790988052767	10.5923389733599	5.36796463736694	6.01306635148613
2020-10-09	6.62233927710221	3.93466777664119	5.31406736002584	6.69341943992897	0.913296388018946	10.761736251607	5.30660571340759	6.00197454238568
2020-10-10	6.71294950641214	3.967781707031	5.50937610022103	6.78686348603961	1.03851574984922	10.9389235988392	5.24546426939298	5.99564761365615
2020-10-11	6.80842419362324	4.0031455089294	5.71110798062078	6.88926827922924	1.17591892407004	11.1229372802021	5.18481012498788	5.99526103565836
2020-10-12	6.90874548080242	4.04110585274029	5.91912718883914	7.00036894216573	1.32594411260104	11.3129522973655	5.12504809794144	6.00189583218257
2020-10-13	7.01382835638175	4.08191894500204	6.13337901689118	7.11975084351949	1.48890292293464	11.5086985980933	5.06712299834016	6.0162552407367
2020-10-14	7.1235710203846	4.12581837628661	6.35382903289219	7.24696191346152	1.66507531395644	11.7100448666733	5.01211463435493	6.03894805225806
2020-10-15	7.23787167283433	4.17303773716596	6.58044280495747	7.38155008216286	1.85474124455204	11.9168597873931	4.96110281415661	6.070583057684
2020-10-16	7.3566285137543	4.22381061821207	6.8131859012023	7.52306327979452	2.05818067360702	12.1290120445405	4.91516734591608	6.11176904795184
2020-10-17	7.47973974316788	4.2783706099969	7.052023889742	7.67104943652755	2.27567356000701	12.3463703224031	4.87538803780421	6.16311481399892
2020-10-18	7.60710356109845	4.33695130309243	7.29692233869186	7.82505648253294	2.50749986263759	12.5688033052687	4.84284469799188	6.22522914676256
2020-10-19	7.73861816756935	4.39978628807061	7.54784681616719	7.98463234798174	2.75393954038438	12.7961796774249	4.81861713464996	6.29872083718009
2020-10-20	7.87418176260396	4.46710915550342	7.80476289028326	8.14932496304495	3.01527255213295	13.0283681231595	4.80378515594932	6.38419867618884
2020-10-21	8.01369254622564	4.53915349596283	8.06763612915539	8.31868225789362	3.29177885676893	13.2652373267602	4.79942857006083	6.48227145472616
2020-10-22	8.15704871845776	4.61615290002079	8.33643210089888	8.49225216269876	3.58373841317791	13.5066559725145	4.80662718515537	6.59354796372936
2020-10-23	8.30414847932368	4.69834095824929	8.61111637362902	8.66958260763139	3.89143118024549	13.7524927447103	4.82646080940381	6.71863699413577
2020-10-24	8.45489002884676	4.78595126122028	8.8916545154611	8.85022152286253	4.21513711685726	14.0026163276353	4.86000925097703	6.85814733688272
2020-10-25	8.60917156705038	4.87921739950574	9.17801209451043	9.03371683856323	4.55513618189883	14.2568954055771	4.90835231804589	7.01268778290755
2020-10-26	8.76693571371994	4.97842216701906	9.47025681363332	9.21956035183672	4.91173788362264	14.5153392640536	4.97251731644238	7.18273646465056
2020-10-27	8.92830276768908	5.08404517103932	9.76886491465007	9.40701932751529	5.28536992774841	14.7785195935035	5.05332154264289	7.36824888056392
2020-10-28	9.09343744755348	5.19661522218703	10.074414774122	9.59530489736338	5.67648956936269	15.0471486855957	5.15152979078493	7.56904987060276
2020-10-29	9.26250447190882	5.31666113108271	10.3874847686104	9.78362819314551	6.08555406355207	15.321938831999	5.267906855006	7.78496427472225
2020-10-30	9.43566855935078	5.44471170834686	10.7086532746767	9.97120034662616	6.51302066540311	15.6036023243822	5.40321752944361	8.01581693287751
2020-10-31	9.61309442847505	5.5812957646	11.0384986688821	10.1572324895698	6.95934663000236	15.8928514544144	5.55822660823527	8.26143268502371
2020-11-01	9.79494679787729	5.72694211046262	11.3775993277879	10.340935753741	7.42498921243636	16.1903985137642	5.73369888551846	8.52163637111596
2020-11-02	9.98132454746855	5.88202527085778	11.7262805715616	10.5216423383139	7.9102563312623	16.4968360136351	5.9303962828296	8.79629044381733
2020-11-03	10.1720632024212	6.04630262791863	12.083855494794	10.6991687121019	8.41485855891959	16.8122773433683	6.14906923130061	9.08540780662247
2020-11-04	10.3669324492229	6.21937727808084	12.4493841356824	10.8734524113281	8.93835713131824	17.1367161118397	6.3904652894623	9.38903897573394
2020-11-05	10.5657019743614	6.4008523177801	12.8219265324238	11.0444309722157	9.48031328436828	17.470145927925	6.65533201584551	9.7072344673543
2020-11-06	10.7681414643244	6.59033084345209	13.2005427232153	11.2120419309877	10.0402882539797	17.8125604005	6.94441696898106	10.0400447976861
2020-11-07	10.9740206055997	6.78741595153249	13.5842927462539	11.3762228238674	10.6178432760626	18.1639531384406	7.25846770739977	10.387520482932
2020-11-08	11.1831090846749	6.99171073845697	13.9722366397368	11.5369111870777	11.2125395865269	18.5243177506224	7.59823178963244	10.7497120392944
2020-11-09	11.3951765880377	7.20281830066123	14.363434441861	11.6940445568418	11.8239384212826	18.8936478459213	7.96445677420992	11.1266699829759
2020-11-10	11.6099928021759	7.42034173458094	14.7569461908236	11.8475604693829	12.4516010162398	19.2719370332132	8.35789021966302	11.5184448301792
2020-11-11	11.8273274135771	7.64388413665178	15.1518319248216	11.997396460924	13.0950886073085	19.6591789213737	8.77927968452257	11.9250870971067
2020-11-12	12.0469501087292	7.87304860330942	15.5471516820522	12.1434900676883	13.7539624303986	20.0553671192786	9.22937272731936	12.346647299961
2020-11-13	12.2686305741197	8.10743823098958	15.9419655007124	12.2857788258988	14.4277837214203	20.4604952358038	9.70891690658425	12.7831759549447
2020-11-14	12.4921384962364	8.3466561161279	16.3353334189993	12.4242002717788	15.1161137162835	20.8745568798251	10.218659780848	13.2347235782604
2020-11-15	12.7172435615671	8.59030535516008	16.7263154751099	12.5586919415513	15.8185136508983	21.2975456602182	10.7593489086416	13.7013406861105
2020-11-16	12.9437580373613	8.83795664627809	17.1140805151127	12.689363796487	16.5342971428777	21.7293395163562	11.3316080380036	14.1829633877024
2020-11-17	13.1716645139169	9.08905109469913	17.4982326165616	12.8170154980466	17.2617873366479	22.1693537096016	11.9355656750047	14.6790701642618
2020-11-18	13.4009881622935	9.34299740739669	17.8784846648817	12.9426191327385	17.9990597583379	22.6168878318142	12.5712265152234	15.1890250900191
2020-11-19	13.6317541535509	9.59920429134425	18.2545495454983	13.0671467870709	18.7441899340768	23.0712414748536	13.2385952542383	15.7121922392049
2020-11-20	13.8639876587487	9.85708045351528	18.6261401438364	13.1915705475522	19.4952533899938	23.5317142305796	13.9376765876278	16.2479356860495
2020-11-21	14.0977138489467	10.1160346008833	18.9929693453215	13.3168625006906	20.2503256522179	23.9976056908521	14.6684752109705	16.7956195047834
2020-11-22	14.3329578952046	10.3754754404218	19.3547500353786	13.4439947329944	21.0074822468785	24.4682154475306	15.4309958198451	17.3546077696371
2020-11-23	14.5697449685821	10.6348116791042	19.7111950994329	13.5739393309721	21.7647987001044	24.9428430924751	16.2252431098299	17.924264554841
2020-11-24	14.8081002401388	10.893452023904	20.0620174229096	13.7076683811317	22.5203505380249	25.4207882175452	17.0512217765035	18.5039539346255
2020-11-25	15.0480488809346	11.1508051817948	20.406929891234	13.8461539699817	23.2722132867691	25.9013504146007	17.9089365154444	19.0930399832211
2020-11-26	15.289616062029	11.40627985975	20.7456453898313	13.9903681840303	24.0184624724662	26.3838292755013	18.7983920222313	19.6908867748583
2020-11-27	15.5328269544819	11.6592847647431	21.0778768041266	14.1412831097859	24.7571736212452	26.8675243921068	19.7195929924426	20.2968583837674
2020-11-28	15.7777067293529	11.9092286037476	21.4033370195451	14.2998708337568	25.4864222592353	27.351735356277	20.6725441216568	20.910318884179
2020-11-29	16.0242805577017	12.1555200837369	21.7217389215121	14.4671034424512	26.2042839125657	27.8357617598716	21.6572501054525	21.5306323503235
2020-11-30	16.2727327113775	12.3978978991082	22.0331592528411	14.6441393851758	26.9085174231958	28.3193906592078	22.673415188307	22.1571822848593
2020-12-01	16.5238838653876	12.6374206939525	22.3391301858995	14.832882562431	27.5956148964072	28.8043589684323	23.7195418102919	22.7894299041566
2020-12-02	16.7787137955283	12.8754770997846	22.6415477504428	15.0354232375154	28.2617517533118	29.2928910661494	24.7938319603778	23.4268558530137
2020-12-03	17.0382022775965	13.1134557481192	22.9423079762268	15.2538516737277	28.9031034150213	29.7872113309632	25.894487627535	24.0689407762286
2020-12-04	17.3033290873887	13.3527452704711	23.2433068930072	15.4902581343667	29.5158453026479	30.2895441414781	27.0197108007343	24.7151653185996
2020-12-05	17.5750740007016	13.5947342983548	23.5464405305396	15.746732882731	30.0961528373033	30.8021138762982	28.1677034689459	25.3650101249249
2020-12-06	17.8544167933317	13.8408114632852	23.8536049185797	16.0253661821194	30.6402014400996	31.3271449140278	29.3366676211404	26.0179558400027
2020-12-07	18.1420897185078	14.0920954309103	24.1662644845655	16.327732252074	31.1446761765577	31.866431394452	30.5248607520435	26.6733344305349
2020-12-08	18.4378349391872	14.3486250034115	24.4841572466643	16.6533411371115	31.6083006898361	32.4200465020808	31.7307623794021	27.3298831508388
2020-12-09	18.7411470957592	14.6101690171038	24.8065896207258	17.001186837992	32.0303082675022	32.9876331826048	32.9529075267184	27.9861905771355
2020-12-10	19.0515208286133	14.8764963083017	25.1328680225995	17.3702633554757	32.4099321971234	33.5688343817151	34.1898312174946	28.6408452856459
2020-12-11	19.3684507781389	15.1473757133203	25.4622988681351	17.7595646903227	32.7464057662674	34.1632930451024	35.4400684752326	29.2924358525912
2020-12-12	19.6914315847253	15.4225760684743	25.7941885731823	18.1680848432933	33.0389622625016	34.7706521184576	36.702154323435	29.9395508541923
2020-12-13	20.0199578887619	15.7018662100784	26.1278435535907	18.5948178151475	33.2868349733936	35.3905545474715	37.9746237856036	30.5807788666704
2020-12-14	20.3535243306382	15.9850149744476	26.4625702252099	19.0387576066456	33.4892571865108	36.0226432778351	39.2560118852408	31.2147084662464
2020-12-15	20.6916255507434	16.2717911978965	26.7976750038896	19.4988982185476	33.6454621894208	36.6665612552391	40.5448536458486	31.8399282291415
2020-12-16	21.0337561894671	16.5619637167401	27.1324643054794	19.9742336516137	33.754683269691	37.3219514253744	41.8396840909293	32.4550267315765
2020-12-17	21.3794108871986	16.855301367293	27.4662445458289	20.4637579066041	33.816153714889	37.9884567339318	43.139038243985	33.0585925497727
2020-12-18	21.7280842843273	17.1515729858702	27.7983221407878	20.966464984279	33.8291068125823	38.6657201266023	44.4414511285179	33.6492142599511
2020-12-19	22.0792710212425	17.4505474087865	28.1280035062056	21.4813488853985	33.7927758503384	39.3533845490765	45.74545776803	34.2254804383325
2020-12-20	22.4324657383338	17.7519934723565	28.4545950579321	22.0074036107227	33.7063941157248	40.0510929470455	47.0495931860237	34.7859796611383
2020-12-21	22.7867563994901	18.0551835470181	28.7767710737489	22.542921620847	33.5697133084389	40.7580707092079	48.3519913956941	35.329581082248
2020-12-22	23.1396042625993	18.3574041397004	29.0906772791656	23.0833892157071	33.3845587766975	41.4718729962936	49.6491823690081	35.8562761661765
2020-12-23	23.488063909049	18.6554452914554	29.3918272616237	23.6235911550741	33.1532742808472	42.1896374120403	50.9372950676258	36.3663369550972
2020-12-24	23.8291899202267	18.9460970433353	29.6757346085649	24.1583121987188	32.8782035812347	42.9085015601858	52.2124584532072	36.8600354911834
2020-12-25	24.16003687752	19.2261494363919	29.9379129074308	24.6823371064122	32.5616904382066	43.6256030444677	53.4708014874122	37.3376438166087
2020-12-26	24.4776593623163	19.4923925116775	30.173875745663	25.1904506379252	32.2060786121097	44.3380794686239	54.7084531319008	37.7994339735464
2020-12-27	24.7791119560033	19.741616310244	30.379136710703	25.6774375530288	31.8137118632905	45.0430684363921	55.9215423483331	38.2456780041701
2020-12-28	25.0619356055922	19.9711948759488	30.5500579147306	26.1388802310454	31.3869405188219	45.7376919899198	57.1063874340448	38.6765885865401
2020-12-29	25.325616720589	20.1808382638701	30.6863955688778	26.5735515295032	30.9281411726805	46.4190099249936	58.2600640290749	39.0921409422646
2020-12-30	25.5701280761232	20.3708405318915	30.7887544090146	26.9810219254817	30.4396969855694	47.0840664758098	59.3798371091379	39.4922509288385
2020-12-31	25.7954424473246	20.5414957378964	30.8577391710113	27.3608618960607	29.9239911181913	47.7299058765651	60.4629716499485	39.876834403757
2021-01-01	26.0015326093229	20.6930979397683	30.8939545907378	27.7126419183197	29.3834067312493	48.3535723614556	61.5067326272215	40.245807224515
2021-01-02	26.1883713372476	20.8259411953909	30.8980054040642	28.0359324693384	28.8203269854462	48.9521101646779	62.5083850166713	40.5990852486076
2021-01-03	26.3559314062285	20.9403195626475	30.8704963468608	28.3303040261963	28.2371350414849	49.5225635204282	63.4651937940127	40.93658433353
2021-01-04	26.5041855913952	21.0365270994218	30.8120321549975	28.5953270659733	27.6362140600682	50.0619766629032	64.3744239349604	41.2582203367771
2021-01-05	26.6331066678773	21.1148578635972	30.7232175643445	28.8305720657489	27.0199472018991	50.5673938262991	65.233340415229	41.563909115844
2021-01-06	26.7426674108046	21.1756059130572	30.6046573107719	29.0356095026026	26.3907176276805	51.0358592448123	66.0392082105332	41.8535665282257
2021-01-07	26.8328405953066	21.2190653056854	30.4569561301497	29.2100098536142	25.7509084981152	51.4644171526392	66.7892922965876	42.1271084314174
2021-01-08	26.9035989965131	21.2455300993653	30.2807187583482	29.3533435958633	25.1029029739062	51.8501117839764	67.4808576491069	42.3844506829139
2021-01-09	26.9549153895537	21.2552943519803	30.0765499312373	29.4651812064295	24.4490842157562	52.18998737302	68.1111692438058	42.6255091402105
2021-01-10	26.986762549558	21.2486521214141	29.8450543846871	29.5450931623925	23.7918353843684	52.4810881539666	68.6774920563988	42.8501996608022
2021-01-11	26.999261555541	21.2259787935206	29.5868913565102	29.59305343028	23.1336313336208	52.7212601168738	69.1772841094621	43.0582427313623
2021-01-12	26.9931267020584	21.1879750660364	29.3029380922881	29.6106499344126	22.4773136900929	52.9115562752436	69.6087756130169	43.2485773552778
2021-01-13	26.9692205875511	21.1354229646685	28.9941263395448	29.5998740885592	21.8258157735396	53.0538313984394	69.970389823946	43.419947165114
2021-01-14	26.9284058104603	21.0691045151238	28.6613878458043	29.5627173064883	21.1820709037157	53.1499402558246	70.2605499991319	43.5710957934361
2021-01-15	26.8715449692269	20.9898017431094	28.3056543585905	29.5011710019687	20.5490124003761	53.2017376167624	70.4776793954576	43.7007668728094
2021-01-16	26.7995006622919	20.8982966743323	27.9278576254275	29.4172265887693	19.9295735832757	53.2110782506162	70.6202012698055	43.8077040357991
2021-01-17	26.7131354880963	20.7953713344995	27.5289293938392	29.3128754806588	19.3266877721692	53.1798169267494	70.6865388790584	43.8906509149706
2021-01-18	26.6132217359226	20.6817898035489	27.109955429103	29.1899928113275	18.7427604405593	53.1097579353168	70.6757144344508	43.9483360514393
2021-01-19	26.5001704584194	20.5582443783419	26.6726375675109	29.0499885941526	18.1780856769403	53.0025036496398	70.5891459646235	43.9794276205212
2021-01-20	26.3743023990771	20.4254094099708	26.2188316631081	28.894156562433	17.6324297235541	52.8596059638317	70.4288504525693	43.9825787060827
2021-01-21	26.2359383013856	20.2839592495279	25.7503935699398	28.7237904494674	17.1055588226428	52.6826167720055	70.1968448812811	43.9564423919899
2021-01-22	26.0853989088353	20.1345682481054	25.2691791420515	28.5401839885546	16.5972392164483	52.4730879682742	69.8951462337513	43.899671762109
2021-01-23	25.9230049649163	19.9779107567955	24.7770442334884	28.3446309129936	16.1072371472127	52.2325714467509	69.5257714929728	43.8109199003064
2021-01-24	25.7490772131188	19.8146611266907	24.2758446982959	28.138424956083	15.6353188571781	51.9626191015486	69.0907376419383	43.6888398904483
2021-01-25	25.5639363969329	19.6454937088831	23.7674363905192	27.9228598511218	15.1812505885863	51.6647828267805	68.5920616636405	43.5320848164008
2021-01-26	25.3679032598488	19.471082854465	23.2536751642037	27.6992293314087	14.7447985836796	51.3406145165597	68.0317605410722	43.3393077620303
2021-01-27	25.1612985453568	19.2921029145287	22.7364168733947	27.4688271302425	14.3257290846998	50.9916660649992	67.411851257226	43.109161811203
2021-01-28	24.9444429969469	19.1092282401665	22.2175173721376	27.2329469809221	13.923808333889	50.619489366212	66.7343507950946	42.8403000477851
2021-01-29	24.7176573581095	18.9231331824706	21.6988325144775	26.9928826167463	13.5388025734892	50.2256363143113	66.0012761376707	42.5313755556429
2021-01-30	24.4812623723346	18.7344920925333	21.1822181544599	26.7499277710139	13.1704780457425	49.8116588034101	65.2146442679472	42.1810414186426
2021-01-31	24.2355787831124	18.543979321447	20.6695301461301	26.5053761770237	12.8186009928908	49.3791087276215	64.3764721689165	41.7879507206504
2021-02-01	23.9807653337287	18.3520672328387	20.1621618330603	26.2602699236708	12.482531747219	48.9292478358704	63.4888934860188	41.3515374142766
2021-02-02	23.7163327666518	18.158420240476	19.6596565169311	26.0146445222355	12.160007001183	48.4621772963289	62.5545085144825	40.8743589271067
2021-02-03	23.4416298241456	17.962500770661	19.1610949889497	25.7682838395945	11.8483575372816	47.977708131981	61.5760342119834	40.3597535554704
2021-02-04	23.1560052484739	17.7637712496959	18.6655580403237	25.5209717426242	11.5449141380134	47.4756513658105	60.5561875361971	39.8110595956973
2021-02-05	22.8588077819005	17.5616941038832	18.1721264622605	25.2724920982013	11.2470075858773	46.9558180208013	59.4976854447993	39.2316153441169
2021-02-06	22.5493861666894	17.3557317595251	17.6798810459674	25.0226287732024	10.9519686633719	46.4180191199374	58.4032448954658	38.6247590970589
2021-02-07	22.2270891451044	17.1453466429238	17.1879025826519	24.771165634504	10.657128152996	45.8620656862027	57.2755828458723	37.9938291508529
2021-02-08	21.8915356166793	16.9300737055376	16.6955646933018	24.5178929230441	10.3604126975936	45.2881054947749	56.1175132418576	37.3420212026018
2021-02-09	21.5434251100278	16.7097379994488	16.2034123180268	24.2626263760064	10.0621323813893	44.6976333296066	54.9322379819137	36.6719605525018
2021-02-10	21.1837273110337	16.4842371018956	15.7122832267168	24.0051881046357	9.76319314895308	44.0924807268439	53.7230559526953	35.9861299015223
2021-02-11	20.8134119055806	16.2534685901162	15.2230151892619	23.745400220177	9.4645009448549	43.4744792226334	52.4932660408576	35.2870119506331
2021-02-12	20.4334485795522	16.0173300413489	14.7364459755521	23.4830848338754	9.16696171366463	42.8454603531212	51.2461671330553	34.5770894008035
2021-02-13	20.0448070188322	15.7757190328319	14.2534133554774	23.2180640569758	8.87148139995223	42.2072556544537	49.9850581159436	33.8588449530031
2021-02-14	19.6484569093044	15.5285331418033	13.7747550989278	22.9501600007231	8.5789659482876	41.5616966627771	48.7132378761772	33.1347613082013
2021-02-15	19.2453679368523	15.2756699455014	13.3013089757934	22.6791947763624	8.29032130324069	40.9106149142378	47.4340053004113	32.4073211673678
2021-02-16	18.8365097873597	15.0170270211646	12.8339127559642	22.4049904951386	8.00645340938142	40.2558419449822	46.1506592753007	31.6790072314721
2021-02-17	18.4228521467103	14.7525019460309	12.3734042093302	22.1273692682967	7.72826821127971	39.5992092911564	44.8664986875005	30.9523022014836
2021-02-18	18.0053647007877	14.4819922973386	11.9206211057814	21.8461532070817	7.45667165350551	38.9425484889068	43.5848224236656	30.229688778372
2021-02-19	17.5850171354757	14.2053956523259	11.4764012152078	21.5611644227385	7.1925696806287	38.2876910743798	42.3089293704509	29.5136496631066
2021-02-20	17.1627791366579	13.9226095882311	11.0415823074996	21.2722250265121	6.93686823721924	37.6364685837215	41.0421184145114	28.8066675566572
2021-02-21	16.7396203902181	13.6335316822923	10.6170021525466	20.9791571296474	6.69047326784704	36.9907125530784	39.787688442502	28.111225159993
2021-02-22	16.3165258600436	13.3382601372759	10.2034676386546	20.6818939301035	6.45430355356581	36.3517599045183	38.5486244919722	27.4293874953793
2021-02-23	15.8945416220368	13.0376956580598	9.80166212779234	20.3808129726947	6.22932922136436	35.7189691037954	37.3266562040494	26.761548870263
2021-02-24	15.4747290301038	12.7329395750502	9.41223810034417	20.0764028889494	6.01653323471527	35.0912040025855	36.1231993707553	26.1076859133865
2021-02-25	15.0581494381505	12.4250932186532	9.03584803669449	19.7691523103962	5.81689855709112	34.4673284525643	34.939669784112	25.4677752534925
2021-02-26	14.645864200083	12.1152579192748	8.6731444172277	19.4595498685634	5.63140815196451	33.8462063054076	33.7774832361413	24.8417935193234
2021-02-27	14.2389346698074	11.8045350073212	8.32477972232815	19.1480841949795	5.46104498280798	33.2267014127911	32.638055518865	24.2297173396216
2021-02-28	13.8384222012298	11.4940258131983	7.99140643238025	18.8352439211727	5.30679201309415	32.6076776263906	31.5228024243048	23.6315233431297
2021-03-01	13.4452915393536	11.1847490857288	7.67350545984369	18.521497115609	5.16948546096685	31.9882212932461	30.4330109757138	23.0473107246638
2021-03-02	13.0601209935721	10.8773932474014	7.37087144547929	18.2072295945032	5.04937456325493	31.3683087418544	29.3694531212681	22.4776689433337
2021-03-03	12.6833922643762	10.5725641391212	7.08312746212317	17.8928066110079	4.94656181145852	30.7481387960767	28.3327720403751	21.9233100243231
2021-03-04	12.3155870522566	10.2708676017935	6.80989658261145	17.5785934182752	4.86114969707771	30.127910279774	27.3236109124421	21.3849459928155
2021-03-05	11.9571870577042	9.97290947632348	6.55080187978024	17.2649552694577	4.79324071161264	29.5078220168074	26.3426129168764	20.8632888739943
2021-03-06	11.6086739812097	9.6792956036163	6.30546642646569	16.9522574177077	4.74293734656341	28.8880728310381	25.3904212330854	20.3590506930432
2021-03-07	11.2705295232638	9.39063182457713	6.07351329550387	16.6408651161775	4.71034209343013	28.268861546327	24.4676790404762	19.8729434751456
2021-03-08	10.9432353843574	9.1075239801112	5.85456555973092	16.3311436180194	4.69555744371292	27.6503869865353	23.5750295184562	19.405679245485
2021-03-09	10.6272732649813	8.83057791112369	5.64824629198297	16.023458176386	4.69868588891189	27.032847975524	22.7131158464327	18.957970029245
2021-03-10	10.3231248656262	8.5603994585198	5.45417856509612	15.7181740444294	4.71982992052716	26.4164433371543	21.882581203813	18.5305278516091
2021-03-11	10.0312718867829	8.29759446320471	5.27198545190649	15.4156564753021	4.75909203005884	25.8013718952873	21.0840687700043	18.1240647377609
2021-03-12	9.75219602894227	8.04276876608363	5.10129002525021	15.1162707221565	4.81657470900704	25.1878324737839	20.318221724414	17.7392927128838
2021-03-13	9.48637899259501	7.79652820806176	4.9417153579634	14.8203820381449	4.89238044887188	24.5760238965054	19.5856832464494	17.3769238021613
2021-03-14	9.23430247823193	7.55947863004427	4.79288452288216	14.5283556764196	4.98661174115347	23.9661449873128	18.8870965155177	17.0376700307771
2021-03-15	8.99634593473859	7.33215804937261	4.65441095160135	14.2407165701048	5.09918251572947	23.3584252359756	18.2228168933017	16.7218981039207
2021-03-16	8.77247980457972	7.11483318913329	4.52586951075076	13.9586283722114	5.22925245598767	22.7532167958969	17.5920484705861	16.4285934468064
2021-03-17	8.5625722786148	6.90770294884905	4.4068254257189	13.6834144157222	5.37579268369342	22.1509024863884	16.9937075204307	16.1563961646548
2021-03-18	8.36649154770336	6.71096622804263	4.2968439218943	13.4163980336198	5.53777432061205	21.5518651267617	16.4267103158958	15.9039463626863
2021-03-19	8.18410580270489	6.52482192623679	4.19549022466547	13.158902558887	5.71416848850891	20.9564875363284	15.8899731300412	15.6698841461213
2021-03-20	8.01528323447888	6.34946894295428	4.10232955942093	12.9122513245066	5.90394630914933	20.3651525344	15.3824122359271	15.4528496201803
2021-03-21	7.85989203388486	6.18510617771785	4.01692715154921	12.6777676634612	6.10607890429865	19.7782429402882	14.9029439066136	15.2514828900838
2021-03-22	7.71775208363694	6.03184416982127	3.93890752342288	12.4565021223241	6.31955858772238	19.1962024452989	14.4504325738723	15.064430596493
2021-03-23	7.58849003386778	5.88944001764252	3.86813238535074	12.2484141020312	6.54346244118659	18.6197182287155	14.0235353043224	14.8903655218325
2021-03-24	7.4716842265647	5.75756245933058	3.80452274462567	12.0531902171089	6.77688873845753	18.0495383418159	13.6208573232947	14.7279669839675
2021-03-25	7.36691300371497	5.63588023303447	3.74799960854053	11.8705170820839	7.01893575330144	17.4864108358779	13.24100385612	14.5759143007635
2021-03-26	7.2737547073059	5.52406207690317	3.69848398438819	11.7000813114825	7.26870175948456	16.9310837621792	12.8825801281291	14.4328867900859
2021-03-27	7.19178767932479	5.42177672908569	3.65589687946153	11.5415695198311	7.52528503077313	16.3843051719977	12.5441913646529	14.2975637697999
2021-03-28	7.12059026175892	5.32869292773103	3.62015930105339	11.3946683216564	7.78778384093338	15.8468231166111	12.2244427910222	14.1686245577708
2021-03-29	7.05974079659561	5.24447941098819	3.59119225645666	11.2590643314847	8.05529646373155	15.3193856472974	11.9219396325678	14.0447484718642
2021-03-30	7.00881762582214	5.16880491700615	3.56891675296421	11.1344441638426	8.3269211729339	14.8027408153342	11.6352871146206	13.9246148299453
2021-03-31	6.9673990914258	5.10133818393393	3.55325379786888	11.0204944332564	8.60175624230667	14.2976366719995	11.3630904625113	13.8069029498794
2021-04-01	6.9350635353939	5.04174794992052	3.54412439846357	10.9169017542528	8.87889994561608	13.8048212685709	11.1039549015708	13.6902921495319
2021-04-02	6.91138929971373	4.98970295311493	3.54144956204113	10.8233527413581	9.15745055662839	13.3250426563264	10.8564856571299	13.5734617467682
2021-04-03	6.89595472637258	4.94487193166615	3.54515029589443	10.7395340090988	9.43650634910984	12.8590488865436	10.6192879545195	13.4550910594536
2021-04-04	6.88833815735776	4.90692362372317	3.55514760731633	10.6651321720015	9.71516559682665	12.4075880105005	10.3909670190703	13.3338594054534
2021-04-05	6.88809982498856	4.87554929376586	3.5712776769763	10.5998003802366	9.99268039684116	11.9713635922868	10.170158628908	13.2087004492757
2021-04-06	6.89472752291234	4.85053031159752	3.5930373790501	10.5430579265512	10.2689181394	11.5509012472401	9.9556207733372	13.0795652419986
2021-04-07	6.90769093510845	4.83167057335231	3.6198387610901	10.4943906393361	10.543900038046	11.14668210351	9.74614199445735	12.946659181343
2021-04-08	6.92645974555623	4.81877397516439	3.65109387064865	10.4532843469825	10.8176473063218	10.7591872892462	9.54051083436786	12.8101876650299
2021-04-09	6.95050363823506	4.81164441316791	3.68621475527813	10.4192248778813	11.0901811577702	10.3888979325983	9.33751583516817	12.67035609078
2021-04-10	6.97929229712427	4.81008578349704	3.72461346253088	10.3916980604236	11.361522805934	10.0362951617158	9.13594553895768	12.5273698563142
2021-04-11	7.01229540620324	4.81390198228594	3.76570203995927	10.3701897230003	11.6316934643559	9.70186010474839	8.93458848783584	12.3814343593534
2021-04-12	7.04899386798962	4.8228964137614	3.80894703044782	10.354088965248	11.9005410038298	9.38588559742451	8.7325023505965	12.2328261152207
2021-04-13	7.0889134591544	4.83687051452079	3.85403295820963	10.3423979717849	12.1672199241547	9.08791130578787	8.52982130281137	12.0821061096477
2021-04-14	7.13159117490687	4.85562522925411	3.90069884279001	10.3340221984747	12.430711382381	8.80728860346096	8.32694864674653	11.9299064459685
2021-04-15	7.17656401045633	4.87896150265137	3.94868370373422	10.3278671011811	12.6899965355587	8.54336886406634	8.12428768466812	11.7768592275168
2021-04-16	7.22336896101205	4.90668027940257	3.99772656058754	10.3228381357679	12.9440565407381	8.29550346122655	7.92224171884225	11.6235965576267
2021-04-17	7.27154302178335	4.93858250419771	4.04756643289526	10.3178407580987	13.1918725549695	8.06304376856411	7.72121405153506	11.4707505396321
2021-04-18	7.32062318797951	4.97446912172679	4.09794234020264	10.3117804240374	13.4324257353029	7.84534115970156	7.52160798501266	11.3189532768668
2021-04-19	7.37014645480983	5.01414107667982	4.14859330205497	10.3035625894475	13.6646972387887	7.64174700826143	7.32382682154118	11.1688368726649
2021-04-20	7.4196498174836	5.0573993137468	4.19925833799752	10.2920927101929	13.8876682224771	7.45161268786626	7.12827386338674	11.0210334303602
2021-04-21	7.46867027121011	5.10404477761774	4.24967646757557	10.2762762421372	14.1003198434182	7.27428957213859	6.93535241281547	10.8761750532867
2021-04-22	7.51674481119866	5.15387841298263	4.2995867103344	10.2550186411441	14.3016332586624	7.10912903470093	6.74546577209346	10.7348938447782
2021-04-23	7.56341043265854	5.20670116453149	4.34872808581929	10.2272253630775	14.4905896252597	6.95548244917581	6.55901724348686	10.5978219081687
2021-04-24	7.60820413079905	5.26231397695431	4.39683961357552	10.1918018638009	14.6661701002605	6.81270118918579	6.37641012926179	10.4655913467922
2021-04-25	7.65066290082948	5.3205177949411	4.44366031314836	10.1476535991781	14.8273558407149	6.68013662835339	6.19804773168436	10.3388342639825
2021-04-26	7.6903533897895	5.38110882671909	4.48894724806567	10.09367644938	14.9731542774864	6.55711406899652	6.02422216816358	10.2179679512579
2021-04-27	7.72696085204033	5.44386433466445	4.53252965778558	10.0287279918055	15.1026779366917	6.4428545282146	5.85478081667994	10.1025504528738
2021-04-28	7.76020019377354	5.50855684469057	4.57425482574879	9.95165622816101	15.2150656182608	6.33655295180242	5.6894598703568	9.99192500127019
2021-04-29	7.78978632118073	5.57495888271085	4.61397003539601	9.86130916015264	15.3094561221234	6.23740428555477	5.52799552231756	9.88543482888676
2021-04-30	7.81543414045349	5.64284297463869	4.65152257016794	9.75653478948659	15.3849882482097	6.14460347526644	5.37012396568557	9.78242316816336
2021-05-01	7.8368585577834	5.71198164638749	4.6867597135053	9.63618111786907	15.4408007964496	6.05734546673223	5.21558139358419	9.6822332515398
2021-05-02	7.85377447936206	5.78214742387064	4.71952874884879	9.49909614700628	15.4760325667728	5.97482520574693	5.06410399913681	9.5842083114559
2021-05-03	7.86591651543204	5.85311054864823	4.74968968296484	9.34423751116714	15.4900293430324	5.89630641200516	4.91546890685037	9.48771165736615
2021-05-04	7.87309809243988	5.9246321248671	4.77715341592274	9.17100137487144	15.4829648447727	5.82132790080082	4.76961696676612	9.39218690678386
2021-05-05	7.87515234088311	5.99647097232082	4.80184357111753	8.97889353520169	15.455219775461	5.74949726132767	4.62652996030888	9.29709775423699
2021-05-06	7.87191239125926	6.06838591080291	4.82368377194424	8.76741978924041	15.4071748385648	5.68042208277944	4.48618966890348	9.2019078942535
2021-05-07	7.86321137406586	6.14013576010693	4.84259764179789	8.53608593407008	15.3392107375512	5.61370995434987	4.34857787397473	9.10608102136137
2021-05-08	7.84888241980044	6.21147934002641	4.85850880407351	8.28439776677322	15.2517081758877	5.5489684652327	4.21367635694747	9.00908083008857
2021-05-09	7.82875865896053	6.28217547035491	4.87134088216612	8.01186108443235	15.1450478570416	5.48580520462166	4.08146689924651	8.91037101496308
2021-05-10	7.80267322204365	6.35198297088596	4.88101749947075	7.71798168412996	15.0196104844802	5.42382776171051	3.95193128229667	8.80941527051286
2021-05-11	7.77045923954734	6.4206606614131	4.88746227938243	7.40226536294857	14.8757767616708	5.36264372569297	3.82505128752279	8.70567729126589
2021-05-12	7.73194984196913	6.48796736172989	4.89059884529618	7.06421791797068	14.7139273920808	5.30186068576278	3.70080869634969	8.59862077175013
2021-05-13	7.68697815980654	6.55366189162986	4.89035082060704	6.7033451462788	14.5344430791775	5.24108623111369	3.57918529020218	8.48770940649357
2021-05-14	7.63537732355711	6.61750307090655	4.88664182871002	6.31915284495547	14.3377045264283	5.17992795093944	3.46016285050511	8.37240689002418
2021-05-15	7.57698046371836	6.67924971935352	4.87939549300016	5.91114681108314	14.1240924373004	5.11799343443376	3.34372315868327	8.25217691686991
2021-05-16	7.51162071078782	6.7386606567643	4.86853543687247	5.47883284174435	13.8939875152613	5.05489027079039	3.2298479961615	8.12648318155875
2021-05-17	7.4391962197634	6.79547781136064	4.85415904050567	5.02189234836976	13.6479575604494	4.99027841710889	3.1185299166433	7.99490532280265
2021-05-18	7.3598652436445	6.84937554507702	4.83705871121315	4.54070919978263	13.3873187596887	4.92402730211204	3.00980456294685	7.85748675604948
2021-05-19	7.27385105993089	6.90001132827615	4.81820061309198	4.03584287915441	13.1135743964743	4.85605872242845	2.90371835016901	7.71438684093113
2021-05-20	7.18137694612235	6.94704263132072	4.79855091023923	3.50785286965652	12.8282277543013	4.78629447468673	2.80031769340663	7.56576493707944
2021-05-21	7.08266617971865	6.99012692457343	4.77907576675196	2.95729865446039	12.5327821166648	4.71465635551548	2.69964900775658	7.41178040412629
2021-05-22	6.97794203821957	7.02892167839696	4.76074134672727	2.38473971673748	12.2287407670599	4.64106616154331	2.60175870831573	7.25259260170354
2021-05-23	6.86742779912488	7.06308436315401	4.7445138142622	1.79073553965915	11.9176069889817	4.56544568939882	2.50669321018091	7.08836088944304
2021-05-24	6.75148756777381	7.09234227231374	4.73121757626472	1.17672604095165	11.6007779676311	4.4877592051354	2.41448502321892	6.91931538441794
2021-05-25	6.63104876086337	7.11670199177118	4.7211100108863	0.547672876560288	11.2792264950321	4.40814085250554	2.32511103637624	6.74596923346645
2021-05-26	6.50717962293003	7.1362399305278	4.71430673908931	0	10.9538192649143	4.32676724468655	2.23853423336927	6.56890634086806
2021-05-27	6.38094839851024	7.15103249758509	4.7109233818361	0	10.6254229710073	4.24381499485573	2.15471759791441	6.38871061090226
2021-05-28	6.25342333214048	7.16115610194454	4.71107556008904	0	10.294904307041	4.15946071619034	2.07362411372807	6.20596594784854
2021-05-29	6.12567266835722	7.16668715260764	4.71487889481047	0	9.96312996674486	4.0738810218677	1.99521676452667	6.0212562559864
2021-05-30	5.9987646516969	7.16770205857587	4.72244900696278	0	9.63096664384866	3.98725252506507	1.91945853402659	5.83516543959531
2021-05-31	5.873767526696	7.16427722885071	4.7339015175083	0	9.29928103208207	3.89975183895977	1.84631240594424	5.64827740295476
2021-06-01	5.75174953789098	7.15648907243366	4.74935204740941	0	8.96893982517475	3.81155557672907	1.77574136399603	5.46117605034425
2021-06-02	5.63377892981831	7.1444139983262	4.76891621762846	0	8.6408097168564	3.72284035155027	1.70770839189836	5.27444528604326
2021-06-03	5.52092394701444	7.12812841552982	4.79270964912782	0	8.31575740085668	3.63378277660065	1.64217647336764	5.08866901433129
2021-06-04	5.41425283401584	7.107708733046	4.82084796286984	0	7.99464957090528	3.54455946505751	1.57910859212027	4.90443113948781
2021-06-05	5.31483383535899	7.08323135987622	4.85344677981688	0	7.67835292073188	3.45534703009814	1.51846773187266	4.72231556579233
2021-06-06	5.22373519558033	7.05477270502198	4.89062172093131	0	7.36773414406618	3.36632208489984	1.46021687634121	4.54290619752433
2021-06-07	5.14178481496454	7.02237357739841	4.93224158410177	0	7.06362673127064	3.2777147522527	1.40432621637353	4.36674769008518
2021-06-08	5.06884921678909	6.98593238557523	4.97718787492209	0	6.76673135923917	3.18996919339818	1.35079477134204	4.19422770336383
2021-06-09	5.00455458007965	6.94531193803582	5.02409527591238	0	6.47771550149848	3.10358307919054	1.29962876775038	4.02569464837109
2021-06-10	4.94852708386189	6.90037504326354	5.07159846959276	0	6.19724663157528	3.01905408048404	1.25083443210217	3.86149693611781
2021-06-11	4.90039290716148	6.85098450974176	5.11833213848335	0	5.92599222299629	2.93687986813295	1.20441799090106	3.70198297761479
2021-06-12	4.8597782290041	6.79700314595387	5.16293096510425	0	5.66461974928823	2.85755811299153	1.16038567065066	3.54750118387287
2021-06-13	4.82630922841542	6.73829376038323	5.20402963197559	0	5.41379668397779	2.78158648591406	1.11874369785462	3.39839996590287
2021-06-14	4.79959180776166	6.67474154639727	5.2405123060529	0	5.17403185430512	2.70936823389336	1.07951030335184	3.25499811158758
2021-06-15	4.77915076277123	6.60632123689961	5.27226109203347	0	4.9451995023638	2.64092890847659	1.0427517353224	3.11749591629751
2021-06-16	4.76449061251307	6.53302994967794	5.29940757904998	0	4.72701522396088	2.57619963734943	1.00854624628164	2.98606405227519
2021-06-17	4.75511587605616	6.45486480251995	5.32208335623515	0	4.5191946149034	2.51511154819763	0.976972088744923	2.86087319176309
2021-06-18	4.75053107246944	6.37182291321332	5.34042001272165	0	4.32145327099838	2.45759576870687	0.9481075152276	2.74209400700371
2021-06-19	4.75024072082186	6.28390139954573	5.35454913764221	0	4.13350678805284	2.40358342656288	0.922030778245022	2.62989717023955
2021-06-20	4.7537493401824	6.19109737930488	5.36460232012952	0	3.95507076187382	2.35300564945137	0.898820130312543	2.52445335371309
2021-06-21	4.76056144961999	6.09340797027844	5.37071114931627	0	3.78586078826834	2.30579356505805	0.878553823945517	2.42593322966683
2021-06-22	4.77018156820359	5.99083029025411	5.37300721433517	0	3.62559246304344	2.26187830106864	0.861310111659296	2.33450747034327
2021-06-23	4.78211421500216	5.88336145701955	5.37162210431891	0	3.47398138200613	2.22119098516883	0.847167245969232	2.2503467479849
2021-06-24	4.79586390908466	5.77099858836246	5.36668740840021	0	3.33074314096345	2.18366274504436	0.836203479390678	2.1736217348342
2021-06-25	4.81093516952004	5.65373880207053	5.35833471571175	0	3.19559333572241	2.14922470838092	0.828497064438988	2.10450310313367
2021-06-26	4.82683251537726	5.53157921593143	5.34669561538623	0	3.06824756209006	2.11780800286423	0.824126253629515	2.0431615251258
2021-06-27	4.84306046572527	5.40451694773285	5.33190169655636	0	2.94842141587341	2.08934375618001	0.823169299477612	1.9897676730531
2021-06-28	4.85927250558337	5.2727370498957	5.31414289721249	0	2.83582972965596	2.0637795163458	0.825727054263315	1.94434317094079
2021-06-29	4.87571798377224	5.13717631337372	5.29384255077562	0	2.73018428312704	2.04112851270653	0.831990769325398	1.9063134499451
2021-06-30	4.89279521506291	4.99895946375386	5.27148233952438	0	2.63119609275242	2.02142039493893	0.842174295767319	1.874954893005
2021-07-01	4.9109025142264	4.85921122662309	5.24754394573742	0	2.53857617499791	2.00468481271977	0.856491484692535	1.84954388305946
2021-07-02	4.93043819603375	4.71905632756837	5.22250905169338	0	2.4520355463293	1.9909514157258	0.875156187204504	1.82935680304745
2021-07-03	4.95180057525598	4.57961949217667	5.19685933967091	0	2.37128522321236	1.98024985363377	0.898382254406684	1.81367003590793
2021-07-04	4.97538796666411	4.44202544603494	5.17107649194865	0.308815956516927	2.2960362221129	1.97260977612043	0.926383537402531	1.80175996457989
2021-07-05	5.00164696101344	4.30732301852711	5.14564727060881	0.6399436854343	2.22600072559425	1.968047208167	0.959351148193089	1.79301645794519
2021-07-06	5.03121725299631	4.17625745422491	5.12107875694788	0.957438707185777	2.16089558060993	1.96652367597252	0.997385242369741	1.78728332865738
2021-07-07	5.06478681328935	4.04949810149706	5.0978831120659	1.26192923857904	2.10043880021104	1.9679870810405	1.04056323642145	1.7845178753129
2021-07-08	5.10304361256917	3.92771430871223	5.07657249706292	1.55404349642183	2.04434839744862	1.97238532487446	1.0889625468372	1.78467739650821
2021-07-09	5.14667562151241	3.81157542423915	5.057659073039	1.83440969752185	1.99234238537377	1.97966630897788	1.14266059010595	1.78771919083974
2021-07-10	5.19637081079566	3.7017507964465	5.04165500109416	2.10365605868678	1.94413877703757	1.98977793485429	1.20173478271668	1.79360055690396
2021-07-11	5.25281715109555	3.59890977370299	5.02907244232848	2.36241079672433	1.89945558549108	2.0026681040072	1.26626254115834	1.8022787932973
2021-07-12	5.31670261308871	3.50372170437732	5.02042355784199	2.61130212844222	1.85801082378538	2.01828471794009	1.33632128191991	1.81371119861621
2021-07-13	5.38871516745174	3.41685593683819	5.01622050873474	2.85095827064813	1.81952250497155	2.0365756781565	1.41198842149037	1.82785507145715
2021-07-14	5.46954278486127	3.3389818194543	5.01697545610678	3.08200744014979	1.78370864210067	2.05748888615991	1.49334137635867	1.84466771041656
2021-07-15	5.55987343599391	3.27076870059435	5.02320056105816	3.30507785375487	1.75028724822381	2.08097224345384	1.58045756301378	1.86410641409089
2021-07-16	5.66039509152629	3.21288592862703	5.03540798468893	3.52079772827111	1.71897633639204	2.10697365154181	1.67341439794468	1.88612848107659
2021-07-17	5.77179572213502	3.16600285192106	5.05410988809913	3.7297952805062	1.68949391965644	2.1354410119273	1.77228929764034	1.9106912099701
2021-07-18	5.89476329849671	3.13078881884513	5.07981843238881	3.93269872726785	1.66155801106809	2.16632222611383	1.87715967858973	1.93775189936788
2021-07-19	6.02999724449374	3.10785051656583	5.11293296460965	4.13035216424466	1.63497483486686	2.19950713365707	1.98809637358613	1.96728050485067
2021-07-20	6.1782427968314	3.09754398744134	5.15340157561977	4.32446320264882	1.60990346004777	2.23465332632127	2.10514388064015	1.99929760993645
2021-07-21	6.34025664542073	3.10016261262773	5.20105954222893	4.51695533257344	1.58659116679463	2.27136033392284	2.22834011406671	2.03383645512751
2021-07-22	6.51679548017277	3.11599977328106	5.25574214124688	4.70975204411161	1.56528523529128	2.3092276862782	2.35772298818072	2.07093028092611
2021-07-23	6.70861599099858	3.1453488505574	5.31728464948338	4.90477682735645	1.54623294572152	2.34785491320376	2.49333041729712	2.11061232783455
2021-07-24	6.9164748678092	3.18850322561282	5.38552234374818	5.10395317240105	1.52968157826917	2.38684154451594	2.63520031573083	2.1529158363551
2021-07-25	7.14112880051566	3.24575627960339	5.46029050085103	5.3092045693385	1.51587841311806	2.42578711003116	2.78337059779676	2.19787404699003
2021-07-26	7.38320218313371	3.31727372247242	5.5414281926797	5.52223269251682	1.50500154668834	2.46437003830595	2.93784007249078	2.24550836984928
2021-07-27	7.64279022609789	3.40271057931221	5.62878967143394	5.74385195330366	1.49695234034554	2.50258435285741	3.0984511275325	2.29579289347338
2021-07-28	7.91985584394742	3.50159420400231	5.72223298439153	5.97465494732155	1.49156297169155	2.54050297594275	3.2650070453225	2.34868987601052
2021-07-29	8.21436195122155	3.61345195042226	5.82161617883023	6.21523427019308	1.48866561832824	2.57819882981918	3.43731110826134	2.40416157560888
2021-07-30	8.52627146245948	3.7378111724516	5.92679730202782	6.46618251754076	1.48809245785749	2.61574483674393	3.61516659874956	2.46217025041665
2021-07-31	8.8555472922005	3.87419922396989	6.03763440126207	6.72809228498719	1.48967566788117	2.65321391897422	3.79837679918775	2.522678158582
2021-08-01	9.2021523549838	4.02214345885668	6.15398552381075	7.00155616815491	1.49324742600117	2.69067899876726	3.98674499197646	2.58564755825313
2021-08-02	9.56604956534864	4.18117123099151	6.27570871695164	7.28716676266647	1.49863990981936	2.72821299838028	4.18007445951626	2.65104070757821
2021-08-03	9.94720183783423	4.35080989425392	6.40266202796249	7.58551666414442	1.50568529693761	2.76588884007048	4.3781684842077	2.71881986470544
2021-08-04	10.3455720869798	4.53058680252346	6.53470350412108	7.89719846821133	1.51421576495781	2.80377944609508	4.58083034845136	2.788947287783
2021-08-05	10.7611232273246	4.72002930967969	6.67169119270518	8.22280477048974	1.52406349148183	2.84195773871131	4.78786333464778	2.86138523495906
2021-08-06	11.1938181734079	4.91866476960214	6.81348314099257	8.56292816660222	1.53506065411154	2.88049664017639	4.99907072519754	2.93609596438183
2021-08-07	11.6436198397689	5.12602053617035	6.95993739626099	8.91816125217128	1.54703943044883	2.91946907274752	5.21425580250118	3.01304173419946
2021-08-08	12.1104911409468	5.34162396326388	7.11091200578825	9.28909662281953	1.55983199809558	2.95894795868193	5.43322184895929	3.09218480256017
2021-08-09	12.5942225742186	5.56489064825361	7.26624321035774	9.6759275874928	1.57335877082614	2.99903404980781	5.65570444865553	3.17335817578438
2021-08-10	13.093914967812	5.79478916247573	7.42568002477543	10.07725030843	1.58789310710482	3.03993941623717	5.88116839240602	3.25587785288163
2021-08-11	13.6084967326926	6.03017632075776	7.58894965735293	10.4912616611934	1.60379660156842	3.08190395765305	6.10901077270998	3.33893058103368
2021-08-12	14.1368962798257	6.26990893792722	7.75577931640184	10.9161585213453	1.62143084885373	3.12516757373842	6.33862868206664	3.4217031074223
2021-08-13	14.6780420201769	6.51284382881163	7.92589621023377	11.3501377644478	1.64115744359754	3.16997016417629	6.56941921297521	3.50338217922929
2021-08-14	15.2308623647115	6.7578378082385	8.09902754716033	11.7913962660632	1.66333798043664	3.21655162864967	6.80077945793491	3.5831545436364
2021-08-15	15.7942857243953	7.00374769103537	8.27490053549314	12.2381309017537	1.68833405400784	3.26515186684156	7.03210650944499	3.66020694782543
2021-08-16	16.3672567612663	7.24953399501331	8.45323641455608	12.6886028189999	1.7164754227588	3.31599954489473	7.26283859673198	3.73389784033808
2021-08-17	16.9487851416548	7.49457204991752	8.63373254772222	13.141330252955	1.74796450038079	3.36927839479104	7.49257849593172	3.80427247515575
2021-08-18	17.5378967829635	7.73834088847675	8.81608032937691	13.5948957106905	1.78297186437591	3.42516091497214	7.72097011990737	3.87154780761978
2021-08-19	18.1336176025953	7.98031954341975	8.99997115390549	14.0478816992781	1.82166809224632	3.48381960387965	7.94765738152207	3.93594079307151
2021-08-20	18.7349735179531	8.21998704747529	9.18509641569331	14.4988707257894	1.86422376149414	3.54542695995523	8.17228419363898	3.99766838685226
2021-08-21	19.3409904464398	8.45682243337211	9.37114750912573	14.9464452972958	1.91080944962151	3.61015548164049	8.39449446912127	4.05694754430339
2021-08-22	19.9506943054582	8.69030473383895	9.55781582858808	15.3891879208688	1.96159573413054	3.67817766737708	8.61393212083206	4.1139952207662
2021-08-23	20.5631110124113	8.9199129816046	9.74479276846573	15.8256811035803	2.0167531925234	3.74966601560663	8.83024106163456	4.16902837158206
2021-08-24	21.1772664847019	9.14512620939779	9.93176972314402	16.2545073525015	2.07645240230219	3.82479302477079	9.04306520439189	4.22226395209229
2021-08-25	21.7921866397329	9.36542344994728	10.1184380870083	16.6742491747042	2.14086394096906	3.90373119331119	9.25204846196721	4.27391891763822
2021-08-26	22.4068973949073	9.58028373598181	10.3044892544439	17.0834890772598	2.21015838602614	3.98665301966946	9.45683474722368	4.32421022356119
2021-08-27	23.0204246676278	9.78918610023015	10.4896146198362	17.48080956724	2.28450631497556	4.07373100228724	9.65706797302446	4.37335482520254
2021-08-28	23.6317943752973	9.99160957542104	10.6735055775706	17.8647931517163	2.36407830531945	4.16513763960617	9.85239205223269	4.42156967790361
2021-08-29	24.2400324353188	10.1870331942832	10.8558535220323	18.2340223377602	2.44904493455995	4.26104543006788	10.0424508977115	4.46907173700571
2021-08-30	24.8441050286596	10.3750021330757	11.036402848131	18.5874678282397	2.53964980573174	4.36165375476428	10.2268457466746	4.51612590533415
2021-08-31	25.4427393905452	10.5553261421778	11.2151099528735	18.9256531092083	2.63642862399972	4.46726952538835	10.405007133737	4.56318887565001
2021-09-01	26.0346030197657	10.7278811154995	11.3919842337906	19.249489862516	2.73999012006137	4.57822653628336	10.5763229178644	4.61076528819833
2021-09-02	26.6183634151109	10.8925429469503	11.5670350884135	19.5598897700126	2.85094302461412	4.69485858179254	10.7401809580225	4.65935978322415
2021-09-03	27.1926880753711	11.04918753044	11.740271914273	19.8577645135481	2.96989606835545	4.81749945625916	10.8959691131768	4.7094770009725
2021-09-04	27.756244499336	11.1976907598783	11.9117041089001	20.1440257749723	3.0974579819828	4.94648295402646	11.0430752422929	4.76162158168842
2021-09-05	28.3077001857957	11.3379285291748	12.0813410698258	20.4195852361351	3.23423749619364	5.0821428694377	11.1808872043366	4.81629816561696
2021-09-06	28.8459192865674	11.4698744195202	12.2492121747983	20.6852513644439	3.38059709257143	5.22471718874602	11.3088915066343	4.87392122331807
2021-09-07	29.3705525655763	11.5938927612283	12.4154267224341	20.9414197695351	3.53591425624367	5.37406066584416	11.4269692499565	4.93454454661142
2021-09-08	29.881447439775	11.7104455718937	12.5801139915673	21.1883828466025	3.6993202232239	5.52993224653476	11.5351001834346	4.99813175763161
2021-09-09	30.3784513261159	11.8199948691113	12.7434032610316	21.4264329908401	3.86994622952561	5.69209087662046	11.6332640562	5.06464647851324
2021-09-10	30.8614116415516	11.9230026704757	12.9054238096608	21.6558625974417	4.04692351116233	5.86029550190387	11.7214406173842	5.13405233139088
2021-09-11	31.3301758030344	12.0199309935816	13.0663049162888	21.8769640616011	4.22938330414758	6.03430506818764	11.7996096161184	5.20631293839915
2021-09-12	31.7845912275168	12.1112418560237	13.2261758597495	22.0900297785122	4.41645684449486	6.21387852127439	11.8677508015342	5.28139192167263
2021-09-13	32.2245053319514	12.1973972753969	13.3851659188766	22.2953521433689	4.60727536821769	6.39877480696676	11.925843922763	5.35925290334592
2021-09-14	32.6497655332904	12.2788592692956	13.5434043725039	22.4932235513649	4.80097011132958	6.58875287106738	11.973868728936	5.4398595055536
2021-09-15	33.0602192484866	12.3560898553147	13.7010204994655	22.6839363976942	4.99667230984406	6.78357165937889	12.0118049691848	5.52317535043028
2021-09-16	33.4557138944923	12.429551051049	13.858143578595	22.8677830775506	5.19351319977464	6.98299011770391	12.0396323926407	5.60916406011056
2021-09-17	33.8360968882599	12.499704874093	14.0149028887264	23.0450559861279	5.39062401713484	7.18676719184508	12.0573307484352	5.69778925672901
2021-09-18	34.201215646742	12.5670133420415	14.1714277086934	23.2160475186201	5.58713599793816	7.39466182760504	12.0648797856997	5.78901456242024
2021-09-19	34.5509175868909	12.6319384724892	14.3278473173299	23.3810500702209	5.78218037819813	7.60643297078641	12.0622592535655	5.88280359931885
2021-09-20	34.8852738124519	12.6948902522981	14.4842755992423	23.5403628134728	5.97503508235427	7.82182562756229	12.0495985254492	5.97909779526876
2021-09-21	35.2052501743408	12.7560705453993	14.6407648621279	23.6943120303124	6.16556478855012	8.04052904558764	12.0276254719085	6.07774980095129
2021-09-22	35.5120362102661	12.8156291849912	14.7973520194561	23.843230780025	6.35378086335521	8.26221853288786	11.9972175877861	6.17859007275709
2021-09-23	35.8068214579361	12.8737160042722	14.9540739846968	23.9874521218959	6.53969467333913	8.48656939748841	11.9592523679247	6.28144906707684
2021-09-24	36.0907954550595	12.9304808364407	15.1109676713197	24.1273091152103	6.72331758507142	8.71325694741469	11.914607307167	6.38615724030117
2021-09-25	36.3651477393447	12.986073514695	15.2680699927945	24.2631348192534	6.90466096512161	8.94195649069212	11.8641599003559	6.49254504882074
2021-09-26	36.6310678485002	13.0406438722337	15.4254178625908	24.3952622933105	7.08373618005927	9.17234333534612	11.8087876423341	6.60044294902622
2021-09-27	36.8897453202345	13.0943417422549	15.5830481941784	24.5240245966669	7.26055459645395	9.40409278940212	11.7493680279442	6.70968139730825
2021-09-28	37.1423696922561	13.1473169579573	15.740997901027	24.6497547886077	7.43512758087519	9.63688016088552	11.6867785520292	6.8200908500575
2021-09-29	37.3901305022734	13.199719352539	15.8993038966063	24.7727859284183	7.60746649989254	9.87038075782177	11.6218967094317	6.93150176366462
2021-09-30	37.634217287995	13.2516987591986	16.058003094386	24.8934510753838	7.77758272007555	10.1042698882363	11.5555999949945	7.04374459452025
2021-10-01	37.8758195871293	13.3034050111345	16.2171324078357	25.0120832887895	7.94548760799379	10.3382228601544	11.4887659035603	7.15664979901507
2021-10-02	38.1161269373847	13.3549879415449	16.3767287504253	25.1290156279207	8.11119253021679	10.5719149816017	11.4222719299719	7.27004783353973
2021-10-03	38.35632887647	13.4065973836283	16.5368290356245	25.2445811520626	8.27470885331412	10.8050215606035	11.3569955690721	7.38376915448489
