date	state	King	Snohomish	Pierce	Ann Arbor	Boston	San Diego	DC
2020-01-26	0	0	0	0	0	0	0	0
2020-01-27	0	0	0	0	0	0	0	0
2020-01-28	0	0	0	0	0	0	0	0
2020-01-29	0	0	0	0	0	0	0	0
2020-01-30	0	0	0	0	0	0	0	0
2020-01-31	0	0	0	0	0	0	0	0
2020-02-01	0	0	0	0	0	0	0	0
2020-02-02	0	0	0	0	0	0	0	0
2020-02-03	0	0	0	0	0	0	0	0
2020-02-04	0	0	0	0	0	0	0	0
2020-02-05	0	0	0	0	0	0	0	0
2020-02-06	0	0	0	0	0	0	0	0
2020-02-07	0	0	0	0	0	0	0	0
2020-02-08	0	0	0	0	0	0	0	0
2020-02-09	0	0	2.18785704310815	0	0	0	0	0
2020-02-10	0	2.72462756967907	7.10546243490606	0	0	0	0	0
2020-02-11	0.711760737705911	6.65474313903472	12.2276138662719	0	0	0	0	0
2020-02-12	3.1510216704099	10.7665094942986	17.570006715832	0	0	0	0	0
2020-02-13	5.7211177433381	15.0731684014823	23.148336362213	0	0	0	0	0
2020-02-14	8.43120095691618	19.5879616265974	28.9782981840413	1.30968717419892	0	0	0	0
2020-02-15	11.2904233115698	24.3241309356556	35.0755875599434	3.22778209635697	1.47042211294443	0	0	0
2020-02-16	14.3079368077246	29.2949180946685	41.4558998685458	5.27318272371125	5.61283883824168	0	0	0
2020-02-17	17.4930086756113	34.5133596110583	48.1345339339574	7.45391841520346	10.0549001213696	0	0	0
2020-02-18	20.8553670646808	39.9916709578896	55.1252023622177	9.77974689068218	14.8191493361034	0	0	0
2020-02-19	24.4048553541893	45.7418623496378	62.4412212048484	12.2608579602227	19.9292235099196	3.51801066073992	0.483315533350301	0
2020-02-20	28.1513169233926	51.7759440007784	70.0959065133716	14.9074414339005	25.4087596702949	21.3711562122297	1.56877689867658	0
2020-02-21	32.1045951515469	58.1059261257865	78.1025743393091	17.7296871217907	31.281394844706	40.851037391786	2.75235493294795	0
2020-02-22	36.2745334179081	64.7438189391375	86.4745407341827	20.7377848339688	37.5707660606294	62.067567396867	4.0407269844101	0
2020-02-23	40.6709751017322	71.7016326553068	95.2251217495144	23.94192438051	44.3005103455417	85.1306594249309	5.44057040130868	0
2020-02-24	45.3008976258941	78.9867854215195	104.361387148134	27.3501392691073	51.4901450360617	110.139004866542	6.95785328002621	5.71499453605827
2020-02-25	50.1598145877437	86.588327116	113.865421538099	30.961837797924	59.1427087053766	137.146407884691	8.59570670949266	13.7078812527892
2020-02-26	55.2403736282497	94.4907155497225	123.713063238778	34.7742719627413	67.2571202358156	166.195450835474	10.3565525267748	22.4581953436282
2020-02-27	60.5352223883807	102.678408533661	133.880150569537	38.7846937593401	75.832298509708	197.328716074986	12.2428125689395	31.9950198504006
2020-02-28	66.0370085091056	111.13586387879	144.342521849742	42.9903551835013	84.8671624093832	230.588785959324	14.2569086730535	42.3474378149314
2020-02-29	71.738379631393	119.847539396084	155.076015398761	47.3885082310061	94.3606308171704	266.018242844585	16.4012626761837	53.5445322790457
2020-03-01	77.6319833962117	128.797892896517	166.056469535959	51.9764048976354	104.311622615399	303.659669086865	18.6782964153968	65.6153862845688
2020-03-02	83.7104674445303	137.971382191062	177.259722580704	56.7512971791703	114.719056686398	343.555647042259	21.0904317277596	78.5890828733256
2020-03-03	89.9664794173175	147.352465090695	188.661612852362	61.7104370713916	125.581851912497	385.748759066865	23.640090450339	92.4947050871413
2020-03-04	96.3926669555422	156.92559940639	200.237978670299	66.8510765700805	136.898927176026	430.281587516779	26.3296944202018	107.361335967841
2020-03-05	102.981677700173	166.67524294912	211.964658353883	72.170467671018	148.669201359313	477.196714748095	29.1616654744147	123.21805855725
2020-03-06	109.726159292178	176.585853529859	223.81749022248	77.665862369985	160.891593344687	526.536723116912	32.1384254500447	140.093955897193
2020-03-07	116.618759372527	186.641888959584	235.772312595456	83.3345126627627	173.565022014479	578.344194979326	35.2623961841584	158.018111029496
2020-03-08	123.652125582189	196.827807049266	247.804963792179	89.1736705451319	186.688406251017	632.661712691431	38.5359995138227	177.019606995983
2020-03-09	130.814606079268	207.122248139889	259.883378448434	95.1775391212286	200.251624358966	689.508748417908	41.960103349367	197.122212554484
2020-03-10	138.07735109042	217.48058269247	271.943876465685	101.328125928609	214.208392332332	748.812333557764	45.5293598941714	218.328439326843
2020-03-11	145.407211359436	227.852363698033	283.914874061815	107.604389613183	228.503385587453	810.476389318589	49.2368674248786	240.635484650908
2020-03-12	152.771037630107	238.187144147603	295.724787454707	113.985288820862	243.081279540672	874.404836907975	53.0757242181312	264.040545864529
2020-03-13	160.135680646225	248.434477032205	307.302032862245	120.449782197558	257.886749608328	940.50159753351	57.0390285505718	288.540820305552
2020-03-14	167.467991151582	258.543915342864	318.575026502312	126.976828389179	272.864471206761	1008.67059240279	61.1198786988433	314.133505311828
2020-03-15	174.73481988997	268.465012070605	329.472184592791	133.545386041638	287.959119752312	1078.81574272339	65.3113729395881	340.815798221203
2020-03-16	181.904485088357	278.151539824038	339.928197854599	140.132153695536	303.110833169625	1150.81260638073	69.6054089267707	368.57220899318
2020-03-17	188.95117490643	287.574149682111	349.902855020799	146.704789470235	318.241599416559	1224.42328797142	73.9890818236417	397.336498073871
2020-03-18	195.85054498705	296.707712341357	359.362219327483	153.228691379787	333.268868959276	1299.3815287699	78.4482861707736	427.029738531043
2020-03-19	202.578250973081	305.527098498311	368.272354010749	159.669257438246	348.110092263938	1375.42107005061	82.9689165087387	457.573003432462
2020-03-20	209.109948507385	314.007178849505	376.599322306691	165.991885659663	362.682719796708	1452.27565308799	87.5368673781092	488.887365845893
2020-03-21	215.421293232827	322.122824091473	384.309187451404	172.161974058092	376.904202023748	1529.67901915646	92.1380333194577	520.893898839103
2020-03-22	221.487940792269	329.848904920749	391.368012680984	178.144920647586	390.69198941122	1607.36490953046	96.7583088733564	553.513675479857
2020-03-23	227.285546828573	337.160292033866	397.741861231526	183.906123442197	403.963532425286	1685.06706548443	101.383588580378	586.667768835921
2020-03-24	232.789766984604	344.031856127357	403.396796339126	189.410980455977	416.63628153211	1762.5192282928	105.999766981094	620.277251975062
2020-03-25	237.976256903224	350.438467897756	408.298881239878	194.62488970298	428.627687197853	1839.45513923001	110.592738616078	654.263197965046
2020-03-26	242.820672227296	356.354998041597	412.414179169879	199.513249197259	439.855199888677	1915.60853957049	115.148398025901	688.546679873638
2020-03-27	247.298668599682	361.756317255412	415.708753365222	204.041456952865	450.236270070746	1990.71317058868	119.652639751136	723.048770768605
2020-03-28	251.385901663247	366.617296235736	418.148667062005	208.174910983851	459.68834821022	2064.50277355901	124.091358332356	757.690543717713
2020-03-29	255.058027060854	370.912805679101	419.699983496321	211.879009304271	468.128884773263	2136.71108975593	128.450448310133	792.393071788726
2020-03-30	258.296697486304	374.622481028128	420.343444536628	215.126082847718	475.492070541787	2207.05383607274	132.71857813556	827.072363981775
2020-03-31	261.107553837159	377.74501670978	420.118506580823	217.916194225946	481.779057560704	2275.17463187831	136.895511901818	861.62417302643
2020-04-01	263.502234061921	380.283871897107	419.079304659166	220.256338970251	487.007738190673	2340.69907216038	140.983787612609	895.939187584632
2020-04-02	265.49237610909	382.24250576316	417.279973801917	222.153512611928	491.196004792358	2403.2527519067	144.985943271634	929.908096318313
2020-04-03	267.089617927167	383.62437748099	414.774649039336	223.614710682274	494.361749726419	2462.46126610502	148.904516882595	963.42158788941
2020-04-04	268.305597464654	384.432946223645	411.617465401681	224.646928712584	496.522865353518	2517.95020974307	152.742046449194	996.37035095986
2020-04-05	269.151952670051	384.671671164177	407.862557919213	225.257162234152	497.697244034316	2569.3451778086	156.501069975133	1028.6450741916
2020-04-06	269.642097285735	384.347864101493	403.561166470961	225.455433125185	497.90712180691	2616.32425761886	160.183858892917	1060.14706026468
2020-04-07	269.796548229577	383.484247337929	398.752950331036	225.263868651525	497.192109419145	2658.77550580903	163.791618350264	1090.82006793166
2020-04-08	269.637598213327	382.107395801679	393.47467362232	224.707622425924	495.5961612963	2696.63947134384	167.325286923696	1120.61846996322
2020-04-09	269.187539948731	380.243884420936	387.763100467693	223.811848061133	493.163231863656	2729.85670318795	170.785803189734	1149.49663913001
2020-04-10	268.468666147537	377.920288123895	381.654994990039	222.601699169906	489.937275546492	2758.36775030609	174.174105724901	1177.40894820271
2020-04-11	267.503269521493	375.163181838748	375.187121312238	221.102329364993	485.962246770088	2782.11316166294	177.491133105717	1204.30976995201
2020-04-12	266.313642782346	371.999140493689	368.396243557171	219.338892259147	481.282099959724	2801.0334862232	180.737823908706	1230.15347714856
2020-04-13	264.922078641845	368.454739016912	361.31912584772	217.33654146512	475.940789540681	2815.06927295157	183.915116710388	1254.89444256305
2020-04-14	263.350869811736	364.556552336611	353.992532306767	215.120430595664	469.982269938237	2824.16107081275	187.023950087285	1278.48703896614
2020-04-15	261.622309003768	360.331155380979	346.453227057192	212.715713263531	463.450495577674	2828.24942877143	190.065262615918	1300.8856391285
2020-04-16	259.758688929688	355.80512307821	338.737974221878	210.147543081473	456.389420884271	2827.27489579231	193.039992872811	1322.04461582082
2020-04-17	257.782302301244	351.005030356497	330.883537923706	207.441073662242	448.843000283308	2821.17802084008	195.949079434484	1341.91834181376
2020-04-18	255.715441830183	345.957452144034	322.926682285557	204.62145861859	440.855188200066	2809.89935287945	198.793460877458	1360.46118987799
2020-04-19	253.580400228253	340.688963369015	314.904171430312	201.713851563269	432.469939059823	2793.37944087512	201.574075778257	1377.62753278419
2020-04-20	251.398292766736	335.225170528629	306.849367906088	198.740936995042	423.73194718184	2771.62381499177	204.291562364968	1393.37161687367
2020-04-21	249.185524955044	329.587806396045	298.782027961933	195.715522956716	414.688866461293	2744.89793019407	206.945357471949	1407.64718277027
2020-04-22	246.957324862125	323.797635313429	290.718506272132	192.647948377108	405.38909068734	2713.5322226467	209.534597585125	1420.40784466849
2020-04-23	244.728920556927	317.875421622947	282.675157510969	189.548552185036	395.881013649136	2677.85712851433	212.05841919042	1431.60721676279
2020-04-24	242.515540108397	311.841929666764	274.668336352727	186.427673309318	386.213029135839	2638.20308396161	214.51595877376	1441.19891324768
2020-04-25	240.332411585482	305.717923787045	266.71439747169	183.295650678771	376.433530936606	2594.90052515323	216.906352821068	1449.13654831764
2020-04-26	238.194763057129	299.524168325957	258.829695542142	180.162823222213	366.590912840591	2548.27988825384	219.228737818269	1455.37373616715
2020-04-27	236.11770568719	293.281323066409	251.030299869962	177.039680535946	356.728911575273	2498.65777273506	221.484139816355	1459.87715236088
2020-04-28	234.11588301914	287.009629554291	243.331138287416	173.937314886213	346.872635621407	2446.29543129619	223.68114312658	1462.66571794426
2020-04-29	232.203821691357	280.72922477624	235.746853258366	170.866969206739	337.042536398068	2391.44027994351	225.830221625267	1463.77141533287
2020-04-30	230.39604834222	274.46024571889	228.29208724667	167.839886431251	327.25906532433	2334.33973468327	227.941849188737	1463.22622694234
2020-05-01	228.707089610108	268.222829368877	220.981482716192	164.867309493475	317.542673819271	2275.24121152174	230.026499693311	1461.06213518827
2020-05-02	227.1514721334	262.037112712836	213.829682130793	161.960481327139	307.913813301965	2214.39212646517	232.094647015311	1457.31112248625
2020-05-03	225.743722550475	255.923232737403	206.851327954332	159.130644865969	298.392935191488	2152.03989551982	234.156765031058	1452.00517125189
2020-05-04	224.498367499711	249.901326429212	200.061062650672	156.38904304369	289.000490906914	2088.43193469195	236.223327616875	1445.1762639008
2020-05-05	223.429933619488	243.9915307749	193.473528683673	153.74691879403	279.75693186732	2023.81565998782	238.304808649083	1436.85638284858
2020-05-06	222.552947548185	238.2139827611	187.103368517197	151.215515050716	270.68270949178	1958.43848741368	240.411682004003	1427.07751051084
2020-05-07	221.88193592418	232.58881937445	180.965224615104	148.806074747473	261.79827519937	1892.54783297581	242.554421557957	1415.87162930318
2020-05-08	221.431425385853	227.136177601583	175.073739441257	146.529840818028	253.124080409166	1826.39111268045	244.743501187267	1403.27072164119
2020-05-09	221.215942571581	221.876194429136	169.443555459515	144.398056196107	244.680576540242	1760.21574253387	246.989394768254	1389.3067699405
2020-05-10	221.250014119745	216.829006843744	164.08931513374	142.421963815438	236.488215011675	1694.26913854233	249.30257617724	1374.0117566167
2020-05-11	221.547386664622	212.015045157968	159.02467978588	140.61210486681	228.565112257602	1628.781676151	251.696976283396	1357.42605388321
2020-05-12	222.118686824086	207.455912988081	154.259386170223	138.976213569264	220.920044772413	1563.91556856079	254.200353927299	1339.6235931448
2020-05-13	222.973761211913	203.173507276279	149.802189899146	137.521322398905	213.559454065562	1499.81598841152	256.843924942375	1320.68669560401
2020-05-14	224.122456441875	199.18972496476	145.661846585024	136.254463831839	206.489781646501	1436.628108343	259.658905162048	1300.69768246341
2020-05-15	225.574619127747	195.526462995723	141.847111840234	135.182670344169	199.717469024684	1374.49710099505	262.676510419745	1279.73887492558
2020-05-16	227.340095883302	192.205618311364	138.366741277151	134.312974412001	193.248957709564	1313.5681390075	265.927956548892	1257.89259419307
2020-05-17	229.428733322315	189.249087853882	135.22949050815	133.652408511439	187.090689210592	1253.98639502016	269.444459382915	1235.24116146846
2020-05-18	231.847682016857	186.675044109001	132.44293106954	133.207957286382	181.249437621853	1195.87850442943	273.255192210727	1211.86589129613
2020-05-19	234.59330837219	184.486761736551	130.009898193354	132.986414051896	175.733307375945	1139.29695365798	277.381158143188	1187.84407158772
2020-05-20	237.659282751875	182.683790939886	127.932043035557	132.994524290841	170.550735490097	1084.27569188506	281.841317746649	1163.25198359669
2020-05-21	241.039275519474	181.265681922365	126.211016752115	133.239033486078	165.710158981539	1030.84866828992	286.654631587458	1138.1659085765
2020-05-22	244.726957038545	180.231984887342	124.848470498993	133.726687120466	161.220014867499	979.049832051811	291.840060231963	1112.66212778063
2020-05-23	248.715997672649	179.582250038173	123.846055432156	134.464230676866	157.088740165206	928.913132349977	297.416564246513	1086.81692246251
2020-05-24	253.000067785348	179.316027578216	123.20542270757	135.458409638139	153.324771891889	880.472518363669	303.403104197457	1060.70657387563
2020-05-25	257.572837740201	179.432867710824	122.9282234812	136.715969487143	149.936547064777	833.761939272134	309.818640651144	1034.40736327344
2020-05-26	262.427977900769	179.932320639356	123.016108909012	138.243655706739	146.932502701098	788.815344254622	316.682134173922	1007.9955719094
2020-05-27	267.559158630613	180.813936567166	123.47073014697	140.048213779788	144.321075818083	745.666682490382	324.01254533214	981.54748103697
2020-05-28	272.960050293292	182.077265697611	124.29373835104	142.136389189149	142.110703432959	704.349903158663	331.828834692147	955.139371909615
2020-05-29	278.624323252367	183.721858234047	125.486784677187	144.514927417682	140.309822562956	664.898955438711	340.149962820291	928.847525780794
2020-05-30	284.545647871399	185.74726437983	127.051520281378	147.190573948248	138.926870225302	627.347788509778	348.994890282922	902.748223903971
2020-05-31	290.717694513948	188.153034338316	128.989596319576	150.170074263706	137.970283437226	591.730351551111	358.382577646388	876.917747532603
2020-06-01	297.136017439355	190.939311299131	131.301746536937	153.462478384016	137.448292560693	558.067849098449	368.32985094021	851.431356226062
2020-06-02	303.803706490081	194.108610396979	133.985035035372	157.086054477536	137.368301336601	526.330507113497	378.844998046602	826.360222767335
2020-06-03	310.725735404367	197.664039752838	137.035608505981	161.061375249721	137.737506850586	496.475806914449	389.93417231095	801.774498245322
2020-06-04	317.907077920454	201.608707487682	140.449613639864	165.409013406028	138.563106188284	468.461229819499	401.60352707864	777.744333748918
2020-06-05	325.352707776585	205.945721722486	144.223197128122	170.149541651914	139.852296435327	442.244257146841	413.859215695057	754.33988036702
2020-06-06	333.067598711001	210.678190578226	148.352505661854	175.303532692834	141.612274677352	417.782370214672	426.707391505588	731.631289188527
2020-06-07	341.056724461942	215.809222175878	152.833685932162	180.891559234246	143.850237999993	395.033050341184	440.15420785562	709.688711302334
2020-06-08	349.321750858792	221.337540578369	157.660538530635	186.928900091291	146.569226408628	373.953248943236	454.196619762481	688.574498641391
2020-06-09	357.851112095506	227.244333616444	162.817479650818	193.40965851786	149.755651587612	354.497797832338	468.794788931273	668.319806514858
2020-06-10	366.629934457179	233.506405062798	168.286579386749	200.322643877528	153.391768141042	336.620998918665	483.899678739044	648.947991075946
2020-06-11	375.643344228907	240.100558690129	174.049907832463	207.65666553387	157.459830673014	320.27715411239	499.462252562838	630.482408477868
2020-06-12	384.876467695787	247.003598271133	180.089535081995	215.400532850463	161.942093787627	305.420565323687	515.433473779702	612.946414873835
2020-06-13	394.314431142914	254.192327578505	186.387531229382	223.543055190881	166.820812088977	292.00553446273	531.764305766683	596.363366417059
2020-06-14	403.942360855384	261.643550384944	192.925966368659	232.0730419187	172.078240181163	279.986363439693	548.405711900825	580.756619260752
2020-06-15	413.745383118293	269.334070463145	199.686910593861	240.979302397497	177.696632668281	269.31735416475	565.308655559175	566.149529558127
2020-06-16	423.708624216737	277.240691585805	206.652433999026	250.250645990846	183.658244154429	259.952808548075	582.424100118778	552.565453462394
2020-06-17	433.817210435813	285.34021752562	213.804606678187	259.875882062323	189.945329243704	251.847028499841	599.703008956682	540.027747126767
2020-06-18	444.056268060616	293.609452055287	221.125498725382	269.843819975504	196.540142540204	244.954315930223	617.096345449931	528.559766704456
2020-06-19	454.410923376243	302.025198947502	228.597180234646	280.143269093964	203.424938648026	239.228972749394	634.555072975572	518.184868348674
2020-06-20	464.866302667789	310.564261974963	236.201721300015	290.763038781279	210.581972171268	234.625300867529	652.03015491065	508.926408212633
2020-06-21	475.40753222035	319.203444910365	243.921192015524	301.691938401025	217.993497714026	231.097602194801	669.472554632213	500.807742449545
2020-06-22	486.016567295036	327.917963445445	251.736201641389	312.915139353716	225.636833268019	228.598773591312	686.827564431181	493.841607041246
2020-06-23	496.662679057007	336.676680948099	259.621516102544	324.403261187618	233.469550375447	227.076091716873	704.017792253983	487.998257284069
2020-06-24	507.311967647439	345.446872705265	267.550440490103	336.123285487938	241.444283966133	226.475428181223	720.960174960924	483.237328302971
2020-06-25	517.930533207506	354.195814003878	275.49627989518	348.04219383988	249.513668969898	226.742654594102	737.571649412309	479.518455222911
2020-06-26	528.484475878382	362.890780130875	283.432339408888	360.126967828651	257.630340316564	227.823642565249	753.769152468441	476.801273168846
2020-06-27	538.939895801242	371.499046373194	291.331924122342	372.344589039456	265.746932935952	229.664263704402	769.469620989626	475.045417265732
2020-06-28	549.262893117261	379.987888017769	299.168339126654	384.662039057501	273.816081757884	232.210389621302	784.589991836168	474.210522638529
2020-06-29	559.419844540739	388.327105668424	306.915563552898	397.044497931657	281.792203933199	235.411007026892	799.05697483851	474.253264901586
2020-06-30	569.378233078491	396.496601196517	314.550272691978	409.449939565466	289.636845496808	239.227563036943	812.836371707644	475.118481626829
2020-07-01	579.105818310455	404.478801790297	322.04981587476	421.834536326136	297.31333470464	243.62461986843	825.903757124704	476.748050875576
2020-07-02	588.570359816572	412.256134638007	329.391542432108	434.154460580874	304.784999812624	248.566739738329	838.234705770821	479.083850709145
2020-07-03	597.739617176781	419.811026927893	336.552801694885	446.365884696888	312.015169076687	254.018484863617	849.804792327127	482.067759188856
2020-07-04	606.581349971023	427.125905848202	343.510942993955	458.424981041385	318.967170752759	259.944417461267	860.589591474753	485.641654376025
2020-07-05	615.063317779237	434.183198587178	350.243315660184	470.287921981573	325.604333096768	266.309099748257	870.564677894832	489.747414331972
2020-07-06	623.153280181364	440.965332333068	356.727269024434	481.910879884661	331.889984364642	273.077093941562	879.705626268495	494.326917118015
2020-07-07	630.818996757344	447.454734274118	362.940152417571	493.250027117854	337.787452812311	280.212962258157	887.988011276874	499.322040795472
2020-07-08	638.028227087115	453.633831598572	368.859315170459	504.261536048362	343.260066695703	287.681266915019	895.387407601101	504.674663425662
2020-07-09	644.748730750619	459.485051494676	374.46210661396	514.901579043393	348.271154270746	295.446570129123	901.879389922306	510.326663069903
2020-07-10	650.948267327796	464.990821150677	379.725876078941	525.126328470152	352.78404379337	303.473434117445	907.439532921624	516.219917789513
2020-07-11	656.594596398584	470.133567754819	384.627972896265	534.89195669585	356.762063519502	311.72642109696	912.043411280184	522.296305645811
2020-07-12	661.655477542925	474.895718495349	389.145746396795	544.154636087692	360.168541705072	320.170093284644	915.666599679119	528.497704700115
2020-07-13	666.103860386393	479.262249492031	393.258876492405	552.870523200979	362.979548171232	328.772085908735	918.297046522483	534.766263373759
2020-07-14	669.933454737102	483.22833259071	396.956365418997	560.995711343377	365.222119000039	337.512326242512	919.972195106017	541.045211528136
2020-07-15	673.143160448802	486.791688568749	400.229545993481	568.486278010647	366.936031838772	346.37381457052	920.741862448385	547.278049384655
2020-07-16	675.731877375242	489.950038203511	403.069751032768	575.298300698546	368.16106433471	355.3395511773	920.655865568252	553.408277164725
2020-07-17	677.698505370172	492.70110227236	405.468313353768	581.387856902833	368.936994135135	364.392536347395	919.76402148428	559.379395089755
2020-07-18	679.04194428734	495.04260155266	407.416565773393	586.711024119268	369.303598887325	373.515770365348	918.116147215134	565.134903381154
2020-07-19	679.761093980497	496.972256821773	408.905841108552	591.223879843609	369.300656238561	382.6922535157	915.762059779476	570.618302260331
2020-07-20	679.858374274507	498.490106181175	409.931302558812	594.892903488842	368.965158458579	391.903771032538	912.748927713775	575.781035959417
2020-07-21	679.350284878696	499.605457028791	410.503434854358	597.726182136858	368.322956306939	401.127247948119	909.1133256257	580.606324753439
2020-07-22	678.256845473506	500.329934086654	410.636553108031	599.74220478677	367.397115165657	410.338394244245	904.889179640727	585.085332928148
2020-07-23	676.598075739378	500.675162076803	410.344972432674	600.959460437697	366.210700416747	419.512919902716	900.11041588433	589.209224769293
2020-07-24	674.393995356755	500.652765721271	409.643007941128	601.396438088754	364.786777442227	428.626534905332	894.810960481983	592.969164562625
2020-07-25	671.664624006078	500.274369742096	408.544974746234	601.071626739058	363.148411624111	437.654949233896	889.024739559159	596.356316593893
2020-07-26	668.429981367789	499.551598861312	407.065187960833	600.003515387724	361.318668344416	446.573872870208	882.785679241334	599.361845148847
2020-07-27	664.710087122328	498.496077800955	405.217962697766	598.210593033869	359.320612985156	455.359015796068	876.127705653981	601.976914513238
2020-07-28	660.524960950139	497.119431283061	403.017614069876	595.71134867661	357.177310928349	463.986087993278	869.084744922575	604.192688972815
2020-07-29	655.894622531663	495.433284029666	400.478457190003	592.524271315061	354.911827556009	472.430799443639	861.690723172589	606.000332813328
2020-07-30	650.839091547341	493.449260762806	397.614807170989	588.66784994834	352.547228250153	480.668860128952	853.979566529498	607.391010320528
2020-07-31	645.378387677615	491.178986204515	394.440979125676	584.160573575563	350.106578392796	488.675980031017	845.985201118776	608.355885780163
2020-08-01	639.532530602928	488.634085076831	390.971288166903	579.020931195846	347.612943365953	496.427869131635	837.741553065898	608.886123477986
2020-08-02	633.321540003719	485.826182101788	387.220049407514	573.267411808305	345.089388551641	503.900237412608	829.282548496336	608.972887699744
2020-08-03	626.767507426095	482.765107975085	383.202852830211	566.924017059336	342.558830327066	511.070427657464	820.642560836827	608.610857610724
2020-08-04	619.90081187881	479.45351728707	378.94038789715	560.036799184459	340.043589050194	517.922313856644	811.857752719148	607.808771894352
2020-08-05	612.753904236283	475.892270601754	374.454618940348	552.65732306647	337.565836074182	524.441402802317	802.964734076339	606.578884113588
2020-08-06	605.359235372932	472.082228483146	369.767510291822	544.837153588168	335.147742752186	530.613201286652	794.000114841437	604.933447831395
2020-08-07	597.749256163174	468.024251495257	364.901026283588	536.627855632351	332.811480437364	536.423216101817	785.000504947484	602.884716610733
2020-08-08	589.956417481429	463.719200202097	359.877131247665	528.080994081819	330.579220482871	541.856954039982	776.002514327516	600.444944014565
2020-08-09	582.013170202114	459.167935167678	354.71778951607	519.248133819368	328.473134241865	546.899921893315	767.042752914574	597.62638360585
2020-08-10	573.950764308614	454.374180021512	349.444189845928	510.178873318708	326.516153926578	551.543216599433	758.153380981728	594.443472725144
2020-08-11	565.795646220175	449.353110655131	344.074418694809	500.914945417186	324.734255185539	555.800295677745	749.348760162181	590.919383823365
2020-08-12	557.57306146501	444.122766025566	338.625786945387	491.496116543063	323.154174526355	559.690206793108	740.638802429169	587.079473129028
2020-08-13	549.308255571332	438.701185089852	333.115605480339	481.962153124597	321.802648456631	563.231997610379	732.033419755926	582.949096870644
2020-08-14	541.026474067353	433.106406805023	327.561185182343	472.352821590046	320.706413483972	566.444715794414	723.542524115687	578.553611276726
2020-08-15	532.752962481286	427.35647012811	321.979836934074	462.70788836767	319.892206115984	569.34740901007	715.176027481687	573.918372575787
2020-08-16	524.512966341343	421.469414016149	316.38887161821	453.067119885727	319.386762860272	571.959124922204	706.943841827163	569.06873699634
2020-08-17	516.331731175738	415.463277426171	310.805600117427	443.470282572476	319.216820224442	574.298911195673	698.855879125347	564.030060766897
2020-08-18	508.234502512683	409.356099315211	305.247333314401	433.957142856176	319.409114716099	576.385815495334	690.922051349476	558.82770011597
2020-08-19	500.246525880391	403.165918640303	299.73138209181	424.567467165087	319.990382842849	578.238885486043	683.152270472785	553.487011272074
2020-08-20	492.393046807074	396.910774358478	294.275057332329	415.341021927465	320.987361112297	579.877168832658	675.556448468508	548.033350463719
2020-08-21	484.699310820946	390.608705426772	288.895669918636	406.317573571572	322.426786032048	581.319713200034	668.144497309882	542.492073919419
2020-08-22	477.190563450218	384.277750802217	283.610530733407	397.536888525664	324.335394109709	582.58556625303	660.92632897014	536.888537867687
2020-08-23	469.892050223103	377.935949441847	278.436950659319	389.038733218002	326.739921852883	583.693775656502	653.911855422518	531.248098537035
2020-08-24	462.828122945824	371.604672245736	273.393971016667	380.859986250758	329.663562394607	584.667398525861	647.10544743104	525.596994169241
2020-08-25	456.019558536639	365.318617886127	268.507554876223	373.02597492176	333.115335369631	585.54552977874	640.489310922885	519.964991059144
2020-08-26	449.486240191817	359.115816978303	263.805395746378	365.559138702751	337.100717038133	586.371273783327	634.040110616023	514.38273751485
2020-08-27	443.248051107627	353.034300137547	259.315187135524	358.481917065474	341.625183660293	587.187734907809	627.734511228422	508.880881844462
2020-08-28	437.324874480337	347.112097979142	255.06462255205	351.81674948167	346.694211496291	588.038017520373	621.549177478051	503.490072356085
2020-08-29	431.736593506216	341.387241118372	251.081395504348	345.586075423082	352.313276806307	588.965225989207	615.460774082879	498.240957357824
2020-08-30	426.503091381531	335.89776017052	247.393199500809	339.812334361453	358.487855850519	590.012464682499	609.445965760873	493.164185157784
2020-08-31	421.642646402238	330.67924975971	244.026313353229	334.516121965209	365.225931005311	591.219791952504	603.485997607508	488.286345781969
2020-09-01	417.167117263037	325.75756054543	241.001357087021	329.710658689512	372.545509111884	592.615082087751	597.580436228273	483.617796127988
2020-09-02	413.086757758314	321.156107196007	238.337536031006	325.407321186208	380.467103127641	594.223163360838	591.733428606164	479.164834811349
2020-09-03	409.411821682453	316.89830437977	236.054055514002	321.617486107144	389.011226009987	596.068864044363	585.949121724174	474.933760447562
2020-09-04	406.152562829843	313.007566765047	234.170120864828	318.352530104165	398.198390716325	598.177012410923	580.231662565299	470.930871652134
2020-09-05	403.319234994867	309.507309020167	232.704937412304	315.623829829118	408.04911020406	600.572436733115	574.585198112533	467.162467040575
2020-09-06	400.922091971914	306.420945813456	231.677710485249	313.442761933848	418.583897430596	603.279965283539	569.013875348871	463.634845228392
2020-09-07	398.971387555367	303.771891813244	231.107645412482	311.820703070203	429.823265353336	606.32442633479	563.521841257307	460.354304831096
2020-09-08	397.477375539615	301.583561687858	231.013947522822	310.769029890027	441.787726929686	609.730648159467	558.113242820836	457.327144464194
2020-09-09	396.450309719041	299.879370105627	231.415822145089	310.299119045168	454.497795117049	613.523459030167	552.792227022452	454.559662743195
2020-09-10	395.900443888033	298.682731734879	232.332474608102	310.42234718747	467.97398287283	617.727687219488	547.562940845151	452.058158283609
2020-09-11	395.838031840976	298.017061243941	233.783110240679	311.150090968781	482.236803154432	622.368161000027	542.429531271927	449.828929700942
2020-09-12	396.273327372257	297.905773301143	235.78693437164	312.493727040946	497.306768919259	627.469708644382	537.396145285774	447.878275610705
2020-09-13	397.216584276261	298.372282574812	238.363152329805	314.464632055812	513.204393124716	633.057158425151	532.466929869688	446.212494628407
2020-09-14	398.676236752049	299.43784011607	241.529679431865	317.071429161912	529.945229947386	639.156901113514	527.647550123646	444.840761941816
2020-09-15	400.653440617376	301.115042507209	245.299270946004	320.311727494527	547.524998440563	645.801577474982	522.949743615569	443.783759027751
2020-09-16	403.147532094672	303.414322713316	249.683392128278	324.180382685628	565.934458876722	653.025390773651	518.386766030359	443.065043935292
2020-09-17	406.157847406368	306.346113699477	254.693508234745	328.672250367183	585.164371528338	660.862544273615	513.971873052918	442.708174713517
2020-09-18	409.683722774894	309.920848430777	260.34108452146	333.78218617116	605.205496667884	669.347241238969	509.71832036815	442.736709411507
2020-09-19	413.724494422679	314.148959872304	266.63758624448	339.50504572953	626.048594567833	678.513684933807	505.639363660958	443.174206078339
2020-09-20	418.279498572154	319.040880989144	273.594478659861	345.835684674262	647.684425500662	688.396078622225	501.748258616245	444.044222763095
2020-09-21	423.351947036293	324.607392739388	281.222234141577	352.771394701555	670.10722036566	699.028301881824	498.063483726469	445.368541746965
2020-09-22	428.960553990242	330.860668053153	289.527353535265	360.319211764539	693.32509256939	710.442939544243	494.624408714312	447.16184223959
2020-09-23	435.127909199692	337.81322785356	298.515344804478	368.488607880572	717.34962614523	722.672252754627	491.475626110014	449.437027682725
2020-09-24	441.876602430333	345.477593063733	308.191715912772	377.289055067013	742.192405126562	735.748502658123	488.66172844381	452.207001518123
2020-09-25	449.229223447857	353.866284606793	318.561974823699	386.730025341223	767.865013546763	749.703950399877	486.227308245939	455.484667187537
2020-09-26	457.208362017953	362.991823405862	329.631629500813	396.820990720561	794.379035439214	764.570857125034	484.216958046639	459.282928132722
2020-09-27	465.836607906312	372.866730384061	341.406187907668	407.571423222385	821.746054837292	780.38148397874	482.675270376147	463.61468779543
2020-09-28	475.136550878626	383.503526464515	353.891158007819	418.990794864057	849.977655774379	797.168092106142	481.646837764701	468.492849617416
2020-09-29	485.130780700584	394.914732570344	367.092047764819	431.088577662934	879.085422283852	814.962942652386	481.176252742539	473.930317040433
2020-09-30	495.841887137877	407.112869624671	381.014365142222	443.874243636376	909.080938399093	833.798296762617	481.308107839898	479.939993506235
2020-10-01	507.292459956195	420.110458550617	395.663618103582	457.357264801743	939.975788153478	853.706415581982	482.086995587017	486.534782456575
2020-10-02	519.50508892123	433.920020271305	411.045314612452	471.547113176394	971.781555580389	874.719560255626	483.557508514134	493.727587333207
2020-10-03	532.502363798671	448.554075709858	427.164962632388	486.453260777689	1004.5098247132	896.869991928696	485.764239151485	501.531311577884
2020-10-04	546.30687435421	464.025145789396	444.028070126941	502.085179622988	1038.1721795853	920.189971746338	488.751780029308	509.958858632361
2020-10-05	560.943757992392	480.349073972493	461.639753924519	518.45412639918	1072.7698819699	944.708867330276	492.569621543497	519.026213622416
2020-10-06	576.448342673183	497.554993879521	480.003566312933	535.578496471293	1108.26290459953	970.444472208564	497.286845552568	528.761688409934
2020-10-07	592.858503995405	515.675361670305	499.122668444848	553.478469873881	1144.60089794657	997.411686385831	502.977431780688	539.196676540822
2020-10-08	610.21211755788	534.742633504668	519.000221472927	572.174226641501	1181.7335124834	1025.62540986671	509.71535995203	550.36257156099
2020-10-09	628.547058959429	554.789265542432	539.639386549833	591.68594680871	1219.61039868239	1055.10054265583	517.574609790763	562.290767016347
2020-10-10	647.901203798874	575.847713943422	561.043324828233	612.033810410066	1258.18120701591	1085.85198475782	526.629161021058	575.012656452802
2020-10-11	668.312427675036	597.950434867461	583.215197460789	633.237997480124	1297.39558795634	1117.89463617731	536.952993367085	588.559633416264
2020-10-12	689.811329119589	621.119771548029	606.156458950784	655.315137024131	1337.20646636198	1151.2369436524	548.620513868858	602.959518498082
2020-10-13	712.399398395616	645.337615513231	629.861737203976	678.267653930106	1377.57986463485	1185.86154085505	561.707838829773	618.225840471363
2020-10-14	736.07084869905	670.575745364826	654.323953476744	702.094422056754	1418.48507956289	1221.74460819069	576.291511869072	634.368555154656
2020-10-15	760.819893225824	696.805939704577	679.536029025463	726.794315262784	1459.89140793405	1258.86232606472	592.448076605993	651.397618366508
2020-10-16	786.640745171874	723.999977134242	705.49088510651	752.366207406902	1501.76814653628	1297.19087488259	610.254076659776	669.322985925467
2020-10-17	813.527617733134	752.129636255585	732.181442976263	778.808972347817	1544.08459215753	1336.70643504971	629.786055649664	688.15461365008
2020-10-18	841.474724105537	781.166695670364	759.600623891101	806.121483944235	1586.81004158573	1377.38518697151	651.120557194895	707.902457358896
2020-10-19	870.476277485018	811.082933980341	787.741349107398	834.302616054865	1629.91379160884	1419.2033110534	674.33412491471	728.576472870463
2020-10-20	900.52649106751	841.850129787276	816.596539881532	863.351242538412	1673.36513901479	1462.13698770082	699.503302428349	750.186616003326
2020-10-21	931.619578048948	873.440061692931	846.159117469881	893.266237253586	1717.13338059155	1506.1623973192	726.704633355053	772.742842576036
2020-10-22	963.749751625266	905.824508299066	876.422003128822	924.046474059094	1761.18781312705	1551.25572031394	756.014661314062	796.25510840714
2020-10-23	996.911224992399	938.975248207443	907.378118114731	955.690826813642	1805.49773340924	1597.39313709048	787.509929924616	820.733369315185
2020-10-24	1031.09821134628	972.864060019819	939.020383683986	988.198169375938	1850.03243822607	1644.55082805424	821.266982805955	846.187581118717
2020-10-25	1066.30492388284	1007.46272233796	971.341721092965	1021.56737560469	1894.76122436548	1692.70497361065	857.36236357732	872.627699636287
2020-10-26	1102.51028994899	1042.72895255346	1004.32156478259	1055.78358581106	1939.64001542151	1741.83279842675	895.873295989195	900.056802139492
2020-10-27	1139.63209349548	1078.56422321725	1037.88540193195	1090.77700611605	1984.57124221252	1791.91570421611	936.879724317037	928.45045171213
2020-10-28	1177.57283262406	1114.8559456701	1071.94523290471	1126.46410909311	2029.44396236297	1842.93613695394	980.462272967547	957.777332891048
2020-10-29	1216.23500543645	1151.49153125279	1106.41305806449	1162.76136731568	2074.14723349733	1894.87654261543	1026.70156634743	988.006130213098
2020-10-30	1255.5211100344	1188.35839130608	1141.20087777494	1199.58525335723	2118.57011324004	1947.71936717578	1075.67822886338	1019.10552821513
2020-10-31	1295.33364451963	1225.34393717074	1176.22069239972	1236.85223979119	2162.60165921557	2001.44705661018	1127.47288492211	1051.04421143398
2020-11-01	1335.57510699387	1262.33558018755	1211.38450230244	1274.47879919103	2206.13092904838	2056.04205689383	1182.16615893031	1083.79086440651
2020-11-02	1376.14668184431	1299.22367084268	1246.60856303698	1312.38026732581	2249.04053890002	2111.49340489001	1239.81690580568	1117.30808452528
2020-11-03	1416.94429859987	1335.91031620394	1281.82615091799	1350.46743274704	2291.18733908043	2167.81650101428	1300.39690250988	1151.53412060571
2020-11-04	1457.86257307495	1372.30056248454	1316.97479745035	1388.64994720185	2332.42173843666	2225.03333657027	1363.85615651558	1186.40113431894
2020-11-05	1498.79612108391	1408.29945589771	1351.99203413894	1426.83746243737	2372.59414581575	2283.16590286165	1430.14467529544	1221.84128733611
2020-11-06	1539.63955844114	1443.81204265665	1386.81539248861	1464.93963020073	2411.55497006475	2342.23619119205	1499.2124663221	1257.78674132835
2020-11-07	1580.28750096102	1478.74336897459	1421.38240400426	1502.86610223905	2449.15462003069	2402.2661928651	1571.00953706824	1294.16965796681
2020-11-08	1620.63456445792	1512.99848106473	1455.63060019075	1540.52653029945	2485.24350456063	2463.27789918446	1645.48589500651	1330.92219892261
2020-11-09	1660.57536474622	1546.4824251403	1489.49751255296	1577.83056612908	2519.6720325016	2525.29330145377	1722.59154760957	1367.97652586691
2020-11-10	1700.00451764031	1579.10024741451	1522.92067259575	1614.68786147505	2552.29061270065	2588.33439097666	1802.27650235007	1405.26480047083
2020-11-11	1738.81663895456	1610.75699410058	1555.83761182401	1651.00806808449	2582.94965400482	2652.42315905679	1884.49076670069	1442.71918440551
2020-11-12	1776.90634450335	1641.35771141172	1588.1858617426	1686.70083770453	2611.49956526116	2717.58159699778	1969.18434813407	1480.27183934209
2020-11-13	1814.16825010107	1670.80744556115	1619.90295385641	1721.67582208229	2637.7907553167	2783.8316961033	2056.30725412288	1517.85492695171
2020-11-14	1850.49697156208	1699.01124276209	1650.92641967029	1755.84267296491	2661.67363301849	2851.19544767697	2145.80949213978	1555.40060890551
2020-11-15	1885.78712470077	1725.87414922774	1681.19379068914	1789.11104209951	2682.99860721358	2919.69484302244	2237.64106965742	1592.84104687463
2020-11-16	1919.94383226448	1751.31534844545	1710.64503070186	1821.39834564699	2701.64910885159	2989.32437783742	2331.73654495425	1630.11010629319
2020-11-17	1952.91424473236	1775.31057299906	1739.22983263362	1852.65305742331	2717.6406572925	3059.96856539589	2427.96867953191	1667.14846764734
2020-11-18	1984.65601951652	1797.84969274653	1766.90032169362	1882.83141565822	2731.02179399887	3131.48442336588	2526.1947856978	1703.8985151862
2020-11-19	2015.12681402909	1818.92257754582	1793.60862309106	1911.88965858145	2741.84106043328	3203.72896941543	2626.27217575935	1740.30263315892
2020-11-20	2044.28428568216	1838.51909725489	1819.30686203513	1939.78402442274	2750.14699805827	3276.5592212126	2728.05816202398	1776.30320581461
2020-11-21	2072.08609188787	1856.62912173171	1843.94716373505	1966.47075141183	2755.98814833641	3349.83219642541	2831.41005679909	1811.84261740242
2020-11-22	2098.48989005831	1873.24252083422	1867.48165340002	1991.90607777845	2759.41305273028	3423.4049127219	2936.18517239211	1846.86325217148
2020-11-23	2123.45333760562	1888.34916442041	1889.86245623924	2016.04624175235	2760.47025270242	3497.13438777013	3042.24082111046	1881.30749437092
2020-11-24	2146.93409194188	1901.93892234821	1911.04169746191	2038.84748156327	2759.20828971541	3570.87763923813	3149.43431526155	1915.11772824986
2020-11-25	2168.88981047924	1914.00166447561	1930.97150227724	2060.26603544093	2755.6757052318	3644.49168479393	3257.6229671528	1948.23633805745
2020-11-26	2189.27815062979	1924.52726066055	1949.60399589442	2080.25814161509	2749.92104071416	3717.83354210559	3366.66408909163	1980.60570804282
2020-11-27	2208.05676980565	1933.50558076101	1966.89130352267	2098.78003831547	2741.99283762506	3790.76022884114	3476.41499338545	2012.1682224551
2020-11-28	2225.18332541893	1940.92649463493	1982.78555037118	2115.78796377181	2731.93963742706	3863.12876266862	3586.73299234168	2042.86626554341
2020-11-29	2240.61547488176	1946.77987214029	1997.23886164917	2131.23815621386	2719.80998158271	3934.79616125608	3697.47539826774	2072.6422215569
2020-11-30	2254.31913019169	1951.06063096667	2010.20682504458	2145.09532864556	2705.66405120786	4005.60209575112	3808.47620005956	2101.4447535537
2020-12-01	2266.2932216881	1953.78388013022	2021.65887816044	2157.35809316766	2689.60858603143	4075.31685121965	3919.47609296706	2129.24763982796
2020-12-02	2276.54493429584	1954.9697764787	2031.56792107852	2168.03353665512	2671.7619654356	4143.69336620713	4030.19244882868	2156.03093748283
2020-12-03	2285.08145293973	1954.63847685988	2039.90685388059	2177.1287459829	2652.24256880257	4210.48457925902	4140.34263948286	2181.77470362146
2020-12-04	2291.90996254462	1952.81013812153	2046.64857664843	2184.65080802596	2631.16877551453	4275.4434289208	4249.64403676805	2206.45899534701
2020-12-05	2297.03764803533	1949.50491711142	2051.76598946381	2190.60680965927	2608.65896495368	4338.32285373793	4357.81401252269	2230.06386976263
2020-12-06	2300.4716943367	1944.74297067732	2055.2319924085	2195.00383775778	2584.8315165022	4398.87579225588	4464.5699385852	2252.56938397146
2020-12-07	2302.2385455354	1938.56306295021	2057.03972627543	2197.86950179697	2559.80983436737	4456.89517372091	4569.63299355445	2273.96464219606
2020-12-08	2302.44168236547	1931.07838719394	2057.26329470209	2199.31350165438	2533.73742205682	4512.33389018235	4672.73958307095	2294.27493713647
2020-12-09	2301.2038447228	1922.42074395559	2055.9970420371	2199.46605980804	2506.76280790325	4565.18482439036	4773.62991953563	2313.53460861216
2020-12-10	2298.64777250324	1912.72193378222	2053.33531262912	2198.45739873602	2479.03452023936	4615.44085909507	4872.04421534943	2331.77799644257
2020-12-11	2294.89620560268	1902.11375722091	2049.37245082676	2196.41774091636	2450.70108739788	4663.0948770466	4967.72268291325	2349.03944044716
2020-12-12	2290.071883917	1890.72801481872	2044.20280097867	2193.47730882711	2421.91103771149	4708.13976099511	5060.40553462806	2365.35328044537
2020-12-13	2284.29754734207	1878.69650712272	2037.92070743348	2189.76632494632	2392.81289951292	4750.56839369073	5149.83298289477	2380.75385625665
2020-12-14	2277.69593577377	1866.15103467997	2030.62051453983	2185.41501175204	2363.55520113486	4790.37365788359	5235.74524011432	2395.27550770046
2020-12-15	2270.38978910798	1853.22339803756	2022.39656664635	2180.55359172232	2334.28647091003	4827.54843632382	5317.88251868763	2408.95257459624
2020-12-16	2262.50184724056	1840.04539774254	2013.34320810168	2175.31228733521	2305.15523717114	4862.08561176157	5395.98503101563	2421.81939676345
2020-12-17	2254.1548500674	1826.74883434199	2003.55478325446	2169.82132106876	2276.31002825088	4893.97806694698	5469.79298949927	2433.91031402153
2020-12-18	2245.47153748437	1813.46550838298	1993.12563645331	2164.21091540102	2247.89937248197	4923.21868463017	5539.04660653945	2445.25966618993
2020-12-19	2236.57464938735	1800.32722041257	1982.15011204688	2158.61129281004	2220.07179819711	4949.80034756128	5603.48609453712	2455.90179308811
2020-12-20	2227.58692567222	1787.46577097784	1970.7225543838	2153.15267577386	2192.97583372902	4973.71593849046	5662.85166589321	2465.87103453552
2020-12-21	2218.59686165652	1774.97753961071	1958.91064023013	2147.93137405771	2166.73104143508	4994.93670179714	5716.88604567698	2475.1823692608
2020-12-22	2209.55597434448	1762.81722178254	1946.67537602169	2142.90804657548	2141.34111977145	5013.347328378	5765.342009631	2483.77333162943
2020-12-23	2200.381536162	1750.90409194956	1933.95110061171	2138.00943952825	2116.78080121896	5028.81087075905	5807.97484616616	2491.56209491607
2020-12-24	2190.990819535	1739.157424568	1920.67215285342	2133.16229911709	2093.02481825844	5041.19038146627	5844.53984369337	2498.46683239539
2020-12-25	2181.30109688936	1727.49649409407	1906.77287160007	2128.29337154307	2070.04790337074	5050.34891302565	5874.79229062354	2504.40571734207
2020-12-26	2171.22964065099	1715.84057498401	1892.18759570489	2123.32940300725	2047.82478903669	5056.14951796318	5898.48747536756	2509.29692303078
2020-12-27	2160.6937232458	1704.10894169403	1876.85066402111	2118.19713971071	2026.33020773712	5058.45524880486	5915.38068633632	2513.05862273617
2020-12-28	2149.61497060666	1692.22283351233	1860.70668994562	2112.82360789658	2005.5363607906	5057.14783284225	5925.27946077489	2515.61647314916
2020-12-29	2137.93242269441	1680.11134905507	1843.74138504987	2107.13695397628	1985.40532486658	5052.18369642918	5928.20033126489	2516.92606462559
2020-12-30	2125.58947297686	1667.70555177037	1825.95073544895	2101.06560440328	1965.89664547225	5043.53794068508	5924.2120792221	2516.95047093753
2020-12-31	2112.52951492182	1654.93650510634	1807.33072725796	2094.53798563105	1946.96986811479	5031.18566672934	5913.38348606231	2515.65276585706
2021-01-01	2098.6959419971	1641.73527251112	1787.87734659197	2087.48252411309	1928.58453830138	5015.10197568139	5895.78333320128	2512.99602315624
2021-01-02	2084.03214767052	1628.03291743283	1767.5865795661	2079.82764630286	1910.7002015392	4995.26196866064	5871.48040205481	2508.94331660716
2021-01-03	2068.48152540989	1613.76050331958	1746.45441229542	2071.50177865385	1893.27640333545	4971.6407467865	5840.54347403866	2503.45771998189
2021-01-04	2051.98746868303	1598.84909361952	1724.47683089504	2062.43334761953	1876.2726891973	4944.21341117839	5803.04133056863	2496.50230705251
2021-01-05	2034.49337095773	1583.22975178076	1701.64982148004	2052.55077965338	1859.64860463193	4912.95506295571	5759.04275306048	2488.04015159108
2021-01-06	2015.94262570182	1566.83354125142	1677.96937016552	2041.78250120887	1843.36369514652	4877.84080323787	5708.61652293001	2478.03432736968
2021-01-07	1996.27862638311	1549.59152547963	1653.43146306657	2030.05693873949	1827.37750624827	4838.84573314429	5651.83142159298	2466.44790816039
2021-01-08	1975.44476646942	1531.43476791352	1628.03208629828	2017.30251869871	1811.64958344436	4795.94495379439	5588.75623046519	2453.24396773529
2021-01-09	1953.38443942854	1512.2943320012	1601.76722597575	2003.44766754002	1796.13947224196	4749.11356630757	5519.45973096239	2438.38557986643
2021-01-10	1930.0410387283	1492.10128119081	1574.63286821406	1988.42081171688	1780.80671814825	4698.32667180324	5444.01070450039	2421.83581832592
2021-01-11	1905.3857127718	1470.81583437496	1546.64756450571	1972.17417938115	1765.61253621619	4643.61264616602	5362.54898732006	2403.58040681438
2021-01-12	1879.50062970327	1448.51483222426	1517.92012785275	1954.75520547817	1750.52481968173	4585.21296434126	5275.49863496266	2383.6956687468
2021-01-13	1852.49571260223	1425.30427085383	1488.58193663463	1936.23512665162	1735.51313132659	4523.42237603952	5183.35475779458	2362.28057746672
2021-01-14	1824.48088454822	1401.29014637876	1458.7643692308	1916.68517954522	1720.54703393248	4458.53563097136	5086.61246618218	2339.4341063177
2021-01-15	1795.56606862074	1376.57845491417	1428.5988040207	1896.17660080267	1705.59609028113	4390.84747884733	4985.76687049184	2315.25522864328
2021-01-16	1765.86118789933	1351.27519257516	1398.2166193838	1874.78062706768	1690.62986315424	4320.65266937799	4881.31308108994	2289.84291778701
2021-01-17	1735.47616546351	1325.48635547684	1367.74919369953	1852.56849498394	1675.61791533355	4248.2459522739	4773.74620834283	2263.29614709245
2021-01-18	1704.51489331956	1299.31127100527	1337.31333519859	1829.61104087213	1660.53213088257	4173.91088319553	4663.5315154405	2235.71322614305
2021-01-19	1673.05713918078	1272.82259163035	1306.96757151664	1805.97749976076	1645.35367899197	4097.88624160302	4551.01487686725	2207.18980948197
2021-01-20	1641.17663968723	1246.08630109292	1276.75586014058	1781.73670635533	1630.06605013426	4020.39961290641	4436.51231993097	2177.82088789226
2021-01-21	1608.94713147898	1219.16838313384	1246.72215855729	1756.9574953613	1614.65273478192	3941.67858251575	4320.33987193957	2147.70145215697
2021-01-22	1576.44235119609	1192.13482149394	1216.91042425367	1731.70870148418	1599.09722340743	3861.9507358411	4202.81356020096	2116.92649305918
2021-01-23	1543.73603547861	1165.05159991409	1187.36461471663	1706.05915942945	1583.38300648328	3781.44365829251	4084.24941202303	2085.59100138193
2021-01-24	1510.90192096662	1137.98470213512	1158.12868743307	1680.07770390258	1567.49357448197	3700.38493528002	3964.96345471368	2053.78996790828
2021-01-25	1478.01374430016	1111.00011189789	1129.24659988987	1653.83316960907	1551.41241787597	3619.00215221369	3845.27171558082	2021.6183834213
2021-01-26	1445.14524211931	1084.16381294324	1100.76230957393	1627.3943912544	1535.12302713778	3537.52289450357	3725.49022193235	1989.17123870405
2021-01-27	1412.37015106411	1057.54178901203	1072.71977397216	1600.83020354405	1518.60889273987	3456.1747475597	3605.93500107616	1956.54352453958
2021-01-28	1379.76220777464	1031.2000238451	1045.16295057144	1574.20944118351	1501.85350515475	3375.18529679215	3486.92208032016	1923.83023171094
2021-01-29	1347.39514889096	1005.2045011833	1018.13579685868	1547.60093887827	1484.84035485489	3294.78212761095	3368.76748697225	1891.12635100121
2021-01-30	1315.34271105312	979.621204767477	991.682270320772	1521.07353133381	1467.55293231278	3215.19282542616	3251.78724834033	1858.52687319344
2021-01-31	1283.67863090118	954.516118338486	965.846328444613	1494.69605325561	1449.97472800091	3136.64497564784	3136.2973917323	1826.12678907068
2021-02-01	1252.47374826008	929.950824707283	940.66594963284	1468.53678049594	1432.11359888917	3059.35716687397	3022.58410658542	1794.02559844445
2021-02-02	1221.78731569417	905.96930296527	916.155195951041	1442.66175349417	1414.07486793711	2983.51200045436	2910.8142308544	1762.34083724003
2021-02-03	1191.6756889527	882.611131273965	892.322150380546	1417.13645383646	1395.98822460165	2909.28308092676	2801.12476462329	1731.19455041114
2021-02-04	1162.19522378489	859.915887794878	869.174895902681	1392.02636310897	1377.98335833975	2836.84401282891	2693.65270797616	1700.70878291152
2021-02-05	1133.40227593997	837.923150689525	846.721515498774	1367.39696289784	1360.18995860835	2766.36840069855	2588.53506099705	1671.00557969491
2021-02-06	1105.35320116717	816.672498119419	824.970092150153	1343.31373478923	1342.73771486438	2698.02984907344	2485.90882377004	1642.20698571502
2021-02-07	1078.10435521573	796.203508246077	803.928708838147	1319.84216036929	1325.75631656479	2632.00196249132	2385.91099637918	1614.43504592559
2021-02-08	1051.70618936805	776.553204159305	783.605539669149	1297.04295640773	1309.37085119023	2568.43210784194	2288.65898648675	1587.79069884659
2021-02-09	1026.18553703927	757.748388662097	764.009123249813	1274.95778040847	1293.68799831613	2507.36270142306	2194.1918320679	1562.29045726286
2021-02-10	1001.56332717768	739.813309485736	745.148089311859	1253.62352505897	1278.80983554165	2448.80992188444	2102.52897867598	1537.9297275255
2021-02-11	977.860488731607	722.77221436151	727.031067587008	1233.07708304671	1264.83844046593	2392.78994787585	2013.68987186437	1514.7039159856
2021-02-12	955.097950649345	706.649351020703	709.666687806976	1213.35534705914	1251.87589068812	2339.31895804705	1927.69395718641	1492.60842899423
2021-02-13	933.296641879204	691.4689671946	693.063579703484	1194.49520978374	1240.02426380735	2288.41313104781	1844.56068019547	1471.6386729025
2021-02-14	912.477491369491	677.255310614489	677.230373008253	1176.53356390796	1229.38563742279	2240.08864552789	1764.30948644491	1451.79005406148
2021-02-15	892.661428068514	664.032629011655	662.175697453001	1159.50730211929	1220.06208913356	2194.36168013704	1686.9598214881	1433.05797882226
2021-02-16	873.86938092458	651.825170117383	647.908182769448	1143.45331710519	1212.15569653883	2151.24841352505	1612.53113087838	1415.43785353593
2021-02-17	856.122278885995	640.657181662959	634.436458689314	1128.40850155312	1205.76853723773	2110.76502434166	1541.04286016914	1398.92508455358
2021-02-18	839.441050901068	630.55291137967	621.769154944319	1114.40974815055	1201.00268882941	2072.92769123665	1472.51445491372	1383.51507822629
2021-02-19	823.846625918104	621.5366069988	609.914901266182	1101.49394958496	1197.96022891301	2037.75259285977	1406.96536066549	1369.20324090516
2021-02-20	809.35993288541	613.632516251636	598.882327386621	1089.69799854379	1196.74323508768	2005.25590786079	1344.41502297781	1355.98497894127
2021-02-21	796.001900751294	606.864886869462	588.680063037358	1079.05878771454	1197.45378495258	1975.45381488948	1284.88288740404	1343.8556986857
2021-02-22	783.789889431014	601.25344596746	579.321218922641	1069.60893534082	1200.1923635163	1948.34727919175	1228.36794013715	1332.7972664104
2021-02-23	772.726982707625	596.799838196386	570.836829636836	1061.36396189094	1205.05308542537	1923.87641239814	1174.78732992855	1322.73738807076
2021-02-24	762.812695331137	593.501187590891	563.26241074684	1054.33511338937	1212.12847273578	1901.96611273536	1124.03774616927	1313.59022954303
2021-02-25	754.046542051555	591.354618185626	556.633477819548	1048.53363586057	1221.51104750351	1882.5412784301	1076.01587825033	1305.26995670343
2021-02-26	746.428037618888	590.357254015242	550.985546421856	1043.97077532901	1233.29333178454	1865.52680770907	1030.61841556275	1297.69073542823
2021-02-27	739.956696783141	590.50621911439	546.354132120659	1040.65777781917	1247.56784763486	1850.84759879896	987.742047497543	1290.76673159366
2021-02-28	734.632034294323	591.79863751772	542.774750482854	1038.6058893555	1264.42711711045	1838.42854992646	947.283463445743	1284.41211107597
2021-03-01	730.449104165129	594.225360135694	540.274596897787	1037.81963487363	1283.93208099649	1828.18741142046	909.142723880178	1278.54853600073
2021-03-02	727.385117459016	597.752145382006	538.847586044611	1038.27665495376	1306.01735499486	1820.01334201852	873.233373600922	1273.12765349081
2021-03-03	725.412824502125	602.33847854616	538.47931242493	1039.94786908725	1330.58597353665	1813.78835256041	839.472328489862	1268.10860691842
2021-03-04	724.504975620599	607.94384491766	539.155370540348	1042.80419676545	1357.54097105292	1809.39445388587	807.776504428881	1263.45053965576
2021-03-05	724.634321140583	614.527729786011	540.861354892467	1046.81655747971	1386.78538197476	1806.71365683466	778.062817299865	1259.11259507504
2021-03-06	725.77361138822	622.049618440716	543.582859982892	1051.9558707214	1418.22224073323	1805.62797224652	750.2481829847	1255.05391654845
2021-03-07	727.895596689652	630.46899617128	547.305480313226	1058.19305598187	1451.75458175942	1806.01941096122	724.249517365269	1251.2336474482
2021-03-08	730.973027371024	639.745348267207	552.014810385073	1065.49903275247	1487.2854394844	1807.7699838185	699.983736323457	1247.6109311465
2021-03-09	734.978653758478	649.838160018	557.696444700036	1073.84472052457	1524.71784833924	1810.76170165811	677.36775574115	1244.14491101555
2021-03-10	739.885226178159	660.706916713165	564.33597775972	1083.2010387895	1563.95484275503	1814.87657531981	656.318491500233	1240.79473042754
2021-03-11	745.665494956208	672.311103642205	571.919004065727	1093.53890703864	1604.89945716283	1819.99661564334	636.75285948259	1237.51953275469
2021-03-12	752.292210418771	684.610206094624	580.431118119662	1104.82924476333	1647.45472599372	1826.00383346847	618.587775570108	1234.2784613692
2021-03-13	759.738122891989	697.563709359926	589.857914423128	1117.04297145493	1691.52368367878	1832.78023963493	601.740155644671	1231.03065964327
2021-03-14	767.975982702007	711.131098727615	600.184987477729	1130.1510066048	1737.00936464908	1840.2078449825	586.126915588163	1227.7352709491
2021-03-15	776.973786289814	725.26587088809	611.388619141967	1144.11739939002	1783.77410221366	1848.1503802845	571.66763862702	1224.35393770037
2021-03-16	786.680514555777	739.897568135319	623.407840701944	1158.87871773065	1831.51742519338	1856.39845604868	558.292577365874	1220.85829847669
2021-03-17	797.040394515113	754.949744164165	636.172370800659	1174.36465923246	1879.89816128705	1864.72440271635	545.934651753908	1217.22249089913
2021-03-18	807.997653183035	770.345952669491	649.611928081111	1190.50492150124	1928.5751381935	1872.90055072884	534.526781740306	1213.42065258876
2021-03-19	819.496517574759	786.009747346158	663.656231186302	1207.22920214275	1977.20718361155	1880.69923052748	524.001887274249	1209.42692116666
2021-03-20	831.481214705499	801.864681889031	678.234998759229	1224.46719876279	2025.45312524	1887.89277255359	514.29288830492	1205.21543425391
2021-03-21	843.89597159047	817.83430999297	693.277949442893	1242.14860896713	2072.97179077769	1894.25350724849	505.332704781503	1200.76032947159
2021-03-22	856.6856460724	833.847029110587	708.715297412078	1260.20618455186	2119.43782516851	1899.57923120455	497.056398475868	1196.03612341106
2021-03-23	869.797619304075	849.850611725483	724.479238968696	1278.58489407428	2164.58914233665	1903.76960561828	489.40759845064	1191.01884854494
2021-03-24	883.179903265794	865.797674079005	740.502465946443	1297.23276028199	2208.17947345139	1906.74975783722	482.332075591134	1185.68491631614
2021-03-25	896.780509937856	881.640832412502	756.717670179016	1316.0978059226	2249.96254968201	1908.44481520893	475.775600782664	1180.01073816755
2021-03-26	910.547451300559	897.332702967321	773.057543500112	1335.12805374372	2289.69210219779	1908.77990508094	469.683944910544	1173.9727255421
2021-03-27	924.428739334204	912.82590198481	789.454777743426	1354.27152649295	2327.121862168	1907.68015480081	464.002878860087	1167.54728988268
2021-03-28	938.372386019089	928.073045706318	805.842064742654	1373.4762469179	2362.00556076191	1905.07069171609	458.678173516608	1160.7108426322
2021-03-29	952.326403335513	943.026750373191	822.152096331492	1392.69023776616	2394.09692914879	1900.87664317432	453.655599765421	1153.43979523357
2021-03-30	966.238803263776	957.63963222678	838.317564343638	1411.86152178536	2423.14969849794	1895.02313652305	448.880928491839	1145.7105591297
2021-03-31	980.057597784177	971.864307508431	854.271160612787	1430.93812172309	2448.91759997862	1887.43529910982	444.299930581177	1137.4995457635
2021-04-01	993.730798877015	985.653392459493	869.945576972636	1449.86806032697	2471.15436476011	1878.03825828219	439.858376918749	1128.78316657787
2021-04-02	1007.20641852259	998.959503321315	885.273505256881	1468.59936034458	2489.61372401168	1866.7571413877	435.502038389868	1119.53783301572
2021-04-03	1020.4324687012	1011.73525633524	900.187637299218	1487.08004452355	2504.04940890261	1853.5170757739	431.176685879848	1109.73995651996
2021-04-04	1033.35696139314	1023.93326774262	914.620664933344	1505.25813561148	2514.21515060217	1838.24318878834	426.828090274004	1099.3659485335
2021-04-05	1045.92737748054	1035.50602978771	928.508042048576	1523.07885342598	2519.90879144686	1820.89225646266	422.409911013384	1088.39734649006
2021-04-06	1058.08907345278	1046.40553872634	941.796270756721	1540.47620606472	2521.104618442	1801.54764956493	417.907361761971	1076.83619178664
2021-04-07	1069.78687470108	1056.58366681728	954.434615225209	1557.3813986954	2517.82102976015	1780.32438754732	413.313544739483	1064.68965181107
2021-04-08	1080.96560661665	1065.99228631925	966.372339621469	1573.7256364857	2510.07642357385	1757.33748986199	408.621562165637	1051.96489395116
2021-04-09	1091.5700945907	1074.58326949102	977.558708112929	1589.44012460331	2497.88919805565	1732.70197596109	403.824516260152	1038.66908559475
2021-04-10	1101.54516401445	1082.30848859133	987.94298486702	1604.4560682159	2481.2777513781	1706.53286529681	398.915509242744	1024.80939412965
2021-04-11	1110.8356402791	1089.11981587893	997.474434051168	1618.70467249116	2460.26048171374	1678.94517732131	393.887643333132	1010.39298694368
2021-04-12	1119.39258094764	1094.97480662939	1006.10886208449	1632.12100355421	2434.89625871804	1650.05028971072	388.737434660601	995.431365739351
2021-04-13	1127.19197227005	1099.8537481856	1013.82824439281	1644.65557135987	2405.40583797817	1619.94501303716	383.475054992701	979.95336947796
2021-04-14	1134.2160326681	1103.74261090729	1020.62109865367	1656.26274682038	2372.05044656421	1588.72251609668	378.114090006551	963.992171435477
2021-04-15	1140.44698056354	1106.62736515416	1026.47594254458	1666.896900848	2335.09131154625	1556.47596768537	372.668125379269	947.58094488788
2021-04-16	1145.86703437813	1108.49398128596	1031.38129374306	1676.51240435496	2294.78965999436	1523.2985365993	367.150746787974	930.752863111146
2021-04-17	1150.45841253363	1109.32842966238	1035.32566992664	1685.06362825352	2251.40671897865	1489.28339163455	361.575539909783	913.541099381254
2021-04-18	1154.20333345179	1109.11668064316	1038.29758877283	1692.50494345592	2205.20371556918	1454.52370158719	355.956090421815	895.978826974179
2021-04-19	1157.08401555438	1107.84470458801	1040.28556795916	1698.79072087442	2156.44187683605	1419.1126352533	350.305984001188	878.0992191659
2021-04-20	1159.08267726315	1105.49847185665	1041.27812516315	1703.87533142125	2105.38242984935	1383.14336142895	344.638806325021	859.935449232394
2021-04-21	1160.18153699986	1102.06395280881	1041.26377806232	1707.71314600868	2052.28660167915	1346.70904891023	338.968143070431	841.52069044964
2021-04-22	1160.36281318626	1097.5271178042	1040.23104433419	1710.25853554893	1997.41561939554	1309.9028664932	333.307579914537	822.888116093612
2021-04-23	1159.60872424412	1091.87393720253	1038.16844165628	1711.46587095427	1941.03071006862	1272.81798297394	327.670702534458	804.070899440288
2021-04-24	1157.90148859518	1085.09038136355	1035.06448770612	1711.28952313694	1883.39310076845	1235.54756714853	322.071096607311	785.102213765647
2021-04-25	1155.22332466122	1077.16242064695	1030.90770016123	1709.68386300918	1824.76401856513	1198.18478781304	316.522347810214	766.015232345666
2021-04-26	1151.56164973777	1068.08344995334	1025.69194443501	1706.60720031267	1765.39222806848	1160.81744861906	311.030185090265	746.840306915055
2021-04-27	1146.92467661556	1057.87656234688	1019.43247688444	1702.03360010681	1705.47664404731	1123.51189264025	305.568910474471	727.59650304346
2021-04-28	1141.32581695908	1046.57227543257	1012.14990160238	1695.94106628039	1645.20371881015	1086.32909780578	300.10496925982	708.30006475926
2021-04-29	1134.77848243284	1034.20110681545	1003.86482268168	1688.30760272224	1584.75990466554	1049.33004204481	294.604806743298	688.967236090836
2021-04-30	1127.29608470136	1020.79357410054	994.597844215221	1679.11121332117	1524.33165392201	1012.57570328652	289.034868221892	669.614261066564
2021-05-01	1118.89203542913	1006.38019489286	984.369570295847	1668.329901966	1464.1054188881	976.127059460072	283.361598992588	650.257383714824
2021-05-02	1109.57974628065	990.991486797447	973.200605016424	1655.94167254553	1404.26765187236	940.045088494639	277.551444352374	630.912848063997
2021-05-03	1099.37810488845	974.665283239692	961.118341162005	1641.93959080898	1344.98614540743	904.385309185025	271.579150640685	611.598400792621
2021-05-04	1088.32790275702	957.468680926508	948.177326286426	1626.37696994713	1286.35405292242	869.181403788583	265.452668366761	592.337799179879
2021-05-05	1076.47540735887	939.476092385178	934.438896635716	1609.32218501113	1228.44586807058	834.4615954283	259.188249082287	573.156303155115
2021-05-06	1063.86688616652	920.76193014299	919.964388455905	1590.84361105218	1171.33608450513	800.254107227167	252.802144338953	554.079172647673
2021-05-07	1050.54860665247	901.400606727226	904.815137993018	1571.00962312142	1115.09919587929	766.587162308168	246.310605688444	535.131667586893
2021-05-08	1036.56683628922	881.466534665174	889.052481493087	1549.88859627004	1059.80969584629	733.488983794291	239.729884682449	516.33904790212
2021-05-09	1021.96784254929	861.034126484117	872.73775520214	1527.54890554921	1005.54207805936	700.987794808526	233.076232872656	497.726573522698
2021-05-10	1006.79789290518	840.177794711341	855.932295366207	1504.0589260101	952.370836171736	669.111818473861	226.365901810751	479.319504377969
2021-05-11	991.103254829414	818.971951874133	838.697438231316	1479.48703270387	900.370463836641	637.889277913283	219.615143048423	461.143100397277
2021-05-12	974.930195794485	797.491010499776	821.094520043495	1453.9016006817	849.615454707304	607.348396249781	212.840208137358	443.222621509966
2021-05-13	958.324983272906	775.809383115556	803.184877048776	1427.37100499476	800.180302436955	577.517396606343	206.057348629245	425.583327645377
2021-05-14	941.333884737188	754.001482248759	785.029845493186	1399.96362069422	752.139500678825	548.424502105959	199.282816075772	408.250478732856
2021-05-15	924.003167659836	732.141720426669	766.690761622753	1371.74782283125	705.567543086136	520.097935871612	192.532862028624	391.249334701744
2021-05-16	906.379099513359	710.304510176572	748.228961683507	1342.79198645702	660.538923312121	492.565921026293	185.823738039491	374.605155481384
2021-05-17	888.502619912721	688.558641755368	729.701791323838	1313.15590288253	617.115974451095	465.853048936945	179.174685278037	358.340016895788
2021-05-18	870.393357042702	666.95041633842	711.150633801572	1282.86502845807	575.312387361724	439.969383946328	172.61690338584	342.463258347632
2021-05-19	852.065611230535	645.520512830707	692.612881776898	1251.93623579377	535.129692343762	414.921358641156	166.184581622455	326.981035134261
2021-05-20	833.533682803457	624.309610137206	674.125927910005	1220.38639749976	496.56941969696	390.715405608147	159.911909247436	311.899502553019
2021-05-21	814.811872088701	603.358387162896	655.727164861081	1188.23238618614	459.633099721073	367.357957434014	153.833075520339	297.22481590125
2021-05-22	795.914479413502	582.707522812756	637.453985290315	1155.49107446306	424.322262715856	344.855446705474	147.982269700719	282.9631304763
2021-05-23	776.855805105094	562.397695991762	619.343781857892	1122.17933494063	390.638438981056	323.214306009239	142.39368104813	269.12060157551
2021-05-24	757.657589951414	542.467801535025	601.435606722221	1088.33172454968	358.578445229473	302.440027786194	137.101955324433	255.703680723993
2021-05-25	738.371336583204	522.949597998185	583.775150034572	1054.05353750391	328.120243826083	282.534343893889	132.143564300703	242.720004357928
2021-05-26	719.055988091912	503.873059867014	566.409761444438	1019.46775233772	299.237083548903	263.498046044044	127.555436250324	230.177505141259
2021-05-27	699.770487568982	485.268161627284	549.386790601308	984.697347585501	271.902213175953	245.331925948377	123.374499446678	218.084115737931
2021-05-28	680.573778105861	467.164877764766	532.753587154674	949.865301781661	246.088881485252	228.036775318606	119.637682163144	206.447768811889
2021-05-29	661.524802793995	449.593182765233	516.557500754025	915.094593460601	221.77033725482	211.613385866451	116.381912673107	195.27639702708
2021-05-30	642.682504724827	432.583051114455	500.845881048851	880.508201156717	198.919829262672	196.062549303629	113.644119249947	184.577933047446
2021-05-31	624.105826989804	416.164457298206	485.666077688644	846.229103404413	177.510606286829	181.385057341859	111.461230167046	174.360309536933
2021-06-01	605.853712680371	400.367375802256	471.065440322893	812.380278738088	157.515917105311	167.58170169286	109.870173697787	164.631459159487
2021-06-02	587.985104887975	385.221781112377	457.091318601089	779.084705692144	138.909010496135	154.65327406835	108.90787811555	155.399314579053
2021-06-03	570.558946704061	370.757647714342	443.791062172722	746.465362800981	121.663135237321	142.600566180049	108.611271693717	146.671808459575
2021-06-04	553.634181220075	357.004950093922	431.212020687283	714.645228599	105.751540106888	131.424369739674	109.017282705671	138.456873464999
2021-06-05	537.269751527461	343.993662736889	419.401543794263	683.747281620601	91.1474738828546	121.125476458945	110.162839424794	130.76244225927
2021-06-06	521.524600717667	331.753760129015	408.406981143152	653.894500400187	77.8241853432402	111.70467804958	112.084870124466	123.596447506333
2021-06-07	506.45622995131	320.312290861877	398.273678142258	625.201692126251	65.7517168060652	103.163222175817	114.823855618285	116.969428986871
2021-06-08	492.116372665704	309.684599950278	389.03896323517	597.750978603675	54.8872847493659	95.504180311977	118.434486880711	110.902354948526
2021-06-09	478.555320367334	299.883106514825	380.738160624294	571.616310291437	45.1848991911809	88.7310798849009	122.975007426418	105.418800755679
2021-06-10	465.823364562687	290.920229676127	373.406594512036	546.871637648513	36.5985701495485	82.847448321429	128.503660770082	100.54234177271
2021-06-11	453.970796758249	282.808388554791	367.079589100803	523.590911133879	29.0823076425073	77.856813048402	135.078690426376	96.2965533639984
2021-06-12	443.047908460506	275.560002271425	361.792468593001	501.848081206514	22.5901216880957	73.7627014926604	142.758339909975	92.7050108939251
2021-06-13	433.104991175943	269.187489946638	357.580557191038	481.717098325395	17.0760223043523	70.5686410810448	151.600852735555	89.7912897268703
2021-06-14	424.192413328118	263.705484975551	354.477482438842	463.267380170837	12.4986534851767	68.2787099181241	161.661578124675	87.5783448947155
2021-06-15	416.360851008857	259.137477851343	352.510085246438	446.550213308518	8.83519512791078	66.8991888193797	172.984288126442	86.086650099346
2021-06-16	409.661057227062	255.509173341708	351.703509865374	431.612351525454	6.06746110575844	66.4369092780213	185.609860496845	85.3360587101486
2021-06-17	404.143784991631	252.846276214339	352.082900547197	418.500548608664	4.17726529192312	66.8987027872588	199.579172991875	85.3464240965099
2021-06-18	399.859787311463	251.17449123693	353.673401543455	407.261558345164	3.14642155960827	68.2914008403019	214.933103367524	86.1375996278166
2021-06-19	396.859817195457	250.519523177173	356.500157105697	397.942134521971	2.95674378201737	70.6218349303603	231.712529379782	87.7294386734554
2021-06-20	395.194627652512	250.907076802764	360.588311485469	390.589030926103	3.59004583235386	73.8968365506439	249.958328784639	90.1417946028128
2021-06-21	394.914971691527	252.362856881394	365.963008934319	385.249001344576	5.02814158382122	78.1232371943623	269.711379338088	93.3945207852756
2021-06-22	396.071602321401	254.912568180756	372.649393703795	381.968799564409	7.2528449096227	83.3078683547249	291.012558796116	97.50747059023
2021-06-23	398.715272551033	258.581915468546	380.672610045446	380.795179372616	10.2459696829621	89.4575615249421	313.902744914717	102.500497387063
2021-06-24	402.896735389322	263.396603512456	390.057802210817	381.774894556217	13.9893297770427	96.5791481982235	338.422815449882	108.393454545162
2021-06-25	408.666743845167	269.382337080178	400.830114451459	384.954698902228	18.4647390650681	104.679459867779	364.613648157601	115.206195433912
2021-06-26	416.076050927467	276.564820939408	413.014691018917	390.381346197665	23.6540114202415	113.765328026817	392.516120793864	122.958573422701
2021-06-27	425.17540964512	284.969759857837	426.63667616474	398.101590229548	29.5389607157666	123.843584168549	422.171111114663	131.670441880915
2021-06-28	436.011643934613	294.621793301124	441.716452779003	408.156657862716	36.1044090196222	134.920168963861	453.609990115532	141.361453865772
2021-06-29	448.615861442777	305.541299526775	458.255358305887	420.565668273313	43.3472111788878	146.997459794344	486.826101750177	152.050461185812
2021-06-30	463.015240744033	317.747591490265	476.249968828105	435.342213715307	51.2672302354202	160.076943219268	521.803283211855	163.756115337406
2021-07-01	479.236960412798	331.259982147065	495.696860428365	452.499886442665	59.8643292310743	174.160105797901	558.525371693816	176.497067816926
2021-07-02	497.308199023491	346.097784452649	516.592609189378	472.052278709356	69.1383712077058	189.248434089513	596.976204389313	190.291970120744
2021-07-03	517.256135150531	362.280311362487	538.933791193854	494.012982769346	79.0892192071703	205.343414653371	637.139618491598	205.15947374523
2021-07-04	539.107947368338	379.826875832053	562.716982524502	518.395590876603	89.7167362713232	222.446534048745	678.999451193924	221.118230186756
2021-07-05	562.881986107726	398.748987878006	587.93019301905	545.203930617726	101.019018670434	240.552242123022	722.522208374618	238.18097796853
2021-07-06	588.561289225095	419.026945761754	614.527167535287	574.402770909832	112.987095588425	259.626841876069	767.605070652309	256.33680372111
2021-07-07	616.120066433239	440.63324480589	642.45308468602	605.947116002669	125.610229437631	279.629599595868	814.1278873307	275.56888110189
2021-07-08	645.53252744496	463.540380333011	671.653123084059	639.79197014599	138.877682630392	300.519781570407	861.970507713503	295.860383768266
2021-07-09	676.77288197305	487.720847665711	702.07246134221	675.892337589542	152.778717579042	322.256654087669	911.012781104419	317.194485377634
2021-07-10	709.815339730307	513.147142126585	733.65627807328	714.203222583075	167.302596695918	344.799483435639	961.134556807154	339.554359587386
2021-07-11	744.634110429527	539.791759038227	766.349751890076	754.679629376336	182.438582393355	368.107535902301	1012.21568412541	362.923180054918
2021-07-12	781.203403783505	567.627193723232	800.098061405405	797.276562219075	198.175937083691	392.14007777564	1064.1360123629	387.284120437626
2021-07-13	819.497429505038	596.625941504196	834.846385232075	841.949025361042	214.503923179262	416.856375343642	1116.77539082332	412.620354392903
2021-07-14	859.490397306924	626.760497703712	870.539901982893	888.652023051985	231.411803092404	442.21569489429	1170.01366881038	438.915055578144
2021-07-15	901.156516901954	658.003357644374	907.123790270663	937.34055954165	248.888839235451	468.177302715567	1223.73069562778	466.151397650744
2021-07-16	944.469998002931	690.32701664878	944.543228708198	987.969639079793	266.924294020744	494.700465095462	1277.80632057923	494.312554268099
2021-07-17	989.405050322648	723.703970039523	982.743395908303	1040.49426591616	285.507429860617	521.744448321958	1332.12039296844	523.381699087603
2021-07-18	1035.9358835739	758.106713139198	1021.66947048378	1094.8694443005	304.627509167405	549.268518683039	1386.55276209911	553.342005766651
2021-07-19	1084.02483549297	793.494589951945	1061.2699671602	1151.03568429504	324.270784646313	577.227167215367	1440.97131664789	584.171620605349
2021-07-20	1133.58675591005	829.774339208084	1101.50674511409	1208.87551921195	344.411470174004	605.55578395031	1495.19610278323	615.828580474654
2021-07-21	1184.52462267881	866.839548319482	1142.34499963475	1268.25698817587	365.020769920012	634.184983667911	1549.03520604653	648.265894888232
2021-07-22	1236.74141365293	904.583804698	1183.74992601148	1329.04813031145	386.069888053866	663.045381148213	1602.29671197917	681.436573359748
2021-07-23	1290.1401066861	942.900695755511	1225.68671953358	1391.11698474334	407.530028745101	692.067591171265	1654.78870612256	715.293625402874
2021-07-24	1344.62367963199	981.683808903877	1268.12057549033	1454.33159059618	429.372396163247	721.182228517109	1706.31927401809	749.790060531275
2021-07-25	1400.09511034428	1020.82673155496	1311.01668917103	1518.55998699462	451.568194477836	750.319907965789	1756.69650120715	784.878888258619
2021-07-26	1456.44689799871	1060.21864907587	1354.32625712143	1583.6603416114	474.08736946589	779.414974720902	1805.74480992578	820.506673501169
2021-07-27	1513.52962705933	1099.7311386546	1397.94448091305	1649.45133631168	496.894833334392	808.416695680255	1853.35396918855	856.594202785581
2021-07-28	1571.18340331229	1139.2313754344	1441.75256337386	1715.7417815087	519.954239897814	837.27806816521	1899.43008470467	893.055818041105
2021-07-29	1629.24833254369	1178.5865345585	1485.63170733186	1782.34048761571	543.229242970629	865.952089497124	1943.87926218334	929.805861196993
2021-07-30	1687.56452053966	1217.66379117016	1529.46311561501	1849.05626504597	566.683496367309	894.391756997357	1986.60760733379	966.758674182493
2021-07-31	1745.97207308633	1256.3303204126	1573.1279910513	1915.69792421272	590.280653902329	922.550067987272	2027.52122586521	1003.82859892686
2021-08-01	1804.31109596983	1294.45329742908	1616.5075364687	1982.07427552922	613.984369390161	950.380019788226	2066.52622348683	1040.92997735935
2021-08-02	1862.42169497627	1331.89989736283	1659.48295469519	2047.99412940871	637.758296645277	977.834609721581	2103.52870590785	1077.97715140921
2021-08-03	1920.14397589179	1368.53729535709	1701.93544855874	2113.26629626445	661.566089482152	1004.8668351087	2138.43477883748	1114.88446300568
2021-08-04	1977.31804450252	1404.2326665551	1743.74622088734	2177.69958650969	685.371401715256	1031.42969327093	2171.15054798493	1151.56625407803
2021-08-05	2033.78400659456	1438.8531861001	1784.79647450896	2241.10281055766	709.137887159064	1057.47618152964	2201.58211905941	1187.9368665555
2021-08-06	2089.38196795406	1472.26602913534	1824.96741225158	2303.28477882164	732.829199628048	1082.9592972062	2229.63559777013	1223.91064236735
2021-08-07	2143.95203436713	1504.33837080405	1864.14023694318	2364.05430171486	756.408992936678	1107.83203762195	2255.2170898263	1259.40192344282
2021-08-08	2197.33431161991	1534.93738624947	1902.19615141173	2423.22018965057	779.840920899433	1132.04740009826	2278.23270093714	1294.32505171117
2021-08-09	2249.38141615329	1563.95191463996	1939.02484925581	2480.60837299036	803.094393074155	1155.56565106257	2298.60242473475	1328.60144761809
2021-08-10	2299.99600702731	1591.35745124425	1974.54998715632	2536.11326188911	826.161841992183	1178.37613336665	2316.30180654287	1362.18084567506
2021-08-11	2349.09325395678	1617.15115535622	2008.70371256477	2589.64638645003	849.041455928228	1200.47545896836	2331.32027960815	1395.02005890998
2021-08-12	2396.58832665652	1641.33018626971	2041.41817293267	2641.11927677633	871.731423157003	1221.86023982553	2343.64727717722	1427.07590035077
2021-08-13	2442.39639484133	1663.89170327859	2072.62551571152	2690.44346297122	894.229931953219	1242.52708789602	2353.27223249671	1458.30518302534
2021-08-14	2486.43262822603	1684.83286567672	2102.25788835282	2737.53047513791	916.535170591585	1262.47261513768	2360.18457881328	1488.66471996161
2021-08-15	2528.61219652543	1704.15083275794	2130.24743830808	2782.29184337962	938.645327346817	1281.69343350837	2364.37374937356	1518.11132418749
2021-08-16	2568.86156990125	1721.84819850139	2156.54099408873	2824.65401472442	960.558104695436	1300.18555941459	2365.84524325698	1546.60719264621
2021-08-17	2607.15242030281	1737.94929562722	2181.14410844592	2864.60310389978	982.269261921209	1317.94262705756	2364.66882287414	1574.13605794224
2021-08-18	2643.46772012635	1752.48389154087	2204.0770151907	2902.14014255806	1003.77407250972	1334.95767508714	2360.93031646841	1600.68703659535
2021-08-19	2677.79044176809	1765.48175364777	2225.35994813415	2937.26616235159	1025.06780994654	1351.22374215319	2354.71555228319	1626.24924512532
2021-08-20	2710.10355762426	1776.97264935334	2245.01314108733	2969.98219493272	1046.14574771726	1366.7338669056	2346.11035856186	1650.81180005194
2021-08-21	2740.3900400911	1786.98634606302	2263.05682786132	3000.28927195378	1067.00315930745	1381.48108799422	2335.2005635478	1674.36381789499
2021-08-22	2768.63286156484	1795.55261118223	2279.51124226718	3028.18842506712	1087.63531820269	1395.45844406892	2322.07199548439	1696.89441517424
2021-08-23	2794.8149944417	1802.70121211641	2294.39661811597	3053.68068592507	1108.03749788857	1408.65897377959	2306.81048261503	1718.39270840948
2021-08-24	2818.91941111791	1808.46191627098	2307.73318921878	3076.76708617999	1128.20497185066	1421.07571577608	2289.5018531831	1738.84781412049
2021-08-25	2840.92908398972	1812.86449105137	2319.54118938665	3097.44865748422	1148.13301357454	1432.70170870826	2270.23193543197	1758.24884882705
2021-08-26	2860.82698545334	1815.93870386302	2329.84085243067	3115.72643149008	1167.8168965458	1443.529991226	2249.08655760504	1776.58492904893
2021-08-27	2878.596087905	1817.71432211135	2338.6524121619	3131.60143984994	1187.25189425	1453.55360197918	2226.15154794569	1793.84517130592
2021-08-28	2894.21936374095	1818.22111320178	2345.9961023914	3145.07471421612	1206.43328017274	1462.76557961766	2201.51273469731	1810.0186921178
2021-08-29	2907.6797853574	1817.48884453976	2351.89215693025	3156.14728624097	1225.35632779959	1471.15896279131	2175.25594610327	1825.09460800435
2021-08-30	2918.97454697103	1815.55324655978	2356.3655128732	3164.84169997105	1244.02097961057	1478.72309200878	2147.47915291271	1839.05889162417
2021-08-31	2928.15773008024	1812.47390181264	2359.45992044973	3171.26654902981	1262.44585406347	1485.43251521384	2118.32889589771	1851.88494019122
2021-09-01	2935.29763800388	1808.31635587819	2361.22383317303	3175.55193943494	1280.6542386105	1491.25808220904	2087.9638583361	1863.54300705827
2021-09-02	2940.46257406081	1803.1461543363	2361.70570455626	3177.82797720409	1298.66942070388	1496.17064279693	2056.5427235057	1874.00334557808
2021-09-03	2943.72084156987	1797.02884276685	2360.9539881126	3178.22476835496	1316.51468779585	1500.14104678005	2024.22417468435	1883.23620910345
2021-09-04	2945.14074384991	1790.02996674968	2359.01713735523	3176.8724189052	1334.21332733861	1503.14014396097	1991.16689514988	1891.21185098712
2021-09-05	2944.79058421978	1782.21507186466	2355.94360579731	3173.90103487249	1351.7886267844	1505.13878414222	1957.52956818011	1897.9005245819
2021-09-06	2942.73924303619	1773.64582746769	2351.78013275282	3169.43120373703	1369.26419009283	1506.11640048093	1923.44968009124	1903.27877448798
2021-09-07	2939.05790880731	1764.36839801871	2346.56660073886	3163.5454388291	1386.66488725315	1506.08675955257	1888.97992935297	1907.34831029539
2021-09-08	2933.81834707919	1754.42507175372	2340.34117807333	3156.31673494148	1404.01590476199	1505.07221128715	1854.15181747338	1910.11713284159
2021-09-09	2927.09232339785	1743.8581369087	2333.14203307412	3147.81808686698	1421.342429116	1503.09510561472	1818.99684596054	1911.59324296404
2021-09-10	2918.95160330935	1732.70988171962	2325.00733405913	3138.1224893984	1438.66964681182	1500.17779246529	1783.54651632252	1911.7846415002
2021-09-11	2909.46795235972	1721.02259442248	2315.97524934626	3127.30293732852	1456.02274434608	1496.34262176891	1747.83233006738	1910.69932928753
2021-09-12	2898.713136095	1708.83856325325	2306.0839472534	3115.43242545015	1473.42690821544	1491.6119434556	1711.88578870322	1908.3453071635
2021-09-13	2886.75892006123	1696.20007644791	2295.37159609845	3102.58394855609	1490.90732491652	1486.0081074554	1675.73839373809	1904.73057596555
2021-09-14	2873.67706980445	1683.14942224246	2283.87636419932	3088.83050143912	1508.48918094597	1479.55346369833	1639.42164668007	1899.86313653117
2021-09-15	2859.53935087069	1669.72888887286	2271.63641987388	3074.24507889205	1526.19766280044	1472.27036211443	1602.96704903723	1893.7509896978
2021-09-16	2844.417528806	1655.98076457511	2258.68993144005	3058.90067570767	1544.05795697655	1464.18115263373	1566.40610231764	1886.40213630291
2021-09-17	2828.38336915641	1641.94733758518	2245.07506721571	3042.87028667879	1562.09524997096	1455.30818518626	1529.77030802938	1877.82457718396
2021-09-18	2811.50863746796	1627.67089613907	2230.82999551877	3026.22690659818	1580.3347282803	1445.67380970205	1493.09116768051	1868.02631317841
2021-09-19	2793.8650992867	1613.19372847274	2215.99288466712	3009.04353025867	1598.80157840122	1435.30037611113	1456.40018277912	1857.01534512372
2021-09-20	2775.5208602877	1598.55309284939	2200.60222824141	2991.38519075531	1617.51455353041	1424.21661947378	1419.72312612593	1844.81454292886
2021-09-21	2756.52938666224	1583.76612764106	2184.69782087328	2973.28507439232	1636.46667366479	1412.47681537123	1383.06285569225	1831.50625278883
2021-09-22	2736.94048473063	1568.84494124699	2168.31978245714	2954.76840577618	1655.64452550135	1400.14162451499	1346.41650074208	1817.18768997014
2021-09-23	2716.80396081318	1553.80164206642	2151.50823288737	2935.86040951337	1675.03469573707	1387.27170761653	1309.78119053938	1801.9560697393
2021-09-24	2696.1696212302	1538.64833849858	2134.30329205838	2916.58631021039	1694.62377106892	1373.92772538734	1273.15405434813	1785.90860736281
2021-09-25	2675.08727230201	1523.39713894272	2116.74507986456	2896.97133247372	1714.39833819388	1360.17033853891	1236.53222143232	1769.14251810719
2021-09-26	2653.60672034892	1508.06015179809	2098.87371620031	2877.04070090983	1734.34498380895	1346.06020778272	1199.91282105592	1751.75501723894
2021-09-27	2631.77777169125	1492.64948546392	2080.72932096004	2856.81964012523	1754.45029461108	1331.65799383027	1163.29298248292	1733.84332002457
2021-09-28	2609.6502326493	1477.17724833945	2062.35201403812	2836.33337472639	1774.70085729728	1317.02435739303	1126.66983497728	1715.50464173059
2021-09-29	2587.2739095434	1461.65554882394	2043.78191532897	2815.60712931981	1795.08325856451	1302.2199591825	1090.04050780298	1696.83619762351
2021-09-30	2564.69860869385	1446.0964953166	2025.05914472697	2794.66612851196	1815.58408510976	1287.30545991017	1053.40213022401	1677.93520296983
2021-10-01	2541.97413642097	1430.5121962167	2006.22382212653	2773.53559690933	1836.18992363	1272.34152028751	1016.75183150435	1658.89887303606
2021-10-02	2519.15029904507	1414.91475992347	1987.31606742204	2752.2407591184	1856.88736082222	1257.38880102602	980.08674090796	1639.82442308871
2021-10-03	2496.27690288646	1399.31629483615	1968.37600050791	2730.80683974567	1877.6629833834	1242.50796283719	943.403987698832	1620.8090683943
