date	state	King	Snohomish	Pierce	Ann Arbor	Boston	San Diego	DC
2020-01-26	0	0	0	0	0	0	0	0
2020-01-27	0	0	0	0	0	0	0	0
2020-01-28	0	0	0	0	0	0	0	0
2020-01-29	0	0	0	0	0	0	0	0
2020-01-30	0	0	0	0	0	0	0	0
2020-01-31	0	0	0	0	0	0	0	0
2020-02-01	0	0	0	0	0	0	0	0
2020-02-02	0	0	0	0	0	0	0	0
2020-02-03	0	0	0	0	0	0	0	0
2020-02-04	0	0	0	0	0	0	0	0
2020-02-05	0	0	0	0	0	0	0	0
2020-02-06	0	0	0	0	0	0	0	0
2020-02-07	0	0	0	0	0	0	0	0
2020-02-08	0	0	0	0	0	0	0	0
2020-02-09	0	0	0	0	0	0	0	0
2020-02-10	0	0.100101556034259	0	0	0	0	0	0
2020-02-11	0	0.350236168844263	0	0	0	0	0	0
2020-02-12	0	0.61601776090656	0	0	0	0	0	0
2020-02-13	0.0821560943872605	0.89831928639692	0	0	0	0	0	0
2020-02-14	0.208213849600196	1.19801369949111	0.0873045769578374	0	0	0	0	0
2020-02-15	0.343944252825832	1.5159739543649	0.251194720801214	0	0	0	0	0
2020-02-16	0.489929919246337	1.85307300519405	0.428605353914508	0	0	0	0	0
2020-02-17	0.646753464043883	2.21018380615434	0.620356649277078	0	0	0	0	0
2020-02-18	0.814997502400639	2.58817931142153	0.827268779868283	0	0	0	0	0
2020-02-19	0.995244649498774	2.98793247517139	1.05016191866748	0	0	0	0	0
2020-02-20	1.18807752052046	3.41031625157969	1.28985623865404	0	0	0	0	0
2020-02-21	1.39407873064787	3.8562035948222	1.54717191280731	0	0	0	0	0
2020-02-22	1.61383089506316	4.32646745907469	1.82292911410666	0	0	0	0	0
2020-02-23	1.84791662894852	4.82198079851292	2.11794801553144	0.0648376293996985	0	0	0	0
2020-02-24	2.09686502512111	5.34341568046438	2.43299051898751	0.141383007192242	0	0	0	0
2020-02-25	2.36099108693818	5.89064062486338	2.76858544208673	0.225780391920515	0	0	0	0
2020-02-26	2.64055629539195	6.46332326479596	3.12520333136746	0.318581816433109	0	0	0	0
2020-02-27	2.93582213147467	7.06113123334815	3.50331473336804	0.420339313578613	0	0	0	0
2020-02-28	3.24705007617857	7.68373216360598	3.90339019462684	0.531604916205619	0	0	0	0
2020-02-29	3.5745016104959	8.3307936886555	4.32590026168221	0.652930657162716	0.0271479124594671	0	0	0
2020-03-01	3.91843821541889	9.00198344158272	4.77131548107251	0.784868569298495	0.258674555231342	0	0.0505372558549775	0
2020-03-02	4.27890454826138	9.69665334996697	5.23977659899869	0.927858892067383	0.516570511186294	0	0.109696467020224	0
2020-03-03	4.65507797162363	10.4128925193608	5.7301051603121	1.08189469134716	0.801815009786882	0	0.175189742361024	0
2020-03-04	5.04591902442751	11.1484743498099	6.24079290952672	1.24685723962146	1.11526809445315	0	0.247219813040177	0
2020-03-05	5.45038824559487	11.9011722413601	6.7703315911565	1.42262780937388	1.45778980860513	0	0.325989410220487	0.235416001745466
2020-03-06	5.86744617404758	12.6687595940573	7.31721294971539	1.60908767308806	1.83024019566287	0.493018751088622	0.411701265064754	0.764294244676928
2020-03-07	6.29605334870749	13.4490098079471	7.87992872971736	1.80611810324761	2.2334792990464	1.61241935698417	0.50455810873578	1.34974886248577
2020-03-08	6.73517030849649	14.2396962830755	8.45697067567637	2.01360037233615	2.66836716217577	2.851951509997	0.604762672396367	1.99446825699135
2020-03-09	7.18375759233641	15.0385924194882	9.04683053210638	2.23141575283731	3.13576382847102	4.21749357909433	0.712517687209316	2.701140830013
2020-03-10	7.64077573914913	15.8434716172309	9.64800004352135	2.4594455172347	3.63652934135218	5.71492393324339	0.828025884337428	3.47245498337006
2020-03-11	8.1051852878565	16.6521072763495	10.2589709544352	2.69757093801195	4.1715237442393	7.35012094141139	0.951489994943505	4.31109911888188
2020-03-12	8.57594677738039	17.4622727968898	10.878235009362	2.94567328765267	4.74160708055242	9.12896297256555	1.08311275019035	5.2197616383678
2020-03-13	9.05202074664266	18.2717415788976	11.5042839528156	3.20363383864049	5.34763939371157	11.0573283956731	1.22309688124076	6.20113094364716
2020-03-14	9.53236773456518	19.0782870224186	12.13560952931	3.47133386345902	5.99048072713679	13.1410955797013	1.37164511925754	7.25789543653931
2020-03-15	10.0159482800698	19.8796825274987	12.7707034833591	3.74865463459188	6.67099112424813	15.3861428936173	1.5289601954035	8.3927435188636
2020-03-16	10.5014657826607	20.6734160254082	13.4076207014178	4.03529055865684	7.38962433308408	17.7974887619508	1.6951563334049	9.60786100810255
2020-03-17	10.9865950841717	21.4558335723159	14.0426686377038	4.33018857880821	8.14520892015697	20.376711831481	1.86999372724198	10.9034233843915
2020-03-18	11.4687538870187	22.2229957556149	14.6717178883758	4.63210877233444	8.93616715659757	23.1245308045499	2.05314406345842	12.279103543529
2020-03-19	11.9453598936178	22.9709631626986	15.2906390495925	4.93981121652398	9.76092131353667	26.041664383499	2.24427902859792	13.7345743813136
2020-03-20	12.413830806385	23.6957963809603	15.8953027175124	5.25205598866529	10.617893662105	29.1288312706701	2.44307030920418	15.2695087935438
2020-03-21	12.8715843277364	24.3935559977932	16.4815794882943	5.56760316604683	11.5055064734335	32.386750168405	2.64918959182089	16.8835796760182
2020-03-22	13.3160381600881	25.0603026005906	17.0453399580968	5.88521282595704	12.4221820186527	35.8161397790454	2.86230856299176	18.5764599245352
2020-03-23	13.7445796461509	25.6921873039539	17.5824898436872	6.2035585550646	13.3661576368115	39.4165927411386	3.0820323643898	20.3473977973218
2020-03-24	14.1544746898152	26.2857233313165	18.0890753442672	6.52096797755907	14.3349309386302	43.1831974380537	3.30769995820539	22.1939430023184
2020-03-25	14.5429588352666	26.83751443332	18.5611777796474	6.83568222701025	15.3258146027472	47.1099161893652	3.53858376175823	24.1132206098935
2020-03-26	14.9072676266904	27.3441643606061	18.9948784696382	7.14594243698792	16.3361213078008	51.1907113146478	3.77395619236802	26.1023556904159
2020-03-27	15.2446366082719	27.8022768638162	19.38625873405	7.44998974106187	17.3631637324292	55.4195451334762	4.01308966735448	28.1584733142543
2020-03-28	15.5523013241964	28.2084556935921	19.7313998926932	7.74606527280189	18.4042545552708	59.790379965425	4.2552566040373	30.2786985517774
2020-03-29	15.8274973186495	28.5593046005752	20.0263832653784	8.03241016577776	19.4567064549639	64.2971781300687	4.49972941973618	32.4601564733539
2020-03-30	16.0681011806895	28.8522878550344	20.2682916676924	8.30746460170752	20.517589740585	68.9311537044021	4.74578234980526	34.6991689231771
2020-03-31	16.274553678868	29.0883118057474	20.458213898328	8.57046495490218	21.5830052429626	73.6725277951005	4.99269690173633	36.9888448407392
2020-04-01	16.4479366266095	29.2691433211194	20.5982402517543	8.82084664782099	22.6488114233636	78.4987732662594	5.23975640105561	39.3214899393569
2020-04-02	16.5893318373387	29.3965492695553	20.6904610224405	9.05804510292322	23.7108667430548	83.3873629819742	5.48624417328933	41.6894099323471
2020-04-03	16.6998211244801	29.4722965194602	20.7369665048558	9.28149574266811	24.7650296633029	88.3157698063404	5.7314435439637	44.0849105330265
2020-04-04	16.7804863014583	29.4981519392391	20.7398469934694	9.49063398951493	25.8071586453748	93.2614666034535	5.97463783860497	46.500297454712
2020-04-05	16.832409181698	29.4758823972971	20.7011927827505	9.68489526592293	26.8331121505371	98.2019262374088	6.21511038273933	48.9278764107204
2020-04-06	16.8566715786236	29.4072547620391	20.6230941671682	9.86371499435136	27.8387486400566	103.114621572302	6.45214450189302	51.3599531143684
2020-04-07	16.85435530566	29.2940359018703	20.5076414411917	10.0265285972595	28.8199265752002	107.977025472228	6.68502352159227	53.7888332789729
2020-04-08	16.8265421762315	29.1379926851957	20.3569248992903	10.1727714971066	29.7725044172346	112.766610801282	6.91303076736328	56.2068226178507
2020-04-09	16.7743140037629	28.9408919804202	20.173034835933	10.3018791163518	30.6923406274266	117.460850423561	7.13544956473229	58.6062268443185
2020-04-10	16.6987526016788	28.704500655949	19.9580615455891	10.4132868774546	31.5752936670429	122.037217203159	7.35156323922551	60.9793516716932
2020-04-11	16.6009397834037	28.4305855801871	19.7140953227277	10.506430202874	32.4172219973504	126.473184004173	7.56065511636918	63.3185028132916
2020-04-12	16.4819573623622	28.1209136215395	19.4432264618181	10.5807445150695	33.2139840796157	130.746223690696	7.7620085216895	65.6159859824303
2020-04-13	16.3429711091455	27.7773616447329	19.1478236806335	10.6358911712661	33.9610859014454	134.832179293289	7.95500583360262	67.8633129121968
2020-04-14	16.1854826230112	27.4022464997808	18.8313693901638	10.6724352677526	34.6526235558043	138.70037450836	8.13942564208424	70.0488194147591
2020-04-15	16.0110774603833	26.9979950330183	18.4976244247026	10.6911678355839	35.282340661997	142.318503198784	8.31514559000002	72.1600473220561
2020-04-16	15.8213411776859	26.5670340907807	18.150349618544	10.6928799058146	35.8439808393281	145.654259227434	8.48204332021557	74.1845384660265
2020-04-17	15.6178593313432	26.1117905194029	17.7933058059817	10.6783625094996	36.331287707102	148.675336457183	8.63999647559653	76.1098346786088
2020-04-18	15.4022174777791	25.6346911652202	17.4302538213097	10.6484066776936	36.7380048846234	151.349428750904	8.78888269900852	77.9234777917419
2020-04-19	15.1760011734177	25.1381628745677	17.0649544988218	10.6038034414512	37.0578759911967	153.644229971471	8.9285796333172	79.6130096373645
2020-04-20	14.9406621612524	24.6245253528374	16.7006971407017	10.5453566125819	37.2862028581607	155.534699174665	9.05900782821862	81.1679654622697
2020-04-21	14.6971169305524	24.0956697416487	16.3388849206924	10.4739211259127	37.4245201649898	157.024856187895	9.18025946073068	82.5858541726695
2020-04-22	14.4461481571564	23.5533800416778	15.9804494804265	10.3903646970256	37.4759208031926	158.125986031481	9.29246961470171	83.8661780896303
2020-04-23	14.188538516903	22.9994402536009	15.6263224615368	10.2955550415022	37.4434976642777	158.84937372574	9.39577337398007	85.0084395342185
2020-04-24	13.9250706856306	22.4356343780943	15.2774355056561	10.1903598749243	37.3303436397538	159.206304290989	9.49030582241407	86.0121408275005
2020-04-25	13.6565273391778	21.8637464158343	14.9347202544171	10.0756469128737	37.1395516211294	159.208062747547	9.57620204385207	86.8767842905429
2020-04-26	13.3836911533833	21.285560367497	14.5991083494525	9.95228387093214	36.8742144999131	158.865934115732	9.6535971221424	87.601872244412
2020-04-27	13.1073448040855	20.7028602337587	14.2715314323952	9.82113846468136	36.5374251676136	158.191203415861	9.72262614113341	88.1869070101742
2020-04-28	12.8282709671229	20.1174300152956	13.9529211448777	9.68307840970314	36.1322765157393	157.195155668253	9.78342418467342	88.631390908896
2020-04-29	12.5472523183342	19.531053712784	13.644209128533	9.53897142157923	35.6618614357989	155.889075893226	9.83612633661077	88.9348262616438
2020-04-30	12.2650715335579	18.9455153269001	13.3463270249937	9.38968521589141	35.1292728193011	154.284249111097	9.88086768079381	89.0967153894841
2020-05-01	11.9825112886326	18.3625988583202	13.0602064758926	9.23608750822142	34.5376035577543	152.391960342184	9.91778330107087	89.1165606134833
2020-05-02	11.7003542593968	17.7840883077204	12.7867791228624	9.07904601415103	33.8899465426672	150.223494606806	9.94700828129029	88.9938642547078
2020-05-03	11.419383121689	17.211767675777	12.5269766075359	8.91942844926201	33.1893946655484	147.79013692528	9.96867770530041	88.7281286342241
2020-05-04	11.1403121558426	16.6472453008494	12.2813430212965	8.75791783594591	32.4394981510864	145.106150225073	9.98284721801948	88.3200279786005
2020-05-05	10.8635820601697	16.0914268720302	12.0488722545307	8.59445842383357	31.6456365566895	142.197709062255	9.98925470864541	87.7749241364134
2020-05-06	10.5895651374775	15.5450424160948	11.8281706473756	8.4288097693656	30.8136467729458	139.093965900041	9.987558627446	87.099350861741
2020-05-07	10.3186336905729	15.0088219598189	11.6178445399684	8.26073142898263	29.9493656904435	135.82407320165	9.97741742468907	86.2998419086614
2020-05-08	10.0511600222628	14.4834955299781	11.4165002724463	8.08998295912528	29.0586301997708	132.417183430298	9.95848955064243	85.382931031253
2020-05-09	9.78751643535437	13.969793153348	11.2227441849463	7.91632391623418	28.1472771915158	128.902449049204	9.93043345557391	84.3551519835938
2020-05-10	9.52807523265449	13.4684448567042	11.0351826176057	7.73951385674995	27.2211435562668	125.309022521584	9.89290758975131	83.2230385197622
2020-05-11	9.27325657578504	12.9800851582717	10.8524302202762	7.55957950042831	26.2854689401104	121.664020808768	9.84574963109467	81.9933780157413
2020-05-12	9.02367206162729	12.504966542072	10.6731348816685	7.3776162202853	25.343104011127	117.98641886454	9.78951416813289	80.6739723351331
2020-05-13	8.77998114587737	12.0432459835762	10.4959528002076	7.19498655265204	24.3963021928953	114.293156140795	9.72493501704711	79.2728769634446
2020-05-14	8.54284328423141	11.5950804582551	10.3195401743188	7.01305303385965	23.4473169089941	110.601172089427	9.65274599401845	77.7981473861828
2020-05-15	8.31291793238553	11.1606269415798	10.1425532024273	6.83317820023928	22.4984015830024	106.927406162332	9.57368091522804	76.2578390888547
2020-05-16	8.09086454603587	10.7400424090212	9.96364808295816	6.65672458812204	21.5518096384989	103.288797811405	9.48847359685699	74.6600075569672
2020-05-17	7.87734258087856	10.3334838360502	9.7814810143367	6.48505473383906	20.6097944990624	99.7022864885418	9.39785785508645	73.0127082760273
2020-05-18	7.67290613596041	9.94105225210094	9.59506311123618	6.31932228340208	19.6746026250131	96.1822596587344	9.30258259852766	71.3236933621108
2020-05-19	7.47768788373098	9.56262490246076	9.40482515332243	6.15984532154533	18.748452623637	92.7328968393626	9.20345710551243	69.599501453569
2020-05-20	7.29171513999052	9.19802308638007	9.21155283650934	6.00673304268366	17.8335561389611	89.355825560903	9.10130574680267	67.8463678193217
2020-05-21	7.11501522053928	8.84706810310937	9.01603185671088	5.8600946412319	16.9321248150129	86.0526733538324	8.99695289316031	66.0705277282891
2020-05-22	6.94761544117751	8.50958125189912	8.81904790984096	5.72003931160489	16.0463702958195	82.8250677486273	8.89122291534726	64.2782164493912
2020-05-23	6.78954311770546	8.18538383199979	8.62138669181351	5.58667624821749	15.1785042254083	79.6746362757645	8.78494018412546	62.4756692515479
2020-05-24	6.64082556592338	7.87429714266186	8.42383389854245	5.46011464548452	14.3307382478063	76.6030064657207	8.67892907025683	60.6691214036793
2020-05-25	6.50149010163152	7.5761424831358	8.22717522594174	5.34046369782084	13.505284007041	73.6118058489725	8.57401394450329	58.8648081747054
2020-05-26	6.37156404063013	7.29074115267208	8.03219636992528	5.22783259964129	12.7043531471395	70.7026619559966	8.47101917762676	57.0689648335462
2020-05-27	6.25107469871946	7.01791445052119	7.83968302640701	5.12233054536071	11.9301573121291	67.8772023172698	8.37076914038917	55.2878266491218
2020-05-28	6.14004939169975	6.75748367593358	7.65042089130086	5.02406672939394	11.184908146037	65.1370544632686	8.27408820355244	53.5276288903522
2020-05-29	6.03851543537125	6.50927012815974	7.46519566052076	4.93315034615582	10.4708172928906	62.4838459244698	8.18180073787849	51.7946068261573
2020-05-30	5.94650014553423	6.27309510645014	7.28479302998064	4.8496905900612	9.79009639671694	59.91920423135	8.09473111412925	50.0949957254573
2020-05-31	5.86403083798891	6.04877991005525	7.10999869559442	4.77379665552492	9.14495710154345	57.444756914386	8.01370370306665	48.4350308571721
2020-06-01	5.79109072884801	5.83613825354373	6.94157547744118	4.70558167851249	8.53715659686158	55.0616770637673	7.9394804920949	46.8196768352306
2020-06-02	5.72748663547401	5.63495351275694	6.78019469226054	4.64517456119208	7.96663425402	52.7693200085358	7.87257393518747	45.2488156535973
2020-06-03	5.67298127554187	5.44500147885444	6.62650478095726	4.59270814728254	7.43287498983163	50.5665866374461	7.81343410296012	43.7210586512455
2020-06-04	5.62733736672651	5.26605794299577	6.48115418443609	4.5483152805027	6.93536372110942	48.4523778392529	7.76251106602861	42.2350171671487
2020-06-05	5.59031762670288	5.09789869634049	6.3447913436018	4.51212880457141	6.47358536466627	46.4255945027108	7.72025489500871	40.7893025402801
2020-06-06	5.56168477314592	4.94029953004815	6.21806469935916	4.48428156320751	6.04702483731515	44.4851375165745	7.68711566051617	39.3825261096131
2020-06-07	5.54120152373058	4.79303623527829	6.10162269261291	4.46490640012984	5.65516705586897	42.6299077695988	7.66354343316675	38.013299214121
2020-06-08	5.52865033737826	4.65590954382044	5.99586828406958	4.4540373545842	5.29733020691391	40.8584640398153	7.64990881682518	36.6804117223534
2020-06-09	5.52389263799629	4.52881994998391	5.90022251364275	4.45131324792415	4.97216555612912	39.1679966623638	7.64626454835193	35.3833676211641
2020-06-10	5.52680959073844	4.41169288870803	5.81386094104774	4.45627409703022	4.67815763896701	37.5553538616612	7.65258389785645	34.1218494269834
2020-06-11	5.53728236075849	4.30445379493208	5.73595912599989	4.46845991878296	4.41379099087998	36.0173838621244	7.66884013544817	32.8955396562412
2020-06-12	5.55519211321024	4.20702810359537	5.66569262821453	4.48741073006288	4.17755014732043	34.5509348881702	7.69500653123654	31.7041208253677
2020-06-13	5.58042001324746	4.1193412496372	5.60223700740699	4.51266654775051	3.96791964374076	33.1528551642155	7.73105635533099	30.547275450793
2020-06-14	5.61284722602394	4.04131866799686	5.54476782329261	4.54376738872639	3.78338401559336	31.819992914677	7.77696287784097	29.4246860489471
2020-06-15	5.65235491669346	3.97288579361366	5.49246063558672	4.58025326987103	3.62242779833066	30.5491963639717	7.83269936887591	28.3360351362603
2020-06-16	5.6988242504098	3.9139680614269	5.44449100400465	4.62166420806498	3.48353552740504	29.3373137365164	7.89823909854525	27.2810052291625
2020-06-17	5.75213639232676	3.86449090637587	5.40003448826173	4.66754022018875	3.3651917382689	28.1811932567279	7.97355533695843	26.2592788440838
2020-06-18	5.81217250759811	3.82437976339988	5.3582666480733	4.71742132312287	3.26588096637465	27.0776831490231	8.05862135422489	25.2705384974544
2020-06-19	5.87881376137763	3.79356006743822	5.31836304315469	4.77084753374788	3.18408774717469	26.0236316378188	8.15341042045406	24.3144667057044
2020-06-20	5.95194131881912	3.7719572534302	5.27949923322124	4.8273588689443	3.11829661612142	25.015886947532	8.25789580575539	23.3907459852639
2020-06-21	6.03143634507634	3.75949675631511	5.24085077798826	4.88649534559266	3.06699210866724	24.0512973025794	8.37205078023832	22.4990588525629
2020-06-22	6.11713377957517	3.75604398544203	5.20177018758198	4.94780842186048	3.02869300442247	23.1275736126222	8.49570104415916	21.639115307211
2020-06-23	6.20868365882971	3.7612242477991	5.16231777377207	5.01089532106326	3.00205505962916	22.2458775282993	8.62808201836172	20.8107352815359
2020-06-24	6.30568979362615	3.77460282478424	5.1227307987391	5.07536470780349	2.98576827468727	21.4082333854937	8.76828155383671	20.0137661910448
2020-06-25	6.40775599475068	3.79574499779537	5.08324652466362	5.14082524668366	2.97852264999675	20.6166655200886	8.91538750157482	19.2480554512449
2020-06-26	6.51448607298949	3.8242160482304	5.0441022137262	5.20688560230626	2.97900818595757	19.8731982679671	9.06848771256674	18.5134504776433
2020-06-27	6.62548383912876	3.85958125748726	5.00553512810739	5.27315443927378	2.98591488296968	19.1798559650124	9.22667003780316	17.8097986857471
2020-06-28	6.74035310395469	3.90140590696385	4.96778252998776	5.33924042218871	2.99793274143306	18.5386629471076	9.38902232827479	17.1369474910636
2020-06-29	6.8587158664308	3.94927448749807	4.93108306301411	5.40503306021031	3.01385528410566	17.9508297012716	9.55452791664111	16.4945053697593
2020-06-30	6.98026687823	4.0028483276876	4.89568089669832	5.47154524072489	3.03289012317739	17.4143113190668	9.72175206223679	15.8811250406389
2020-07-01	7.10471907920252	4.06180796557012	4.8618215820185	5.54007069567551	3.05434839319617	16.9262490431914	9.88915550606527	15.2952202831661
2020-07-02	7.23178540919864	4.1258339391833	4.82975066995279	5.61190315700526	3.07754122870991	16.4837841163437	10.0551989891301	14.7352048768049
2020-07-03	7.36117880806859	4.19460678656479	4.79971371147929	5.68833635665721	3.10177976426653	16.0840577812217	10.2183432524346	14.1994926010194
2020-07-04	7.49261221566261	4.26780704575226	4.77195625757614	5.77066402657443	3.12637513441395	15.7242112805237	10.3770490369823	13.6864972352734
2020-07-05	7.62579857183097	4.34511525478338	4.74672385922146	5.86017989869999	3.15063847370007	15.4013858569479	10.5297770837767	13.194632559031
2020-07-06	7.76041419408131	4.42621940235197	4.724229506352	5.95790983226467	3.17397404103628	15.1128618186616	10.6751643116271	12.7225584701052
2020-07-07	7.89598891055102	4.51083727977655	4.70455594473908	6.06380819565004	3.19615859278785	14.8564757357092	10.8125523505664	12.2699193397061
2020-07-08	8.03201592703486	4.59869412903176	4.68775335911266	6.17756148452536	3.21706200968352	14.6302032436038	10.9414590084334	11.836605657393
2020-07-09	8.1679884493276	4.6895151920923	4.67387193420267	6.29885619455989	3.23655417245204	14.4320199778591	11.0614020930669	11.4225079127252
2020-07-10	8.30339968322403	4.78302571093281	4.66296185473908	6.42737882142291	3.25450496182213	14.2599015739882	11.1718994123057	11.0275165952619
2020-07-11	8.43774283451892	4.87895092752797	4.65507330545183	6.56281586078368	3.27078425852255	14.1118236675047	11.2724687739885	10.6515221945623
2020-07-12	8.57051110900705	4.97701608385245	4.65025647107088	6.70485380831148	3.28526194328203	13.9857618939218	11.3626279859542	10.2944152001858
2020-07-13	8.7011977124832	5.07694642188092	4.64856153632617	6.85317915967556	3.29780789682931	13.8796918887531	11.4418948560414	9.95608610169165
2020-07-14	8.82929585074214	5.17846718358803	4.65003868594766	7.00747841054518	3.30829199989314	13.7915892875119	11.5097871920891	9.63642538863905
2020-07-15	8.95429872957865	5.28130361094847	4.65473810466529	7.16743805658964	3.31658413320226	13.7194297257115	11.5658228019359	9.33532355058728
2020-07-16	9.07569955478751	5.3851809459369	4.66270997720903	7.33274459347818	3.3225541774854	13.6611888388654	11.6095194934208	9.05267107709562
2020-07-17	9.1929915321635	5.48982443052797	4.67400448830881	7.50308451688007	3.3260720134713	13.614842262487	11.6403950743824	8.78835845772334
2020-07-18	9.30566786750138	5.59495930669638	4.6886718226946	7.67814432246458	3.32700752188872	13.5783656320896	11.6579673526595	8.54227618202969
2020-07-19	9.41322176659596	5.70031081641677	4.70676216509633	7.85761050590099	3.32523058346638	13.5497345831866	11.661754136091	8.31431473957393
2020-07-20	9.51505768427022	5.80542320178113	4.72815614312535	8.04091960428761	3.32056429744849	13.52709437972	11.6516050386571	8.10430629200946
2020-07-21	9.61022507146015	5.90911670535066	4.75205615591851	8.22650832043911	3.31264463714106	13.5092687993459	11.6286968989042	7.91184968936616
2020-07-22	9.69768462812994	6.01003056980386	4.77749504549405	8.41256339859919	3.30106079436557	13.4952512481488	11.5945383615204	7.73648545376799
2020-07-23	9.77639705424381	6.10680403781924	4.80350565387021	8.59727158301156	3.28540196094351	13.4840351322135	11.5506380711936	7.57775410733895
2020-07-24	9.84532304976595	6.1980763520753	4.82912082306522	8.77881961791994	3.26525732869635	13.4746138576245	11.4985046726118	7.43519617220303
2020-07-25	9.90342331466058	6.28248675525056	4.85337339509733	8.95539424756804	3.24021608944556	13.4659808304666	11.4396468104629	7.30835217048422
2020-07-26	9.94965854889188	6.35867449002352	4.87529621198478	9.12518221619957	3.20986743501264	13.4571294568242	11.3755731294349	7.19676262430652
2020-07-27	9.98321670363848	6.42550533813924	4.89401739127215	9.28661614786285	3.17390760601484	13.4472155064507	11.3075910290119	7.09984960193496
2020-07-28	10.0041947349365	6.48275123760906	4.90904615260948	9.43911218582462	3.13246103825269	13.4360442037734	11.2362029278625	7.01656135619884
2020-07-29	10.0129168500366	6.53041066551084	4.91998699117316	9.58233235315622	3.08575921632249	13.4235831368883	11.1617099994514	6.94572768606852
2020-07-30	10.0097072561894	6.56848209892246	4.92644440213958	9.715938672929	3.03403362482055	13.4097998938915	11.0844134172435	6.88617839051436
2020-07-31	9.99489016064526	6.59696401492181	4.92802288068511	9.8395931682143	2.97751574834317	13.3946620628788	11.0046143547034	6.8367432685067
2020-08-01	9.96878977065493	6.61585489058676	4.92432692198616	9.95295786208346	2.91643707148666	13.3781372319463	10.9226139852959	6.79625211901591
2020-08-02	9.93173029346894	6.6251532029952	4.91496102121909	10.0556947776078	2.85102907884732	13.36019298919	10.8387134824857	6.76353474101234
2020-08-03	9.88403593633786	6.624857429225	4.89952967356031	10.1474659378587	2.78152325502148	13.3407969227058	10.7532140197376	6.73742093346633
2020-08-04	9.82603090651226	6.61496604635404	4.8776373741862	10.2279333659075	2.70815108460542	13.3199166205898	10.6664167705164	6.71674049534826
2020-08-05	9.75803941124273	6.59547753146021	4.84888861827315	10.2967590848256	2.63114405219547	13.2975196709378	10.5786229082867	6.70032322562847
2020-08-06	9.68038565777984	6.56639036162137	4.81288790099754	10.3536051176842	2.55073364238793	13.273573661846	10.4901336065134	6.68699892327732
2020-08-07	9.59339385337416	6.52770301391542	4.76923971753576	10.3981334875547	2.4671513397791	13.2480461814102	10.4012500386612	6.67559738726517
2020-08-08	9.49738820527626	6.47941396542022	4.71754856306419	10.4300062175085	2.38062862896529	13.2209048177264	10.3122733781948	6.66494841656236
2020-08-09	9.39269292073673	6.42152169321366	4.65741893275924	10.4488853306169	2.29139699454282	13.1921171588907	10.223504798579	6.65388181013926
2020-08-10	9.27976036685538	6.35419454678167	4.58869215203704	10.4546495522074	2.19971439011526	13.1613746631503	10.135203635058	6.64146209885735
2020-08-11	9.15955555012906	6.27828036524229	4.51215686727285	10.4480444166321	2.10594464531533	13.1272642693577	10.0474618699941	6.62769274114262
2020-08-12	9.03317163690384	6.19479686012165	4.42883855508166	10.4300321604994	2.01047805878299	13.0880967865164	9.96032964752927	6.61281192731221
2020-08-13	8.90170179352581	6.10476174294584	4.3397626920785	10.4015750204175	1.91370492915825	13.0421830236303	9.87385711180519	6.59705784768324
2020-08-14	8.76623918634106	6.00919272524098	4.24595475487837	10.3636352329948	1.81601555508108	12.987833789703	9.78809440696371	6.58066869257285
2020-08-15	8.62787698169566	5.90910751853316	4.14844022009627	10.3171750348395	1.71780023519147	12.9233598937382	9.70309167714664	6.56388265229815
2020-08-16	8.48770834593571	5.8055238343485	4.04824456434722	10.2631566625598	1.61944926812939	12.8470721447397	9.61889906649582	6.54693791717628
2020-08-17	8.34672141915168	5.69936577758379	3.94633213479817	10.2024369788559	1.52137329326134	12.7577806832648	9.53557694504844	6.53005218038391
2020-08-18	8.20548423641162	5.59118302661856	3.84342276082383	10.1354513507938	1.42406431285981	12.656292976086	9.45322658642323	6.51336114653584
2020-08-19	8.06445980652794	5.48143165320303	3.74017514235085	10.0625297715314	1.32803466992379	12.5439158215296	9.37195949013433	6.49698002310643
2020-08-20	7.9241111383131	5.37056772908744	3.6372479793059	9.98400223422669	1.23379670745229	12.4219560179216	9.29188715569586	6.48102401757002
2020-08-21	7.7849012405795	5.25904732602199	3.53529997161564	9.90019873203747	1.1418627684443	12.2917203635883	9.21312108262193	6.46560833740097
2020-08-22	7.6472931221396	5.14732651575692	3.4349898192067	9.81144925812163	1.05274519589882	12.154515656856	9.13577277042667	6.45084819007364
2020-08-23	7.51174979180582	5.03586137004245	3.33697622200576	9.71808380563702	0.966956332814841	12.0116486960507	9.05995371862421	6.43685878306235
2020-08-24	7.37873425839059	4.92510796062879	3.24191787993946	9.62043236774153	0.885008522191367	11.8644262794986	8.98577542672867	6.42375532384148
2020-08-25	7.24870953070634	4.81552235926618	3.15047349293446	9.51882493759303	0.807414107027392	11.7141552055261	8.91334939425417	6.41165301988536
2020-08-26	7.12213861756551	4.70756063770483	3.06330176091743	9.41359150834938	0.734685430321914	11.5621422724592	8.84278712071483	6.40066707866835
2020-08-27	6.99948452778052	4.60167886769496	2.981061383815	9.30506207316845	0.667334835073927	11.4096942786241	8.77420010562479	6.39091270766481
2020-08-28	6.88121027016382	4.49833312098681	2.90441106155384	9.19356662520812	0.605874664282434	11.2581180223471	8.70769984849815	6.38250511434907
2020-08-29	6.76777885352782	4.39797946933059	2.83400949406061	9.07943515762626	0.550817260946429	11.1087203019543	8.64339784884905	6.37555950619549
2020-08-30	6.65965328668497	4.30107398447652	2.77051538126196	8.96299766358074	0.502674968064909	10.962807915772	8.5814056061916	6.37019109067842
2020-08-31	6.55723862710122	4.20805096186425	2.71443112093058	8.84459120612209	0.461779190089155	10.8215432320488	8.52161649629029	6.3664413278626
2020-09-01	6.46070812685667	4.11925759169114	2.66563390222333	8.72458112787149	0.427737577279592	10.6855108987243	8.463051399911	6.36405668817434
2020-09-02	6.37017708668496	4.03501928784395	2.62384461214309	8.60333984134279	0.399976841348925	10.5551511336604	8.40451307407	6.36270989463036
2020-09-03	6.28576080731971	3.95566146420946	2.58878413769275	8.48123975904984	0.377923694009861	10.4309041547189	8.3448042757835	6.36207367024735
2020-09-04	6.20757458949455	3.88150953467443	2.56017336587518	8.35865329350646	0.361004846975106	10.3132101797619	8.28272776206777	6.36182073804203
2020-09-05	6.1357337339431	3.81288891312566	2.5377331836933	8.23595285722652	0.34864701195737	10.2025094266514	8.21708628993906	6.36162382103109
2020-09-06	6.070353541399	3.75012501344991	2.52118447814997	8.11351086272385	0.340276900669357	10.0992421132494	8.1466826164136	6.36115564223124
2020-09-07	6.01148246785113	3.69348160936591	2.5102845367425	7.9916506204811	0.335284795138926	10.0036611154267	8.070594708725	6.36018495220961
2020-09-08	5.95890159030942	3.64297591392027	2.50493624894587	7.87049903285614	0.332915258654538	9.91526994109033	7.98900137497627	6.35886461173507
2020-09-09	5.91232514103905	3.59856349999154	2.50507890472947	7.75013390017567	0.332376424819807	9.83338475615633	7.90235663348778	6.35744350912688
2020-09-10	5.87146735230519	3.56019994045828	2.51065179406269	7.63063302276635	0.332876427238345	9.75732172654063	7.81111450257988	6.35617053270434
2020-09-11	5.83604245637302	3.52784080819906	2.52159420691492	7.51207420095487	0.333623399513766	9.68639701815921	7.71572900057295	6.35529457078672
2020-09-12	5.80576468550773	3.50144167609243	2.53784543325555	7.3945352350679	0.333825475249681	9.61992679692804	7.61665414578735	6.35506451169331
2020-09-13	5.7803482719745	3.48095811701696	2.55934476305398	7.27809392543214	0.332690788049703	9.55722722876309	7.51434395654346	6.35572924374339
2020-09-14	5.75954343542249	3.46629110219324	2.58605943151483	7.16293480736671	0.329622874960308	9.49783105882509	7.40931810787978	6.35744875332553
2020-09-15	5.74324434503686	3.45712319621002	2.61806845478375	7.04966935616057	0.324806886799419	9.44213734925378	7.30235890170747	6.36002741910542
2020-09-16	5.73138115738671	3.45308236199807	2.65547879424162	6.93901578209515	0.318623377827819	9.39076174143367	7.19431429665583	6.36318071781808
2020-09-17	5.72388402904119	3.45379656248818	2.6983974112693	6.83169229545186	0.311452902306295	9.34431987674924	7.08603225135418	6.36662412619848
2020-09-18	5.72068311656942	3.45889376061112	2.74693126724768	6.72841710651213	0.303676014495631	9.30342739658501	6.97836072443181	6.37007312098163
2020-09-19	5.72170857654053	3.46800191929769	2.80118732355765	6.62990842555738	0.295673268656613	9.26869994232546	6.87214767451804	6.37324317890251
2020-09-20	5.72689056552365	3.48074900147865	2.86127254158007	6.53688446286901	0.287825219050024	9.2407531553551	6.76824106024216	6.37584977669612
2020-09-21	5.73615924008791	3.49676297008479	2.92729388269582	6.45006342872847	0.28051241993665	9.22020267705842	6.66748884023349	6.37760839109745
2020-09-22	5.74944475680244	3.5156717880469	2.99935830828579	6.37016353341715	0.274115425577277	9.20766414881993	6.57073897312133	6.37823449884149
2020-09-23	5.76667727223637	3.53710341829574	3.07757277973086	6.29790298721649	0.269014790232689	9.20375321202412	6.47883941753499	6.37744357666324
2020-09-24	5.78778694295882	3.56068582376212	3.1620442584119	6.2340000004079	0.26559106816367	9.20908550805548	6.39263813210377	6.37495110129768
2020-09-25	5.81270392553893	3.58604696737679	3.25287970570978	6.1791727832728	0.264224813631006	9.22427667829853	6.31298307545697	6.37047254947982
2020-09-26	5.84135837654583	3.61281481207054	3.3501860830054	6.13413954609261	0.265296580895482	9.24994236413775	6.24072220622392	6.36372339794464
2020-09-27	5.87368045254863	3.64061732077417	3.45407035167963	6.09961849914875	0.269186924217883	9.28669820695765	6.1767034830339	6.35441912342713
2020-09-28	5.9096547079257	3.66911452279303	3.5646435016618	6.07620024123822	0.276360082066033	9.33509538912388	6.12126494808804	6.34232259927145
2020-09-29	5.94948328829228	3.69809471293089	3.68203263707506	6.06396492522031	0.287615029735911	9.39542725692669	6.07270497787475	6.32738628525836
2020-09-30	5.99342273707283	3.72737825236612	3.806368890591	6.06286509246989	0.303834426730537	9.4679226976375	6.02881203245425	6.30961003777778
2020-10-01	6.04172959769182	3.75678550227705	3.93778339488123	6.07285328436182	0.325900932552929	9.55281059852773	5.98737457188675	6.28899371321964
2020-10-02	6.09466041357372	3.78613682384206	4.07640728261734	6.09388204227099	0.354697206706107	9.65031984686878	5.94618105623247	6.26553716797385
2020-10-03	6.15247172814298	3.81525257823949	4.22237168647093	6.12590390757226	0.391105908693088	9.76067932993207	5.90301994555164	6.23924025843034
2020-10-04	6.21542008482408	3.8439531266477	4.37580773911361	6.16887142164049	0.436009698016892	9.88411793498902	5.85567969990447	6.21010284097903
2020-10-05	6.2837006173846	3.87214006282082	4.53679191247332	6.22270047922242	0.490205754159009	10.0206852397864	5.80248138517599	6.17833235614379
2020-10-06	6.35726282096455	3.90003991081606	4.7051820355034	6.28716038855217	0.554149336514808	10.1697135839723	5.7438764905504	6.14496658098437
2020-10-07	6.43599478104709	3.92796042726641	4.88078127641358	6.36198381123572	0.62821022445813	10.3303559976703	5.68084911103672	6.11125087669444
2020-10-08	6.51978458311533	3.95620936880485	5.06339280341355	6.44690340887905	0.712758197362815	10.5017655110038	5.61438334164397	6.07843060446768
2020-10-09	6.60852031265244	3.98509449206437	5.25281978471303	6.54165184308815	0.808163034602709	10.6830951540964	5.54546327738116	6.04775112549779
2020-10-10	6.70209005514152	4.01492355367795	5.4488653885217	6.64596177546899	0.914794515551645	10.8734979570715	5.47507301325731	6.02045780097845
2020-10-11	6.80038189606574	4.04600431027858	5.65133278304928	6.75956586762755	1.03302241958347	11.0721269500527	5.40419664428144	5.99779599210335
2020-10-12	6.90328392090822	4.07864451849925	5.86002513650547	6.88219678116982	1.16321652607202	11.2781351631634	5.33381826546255	5.98101106006617
2020-10-13	7.0106842151521	4.11315193497294	6.07474561709998	7.01358717770179	1.30574661439114	11.4906756265272	5.26492197180966	5.9713483660606
2020-10-14	7.12247086428052	4.14983431633264	6.29529739304251	7.15346971882942	1.46098246391467	11.7089013702675	5.19849185833179	5.97005327128033
2020-10-15	7.23853195377662	4.18899941921133	6.52148363254277	7.30157706615869	1.62929385401644	11.9319654245079	5.13551202003795	5.97837113691904
2020-10-16	7.35875556912353	4.23095500024199	6.75310750381045	7.4576418812956	1.81105056407031	12.1590208193717	5.07696655193716	5.99754732417042
2020-10-17	7.4830297958044	4.27600881605762	6.98997217505528	7.62139682584613	2.00662237345011	12.3892205849827	5.02383954903843	6.02882719422815
2020-10-18	7.61124271930235	4.32446862329119	7.23188081448695	7.79257456141624	2.21637906152968	12.6217177514641	4.97711510635078	6.07345610828593
2020-10-19	7.74329233098709	4.37666065264729	7.47871068571539	7.97081930298867	2.44068241831929	12.8558566259514	4.93777072783778	6.13248226511076
2020-10-20	7.87911624577457	4.43298503111684	7.73063543395154	8.15542147905309	2.67986227637493	13.091746623627	4.90675755328131	6.20616521376304
2020-10-21	8.01866198446731	4.49386035976237	7.98790279980653	8.34558307147593	2.93424047888902	13.3296884366852	4.88502013141778	6.29456734087646
2020-10-22	8.16187706786782	4.55970523964639	8.25076052389151	8.5405060621236	3.20413886905397	13.5699827573204	4.87350301098362	6.39775103308475
2020-10-23	8.30870901677862	4.63093827183142	8.51945634681764	8.73939243286252	3.48987929006219	13.8129302777268	4.87315074071526	6.5157786770216
2020-10-24	8.45910535200222	4.70797805738	8.79423800919606	8.94144416555913	3.79178358510611	14.0588316900988	4.88490786934913	6.64871265932072
2020-10-25	8.61301359434113	4.79124319735463	9.07535325163793	9.14586324207983	4.11017359737815	14.3079876866306	4.90971894562164	6.79661536661585
2020-10-26	8.77041484316629	4.88118475161034	9.36310931524582	9.35181568999147	4.44544579422298	14.5607892200517	4.9485515279079	6.95954703454036
2020-10-27	8.93142451212235	4.97838361517216	9.65805144308802	9.5583237196626	4.79829513959441	14.8179882852323	5.00246521313769	7.13755929472641
2020-10-28	9.09619159342238	5.08345314185765	9.96078437872425	9.76437358716218	5.16949122159852	15.0804271375778	5.07254260787948	7.33070162780583
2020-10-29	9.26486507927945	5.19700668548434	10.2719128657142	9.9689515485592	5.55980362834139	15.3489480324935	5.15986631870172	7.53902351441048
2020-10-30	9.43759396190662	5.31965759986977	10.5920416476177	10.1710438599226	5.97000194792907	15.6243932253847	5.26551895217286	7.76257443517217
2020-10-31	9.61452723351697	5.45201923883149	10.9217754679943	10.3696367773214	6.40085576846767	15.9076049716568	5.39058311486139	8.00140387072276
2020-11-01	9.79581388632356	5.59470495618703	11.2617190704039	10.5637165568245	6.85313467806326	16.1994255267152	5.53614141333574	8.25556130169409
2020-11-02	9.98153874201249	5.74814807104862	11.6122190657698	10.7524343995679	7.32741395323648	16.5005456226262	5.70320672505656	8.52508066925464
2020-11-03	10.171529940162	5.9120617637073	11.9725895344706	10.9356012869559	7.82349162416649	16.8110498981009	5.89251301105329	8.80993375671962
2020-11-04	10.3655514498234	6.08597917974874	12.3418864242485	11.1131931454599	8.34097140944696	17.130871468511	6.10472450324751	9.11007680794086
2020-11-05	10.5633672400479	6.26943346475865	12.7191656828457	11.285185901551	8.87945702767156	17.4599434492285	6.34050543356083	9.42546606677019
2020-11-06	10.7647412798869	6.46195776432275	13.1034832580047	11.4515554817006	9.43855219743408	17.7981989556255	6.60052003391486	9.75605777705949
2020-11-07	10.9694375383915	6.66308522402672	13.4938950974674	11.61227781238	10.0178606373281	18.1455711030738	6.8854325362312	10.1018081826606
2020-11-08	11.1772199846131	6.87234898945628	13.8894571489763	11.7673288200604	10.6169860659475	18.5019930069454	7.19590717243147	10.4626735274253
2020-11-09	11.387852587603	7.08928220619713	14.2892253602736	11.9166844312133	11.2355322018859	18.8673977826123	7.53260817443726	10.8386100552056
2020-11-10	11.6010993164123	7.31341801983495	14.6922556791015	12.0603205723098	11.8731027637369	19.2417185454463	7.89619977417017	11.2295740098531
2020-11-11	11.8167241400925	7.54428957595548	15.0976040532023	12.1982131698213	12.5293014700944	19.6248884108195	8.28734620355183	11.6355216352199
2020-11-12	12.0344910276948	7.78143002014441	15.5043264303183	12.330338150219	13.203732039552	20.0168404941037	8.70671169450383	12.0564091751576
2020-11-13	12.2541639482704	8.02437249798742	15.9114787581916	12.4566714399743	13.8959981907033	20.417507910671	9.15496047894775	12.4921928735183
2020-11-14	12.4755068708706	8.27265015507024	16.3181169845645	12.5771889655584	14.6057036421422	20.8268237758933	9.63275678880524	12.9428289741537
2020-11-15	12.6982837645468	8.52579613697856	16.7232970571793	12.6918666534427	15.3324521124623	21.2447212051426	10.1407648559979	13.4082737209156
2020-11-16	12.9222292022821	8.78321653064893	17.1259625938775	12.8007954231223	16.0756693206501	21.6709450485195	10.6797129627066	13.8884566856432
2020-11-17	13.146960172788	9.04380918842126	17.5246078928973	12.9045261661876	16.8340689872636	22.1044870950403	11.2505855921493	14.3832007521247
2020-11-18	13.3720642687077	9.30634490398626	17.9176149225762	13.0037247672527	17.6061868332533	22.5441508684496	11.8544312778034	14.8923021321354
2020-11-19	13.5971290826846	9.56959447103472	18.3033656512518	13.0990571109319	18.39055857957	22.9887398924925	12.4922985531462	15.415557037451
2020-11-20	13.821742207362	9.83232868325737	18.6802420472615	13.1911890818394	19.1857199471643	23.4370576909138	13.165235951655	15.9527616798467
2020-11-21	14.0454912353832	10.0933183343449	19.0466260789428	13.2807865645894	19.9902066569869	23.8879077874583	13.8742920068071	16.503712271098
2020-11-22	14.2679637593916	10.3513342179882	19.4008997146333	13.3685154437962	20.8025544299886	24.340093705871	14.6205152520798	17.0682050229804
2020-11-23	14.4889589939066	10.6054246989645	19.7419702043885	13.4552746260592	21.6210138564325	24.7927028636993	15.4046020572869	17.6459133436671
2020-11-24	14.7091226409518	10.8557484263981	20.0708459251357	13.542895105919	22.4426950038324	25.2459582537017	16.225840137588	18.2360194269229
2020-11-25	14.9293120244267	11.1027416204998	20.3890605355205	13.6334408999016	23.2644228090147	25.7003667624391	17.0831650444794	18.8375826629102
2020-11-26	15.1503844682311	11.3468405014804	20.6981476941883	13.7289760245327	24.0830222088057	26.1564352764723	17.975512329457	19.4496624417914
2020-11-27	15.3731972962646	11.5884812895508	20.9996410597845	13.8315644963383	24.8953181400318	26.6146706823625	18.9018175440173	20.0713181537293
2020-11-28	15.5986078324269	11.8281002049218	21.2950742909547	13.9432703318443	25.6981355395194	27.0755798666707	19.8610162396562	20.7016091888862
2020-11-29	15.8274734006175	12.0661334678042	21.5859810463442	14.0661575475766	26.4882993440947	27.5396697159576	20.8520439678699	21.3395949374246
2020-11-30	16.0606513247362	12.3030172984088	21.8738949845986	14.202290160061	27.2626344905843	28.0074471167844	21.8738362801545	21.984334789507
2020-12-01	16.2989989286826	12.5391879169466	22.1603497643633	14.3537321858235	28.0179659158143	28.4794189557121	22.9253287280064	22.634888135296
2020-12-02	16.5433735363563	12.7750815436283	22.4468790442837	14.5225476413898	28.7511185566112	28.9560921193015	24.0054568629214	23.290314364954
2020-12-03	16.794632471657	13.0111343986648	22.7350164830052	14.710800543286	29.4589173498013	29.4379734941137	25.1131562363959	23.9496728686436
2020-12-04	17.0536330584844	13.2477827022669	23.0262957391734	14.9205549080378	30.1381872322109	29.9255699667096	26.2473623999259	24.6120230365272
2020-12-05	17.321232620738	13.4854626746454	23.3222504714338	15.1538747521712	30.7857531406665	30.4193884236502	27.4070109050077	25.2764242587674
2020-12-06	17.5982884823176	13.7246105360113	23.6244143384316	15.4128240922121	31.3984400119944	30.9199357514966	28.5910373031374	25.9419359255266
2020-12-07	17.8854691876016	13.9658516503619	23.9340766326942	15.6991492451676	31.973045389785	31.4281178486369	29.798262344787	26.6076972317951
2020-12-08	18.1826881628847	14.2105679568414	24.2515491822756	16.0133257299697	32.5062572446848	31.9464366607694	31.0270475763325	27.2731665918735
2020-12-09	18.4896700549401	14.4603305383807	24.5768994491114	16.3555113660319	32.9947361541044	32.4777931454193	32.2756397431259	27.9378822248904
2020-12-10	18.8061395105412	14.7167104779106	24.9101948951375	16.7258639727673	33.4351426954545	33.0250882601121	33.5422855905188	28.601382349974
2020-12-11	19.1318211764614	14.981278858362	25.2515029822895	17.1245413695895	33.8241374461457	33.5912229623731	34.8252318638634	29.263205186253
2020-12-12	19.466439699474	15.2556067626656	25.6008911725033	17.5517013759116	34.1583809835885	34.1790982097277	36.1227253085112	29.9228889528556
2020-12-13	19.8097197263525	15.5412652737522	25.9584269277146	18.0075018111471	34.4345338851936	34.7916149597014	37.4330126698144	30.5799718689103
2020-12-14	20.161236685695	15.8391981124254	26.3237676106011	18.4915586797191	34.6500558537909	35.4307970163893	38.7544315312875	31.2335962996973
2020-12-15	20.5199691333985	16.1478395509787	26.6949301868088	19.0013207260899	34.8056030938878	36.0951595701658	40.0856828290953	31.8813211951034
2020-12-16	20.8847464071847	16.4649964995785	27.0695215227256	19.5336948797317	34.9026309354112	36.782340657975	41.4255583375657	32.5203096511673
2020-12-17	21.2543978447753	16.788475868391	27.4451484847393	20.0855880701166	34.9425947082879	37.489978316761	42.7728498310264	33.1477247639275
2020-12-18	21.627752783892	17.1160845675824	27.819417939238	20.6539072267168	34.9269497424445	38.215710583468	44.126349083805	33.7607296294228
2020-12-19	22.0036405622568	17.445629507319	28.1899367526096	21.2355592790045	34.8571513678079	38.9571754950402	45.4848478702294	34.3564873436917
2020-12-20	22.3808905175911	17.7749175977671	28.5543117912419	21.8274511564518	34.7346549143048	39.7120110884217	46.847137964627	34.9321610027728
2020-12-21	22.7581799011889	18.1018212509367	28.9101071183606	22.4263502073712	34.5610053719068	40.4777413681147	48.2115531676544	35.4855435117385
2020-12-22	23.1335776186327	18.424474886213	29.2547155845413	23.0284654554361	34.3381063707643	41.2514342088546	49.5745953852821	36.0169470117949
2020-12-23	23.5050004890766	18.7410784248247	29.5854872371975	23.6298663431603	34.0679512010723	42.0300434529344	50.9323085498094	36.5273134531822
2020-12-24	23.8703653316753	19.0498317880008	29.8997721237424	24.2266223130577	33.7525331530259	42.8105229426477	52.2807365935357	37.0175847861403
2020-12-25	24.2275889655832	19.3489348969702	30.1949202915895	24.814802807642	33.3938455168201	43.5898265202876	53.6159234487601	37.4887029609093
2020-12-26	24.5745882099547	19.6365876729617	30.4682817881521	25.3904772694269	32.9938815826501	44.3649080281475	54.9339130477818	37.9416099277289
2020-12-27	24.9092798839443	19.9109900372043	30.7172066608435	25.9497151409263	32.554634640711	45.1327213085207	56.2307493229004	38.3772476368394
2020-12-28	25.2295808067064	20.1703419109267	30.9390449570771	26.4885858646539	32.0780979811978	45.8902202037005	57.5024762064149	38.7965580384805
2020-12-29	25.5334077973955	20.4128432153579	31.1311467242663	27.0031588831236	31.5662648943056	46.6343585559803	58.7451376306247	39.2004830828924
2020-12-30	25.8186776751659	20.6366938717268	31.2908620098244	27.489503638849	31.0211286702295	47.3620902076534	59.9547775278291	39.589964720315
2020-12-31	26.0833072591723	20.8400938012623	31.4155408611647	27.943689574344	30.4446825991646	48.070369001013	61.1274398303272	39.9659449009882
2021-01-01	26.325213368569	21.0212429251931	31.5025333257007	28.3617861321223	29.8389199713059	48.7561487783525	62.2591684704184	40.3293655751521
2021-01-02	26.5423128225104	21.1783411647483	31.5491894508456	28.7398627546978	29.2058340768486	49.4163833819652	63.346007380402	40.6811686930466
2021-01-03	26.732522440151	21.3095884411567	31.5528592840129	29.0739888845841	28.5474182059877	50.0480266541444	64.3840004925772	41.0222962049116
2021-01-04	26.8943456608815	21.4137573022909	31.5117322893168	29.3612646700144	27.8660847251665	50.6478183922828	65.3693237733574	41.3534316252967
2021-01-05	27.0286324050376	21.4919108025985	31.427355597675	29.6029130820986	27.1659223058212	51.2116422141704	66.2986813256122	41.6742247259889
2021-01-06	27.1368192131912	21.5456846231709	31.3021157567062	29.801187797666	26.4514386956359	51.7351676926964	67.1689092863254	41.9840668430845
2021-01-07	27.2203426259143	21.5767144450994	31.1383993140292	29.9583424935458	25.727141642295	52.2140644007503	67.9768437924807	42.2823493126801
2021-01-08	27.2806391837787	21.5866359494756	30.9385928172626	30.0766308465673	24.9975388934829	52.6440019112213	68.7193209810618	42.5684634708721
2021-01-09	27.3191454273564	21.5770848173906	30.705082814025	30.1583065335597	24.2671381968837	53.0206497969988	69.3931769890524	42.841800653757
2021-01-10	27.3372978972192	21.5496967299359	30.4402558519353	30.2056232313523	23.5404473001818	53.3396776309721	69.9952479534363	43.1017521974313
2021-01-11	27.3364188313362	21.5059757998586	30.1463564929675	30.220747616854	22.8215018673811	53.5979109712504	70.5228644925991	43.3475045690665
2021-01-12	27.3173732572641	21.446899866529	29.8250613565176	30.2054983672926	22.1124492277629	53.796799316822	70.9753351505343	43.5774247601356
2021-01-13	27.2809118999566	21.373315200973	29.4779050763371	30.1616071599757	21.4149646269284	53.938948151895	71.3524629526373	43.7896748931863
2021-01-14	27.2277854843676	21.2860680742167	29.1064222861774	30.0908056722107	20.7307233104787	54.0269629606777	71.6540509243035	43.9824170907667
2021-01-15	27.1587447354509	21.186004757286	28.7121476197899	29.9948255813052	20.0614005240146	54.0634492273781	71.8799020909283	44.1538134754246
2021-01-16	27.0745403781601	21.073971521207	28.2966157109263	29.8753985645668	19.4086715131374	54.0510124362045	72.0298194779072	44.3020261697081
2021-01-17	26.9759231374491	20.9508146370057	27.8613611933378	29.7342562993028	18.7742115234479	53.9922580713651	72.1036061106355	44.4252172961651
2021-01-18	26.8636437382717	20.817380375708	27.407918700776	29.5731304628209	18.1596958005473	53.8897916170679	72.1010650145086	44.5215489773435
2021-01-19	26.7384529055816	20.67451500834	26.9378228669923	29.3937527324286	17.5667995900366	53.7462185575212	72.0219992149219	44.5891833357913
2021-01-20	26.6011013643326	20.5230648059277	26.4526083257382	29.1978547854333	16.9971981375168	53.5641443769331	71.8662117372709	44.6262824940564
2021-01-21	26.4523398394785	20.363876039497	25.9538097107651	28.9871682991427	16.452566688589	53.3461745595117	71.633505606951	44.6310085746868
2021-01-22	26.2929190559731	20.1977949800741	25.4429616558245	28.7634249508641	15.9345804888541	53.0949145894653	71.3236838493575	44.6015237002304
2021-01-23	26.1235897387701	20.0256678986848	24.9215987946678	28.5283564179052	15.4449147839133	52.812969951002	70.9365494898859	44.5359899932352
2021-01-24	25.9451026128233	19.8483410663552	24.3912557610465	28.2836943775735	14.9852448193675	52.50294612833	70.4719055539316	44.4325695762491
2021-01-25	25.7579989438091	19.6666474729192	23.8535436447052	28.0311540520214	14.556430940681	52.167130452257	69.9302744244283	44.2894521351197
2021-01-26	25.5619821602945	19.4813669834419	23.3103793593613	27.7723848427819	14.1560738927708	51.8065376399892	69.3150559144626	44.1049376088928
2021-01-27	25.356546231569	19.2932661817964	22.7637562747251	27.5090196962326	13.7809595204169	51.4218642553326	68.6303691946599	43.8773534999141
2021-01-28	25.1411851269223	19.1031116518558	22.2156677605071	27.2426915587513	13.4278736683995	51.013806862093	67.8803334356449	43.6050273105292
2021-01-29	24.9153928156439	18.9116699774932	21.6681071864177	26.975033376716	13.0936021814989	50.5830620240761	67.0690678080428	43.2862865430834
2021-01-30	24.6786632670234	18.7197077425816	21.1230679221676	26.7076780965044	12.7749309044951	50.1303263050879	66.2006914824788	42.9194586999225
2021-01-31	24.4304904503505	18.5279915309941	20.5825433374669	26.4422586644942	12.4686456821682	49.6562962689343	65.2793236295778	42.5028712833919
2021-02-01	24.1704703945706	18.3370424233112	20.0481412403597	26.1800571292573	12.1718807882651	49.1617415865706	64.3088695872836	42.0357759368331
2021-02-02	23.8986073672537	18.1463994869433	19.5199271922228	25.9209519481411	11.8831642123986	48.6477243575513	63.2923793628152	41.521120867571
2021-02-03	23.6150076956256	17.9553562860084	18.9975811927667	25.6644706806871	11.6013723731485	48.1153797885802	62.2326891307102	40.9627784239266
2021-02-04	23.3197777069123	17.7632063846244	18.4807832417018	25.4101408864367	11.3253816890941	47.5658430863614	61.1326350655064	40.3646209542206
2021-02-05	23.0130237283395	17.5692433469091	17.9692133387383	25.1574901249315	11.0540685788152	47.0002494575988	59.9950533417414	39.7305208067739
2021-02-06	22.6948520871331	17.3727607369805	17.4625514835867	24.9060459557128	10.7863094608912	46.4197341089963	58.8227801339528	39.0643503299075
2021-02-07	22.3653691105191	17.1730521189565	16.9604776759573	24.6553359383221	10.5209807539018	45.825432247258	57.6186516166785	38.3699818719421
2021-02-08	22.0246811257233	16.969411056955	16.4626719155606	24.4048876323009	10.2569588764265	45.2184790790877	56.3855039644559	37.6512877811986
2021-02-09	21.6728944599715	16.7611311150939	15.9688142021068	24.1542285971906	9.99312024704487	44.6000098111895	55.126173351823	36.9121404059979
2021-02-10	21.3101154404897	16.547505857491	15.4785845353063	23.9028863925327	9.72834128433648	43.9711596502673	53.8434959533172	36.1564120946608
2021-02-11	20.9364503945037	16.3278288482644	14.9916629148696	23.6503885778686	9.4614984068809	43.333063803025	52.5403079434764	35.3879751955082
2021-02-12	20.5520056492394	16.1013936515319	14.5077293405069	23.3962627127397	9.19146803325772	42.6868574761667	51.2194454968381	34.6107020568611
2021-02-13	20.1568875319227	15.8674938314114	14.0264638119287	23.1400363566876	8.91712658204647	42.0336758763963	49.8837447879401	33.8284650270401
2021-02-14	19.7512023697794	15.6254229520208	13.5475463288452	22.8812370692537	8.63735047182676	41.3746542104177	48.53604199132	33.0451364543661
2021-02-15	19.3352967605011	15.3746385143271	13.0709560835575	22.6194052972544	8.35163411791707	40.7110996632377	47.1794667681218	32.2642357818616
2021-02-16	18.9104783836417	15.1152537666933	12.5978690387282	22.3541330366065	8.06194392259163	40.0450073330739	45.8183227259147	31.4878708313541
2021-02-17	18.4782951892211	14.8475458943315	12.1297603496106	22.0850251705014	7.77086428486363	39.3785442964469	44.4572069588741	30.7177965193727
2021-02-18	18.0402951272588	14.5717920824539	11.6681051714581	21.8116865821309	7.48097960374621	38.713877629877	43.1007165611752	29.9557677624465
2021-02-19	17.5980261477745	14.2882695162724	11.2143786595238	21.5337221546866	7.19487427825255	38.0531744098847	41.7534486269937	29.2035394771048
2021-02-20	17.153036200788	13.9972553809992	10.7700559690612	21.2507367713602	6.91513270739584	37.3986017129906	40.4200002505049	28.4628665798765
2021-02-21	16.7068732363188	13.6990268618464	10.3366122553234	20.9623353153433	6.64433929018921	36.7523266157148	39.1049685258842	27.7355039872907
2021-02-22	16.261017532234	13.3939980278416	9.91539630944518	20.668278171141	6.38479322399468	36.115893780194	37.812329588602	27.0229447200358
2021-02-23	15.81667867779	13.083130483275	9.50725146608706	20.3689477285122	6.1376528995696	35.4883582110279	36.543575739309	26.3256342154373
2021-02-24	15.3749985900905	12.7675227162523	9.11289469579087	20.0648818785293	5.90379150602013	34.8681524984321	35.2995783199508	25.6437560149797
2021-02-25	14.937119186239	12.448273214879	8.73304296909856	19.7566185122647	5.68408223245245	34.2537092326227	34.0812086724729	24.9774936601478
2021-02-26	14.5041823833393	12.1264804672609	8.368413256552	19.4446955207908	5.47939826797271	33.6434610038151	32.8893381388209	24.3270306924261
2021-02-27	14.077330098495	11.8032429615036	8.01972252869309	19.1296507951799	5.29061280168711	33.0358404022253	31.7248380609404	23.6925506532994
2021-02-28	13.6577042488099	11.4796591857129	7.68768775606377	18.8120222265044	5.11859902270181	32.4292800180689	30.5885797807771	23.0742370842523
2021-03-01	13.2463450524779	11.1567685474437	7.37282024720495	18.4923227433704	4.96412478399411	31.8224857270544	29.4813978388471	22.4723745533544
2021-03-02	12.843885932055	10.8353741320484	7.07480866265388	18.1709654245181	4.82753659402582	31.2152565468614	28.4039795699492	21.8876517350148
2021-03-03	12.4508586111872	10.5162199443287	6.79313600094685	17.8483383862216	4.70907562512989	30.6076647806623	27.3569755074527	21.3208583302276
2021-03-04	12.0677948135209	10.2000499890864	6.52728526062011	17.524829744755	4.60898304963924	29.9997827316292	26.3410361847268	20.772784039987
2021-03-05	11.6952262627021	9.88760827112301	6.27673944020995	17.2008276163921	4.52750003988682	29.3916827029346	25.3568121351409	20.2442185652869
2021-03-06	11.3336846823772	9.57963879524042	6.04098153825266	16.876720117407	4.46486776820557	28.7834369977507	24.4049538920644	19.7359516071215
2021-03-07	10.9837017961922	9.27688556624026	5.8194945532845	16.5528953640736	4.42132740692842	28.1751179192499	23.4861119888664	19.2487728664849
2021-03-08	10.6458093277935	8.98009258892426	5.61176148384177	16.229741472666	4.39712012838832	27.5667977706045	22.6009369589164	18.7834720443711
2021-03-09	10.3205390008272	8.6900038680941	5.41726532846072	15.9076465594582	4.3924871049182	26.9585488549867	21.7500793355836	18.3408388417742
2021-03-10	10.0084225389395	8.4073634085515	5.23548908567766	15.5869987407241	4.407669508851	26.3504434755689	20.9341896522374	17.9216629596883
2021-03-11	9.70999166577661	8.13291521509819	5.06591575402886	15.2681861327378	4.44290851251965	25.7425539355234	20.1539184422471	17.5267340991076
2021-03-12	9.42577810498474	7.86740329253585	4.90802833205058	14.9515968517732	4.49844528825711	25.1349525380226	19.4099162389819	17.156841961026
2021-03-13	9.15631358021009	7.61157164566619	4.76130981827912	14.6376190141044	4.5745210083963	24.5277115862386	18.7028335758112	16.8127762464377
2021-03-14	8.90212981509889	7.36616427929094	4.62524321125077	14.3266407360053	4.67137684527017	23.9209033833439	18.0333209861044	16.4953266563367
2021-03-15	8.66363517767912	7.13183190867638	4.49931195545137	14.0192818856817	4.78899786389772	23.3146530819511	17.4016821351313	16.2048575310292
2021-03-16	8.44074461350605	6.90885209094724	4.38300127916517	13.7170893390669	4.92634470004226	22.7092972324349	16.8068332157644	15.9400317680697
2021-03-17	8.23324971251674	6.69740909369283	4.27579685662597	13.421841724026	5.08212188215319	22.1052252346101	16.2473435527769	15.6990869043249
2021-03-18	8.04094206464827	6.49768718450247	4.17718436206759	13.1353176684239	5.25503393867987	21.5028264882917	15.7217824709419	15.4802604766612
2021-03-19	7.86361325983772	6.3098706309655	4.08664946972387	12.8592958001258	5.44378539807168	20.9024903932946	15.2287192950325	15.2817900219454
2021-03-20	7.70105488802213	6.13414370067119	4.0036778538286	12.5955547469966	5.64708078877802	20.3046063494338	14.7667233498218	15.101913077044
2021-03-21	7.55305853913859	5.97069066120889	3.92775518861562	12.3458731369015	5.86362463924825	19.7095637565243	14.3343639600829	14.9388671788236
2021-03-22	7.41936747359026	5.81959111020387	3.8584547607629	12.1116767331494	6.09217155548645	19.1178471146132	13.9301719193097	14.7909104041766
2021-03-23	7.29953163364459	5.68050596542517	3.79570030672509	11.892979840825	6.33167645371553	18.5303213246768	13.5525238958783	14.6563829900985
2021-03-24	7.19305263203515	5.55299147467782	3.73950317540099	11.6894439004571	6.58114432771304	17.9479463879237	13.1997580268857	14.5336457136108
2021-03-25	7.09943208149547	5.43660388576681	3.68987471568942	11.5007303525741	6.83958017125658	17.3716823055623	12.8702124494288	14.4210593517347
2021-03-26	7.01817159475912	5.33089944649716	3.64682627648919	11.3265006377049	7.10598897812373	16.8024890788013	12.5622253006046	14.3169846814916
2021-03-27	6.94877278455965	5.23543440467389	3.6103692066991	11.166416196378	7.37937574209204	16.2413267088491	12.2741347175101	14.219782479903
2021-03-28	6.8907372636306	5.149765008102	3.58051485521797	11.0201384691222	7.65874545693914	15.6891551969143	12.004278837242	14.1278135239901
2021-03-29	6.84356664470554	5.07344750458649	3.55727457094461	10.8873288964659	7.94310311644259	15.1469345442055	11.7509957968973	14.0394385907744
2021-03-30	6.806762540518	5.0060381419324	3.54065970277782	10.767648918938	8.23145371437995	14.6156247519311	11.5126237335731	13.9530184572771
2021-03-31	6.77982656380156	4.94709316794471	3.53068159961642	10.6607599770671	8.52280224452884	14.0961858212996	11.2875007843661	13.8669139005196
2021-04-01	6.76226032728974	4.89616883042845	3.52735161035921	10.5663235113818	8.8161537006668	13.5895777535198	11.0739650863733	13.7794856975233
2021-04-02	6.75356544371612	4.85282137718862	3.53068108390501	10.4840009624107	9.11051307657145	13.0967605497999	10.8703547766917	13.6890946253096
2021-04-03	6.75324352581423	4.81660705603023	3.54068136915262	10.4134537706826	9.40488536602036	12.6186942113486	10.6750079924182	13.5941014608999
2021-04-04	6.76079618631763	4.7870821147583	3.55736381500085	10.354343376726	9.69827556279108	12.1563387393745	10.4862628706497	13.4928669813153
2021-04-05	6.77571630408738	4.7638367258025	3.58061813167109	10.3062863585047	9.98989652179879	11.7105758721218	10.3024576045063	13.3840400430305
2021-04-06	6.79746182249447	4.74659676009117	3.60984747467498	10.2687198437226	10.2797925425089	11.2819742959778	10.1219306112005	13.2674218203322
2021-04-07	6.82548195103742	4.73512201317732	3.64433336084676	10.2410360975187	10.5682157855242	10.8710244343656	9.94302036396824	13.1431015669603
2021-04-08	6.85922589921473	4.72917228061397	3.68335730702063	10.2226273850319	10.8554184114477	10.4782167107082	9.76406533604511	13.0111685366546
2021-04-09	6.89814287652492	4.72850735795412	3.72620083003083	10.2128859714012	11.1416525808824	10.1040415484287	9.58340400066694	12.8717119831551
2021-04-10	6.94168209246648	4.73288704075078	3.77214544671158	10.2112041217655	11.4271704544312	9.74898937095009	9.39937483106945	12.7248211602015
2021-04-11	6.98929275653793	4.74207112455697	3.8204726738971	10.2169741012639	11.7122241926971	9.41355060169552	9.2103163004884	12.5705853215337
2021-04-12	7.04042590214691	4.75584781072228	3.87054424633794	10.2295085558568	11.9968376134116	9.09804303985507	9.0150705488867	12.4093867947339
2021-04-13	7.09453985833761	4.7741189237827	3.92204277044994	10.2478016547907	12.2801211628217	8.80209398768704	8.81449438313582	12.2427802027529
2021-04-14	7.15109477806336	4.7968146940708	3.97473107056525	10.2707679481338	12.5609569443031	8.52515812321678	8.60994827683439	12.0726132423837
2021-04-15	7.20955081427747	4.82386535191916	4.02837197101605	10.2973219859539	12.8382270612313	8.26669012446968	8.40279270358107	11.9007336104196
2021-04-16	7.26936811993327	4.85520112766036	4.0827282961345	10.3263783183193	13.110813616982	8.02614466947108	8.19438813697445	11.7289890036536
2021-04-17	7.33000684798409	4.89075225162697	4.13756287025276	10.3568514952979	13.3775987149308	7.80297643624635	7.98609505061319	11.5592271188788
2021-04-18	7.39092715138326	4.93044895415157	4.19263851770299	10.3876560669579	13.6374644584534	7.59664010282083	7.7792739180959	11.3932956528882
2021-04-19	7.45161650385834	4.97418705837407	4.24771591375649	10.4176738304485	13.8892987991402	7.40653088390218	7.5750669534843	11.2327228565064
2021-04-20	7.51167166223388	5.02172475866376	4.30254713744105	10.4456555712444	14.1320130814407	7.23180614092717	7.37374333269245	11.0777591966831
2021-04-21	7.57071670410868	5.07278584219728	4.35688211872361	10.4703193219015	14.3645244980194	7.07156377201483	7.17535397209741	10.9283356943993
2021-04-22	7.62837570708156	5.12709409615125	4.41047078757108	10.4903831149757	14.5857502415407	6.92490167528421	6.97994978807634	10.7843833706362
2021-04-23	7.68427274875129	5.1843733077023	4.46306307395039	10.5045649830229	14.794607504669	6.79091774885436	6.78758169700635	10.645833246375
2021-04-24	7.73803190671668	5.24434726402706	4.51440890782848	10.5115829585991	14.9900134800686	6.66870989084431	6.59830061526454	10.5126163425966
2021-04-25	7.78927725857654	5.30673975230216	4.56425821917226	10.5101550742601	15.170885360404	6.55737599937312	6.41215745922803	10.3846636802821
2021-04-26	7.83763288192965	5.37127455970422	4.61236093794867	10.4989993625619	15.3361403383395	6.45601397255984	6.22920314527394	10.2619062804128
2021-04-27	7.88272285437482	5.43767547340988	4.65846699412463	10.4768338560604	15.4846956065396	6.36372170852349	6.04948858977938	10.1442751639697
2021-04-28	7.92417125351085	5.50566628059577	4.70232631766706	10.4423765873116	15.6154683576687	6.27959710538314	5.87306470912147	10.0317013519338
2021-04-29	7.96160215693653	5.57497076843852	4.7436888385429	10.3943455888712	15.727375784391	6.20273806125781	5.69998241967732	9.92411586528638
2021-04-30	7.99463964225067	5.64531272411475	4.78230448671907	10.3314588932953	15.8193350793711	6.13224247426657	5.53029263782404	9.82144972500841
2021-05-01	8.02290778705205	5.71641593480109	4.81792319216249	10.2524345331398	15.8902634352733	6.06720824252845	5.36404627993877	9.72363395208103
2021-05-02	8.04603066893949	5.78800418767418	4.8502948848401	10.1559905409606	15.9390780447621	6.00673326416249	5.2012942623986	9.63059956748534
2021-05-03	8.06364481370732	5.85984909321529	4.87918114239119	10.0407600406581	15.9648547483677	5.94994153706147	5.04206636618377	9.54206947285474
2021-05-04	8.07543653993207	5.93191355512428	4.90439013314455	9.9050365215113	15.9673039780848	5.89606145821298	4.88630783068704	9.45693409243187
2021-05-05	8.08110461438581	6.00420830040566	4.92574167310134	9.74702856414361	15.9462948137737	5.84434752437835	4.73394275990427	9.37387573111165
2021-05-06	8.0803478038406	6.07674405606393	4.94305557826273	9.56494474917851	15.901696335295	5.7940542323189	4.58489525783135	9.291576693789
2021-05-07	8.07286487506852	6.14953154910362	4.95615166462986	9.35699365723944	15.833377622509	5.74443607879596	4.43908942846411	9.20871928535887
2021-05-08	8.05835459484163	6.22258150652922	4.9648497482039	9.12138386894986	15.7412077552764	5.69474756057086	4.29644937579844	9.12398581071617
2021-05-09	8.036515729932	6.29590465534525	4.96896964498601	8.85632396493326	15.6250558134576	5.64424317440491	4.15689920383022	9.03605857475584
2021-05-10	8.00711631278314	6.36944681775754	4.9684294539548	8.56038137547962	15.4850174025899	5.59229046766855	4.02038012032248	8.94380881705688
2021-05-11	7.97020143852429	6.44289419677725	4.96354040599868	8.23355892954525	15.322094230918	5.5387091901687	3.88690174810697	8.84686351593468
2021-05-12	7.92588546795614	6.51586809061683	4.95471201498352	7.87621830575301	15.1375145323637	5.4834321423214	3.7564908137826	8.74503858438867
2021-05-13	7.87428276187936	6.58798979748877	4.94235379477518	7.48872118272573	14.9325065408485	5.42639212454266	3.62917404394829	8.6381499354183
2021-05-14	7.81550768109466	6.65888061560554	4.92687525923953	7.07142923908629	14.708298490294	5.36752193724851	3.50497816520296	8.52601348202302
2021-05-15	7.74967458640271	6.72816184317963	4.90868592224243	6.6247041534575	14.4661186146219	5.30675438085499	3.38392990414552	8.40844513720229
2021-05-16	7.67689783860418	6.7954547784235	4.88819529764973	6.14890760446223	14.2071951477537	5.24402225577812	3.26605598737489	8.28526081395553
2021-05-17	7.59729179849978	6.86038071954963	4.86581289932731	5.64440127072337	13.9327563236112	5.17925836243393	3.15138314148998	8.15627642528223
2021-05-18	7.51097082689017	6.92256096477049	4.84194824114103	5.11154683086371	13.6440303761159	5.11239550123845	3.03993809308972	8.0213078841818
2021-05-19	7.41804928457605	6.98161681229856	4.81701083695675	4.55070596350612	13.3422455391895	5.04336647260771	2.93174756877301	7.88017110365371
2021-05-20	7.31864153235811	7.03716956034631	4.79141020064034	3.9622403472735	13.0286300467535	4.97210407695775	2.82683829513878	7.73268199669741
2021-05-21	7.21286193103701	7.08884050712623	4.76555584605766	3.34651166078863	12.7044121327297	4.89854111470458	2.72523699878593	7.57865647631233
2021-05-22	7.10082484141346	7.13625095085077	4.73985728707457	2.70388158267442	12.3708200310396	4.82261038626424	2.6269704063134	7.41791045549795
2021-05-23	6.98264462428812	7.17902218973243	4.71472403755694	2.03471179155367	12.0290819756048	4.74424469205275	2.53206524432009	7.25025984725369
2021-05-24	6.85859000290628	7.2168431346704	4.69070620905133	1.34022638106683	11.6804784721801	4.66339511788236	2.44052722213597	7.07570517832984
2021-05-25	6.72954715029163	7.24967314731084	4.6689163038271	0.625099104924713	11.3264991138531	4.58008589115024	2.35227798001517	6.89498543048006
2021-05-26	6.59655660191243	7.27753920198663	4.6506074218343	0	10.9686857655444	4.49435952464974	2.26721814094289	6.70902419920881
2021-05-27	6.46065889323695	7.30046827303067	4.63703266302299	0	10.6085802921747	4.40625853117422	2.1852483279043	6.51874508002057
2021-05-28	6.32289455973349	7.31848733477582	4.62944512734323	0	10.2477245586647	4.31582542351707	2.10626916388461	6.32507166841985
2021-05-29	6.1843041368703	7.33162336155498	4.62909791474507	0	9.88766042993507	4.22310271447165	2.03018127186899	6.12892755991108
2021-05-30	6.04592816011567	7.33990332770104	4.63724412517858	0	9.52992977090647	4.12813291683133	1.95688527484264	5.93123634999878
2021-05-31	5.90898204653843	7.34345045422123	4.65476132982917	0	9.17592090540792	4.0310384851618	1.88630354191032	5.73287285945995
2021-06-01	5.77538073960977	7.34277294882025	4.68102498482376	0	8.82640799290188	3.93226164111804	1.81844542665518	5.53451681016184
2021-06-02	5.64721406440142	7.33847526587712	4.71503501752462	0	8.4820116517592	3.83232454812737	1.75334202877994	5.33679914924424
2021-06-03	5.52657184598511	7.33116185977089	4.75579135529403	0	8.14335250035063	3.73174936961709	1.69102444798731	5.14035082384691
2021-06-04	5.41554390943259	7.3214371848806	4.80229392549428	0	7.811051157047	3.63105826901451	1.63152378398002	4.94580278110964
2021-06-05	5.3162200798156	7.30990569558529	4.85354265548763	0	7.48572824021913	3.53077340974694	1.5748711364608	4.75378596817224
2021-06-06	5.23069018220588	7.297171846264	4.90853747263637	0	7.1680043682378	3.43141695524167	1.52109760513237	4.56493133217446
2021-06-07	5.16052086006887	7.28362238623623	4.96632155413444	0	6.85845924205951	3.33347001986672	1.4702174689352	4.37982601433036
2021-06-08	5.10518603044487	7.26877324458331	5.02611107650246	0	6.55750889298335	3.23724952175278	1.42217772376073	4.198881932151
2021-06-09	5.06363642876785	7.25192264532701	5.08716546609272	0	6.26552843489413	3.14303132997127	1.37690854473816	4.02246719722174
2021-06-10	5.0348227904718	7.23236881248913	5.1487441492575	0	5.98289298167667	3.05109131359358	1.33434010699669	3.85094992112793
2021-06-11	5.01769585099072	7.20940997009145	5.21010655234909	0	5.70997764721571	2.9617053416911	1.29440258566551	3.68469821545489
2021-06-12	5.0112063457586	7.18234434215576	5.27051210171977	0	5.44715754539606	2.87514928333524	1.2570261558738	3.52408019178795
2021-06-13	5.01430501020941	7.15047015270384	5.32922022372183	0	5.19480779010253	2.79169900759741	1.22214099275078	3.36946396171249
2021-06-14	5.02594257977717	7.11308562575748	5.38549034470755	0	4.95330349521988	2.71163038354899	1.18967727142563	3.22121763681381
2021-06-15	5.04506978989584	7.06948898533846	5.43858189102922	0	4.72301977463292	2.63521928026139	1.15956516702754	3.07970932867726
2021-06-16	5.07063737599943	7.01897845546857	5.48775428903913	0	4.50433174222645	2.56274156680601	1.13173485468571	2.9453071488882
2021-06-17	5.10159607352192	6.9608522601696	5.53226696508956	0	4.29761451188523	2.49447311225423	1.10611650952934	2.81837920903195
2021-06-18	5.13689661789729	6.89440862346332	5.57137934553279	0	4.10324319749408	2.43068978567748	1.08264030668761	2.69929362069386
2021-06-19	5.17548974455955	6.81894576937153	5.60435085672111	0	3.92159291293776	2.37166745614715	1.06123642128972	2.58841849545926
2021-06-20	5.21632618894268	6.733761921916	5.63044092500682	0	3.75303877210109	2.31768199273462	1.04183502846487	2.48612194491349
2021-06-21	5.25844710117022	6.63841902356664	5.64909936401566	0	3.59768718693699	2.26888171289503	1.02441162176185	2.39267005537397
2021-06-22	5.30125529012397	6.53353389058571	5.66053753646735	0	3.45456976167084	2.22490472761836	1.00912296840784	2.30792081208633
2021-06-23	5.3442439793753	6.4199870576836	5.66515719235506	0	3.32244939859622	2.18526159627831	0.996171154049626	2.2316301750283
2021-06-24	5.38690639249552	6.29865905957072	5.66336008167197	0	3.20008900000666	2.14946287824859	0.985758264333985	2.16355410417759
2021-06-25	5.42873575305602	6.17043043095743	5.65554795441125	0	3.08625146819569	2.11701913290291	0.978086384907699	2.10344855951191
2021-06-26	5.46922528462813	6.03618170655413	5.64212256056609	0	2.97969970545687	2.08744091961498	0.973357601417551	2.05106950100897
2021-06-27	5.50786821078321	5.89679342107119	5.62348565012966	0	2.87919661408374	2.06023879775849	0.971773999510321	2.00617288864649
2021-06-28	5.54424491483841	5.75306331183462	5.60006068513803	0	2.78366996628012	2.03502868156315	0.973506349295059	1.96844644425362
2021-06-29	5.57828441909404	5.60545792663285	5.57235797579879	0	2.69270701389104	2.01184790468266	0.978600158729888	1.93730493706523
2021-06-30	5.61000290559623	5.45436101586988	5.54090954436244	0	2.60605987867178	1.9908391556267	0.987069620235196	1.91209489816762
2021-07-01	5.63941655639108	5.30015632994975	5.50624741307944	0.109698848626201	2.52348068237764	1.97214512290497	0.998928926231373	1.8921628586471
2021-07-02	5.66654155352471	5.14322761927651	5.46890360420029	0.547606955623269	2.44472154676392	1.95590849502715	1.01419226913881	1.87685534958999
2021-07-03	5.69139407904324	4.98395863425417	5.42941013997547	0.966868321263107	2.36953459358592	1.94227196050294	1.03287384137789	1.86551890208258
2021-07-04	5.71399031499278	4.82273312528677	5.38829904265546	1.36677648165749	2.29767194459893	1.93137820784202	1.05498783536901	1.85750004721119
2021-07-05	5.73434644341945	4.65993484277832	5.34610233449075	1.74662497291831	2.22888572155826	1.92336992555409	1.08054844353256	1.85214531606212
2021-07-06	5.75247864636937	4.49594753713286	5.30335203773182	2.10570733115737	2.16292804621919	1.91838980214883	1.10956985828893	1.84880123972169
2021-07-07	5.76840310588863	4.33115495875443	5.26058017462914	2.44331709248647	2.09955104033703	1.91658052613594	1.1420662720585	1.84681434927618
2021-07-08	5.78213600402338	4.16594085804704	5.21831876743322	2.75874779301749	2.03850682566707	1.91808478602511	1.17805187726168	1.84553117581192
2021-07-09	5.79369352281971	4.00068898541473	5.17709983839451	3.05129296886225	1.97954752396462	1.92304527032602	1.21754086631883	1.84429825041521
2021-07-10	5.80309184432374	3.83578309126154	5.13745540976353	3.32024615613255	1.92242525698497	1.93160466754838	1.26054743165036	1.84246210417235
2021-07-11	5.81034715058159	3.67160692599148	5.09991750379073	3.56490089094026	1.86689214648341	1.94390566620186	1.30708576567666	1.83936926816966
2021-07-12	5.81553914398377	3.50858003205555	5.06496846213518	3.78492850421683	1.81263092336079	1.95997264343103	1.35714723808864	1.83449158349212
2021-07-13	5.81900160829841	3.34726512009259	5.03289190409013	3.98151150617234	1.75904675510014	1.97935673091997	1.41063192765938	1.8278021312194
2021-07-14	5.821131847638	3.18826069278841	5.00392176835742	4.15621020183647	1.70547541833004	2.00149074898763	1.46741709043245	1.81939930242984
2021-07-15	5.82232716611508	3.03216525282882	4.97829199363889	4.3105848962389	1.65125268967906	2.02580751795296	1.52737998245145	1.80938148820181
2021-07-16	5.82298486784215	2.87957730289962	4.95623651863635	4.44619589440935	1.59571434577577	2.05173985813491	1.59039785975998	1.79784707961365
2021-07-17	5.82350225693173	2.7310953456866	4.93798928205165	4.56460350137751	1.53819616324875	2.07872058985244	1.65634797840161	1.78489446774372
2021-07-18	5.82427663749634	2.5873178838756	4.92378422258662	4.66736802217306	1.47803391872658	2.10618253342449	1.72510759441996	1.77062204367035
2021-07-19	5.8256310152085	2.44868668440651	4.91376469142621	4.75596717905839	1.41472037667922	2.13363428502807	1.79654783506874	1.7551073571536
2021-07-20	5.82759120198084	2.31501657123573	4.90771168968782	4.83154836322649	1.3483762529422	2.16088754427245	1.87051531244225	1.73834459268024
2021-07-21	5.83010871128599	2.18596563257373	4.905315630972	4.89517638310305	1.27927925119243	2.18782978662496	1.94685050984494	1.72030709341876
2021-07-22	5.83313505659657	2.06119195663102	4.90626692887927	4.94791604711375	1.20770707510682	2.21434848755291	2.02539391058123	1.70096820253763
2021-07-23	5.83662175138523	1.94035363161809	4.91025599701017	4.99083216368426	1.13393742836231	2.24033112252363	2.10598599795556	1.68030126320533
2021-07-24	5.84052030912458	1.82310874574542	4.91697324896524	5.02498954124028	1.0582480146358	2.26566516700446	2.18846725527237	1.65827961859034
2021-07-25	5.84478224328728	1.70911538722351	4.926109098345	5.05145298820747	0.980916537604209	2.2902380964627	2.27267816583609	1.63487661186112
2021-07-26	5.84935906734594	1.59803164426286	4.93735395874999	5.07128731301152	0.902220700944457	2.31393738636569	2.35845921295115	1.61006558618617
2021-07-27	5.8542022947732	1.48951560507395	4.95039824378075	5.08555732407811	0.822438208333452	2.33665051218075	2.445650879922	1.58381988473395
2021-07-28	5.8592634390417	1.38322535786729	4.9649323670378	5.09532782983292	0.741846763448121	2.3582649493752	2.53409365005307	1.55611285067294
2021-07-29	5.86449401362406	1.27881899085334	4.98064674212168	5.10166363870162	0.660724069965369	2.37866817341638	2.6236280066488	1.52691782717162
2021-07-30	5.86984553199292	1.17595459224262	4.99723178263291	5.1056295591099	0.57934783156212	2.3977476597716	2.71409443301362	1.49620815739847
2021-07-31	5.87526950762091	1.07429025024562	5.01437790217205	5.10829039948343	0.497995751915293	2.41539088390818	2.80533341245195	1.46395718452196
2021-08-01	5.88071745398066	0.973484053072821	5.03177551433961	5.1107109682479	0.416945534701795	2.43148532129346	2.89718542826826	1.43013825171056
