date	state	King	Snohomish	Pierce	Ann Arbor	Boston	San Diego	DC
2020-01-26	0	0	0	0	0	0	0	0
2020-01-27	0	0	0	0	0	0	0	0
2020-01-28	0	0	0	0	0	0	0	0
2020-01-29	0	0	0	0	0	0	0	0
2020-01-30	0	0	0	0	0	0	0	0
2020-01-31	0	0	0	0	0	0	0	0
2020-02-01	0	0	0	0	0	0	0	0
2020-02-02	0	0	0	0	0	0	0	0
2020-02-03	0	0	0	0	0	0	0	0
2020-02-04	0	0	0	0	0	0	0	0
2020-02-05	0	0	0	0	0	0	0	0
2020-02-06	0	0	0	0	0	0	0	0
2020-02-07	0	0	0	0	0	0	0	0
2020-02-08	0	0	0	0	0	0	0	0
2020-02-09	0	0	0	0	0	0	0	0
2020-02-10	0	0	0.253183631906135	0	0	0	0	0
2020-02-11	0	1.25131404190599	4.50751710917892	0	0	0	0	0
2020-02-12	0	4.66878315670457	9.03621360961807	0	0	0	0	0
2020-02-13	1.46019858991391	8.31877824431951	13.8554263951084	0	0	0	0	0
2020-02-14	3.72009611365989	12.2153580903761	18.9813087275347	0	0	0	0	0
2020-02-15	6.15365650416559	16.3725814804995	24.4300138687818	0	0	0	0	0
2020-02-16	8.77141664273686	20.8045072003151	30.2176950807344	0.722968444049872	0	0	0	0
2020-02-17	11.5839134106796	25.5251940354482	36.3605056252775	2.52296932273293	0	0	0	0
2020-02-18	14.6016836892995	30.548700771524	42.8745987642957	4.48815084824048	2.78766210100308	0	0	0
2020-02-19	17.8352643599026	35.8890861941679	49.7761277596738	6.62822986744009	7.04993866590883	0	0	0
2020-02-20	21.2951923037947	41.560409089005	57.0812458732968	8.95292322719933	11.7204025880778	0	0	0
2020-02-21	24.9920044022817	47.5767282416607	64.8061063670493	11.4719477743858	16.8215167079209	0	0.295075916638507	0
2020-02-22	28.9362375366693	53.9521024377602	72.9668625028163	14.195020355867	22.375743865849	8.4526365751812	1.3921293150576	0
2020-02-23	33.1384285882635	60.7005904629289	81.5796675424824	17.1318578185105	28.405546902273	27.4486059893421	2.60332583914811	0
2020-02-24	37.6079454617711	67.8334239787063	90.6569048520458	20.2920369477295	34.9341662693439	48.4010065452772	3.93495616394182	0
2020-02-25	42.3494801555035	75.3505261502893	100.195878213958	23.6845742831194	41.9879528661729	71.441824090906	5.39491728260159	0
2020-02-26	47.3665556911729	83.2489930187893	110.190121514785	27.3183463028213	49.5940352036111	96.7102059493317	6.99150776782306	3.28099721401943
2020-02-27	52.6626950904915	91.5259206253176	120.63316864109	31.2022294849762	57.7795417925098	124.345299443658	8.73302619230186	11.3155052932083
2020-02-28	58.2414213751717	100.178405010985	131.51855347944	35.345100307725	66.5716011437203	154.486251896987	10.6277711287336	20.2425720486904
2020-02-29	64.1062575669257	109.203542216904	142.839809916399	39.7558352492088	75.9973417680937	187.272210632423	12.684041149814	30.1206734639572
2020-03-01	70.2607266874659	118.598428284184	154.590471838532	44.4433107875686	86.0838921764813	222.84232297307	14.9101348282386	41.0082855225002
2020-03-02	76.7037728492199	128.354215084413	166.755423835318	49.4123362662425	96.8485437177231	261.307739317208	17.3124584783707	52.9562749482812
2020-03-03	83.4160245274766	138.438277811076	179.284953307891	54.6514524898565	108.269239092615	302.667622363831	19.8898493812449	65.9850714271452
2020-03-04	90.3735312882401	148.812047488135	192.120698360299	60.1451331283337	120.314083839941	346.893137887112	22.6392525595632	80.1074953854078
2020-03-05	97.5523426975148	159.43695513955	205.20429709659	65.8778518515972	132.951183498485	393.955451661223	25.5576130360278	95.3363672493847
2020-03-06	104.928508321305	170.274431789283	218.477387620811	71.8340823295699	146.148643607033	443.825729460334	28.6418758333407	111.684507445391
2020-03-07	112.478077725615	181.285908461294	231.881608037011	77.9982982321752	159.874569704368	496.475137058619	31.8889859742041	129.164736399744
2020-03-08	120.177100476448	192.432816179545	245.358596449237	84.3549732293359	174.097067329274	551.87484023025	35.2958884813202	147.789874538757
2020-03-09	128.00162613981	203.676585967998	258.849990961536	90.8885809909751	188.784242020538	609.996004749397	38.859528377391	167.572742288747
2020-03-10	135.927704281704	214.978648850612	272.297429677958	97.5835951870161	203.904199316941	670.809796390234	42.5768506851188	188.526160076029
2020-03-11	143.931384468134	226.300435851349	285.642550702549	104.424489487382	219.42504475727	734.287380926933	46.4448004272055	210.662948326919
2020-03-12	151.988716265105	237.60337799417	298.826992139359	111.395737561995	235.314883880308	800.399924133665	50.4603226263534	233.995927467733
2020-03-13	160.075749238622	248.848906303036	311.792392092433	118.481813080779	251.541822224841	869.118591784602	54.6203623052646	258.537917924786
2020-03-14	168.168532954687	259.998451801908	324.48038866582	125.667189713658	268.073965329651	940.414549653916	58.9218644866412	284.301740124394
2020-03-15	176.243116979306	271.013445514748	336.832619963569	132.936341130553	284.879418733525	1014.25896351578	63.3617741931853	311.300214492872
2020-03-16	184.27204058919	281.852762042842	348.788337141988	140.269344694171	301.910958532173	1090.58072820505	67.93455967331	339.533421096272
2020-03-17	192.213801903875	292.46505029678	360.277243566429	147.628692538343	319.060043049019	1169.13965479933	72.6247820782719	368.950478559592
2020-03-18	200.023388753607	302.796402764478	371.226655654509	154.972480489687	336.202801164416	1249.65328343691	77.4145257850386	399.487765147565
2020-03-19	207.65578896863	312.792911933852	381.56388982384	162.258804374817	353.215361758713	1331.83915425608	82.2858751705775	431.081659124925
2020-03-20	215.065990379187	322.400670292816	391.216262492038	169.445760020349	369.973853712262	1415.41480739513	87.2209146118562	463.668538756405
2020-03-21	222.208980815523	331.565770329288	400.111090076717	176.491443252898	386.354405905414	1500.09778299234	92.2017284858422	497.184782306739
2020-03-22	229.039748107883	340.234304531183	408.175688995491	183.35394989908	402.233147218521	1585.60562118601	97.2104011695032	531.566768040661
2020-03-23	235.516727994006	348.358066283864	415.346525965597	189.989193730979	417.48997824802	1671.63463256823	102.228745337986	566.738584055769
2020-03-24	241.612147841615	355.911652562491	421.596668902757	196.344360302564	432.019886454695	1757.79620954632	107.237486859154	602.575157781122
2020-03-25	247.301682925929	362.87536123967	426.908336022316	202.364453113271	445.721631015417	1843.68051498142	112.217079899052	638.939126478643
2020-03-26	252.561008522166	369.229490188008	431.26374553962	207.994475662537	458.493971107055	1928.87771173465	117.147978623723	675.693127410256
2020-03-27	257.365799905545	374.954337280112	434.645115670013	213.1794314498	470.235665906481	2012.97796266714	122.01063719921	712.699797837885
2020-03-28	261.691732351284	380.030200388588	437.034664628841	217.864323974496	480.845474590564	2095.57143064002	126.785509791557	749.821775023452
2020-03-29	265.514481134601	384.437377386043	438.414610631447	221.994156736063	490.222156336174	2176.24827851442	131.453050566807	786.921696228883
2020-03-30	268.817260433634	388.162420565727	438.779512236899	225.527121820892	498.287845867367	2254.61833543989	135.997805151517	823.871932959707
2020-03-31	271.613440038191	391.216899903463	438.173289379147	228.474165663188	505.058180096932	2330.37009571961	140.420685014303	860.583793695891
2020-04-01	273.923928640998	393.618639795718	436.652202335863	230.859423284112	510.572171484841	2403.21171994521	144.726693084291	896.978321161006
2020-04-02	275.769634934783	395.385464638956	434.272511384719	232.707029704824	514.868832491069	2472.8513687083	148.920832290611	932.976558078625
2020-04-03	277.171467612272	396.535198829645	431.090476803388	234.041119946482	517.987175575588	2538.99720260047	153.008105562389	968.499547172321
2020-04-04	278.150335366191	397.08566676425	427.16235886954	234.885829030247	519.966213198373	2601.35738221335	156.993515828754	1003.46833116567
2020-04-05	278.727146889267	397.054692839238	422.544417860849	235.265291977278	520.844957819396	2659.64006813854	160.882066018834	1037.80395278223
2020-04-06	278.922810874228	396.460101451073	417.292914054986	235.203643808736	520.66242189863	2713.55342096766	164.678759061758	1071.42745474559
2020-04-07	278.758236013799	395.319716996224	411.464107729623	234.72501954578	519.457617896049	2762.80560129232	168.388597886652	1104.25987977932
2020-04-08	278.254331000707	393.651363871154	405.114259162432	233.85355420957	517.269558271627	2807.10476970412	172.016585422646	1136.22227060699
2020-04-09	277.43200452768	391.472866472331	398.299628631086	232.613382821265	514.137255485337	2846.15908679467	175.567724598867	1167.23566995216
2020-04-10	276.312165287443	388.802049196221	391.076476413255	231.028640402025	510.099721997152	2879.6767131556	179.047018344444	1197.22112053843
2020-04-11	274.915721972723	385.656736439289	383.501062786613	229.123461973011	505.195970267045	2907.36580937851	182.459469588504	1226.09966508935
2020-04-12	273.263583276247	382.054752598002	375.629648028832	226.921982555382	499.46501275499	2928.934536055	185.810081260175	1253.7923463285
2020-04-13	271.377888726879	378.016805012587	367.515110788183	224.449891045192	492.951357084482	2944.15751263102	189.102027631886	1280.22680018224
2020-04-14	269.285701198024	373.575132798312	359.196803195342	221.739091838078	485.721491533104	2953.07519396984	192.331168349265	1305.3570353881
2020-04-15	267.015314399228	368.764858014206	350.710695751583	218.823043204571	477.847399541959	2955.79449378903	195.491534401242	1329.1436538864
2020-04-16	264.595022040035	363.6211027193	342.092758958184	215.735203415203	469.401064552151	2952.4223258062	198.577156776745	1351.54725761745
2020-04-17	262.053117829987	358.178988972623	333.378963316418	212.509030740504	460.454470004786	2943.06560373892	201.582066464704	1372.52844852157
2020-04-18	259.417895478629	352.473638833204	324.605279327562	209.177983451007	451.079599340966	2927.8312413048	204.500294454046	1392.04782853908
2020-04-19	256.717648695505	346.540174360074	315.807677492891	205.775519817241	441.348436001797	2906.82615222141	207.325871733702	1410.0659996103
2020-04-20	253.978506249961	340.411428644639	307.018560104919	202.331039939352	431.327277205972	2880.19502577014	210.054213506443	1426.54581666652
2020-04-21	251.217937150558	334.111078907816	298.256056621121	198.857711235937	421.059675282545	2848.2336534875	212.686271830419	1441.45914660294
2020-04-22	248.451245465659	327.660513402902	289.534728290211	195.364642955205	410.583496338161	2811.27560247377	215.224382977621	1454.78010930577
2020-04-23	245.693735263625	321.08112038319	280.8691363609	191.860944345367	399.936606479463	2769.65443982926	217.67088322004	1466.48282466119
2020-04-24	242.960710612821	314.394288101977	272.273842081903	188.355724654633	389.156871813096	2723.70373265427	220.02810882967	1476.54141255539
2020-04-25	240.267475581608	307.621404812557	263.763406701933	184.858093131214	378.282158445704	2673.75704804909	222.298396078501	1484.92999287456
2020-04-26	237.62933423835	300.783858768226	255.352391469704	181.377159023319	367.35033248393	2620.14795311401	224.484081238527	1491.62268550489
2020-04-27	235.06159065141	293.903038222278	247.055357633928	177.922031579158	356.39926003442	2563.21001494933	226.587500581739	1496.59361033256
2020-04-28	232.579548889151	287.00033142801	238.886866443319	174.501820046942	345.466807203816	2503.27680065535	228.610990380129	1499.81688724377
2020-04-29	230.198513019935	280.097126638715	230.861479146591	171.125633674881	334.590840098763	2440.68187733235	230.556886905688	1501.26663612471
2020-04-30	227.933787112125	273.214812107689	222.993756992457	167.802581711185	323.809224825905	2375.75881208065	232.42752643041	1500.91697686156
2020-05-01	225.800675234085	266.374776088228	215.298261229629	164.541773404065	313.159827491886	2308.84117200054	234.225245226286	1498.74202934051
2020-05-02	223.814481454177	259.598406833626	207.789553106822	161.352318001729	302.68051420335	2240.2625241923	235.952379565308	1494.71591344776
2020-05-03	221.990509840763	252.907092597178	200.482193872749	158.24332475239	292.409151066942	2170.35643575624	237.611265719468	1488.81274906949
2020-05-04	220.344056805004	246.322035222231	193.390441424333	155.224482500649	282.378087663529	2099.44417907561	239.206536207246	1481.02651079393
2020-05-05	218.890388129239	239.863690912328	186.527340251334	152.307798476684	272.597607470874	2027.79784766555	240.752008533072	1471.43059201748
2020-05-06	217.644761938606	233.552329461066	179.905631491724	149.505859507065	263.072477440965	1955.67724032413	242.263796447867	1460.11824083855
2020-05-07	216.622436358242	227.40822066204	173.538056283471	146.831252418361	253.80746452579	1883.34215584945	243.758013702547	1447.18270535559
2020-05-08	215.838669513284	221.451634308845	167.437355764548	144.296564037144	244.807335677334	1811.0523930396	245.250774048033	1432.71723366701
2020-05-09	215.308719528868	215.702840195077	161.616271072924	141.914381189983	236.076857847585	1739.06775069266	246.758191235242	1416.81507387126
2020-05-10	215.047844530133	210.182108114331	156.087543346569	139.697290703447	227.620797988531	1667.64802760672	248.296379015094	1399.56947406675
2020-05-11	215.070509256373	204.910478518593	150.863136305701	137.656361133216	219.444254760103	1597.03569626658	249.884596083801	1381.06933009734
2020-05-12	215.388004903522	199.912074493402	145.951903999519	135.796587951396	211.553653654007	1527.40392390384	251.554680918748	1361.38612878861
2020-05-13	216.010829281671	195.21178978269	141.361923059471	134.121448359204	203.955751869894	1458.90855143682	253.341616942612	1340.58700471156
2020-05-14	216.949480200911	190.834518130387	137.101270117002	132.634419557857	196.657306607416	1391.70541978384	255.280387578072	1318.73909243717
2020-05-15	218.214455471334	186.805153280424	133.17802180356	131.338978748569	189.665075066223	1325.9503698632	257.405976247806	1295.90952653645
2020-05-16	219.816252903031	183.148588976731	129.600254750591	130.238603132557	182.985814445966	1261.79924259324	259.753366374492	1272.1654415804
2020-05-17	221.765370306094	179.889718963238	126.376045589542	129.336769911036	176.626281946297	1199.40787889225	262.357541380808	1247.57397214001
2020-05-18	224.069122913086	177.048965835063	123.512457900514	128.637571139641	170.593571347697	1138.90879533263	265.251928773925	1222.20539744664
2020-05-19	226.722095646453	174.62886759207	121.012503058231	128.147558291676	164.89612275398	1080.3412111031	268.463732398984	1196.14257537304
2020-05-20	229.71569085111	172.627491085308	118.878179386072	127.873897694864	159.54271284979	1023.72102104645	272.018600185619	1169.47150845234
2020-05-21	233.041310871976	171.042903165826	117.111485207417	127.823755676926	154.542118319773	969.064120005467	275.942180063464	1142.27819921766
2020-05-22	236.690358053967	169.873170684677	115.714418845644	128.004298565586	149.903115848571	916.386402822942	280.260119962154	1114.64865020211
2020-05-23	240.654234742001	169.116360492908	114.688978624131	128.422692688566	145.634482120831	865.703764341668	284.998067811321	1086.66886393881
2020-05-24	244.924343280993	168.770539441571	114.037162866259	129.086104373587	141.744993821197	817.032099404436	290.1816715406	1058.42484296089
2020-05-25	249.492086015861	168.833774381716	113.760969895406	130.001699948374	138.243427634314	770.387302854037	295.836579079625	1030.00258980145
2020-05-26	254.348865291522	169.304132164392	113.862398034951	131.176645740648	135.138560244826	725.785269533262	301.98843835803	1001.48810699362
2020-05-27	259.486083452892	170.179679640649	114.343445608273	132.618108078131	132.439168337378	683.241894284903	308.662897305449	972.967397070525
2020-05-28	264.895142844889	171.458483661538	115.206110938751	134.333253288547	130.154028596615	642.77307195175	315.885603851515	944.52646256527
2020-05-29	270.567445812429	173.138611078108	116.452392349765	136.329247699617	128.291917707181	604.394697376596	323.682205925863	916.251306010979
2020-05-30	276.49439470043	175.21812874141	118.084288164692	138.613257639064	126.861612353722	568.122665402231	332.078351458127	888.22792994077
2020-05-31	282.667391853808	177.695103502494	120.103796706912	141.19244943461	125.871889220881	533.972870871447	341.099688377939	860.542336887761
2020-06-01	289.081123984347	180.569218751488	122.512318321649	144.077676331845	125.332404335358	501.948266752777	350.770136277011	833.278807508933
2020-06-02	295.743415271298	183.846624034836	125.308861441502	147.29453924782	125.256331092076	472.000038517728	361.10670139535	806.514734956715
2020-06-03	302.66537426078	187.535085438058	128.491836520916	150.872326017455	125.65772222801	444.066429763548	372.124661635043	780.325790507396
2020-06-04	309.858109498909	191.642369046678	132.059654014334	154.84032447567	126.550630480138	418.085684087486	383.839294898173	754.787645437267
2020-06-05	317.332729531804	196.176240946216	136.010724376202	159.227822457383	127.949108585435	393.996045086791	396.265879086825	729.975971022618
2020-06-06	325.100342905584	201.144467222195	140.343458060964	164.064107797514	129.867209280879	371.735756358712	409.419692103083	705.966438539738
2020-06-07	333.172058166365	206.554813960137	145.056265523063	169.378468330982	132.318985303446	351.243061500497	423.316011849034	682.834719264919
2020-06-08	341.554726371989	212.409428303359	150.144677635881	175.193702634067	135.312942211235	332.457409346635	437.957687173229	660.648141048082
2020-06-09	350.238168627192	218.687981626369	155.592706948538	181.506652248495	138.83539684684	315.323069680577	453.297850710099	639.440658033675
2020-06-10	359.207948548432	225.364526361469	161.381486429092	188.307669457353	142.867118873977	299.785517523015	469.277206040544	619.237880939778
2020-06-11	368.449629752167	232.413114940964	167.4921490456	195.58710654373	147.388877956361	285.790227894637	485.836456745462	600.06542048447
2020-06-12	377.948775854857	239.807799797157	173.90582776612	203.335315790711	152.381443757709	273.282675816135	502.916306405751	581.94888738583
2020-06-13	387.690950472959	247.522633362351	180.60365555871	211.542649481385	157.825585941738	262.208336308201	520.457458602312	564.913892361939
2020-06-14	397.661717222933	255.53166806885	187.566765391426	220.199459898839	163.702074172162	252.512684391523	538.400616916044	548.986046130876
2020-06-15	407.846639721237	263.808956348956	194.776290232327	229.29609932616	169.991678112699	244.141195086795	556.686484927844	534.190959410721
2020-06-16	418.231281584329	272.328550634975	202.213363049469	238.822920046434	176.675167427064	237.039343414705	575.255766218612	520.554242919552
2020-06-17	428.801206428668	281.064503359208	209.85911681091	248.770274342751	183.733311778974	231.152604395945	594.049164369248	508.10150737545
2020-06-18	439.541977870714	289.99086695396	217.694684484707	259.128514498196	191.146880832144	226.426453051206	613.00738296065	496.858363496494
2020-06-19	450.439159526923	299.081693851534	225.701199038918	269.887992795858	198.896644250291	222.806364401178	632.071125573717	486.850422000764
2020-06-20	461.478315013755	308.311036484233	233.8597934416	281.039061518823	206.96337169713	220.237813466552	651.181095789347	478.10329360634
2020-06-21	472.645007947669	317.65294728436	242.151600660811	292.572072950178	215.327832836378	218.666275268019	670.277997188441	470.6425890313
2020-06-22	483.921288014132	327.079318709733	250.556080951395	304.472638263829	223.96636597627	218.038112907551	689.298039076129	464.481556468993
2020-06-23	495.275149174646	336.553403320216	259.046003715347	316.707404196944	232.83758400311	218.303241812245	708.15945365446	459.583994013837
2020-06-24	506.671071459724	346.036293701189	267.592465641449	329.238276377511	241.895668447723	219.412465490481	726.77597884972	455.90133723552
2020-06-25	518.073534899878	355.489082438029	276.166563418482	342.027160433517	251.094800840934	221.316587450636	745.061352588191	453.385021703727
2020-06-26	529.447019525618	364.872862116116	284.739393735227	355.035961992948	260.389162713567	223.96641120109	762.929312796154	451.986482988147
2020-06-27	540.756005367456	374.148725320829	293.282053280467	368.226586683792	269.732935596445	227.312740250222	780.293597399894	451.657156658467
2020-06-28	551.964972455905	383.277764637544	301.765638742983	381.560940134035	279.080301020392	231.306378106409	797.067944325693	452.348478284372
2020-06-29	563.036064018678	392.224526076842	310.161248710862	394.999380693677	288.380122880382	235.898566560682	813.168955397367	454.007918112403
2020-06-30	573.9220760723	400.967369350093	318.4399893694	408.496077600767	297.559994527975	241.042300534665	828.524688028854	456.56708509651
2020-07-01	584.573467830499	409.48810759387	326.572968803202	422.003652815369	306.54219167888	246.691013232635	843.06606353163	459.953622867497
2020-07-02	594.940698507001	417.768553944745	334.53129509687	435.474728297545	315.248990048809	252.798137858867	856.724003217167	464.095175056166
2020-07-03	604.974227315533	425.79052153929	342.286076335006	448.861926007357	323.60266535347	259.317107617638	869.429428396938	468.91938529332
2020-07-04	614.624513469822	433.535823514077	349.808420602212	462.117867904869	331.525493308573	266.201355713223	881.113260382416	474.353897209763
2020-07-05	623.842016183597	440.986273005677	357.069435983092	475.195175950142	338.939749629828	273.404315349897	891.706420485074	480.326354436297
2020-07-06	632.582465766337	448.124685628506	364.042178422974	488.045668706419	345.781666202904	280.884449186221	901.155800459275	486.765779381997
2020-07-07	640.822676910538	454.937886908355	370.707495310089	500.617951149659	352.043299593309	288.620337697886	909.472173830942	493.606709569016
2020-07-08	648.54473540445	461.413704848859	377.048181893395	512.859824858998	357.730662536512	296.595590814868	916.682284568887	500.785061297778
2020-07-09	655.730727036322	467.539967453652	383.04703342185	524.719091413575	362.849767767981	304.793818467141	922.812876641925	508.236750868708
2020-07-10	662.362737594405	473.304502726367	388.686845144411	536.143552392529	367.406628023183	313.198630584682	927.890694018866	515.897694582231
2020-07-11	668.422852866948	478.695138670641	393.950412310037	547.081009374997	371.407256037587	321.793637097466	931.942480668525	523.703808738771
2020-07-12	673.8931586422	483.699703290107	398.820530167683	557.479263940117	374.857664546661	330.562447935467	934.994980559713	531.591009638753
2020-07-13	678.75574070841	488.306024588399	403.279993966309	567.286117667026	377.763866285872	339.488673028662	937.074937661244	539.495213582599
2020-07-14	682.992684853829	492.501930569152	407.311598954871	576.449372134863	380.13187399069	348.555922307025	938.209095941931	547.352336870737
2020-07-15	686.586076866707	496.275249236001	410.898140382327	584.916828922766	381.967700396583	357.747805700533	938.424199370586	555.098295803589
2020-07-16	689.518002535292	499.61380859258	414.022413497635	592.636289609872	383.277358239017	367.04793313916	937.746991916022	562.66900668158
2020-07-17	691.770547647834	502.505436642523	416.667213549753	599.55555577532	384.066860253462	376.439914552882	936.204217547053	570.000385805134
2020-07-18	693.325797992583	504.937961389465	418.815335787638	605.622428998247	384.342219175386	385.907359871675	933.82262023249	577.028349474676
2020-07-19	694.165839357788	506.89921083704	420.449575460247	610.784710857791	384.109447740256	395.433879025513	930.628943941147	583.688813990631
2020-07-20	694.280296188685	508.383225574512	421.55829523424	615.000139583831	383.382835124064	405.000614333182	926.654871591471	589.92606196019
2020-07-21	693.688947558448	509.408896533657	422.152127447086	618.266200009208	382.209776264892	414.578837668707	921.951841900451	595.717841217614
2020-07-22	692.419111197237	510.00132723188	422.247271853954	620.590313617504	380.645942541343	424.137353294922	916.576232534709	601.050265903932
2020-07-23	690.498104835213	510.185621186587	421.859928210013	621.9799018923	378.747005332024	433.644965474662	910.584421160868	605.909450160172
2020-07-24	687.953246202536	509.986881915183	421.006296270435	622.442386317178	376.568636015539	443.070478470762	904.032785445553	610.281508127363
2020-07-25	684.811853029367	509.430212935074	419.702575790389	621.98518837572	374.166505970492	452.382696546056	896.977703055385	614.152553946532
2020-07-26	681.101243045864	508.540717763664	417.964966525044	620.615729551508	371.596286575489	461.55042396338	889.475551656988	617.508701758709
2020-07-27	676.849249011094	507.340381097257	415.810793753201	618.347818551856	368.907087870806	470.54465939361	881.579662169098	620.339546447336
2020-07-28	672.085763799737	505.83871234775	413.261884848179	615.220812979015	366.121774543402	479.345179139798	873.331178518904	622.648605865511
2020-07-29	666.841195315382	504.042102105938	410.341192706927	611.280457658966	363.256649941909	487.933953913037	864.768197885708	624.442878608743
2020-07-30	661.145951461613	501.956940962616	407.071670226393	606.572497417693	360.32801741496	496.292954424422	855.928817448814	625.729363272546
2020-07-31	655.030440142017	499.589619508578	403.476270303528	601.142677081177	357.352180311186	504.404151385046	846.851134387524	626.515058452429
2020-08-01	648.525069260182	496.94652833462	399.577945835279	595.036741475403	354.345441979218	512.249515506002	837.573245881141	626.806962743906
2020-08-02	641.660246719692	494.034058031536	395.399649718596	588.300435426352	351.324105767687	519.811017498386	828.133249108966	626.612074742485
2020-08-03	634.466380424135	490.858599190121	390.964334850428	580.979503760006	348.304475025227	527.07062807329	818.569241250303	625.93739304368
2020-08-04	626.973878277098	487.426542401171	386.294954127724	573.119691302349	345.302853100468	534.010317941808	808.919319484453	624.789916243001
2020-08-05	619.213148182165	483.74427825548	381.414460447432	564.766742879364	342.335543342041	540.612057815035	799.22158099072	623.17664293596
2020-08-06	611.214598042925	479.818197343843	376.345806706503	555.966403317033	339.41884909858	546.857818404063	789.514122948406	621.104571718068
2020-08-07	603.008635762963	475.654690257055	371.111945801885	546.764417441338	336.569073718714	552.729570419988	779.835042536814	618.580701184836
2020-08-08	594.625669245866	471.26014758591	365.735830630526	537.206530078263	333.802520551076	558.209284573903	770.222436935246	615.612029931776
2020-08-09	586.09610639522	466.640959921205	360.240414089376	527.33848605379	331.135492944297	563.278931576901	760.714403323004	612.205556554399
2020-08-10	577.450595780579	461.802799444541	354.646814504569	517.207658553236	328.588773570967	567.924554941475	751.346610442981	608.373377816569
2020-08-11	568.720748635369	456.748464700755	348.968811918975	506.867934199261	326.201062399498	572.14848938571	742.145013292425	604.147983155563
2020-08-12	559.938416858982	451.48003582549	343.218351804651	496.374827973859	324.015538722263	575.957142429093	733.133138432174	599.566960177013
2020-08-13	551.13545235081	445.999592954391	337.407379633651	485.783854859023	322.075381831634	579.356921591107	724.334512423065	594.66789648655
2020-08-14	542.343707010247	440.309216223101	331.547840878031	475.150529836748	320.423771019981	582.354234391236	715.772661825937	589.488379689802
2020-08-15	533.595032736685	434.410985767264	325.651681009847	464.530367889027	319.103885579676	584.955488348966	707.471113201626	584.065997392402
2020-08-16	524.921281429517	428.306981722524	319.730845501155	453.978883997855	318.15890480309	587.167090983781	699.453393110973	578.43833719998
2020-08-17	516.352416163146	422.004400046484	313.799088092079	443.547318612639	317.6264870326	589.001089728822	691.736743061212	572.641264060423
2020-08-18	507.910844712018	415.530899984584	307.877395595021	433.269814052446	317.522206810605	590.492091671859	684.313264345182	566.703752290649
2020-08-19	499.61708602559	408.919256604222	301.988563090453	423.176238103757	317.856117729511	591.680343814318	677.168773202117	560.653053549831
2020-08-20	491.49165905332	402.202244972797	296.155385658846	413.296458553052	318.63827338172	592.606093157627	670.289085871254	554.516419497144
2020-08-21	483.555082744664	395.412640157709	290.400658380671	403.660343186812	319.878727359638	593.309586703211	663.660018591831	548.321101791762
2020-08-22	475.827876049079	388.583217226355	284.747176336399	394.297759791517	321.587533255669	593.831071452496	657.267387603081	542.094352092858
2020-08-23	468.330557916021	381.746751246135	279.217734606501	385.238576153648	323.774744662218	594.21079440691	651.097009144242	535.863422059607
2020-08-24	461.083647294949	374.936017284447	273.83512827145	376.512660059685	326.450415171689	594.489002567879	645.134699454549	529.655563351183
2020-08-25	454.107663135318	368.183790408691	268.622152411716	368.14987929611	329.624598376487	594.705942936829	639.36627477324	523.49802762676
2020-08-26	447.423124386585	361.522845686264	263.60160210777	360.180101649403	333.307347869016	594.901862515186	633.777551339549	517.418066545512
2020-08-27	441.050549998208	354.985958184566	258.796272440084	352.633194906044	337.508717241681	595.117008304378	628.354345392714	511.442931766612
2020-08-28	435.010458919643	348.605902970996	254.228958489129	345.539026852514	342.238760086886	595.391627305831	623.082473171969	505.599874949236
2020-08-29	429.323370100348	342.415455112952	249.922455335376	338.927465275294	347.507529997035	595.76596652097	617.947750916552	499.916147752557
2020-08-30	424.009802489778	336.447389677833	245.899558059297	332.828377960865	353.325080564534	596.280272951223	612.935994865698	494.419001835749
2020-08-31	419.088769024103	330.733733097117	242.183309509456	327.268130354167	359.702912070296	596.971378576496	608.033361048801	489.133929106248
2020-09-01	414.573258586339	325.303517258599	238.797743606798	322.25907853399	366.658311549273	597.862455290617	603.227364655878	484.079382464533
2020-09-02	410.474754046214	320.185025414152	235.767142040358	317.810076237583	374.210012724928	598.973259965894	598.505860667105	479.272055059348
2020-09-03	406.804738273454	315.406540815651	233.115786499175	313.929977202196	382.376749320721	600.323549474636	593.856704062656	474.728640039433
2020-09-04	403.574694137788	310.996346714969	230.867958672285	310.627635165078	391.177255060114	601.93308068915	589.267749822709	470.465830553531
2020-09-05	400.796104508944	306.982726363981	229.047940248727	307.911903863479	400.63026366657	603.821610481744	584.726852927436	466.500319750383
2020-09-06	398.480452256648	303.39396301456	227.680012917536	305.791637034648	410.75450886355	606.008895724726	580.221868357014	462.848800778731
2020-09-07	396.636421687848	300.257039254451	226.7870315006	304.273950765384	421.568645605256	608.51642701892	575.742667377098	459.522815152398
2020-09-08	395.261502858362	297.593735014883	226.386143351203	303.359010540674	433.091013768859	611.372629879213	571.287186395264	456.51329784553
2020-09-09	394.350387261229	295.424529562956	226.493068955481	303.045244195058	445.339874462269	614.607663549005	566.855378104567	453.806032197355
2020-09-10	393.897766389488	293.76990216577	227.123528799567	303.331079563071	458.333488793397	618.2516872717	562.447195198064	451.3868015471
2020-09-11	393.898331736175	292.650332090426	228.293243369596	304.214944479252	472.090117870154	622.334860290698	558.06259036881	449.241389233992
2020-09-12	394.346774794328	292.086298604023	230.017933151703	305.695266778138	486.62802280045	626.887341849401	553.701516309863	447.355578597258
2020-09-13	395.237787056987	292.098280973662	232.313318632022	307.770474294266	501.965464692197	631.939291191212	549.363925714277	445.715152976127
2020-09-14	396.568444595578	292.704689827285	235.194077180707	310.439232684627	518.117665527158	637.520710605887	545.053352942274	444.312426355241
2020-09-15	398.345361795081	293.915661236202	238.670713703995	313.701158896034	535.087690782506	643.660974568603	540.787659022737	443.165835300915
2020-09-16	400.577537618866	295.739262632568	242.752689992142	317.556107697752	552.875566809268	650.389300600892	536.588286651715	442.300347024877
2020-09-17	403.273971030304	298.183561448535	247.449467835402	322.003933859045	571.48131995847	657.734906224286	532.476678525256	441.740928738857
2020-09-18	406.443660992763	301.256625116256	252.770509024033	327.044492149181	590.904976581137	665.727008960317	528.474277339408	441.512547654586
2020-09-19	410.095606469614	304.966521067886	258.725275348291	332.677637337424	611.146563028296	674.394826330516	524.60252579022	441.640170983793
2020-09-20	414.238806424227	309.321316735577	265.32322859843	338.90322419304	632.206105650974	683.767575856417	520.88286657374	442.148765938208
2020-09-21	418.88225981997	314.329079551482	272.573830564708	345.721107485295	654.083630800196	693.87447505955	517.336742386017	443.063299729561
2020-09-22	424.034965620214	319.997876947755	280.48654303738	353.131141983454	676.779164826987	704.744741461447	513.985595923099	444.408739569581
2020-09-23	429.705922788329	326.335776356548	289.070827806702	361.133182456782	700.292734082376	716.407592583641	510.850869881035	446.210052669998
2020-09-24	435.904130287684	333.350845210016	298.336146662931	369.727083674547	724.624364917387	728.892245947664	507.954006955872	448.492206242542
2020-09-25	442.638587081649	341.051150940311	308.291961396321	378.912700406013	749.774083683047	742.227919075047	505.31644984366	451.280167498944
2020-09-26	449.918292133594	349.444760979587	318.94773379713	388.689887420445	775.741916730382	756.443829487322	502.959641240447	454.598903650931
2020-09-27	457.752244406888	358.539742759997	330.312925655612	399.05849948711	802.527890410417	771.569194706021	500.905023842281	458.473381910236
2020-09-28	466.15499835152	368.34801144912	342.395686240311	410.021683959894	830.136977973493	787.637637630665	499.17964637184	462.923969358662
2020-09-29	475.163330363955	378.896873156234	355.198914732912	421.595758531173	858.593940267195	804.700402672723	497.832981658322	467.952632558323
2020-09-30	484.819572327275	390.217481726047	368.724197793388	433.800333477942	887.928485038422	822.813139621653	496.920108557551	473.556737941405
2020-10-01	495.166056124565	402.340991003262	382.973122081713	446.655019077199	918.170320034074	842.031498266914	496.496105925355	479.733651940097
2020-10-02	506.245113638908	415.298554832585	397.947274257859	460.179425605939	949.349153001052	862.411128397964	496.61605261756	486.480740986585
2020-10-03	518.099076753386	429.121327058721	413.648240981798	474.393163341159	981.494691686252	884.007679804261	497.335027489991	493.795371513058
2020-10-04	530.770277351083	443.840461526376	430.077608913503	489.315842559854	1014.63664383657	906.876802275262	498.708109398476	501.674909951703
2020-10-05	544.299433123503	459.484984406925	447.238079493309	504.967347453016	1048.79282537057	931.062821069048	500.794133324532	510.123396659641
2020-10-06	558.720804995828	476.075411178425	465.13681328299	521.368657867608	1083.9334848934	956.564763318179	503.666958752447	519.171567693723
2020-10-07	574.067039701658	493.630129645604	483.782085624686	538.541027564589	1120.01697918186	983.370331623839	507.404201292201	528.856833035735
2020-10-08	590.370783974595	512.167527613189	503.182171860533	556.505710304915	1157.00166501277	1011.46722858721	512.083476553773	539.216602667462
2020-10-09	607.664684548243	531.705992885909	523.34534733267	575.283959849546	1194.84589916293	1040.84315680948	517.782400147144	550.28828657069
2020-10-10	625.9813881562	552.26391326849	544.279887383233	594.897029959438	1233.50803840916	1071.48581889182	524.578587682293	562.109294727202
2020-10-11	645.353541532071	573.85967656566	565.994067354359	615.36617439555	1272.94643952825	1103.38291743542	532.549654769199	574.717037118784
2020-10-12	665.813791409456	596.511670582146	588.496162588187	636.71264691884	1313.11945929702	1136.52215504147	541.773217017843	588.14892372722
2020-10-13	687.394784521957	620.238283122678	611.794448426854	658.957701290267	1353.98545449227	1170.89123431114	552.326890038205	602.442364534297
2020-10-14	710.129167603176	645.057901991981	635.897200212498	682.122591270786	1395.50278189082	1206.47785784562	564.288289440262	617.634769521799
2020-10-15	734.049587386714	670.988914994783	660.812693287255	706.228570621356	1437.62979826946	1243.26972824609	577.735030833996	633.763548671511
2020-10-16	759.188690606173	698.049709935812	686.549202993263	731.296893102936	1480.32486040501	1281.25454811374	592.744729829387	650.866111965218
2020-10-17	785.579123995156	726.258674619797	713.115004672661	757.348812476484	1523.54632507428	1320.42002004974	609.395002036414	668.979869384705
2020-10-18	813.253534287262	755.634196851464	740.518373667585	784.405582502956	1567.25254905407	1360.75384665528	627.763463065056	688.142230911757
2020-10-19	842.235557709594	786.181996675856	768.764882453756	812.484985250988	1611.40812899057	1402.23889124318	647.930589581675	708.383412784673
2020-10-20	872.512788463253	817.857123099285	797.849292041237	841.59091601992	1656.00262100743	1444.8386599728	669.988302478154	729.704856267809
2020-10-21	904.063810242838	850.601957368376	827.763660573674	871.723798416771	1701.03182109769	1488.51181971513	694.031383702759	752.100808882033
2020-10-22	936.867206742949	884.358880729754	858.500046194708	902.884056048558	1746.4915252544	1533.21703734117	720.154615203752	775.565518148215
2020-10-23	970.901561658186	919.070274430046	890.050507047988	935.072112522297	1792.37752947059	1578.9129797219	748.4527789294	800.093231587224
2020-10-24	1006.14545868315	954.678519715877	922.407101277158	968.288391445007	1838.68562973929	1625.55831372834	779.020656827967	825.678196719928
2020-10-25	1042.57748151244	991.125997833875	955.561887025864	1002.53331642371	1885.41162205354	1673.11170623147	811.953030847718	852.3146610672
2020-10-26	1080.16175956624	1028.34370798512	989.491036167877	1037.79108310279	1932.52918210394	1721.53885813633	847.346319695856	879.993989498223
2020-10-27	1118.80460516711	1066.21712118851	1024.10717549748	1073.98097527619	1979.92350437128	1770.83360648419	885.303489115334	908.696016275463
2020-10-28	1158.39787636316	1104.6203264174	1059.30704553909	1111.0060487752	2027.45766303393	1820.99682235036	925.929141608045	938.397693009699
2020-10-29	1198.83343120254	1143.42741264515	1094.98738681712	1148.76935943114	2074.99473227024	1872.02937681016	969.327879675883	969.075971311715
2020-10-30	1240.00312773338	1182.51246884512	1131.04493985597	1187.1739630753	2122.39778625857	1923.93214093889	1015.60430582073	1000.70780279229
2020-10-31	1281.7988240038	1221.74958399065	1167.37644518006	1226.12291553899	2169.52989917729	1976.70598581186	1064.8630225445	1033.27013906221
2020-11-01	1324.11237806195	1261.01284705511	1203.8786433138	1265.51927265352	2216.25414520474	2030.3517825044	1117.20863234907	1066.73993173225
2020-11-02	1366.83440037944	1300.18040200633	1240.45521147766	1305.26566563021	2262.42763121644	2084.87433151023	1172.72000237503	1101.08526596923
2020-11-03	1409.85051112181	1339.14661279007	1277.03757367636	1345.26302720047	2307.88359487655	2140.29415099687	1231.37305831783	1136.2387611642
2020-11-04	1453.04508287811	1377.80989834657	1313.56409061069	1385.41186547571	2352.44930654638	2196.63568855022	1293.11799051159	1172.12417026421
2020-11-05	1496.30248823734	1416.06867761608	1349.97312298141	1425.61268856737	2395.95203658723	2253.92339175622	1357.90498929046	1208.66524621633
2020-11-06	1539.50709978857	1453.82136953884	1386.20303148931	1465.76600458687	2438.21905536042	2312.1817082008	1425.68424498857	1245.78574196763
2020-11-07	1582.54329012079	1490.96639305509	1422.19217683516	1505.77232164564	2479.07763322725	2371.43508546987	1496.40594794005	1283.40941046519
2020-11-08	1625.29543182307	1527.40216710507	1457.87891971975	1545.53214785509	2518.35504054903	2431.70797114938	1570.02028847904	1321.46000465607
2020-11-09	1667.64789748442	1563.02711062903	1493.20162084385	1584.94599132665	2555.87854768708	2493.02481282523	1646.47745693968	1359.86127748735
2020-11-10	1709.48505969387	1597.7396425672	1528.09864090825	1623.91436017175	2591.47542500269	2555.41005808336	1725.72764365611	1398.53698190609
2020-11-11	1750.69129104045	1631.43818185983	1562.50834061372	1662.33776250182	2624.97294285719	2618.8881545097	1807.72103896246	1437.41087085936
2020-11-12	1791.15096411321	1664.02114744716	1596.36908066104	1700.11670642827	2656.19837161188	2683.48354969017	1892.40783319286	1476.40669729424
2020-11-13	1830.74845150116	1695.38695826943	1629.61922175099	1737.15170006252	2684.97898162807	2749.22069121069	1979.73821668146	1515.44821415779
2020-11-14	1869.36812579334	1725.43403326689	1662.19712458435	1773.34325151602	2711.14204326707	2816.1240266572	2069.66237976238	1554.45917439708
2020-11-15	1906.89435957878	1754.06079137977	1694.04114986189	1808.59186890017	2734.51482689019	2884.21800361561	2162.13051276977	1593.36333095919
2020-11-16	1943.21731963521	1781.17457594151	1725.08748814675	1842.80191133241	2754.95314910487	2953.51480035257	2257.08413105591	1632.08397168192
2020-11-17	1978.25034949513	1806.71842785827	1755.26364945144	1875.89314195417	2772.42701150306	3023.97751785758	2354.43005004562	1670.54252396605
2020-11-18	2011.91258687975	1830.64431242941	1784.49497365083	1907.78917491291	2786.93496192284	3095.55698780084	2454.06641018188	1708.65995010308
2020-11-19	2044.12316951026	1852.9041949543	1812.70680061979	1938.41362435607	2798.4755482023	3168.20404185256	2555.89135190768	1746.35721238451
2020-11-20	2074.80123510786	1873.45004073228	1839.82447023318	1967.69010443109	2807.04731817951	3241.86951168296	2659.80301566597	1783.55527310186
2020-11-21	2103.86592139376	1892.2338150627	1865.77332236586	1995.54222928541	2812.64881969256	3316.50422896223	2765.69954189973	1820.17509454664
2020-11-22	2131.23636608915	1909.20748324494	1890.47869689271	2021.89361306649	2815.27860057953	3392.0590253606	2873.47907105194	1856.13763901036
2020-11-23	2156.84281974617	1924.33404984237	1913.87094088554	2046.67642945249	2814.95652389287	3468.44977475748	2983.02120503959	1891.37099243143
2020-11-24	2180.65998424064	1937.62067647448	1935.90043020396	2069.85709024448	2811.78771354249	3545.4525198692	3094.13139167569	1925.83173533597
2020-11-25	2202.67367427931	1949.08556402479	1956.52254790453	2091.41056677423	2805.89860865265	3622.80834562132	3206.59654024727	1959.48357189702
2020-11-26	2222.86970456893	1958.7469133768	1975.69267704381	2111.31183037354	2797.41564834762	3700.25833693936	3320.20356004136	1992.29020628758
2020-11-27	2241.23388981626	1966.62292541405	1993.36620067836	2129.53585237419	2786.46527175168	3777.54357874888	3434.73936034499	2024.21534268069
2020-11-28	2257.75204472804	1972.73180102003	2009.49850186474	2146.05760410798	2773.17391798909	3854.40515597542	3549.99085044519	2055.22268524937
2020-11-29	2272.40998401104	1977.09174107827	2024.04496365951	2160.85205690668	2757.66802618414	3930.58415354452	3665.74493962898	2085.27593816666
2020-11-30	2285.19352237199	1979.72094647227	2036.96096911923	2173.89418210208	2740.07403546108	4005.82165638173	3781.78853718339	2114.33880560557
2020-12-01	2296.08847451766	1980.63761808557	2048.20190130046	2185.15895102598	2720.51838494419	4079.8587494126	3897.90855239546	2142.37499173914
2020-12-02	2305.08065515478	1979.85995680166	2057.72314325976	2194.62133501015	2699.12751375775	4152.43651756265	4013.89189455221	2169.34820074039
2020-12-03	2312.15587899013	1977.40616350408	2065.48007805369	2202.25630538639	2676.02786102601	4223.29604575745	4129.52547294067	2195.22213678235
2020-12-04	2317.29996073044	1973.29443907632	2071.42808873881	2208.03883348647	2651.34586587326	4292.17841892253	4244.59619684787	2219.96050403803
2020-12-05	2320.49871508248	1967.54298440191	2075.52255837168	2211.9438906422	2625.20796742376	4358.82472198344	4358.89097556083	2243.52700668048
2020-12-06	2321.73795675298	1960.17000036436	2077.71887000886	2213.94644818535	2597.74060480179	4422.97603986572	4472.1967183666	2265.88534888272
2020-12-07	2321.03923923373	1951.22149312737	2078.00716954169	2214.06444343532	2569.07516721269	4484.4125008512	4584.27592615296	2287.0155102964
2020-12-08	2318.5670711566	1940.85468997537	2076.51665420058	2212.48767766195	2539.36284418613	4543.07040664685	4694.79346621087	2306.96257248775
2020-12-09	2314.52169993847	1929.25462347297	2073.41128405076	2209.44891812269	2508.75977533288	4598.92510231592	4803.38979743204	2325.7878925016
2020-12-10	2309.10337299625	1916.60632618478	2068.85501915742	2205.18093207499	2477.42210026369	4651.95193292166	4909.70537870817	2343.55282738282
2020-12-11	2302.51233774683	1903.09483067542	2063.01181958577	2199.91648677631	2445.5059585893	4702.12624352731	5013.38066893101	2360.31873417624
2020-12-12	2294.94884160709	1888.90516950949	2056.04564540101	2193.88834948409	2413.16748992047	4749.42337919613	5114.05612699225	2376.14696992671
2020-12-13	2286.61313199394	1874.22237525162	2048.12045666835	2187.32928745579	2380.56283386795	4793.81868499137	5211.37221178362	2391.09889167909
2020-12-14	2277.69806340454	1859.23107341513	2039.38863105116	2180.45839886424	2347.85946187144	4835.30465862462	5304.97932293253	2405.23460862288
2020-12-15	2268.36691865724	1844.11426130826	2029.95621660543	2173.44010554385	2315.27017268645	4873.9424084008	5394.56762300917	2418.60923852618
2020-12-16	2258.77558765063	1829.05452918799	2019.91767898535	2166.42516024441	2283.01909689741	4909.81019527317	5479.83721531944	2431.27665130175
2020-12-17	2249.07996028334	1814.23446731127	2009.36748384507	2159.56431571571	2251.33036508877	4942.98628019501	5560.48820316923	2443.29071686236
2020-12-18	2239.43592645396	1799.83666593508	1998.40009683876	2153.00832470754	2220.42810784498	4973.54892411958	5636.22068986443	2454.70530512076
2020-12-19	2229.99937606112	1786.04371531636	1987.1099836206	2146.90793996971	2190.53645575047	5001.57638800013	5706.73477871093	2465.57428598973
2020-12-20	2220.92619900343	1773.0382057121	1975.59160984475	2141.413914252	2161.8795393897	5027.14693278993	5771.73057301463	2475.95152938201
2020-12-21	2212.32341246194	1760.94796264146	1963.90967184469	2136.63009130588	2134.63115021619	5050.29749849619	5830.92931720338	2485.86608821279
2020-12-22	2204.1025427475	1749.6817526725	1952.00978867116	2132.47267888961	2108.76372315983	5070.89974134179	5884.13682019284	2495.24774740689
2020-12-23	2196.1262434534	1739.09357763549	1939.80781005418	2128.81097576311	2084.19935401958	5088.78399660357	5931.18003202066	2504.00147489158
2020-12-24	2188.25716817291	1729.03743936068	1927.2195857238	2125.5142806863	2060.86013859441	5103.78059955836	5971.88590272446	2512.0322385941
2020-12-25	2180.35797049934	1719.36733967835	1914.16096541006	2122.4518924191	2038.66817268328	5115.71988548299	6006.08138234186	2519.2450064417
2020-12-26	2172.29130402597	1709.93728041875	1900.54779884299	2119.49310972145	2017.54555208516	5124.43218965429	6033.59342091051	2525.54474636164
2020-12-27	2163.91982234609	1700.60126341216	1886.29593575265	2116.50723135327	1997.41437259902	5129.74784734909	6054.24896846803	2530.83642628115
2020-12-28	2155.10617905298	1691.21329048883	1871.32122586907	2113.36355607449	1978.19673002382	5131.49719384423	6067.87497505206	2535.0250141275
2020-12-29	2145.71302773994	1681.62736347903	1855.53951892228	2109.93138264503	1959.81472015854	5129.51056441653	6074.29839070022	2538.01547782792
2020-12-30	2135.60302200025	1671.69748421302	1838.86666464233	2106.08000982482	1942.19043880213	5123.61829434282	6073.34616545014	2539.71278530968
2020-12-31	2124.6388154272	1661.27765452108	1821.21851275926	2101.67873637379	1925.24598175356	5113.65071889994	6064.84524933946	2540.02190450002
2021-01-01	2112.68306161408	1650.22187623346	1802.51091300311	2096.59686105185	1908.90344481181	5099.43817336471	6048.62259240581	2538.8478033262
2021-01-02	2099.59841415418	1638.38415118043	1782.65971510392	2090.70368261895	1893.08492377583	5080.81099301398	6024.50514468681	2536.09544971545
2021-01-03	2085.24752664079	1625.61848119226	1761.58076879173	2083.868499835	1877.71251444459	5057.59951312455	5992.3198562201	2531.66981159504
2021-01-04	2069.51833986505	1611.80244701086	1739.21833334738	2075.97840378373	1862.71893131004	5029.67728717566	5951.97113228684	2525.48876306085
2021-01-05	2052.39994340951	1596.9079450248	1715.63030625492	2066.99165484413	1848.07936363602	4997.09074145602	5903.67319914228	2517.52180288333
2021-01-06	2033.9067140546	1580.93045053428	1690.90299454921	2056.88430571897	1833.77961937938	4959.92952045673	5847.71773828521	2507.75133600155
2021-01-07	2014.05302858072	1563.86543883951	1665.1227052651	2045.63240911104	1819.80550649692	4918.28326866892	5784.39643121441	2496.15976735458
2021-01-08	1992.85326376829	1545.70838524072	1638.37574543746	2033.21201772311	1806.1428329455	4872.24163058368	5714.00095942868	2482.72950188153
2021-01-09	1970.32179639773	1526.4547650381	1610.74842210113	2019.59918425796	1792.77740668192	4821.89425069212	5636.82300442679	2467.44294452145
2021-01-10	1946.47300324945	1506.10005353188	1582.32704229098	2004.76996141839	1779.69503566302	4767.33077348534	5553.15424770752	2450.28250021344
2021-01-11	1921.3329666215	1484.653889224	1553.19817656344	1988.71350666841	1766.87265272971	4708.67140684092	5463.3147165919	2431.25003040892
2021-01-12	1894.97459088252	1462.18256342331	1523.44944956125	1971.47139651709	1754.25169025917	4646.15861218229	5367.73782168976	2410.42522260867
2021-01-13	1867.48248591876	1438.76653064042	1493.16874944877	1953.09831223473	1741.76470551269	4580.06541431936	5266.88531943317	2387.90722082583
2021-01-14	1838.9412616165	1414.48624538592	1462.44396439032	1933.64893509165	1729.34425575152	4510.66483806202	5161.21896625421	2363.79516907353
2021-01-15	1809.43552786201	1389.4221621704	1431.36298255023	1913.17794635813	1716.92289823694	4438.22990822017	5051.20051858493	2338.18821136491
2021-01-16	1779.04989454154	1363.65473550446	1400.01369209285	1891.74002730449	1704.43319023022	4363.03364960372	4937.29173285743	2311.1854917131
2021-01-17	1747.86897154138	1337.26441989868	1368.4839811825	1869.38985920104	1691.80768899262	4285.34908702257	4819.95436550375	2282.88615413123
2021-01-18	1715.97736874779	1310.33166986367	1336.86173798353	1846.18212331808	1678.97895178543	4205.44924528661	4699.65017295596	2253.38934263244
2021-01-19	1683.45969604704	1282.93693991002	1305.23485066026	1822.17150092592	1665.8795358699	4123.60714920575	4576.84091164615	2222.79420122986
2021-01-20	1650.40056332539	1255.16068454832	1273.69120737703	1797.41267329487	1652.44199850731	4040.09582358989	4451.98833800636	2191.19987393662
2021-01-21	1616.88458046911	1227.08335828916	1242.31869629818	1771.96032169522	1638.59889695892	3955.18829324892	4325.55420846868	2158.70550476586
2021-01-22	1582.99635736448	1198.78541564314	1211.20520558804	1745.8691273973	1624.28278848601	3869.15758299276	4198.00027946518	2125.4102377307
2021-01-23	1548.82050389776	1170.34731112086	1180.43862341095	1719.19377167139	1609.42623034985	3782.2767176313	4069.78830742792	2091.41321684429
2021-01-24	1514.44162995521	1141.8494992329	1150.10683793123	1691.98893578782	1593.96177981171	3694.81872197444	3941.38004878897	2056.81358611976
2021-01-25	1479.94631334953	1113.37301581048	1120.28741872464	1664.31830012166	1577.8364518695	3607.05978973709	3813.21038643896	2021.71940597736
2021-01-26	1445.42900359906	1085.00122196728	1091.01666101257	1636.28154146715	1561.05509246778	3519.28879025425	3685.60670910277	1986.27440246588
2021-01-27	1410.98611814858	1056.81806013759	1062.32054142783	1607.98733572331	1543.63700528775	3431.79776176593	3558.86953196389	1950.63121804122
2021-01-28	1376.71407444286	1028.90747275571	1034.22503660322	1579.54435878913	1525.6014940106	3344.87874251212	3433.29937020572	1914.94249515928
2021-01-29	1342.70928992667	1001.35340225593	1006.75612317154	1551.06128656363	1506.96786231754	3258.82377073282	3309.19673901175	1879.36087627597
2021-01-30	1309.06818204479	974.23979107256	979.939777765611	1522.64679494583	1487.75541388977	3173.92488466806	3186.86215356543	1844.0390038472
2021-01-31	1275.88716824198	947.650581639884	953.801977018225	1494.40955983473	1467.98345240849	3090.47412255783	3066.59612905019	1809.12952032886
2021-02-01	1243.25380935962	921.661426522023	928.364670833355	1466.44969542942	1447.69089004915	3008.73328483838	2948.66309863703	1774.77222758717
2021-02-02	1211.22023982554	896.314818802374	903.633702199612	1438.83306912922	1426.99507296431	2928.843220731	2833.18316744706	1741.05556512948
2021-02-03	1179.82973746417	871.644961694158	879.610887376773	1411.61698663356	1406.03295580077	2850.9145416532	2720.24035858893	1708.05513187347
2021-02-04	1149.12558009995	847.686058410595	856.298042624615	1384.85875364182	1384.94149320532	2775.05785902251	2609.91869517128	1675.8465267368
2021-02-05	1119.1510455573	824.472312164903	833.696984202911	1358.61567585343	1363.85763982478	2701.38378425646	2502.30220030276	1644.50534863712
2021-02-06	1089.94941166066	802.037926170303	811.809528371437	1332.94505896778	1342.91835030595	2630.00292877257	2397.47489709202	1614.10719649211
2021-02-07	1061.56395623446	780.417103640015	790.637491389971	1307.90420868427	1322.26057929564	2561.02590398838	2295.5208086477	1584.72766921942
2021-02-08	1034.03795710314	759.644047787256	770.182689518285	1283.55043070233	1302.02128144064	2494.56332132139	2196.52395807845	1556.44236573673
2021-02-09	1007.41469209112	739.752961825249	750.446939016157	1259.94103072134	1282.33741138777	2430.72579218915	2100.56836849291	1529.32688496169
2021-02-10	981.737439022845	720.77804896721	731.432056143361	1237.13331444071	1263.34592378382	2369.62392800916	2007.73806299973	1503.45682581197
2021-02-11	957.04947572274	702.753512426361	713.139857159673	1215.18458755986	1245.18377327561	2311.36834019897	1918.11706470756	1478.90778720524
2021-02-12	933.394080015242	685.713555415922	695.57215832487	1194.15215577819	1227.98791450993	2256.0696401761	1831.78939672505	1455.75536805915
2021-02-13	910.81452972478	669.692381149111	678.730775898725	1174.09332479509	1211.8953021336	2203.83843935807	1748.83908216083	1434.07516729137
2021-02-14	889.354102675789	654.724192839148	662.617526141014	1155.06540030999	1197.04289079341	2154.7853491624	1669.35014412355	1413.94278381957
2021-02-15	869.048594230787	640.840495751271	647.236302933083	1137.11871377585	1183.5647202688	2108.99050026191	1593.38190063063	1395.40854050369
2021-02-16	849.903869904636	628.062003358782	632.599310642543	1120.27569966	1171.58317086971	2066.41210035051	1520.89484933449	1378.42165597281
2021-02-17	831.918312750282	616.406731187005	618.72083125858	1104.55181818333	1161.21770803872	2026.9778763774	1451.82478279634	1362.90607279829
2021-02-18	815.090305820672	605.892694761261	605.615146770375	1089.96252956673	1152.58779721839	1990.6155552918	1386.10749357737	1348.7857335515
2021-02-19	799.418232168753	596.537909606871	593.29653916711	1076.52329403109	1145.81290385131	1957.25286404289	1323.67877423877	1335.98458080381
2021-02-20	784.900474847473	588.360391249158	581.77929043797	1064.24957179731	1141.01249338003	1926.81752957989	1264.47441734175	1324.42655712657
2021-02-21	771.535416909777	581.378155213442	571.077682572135	1053.15682308627	1138.30603124713	1899.23727885199	1208.43021544749	1314.03560509115
2021-02-22	759.323267352913	575.606892881313	561.211189078067	1043.26227614583	1137.81683227766	1874.44290823323	1155.47423558434	1304.73393599319
2021-02-23	748.271538951329	571.052999059427	552.22004954133	1034.5902313317	1139.68360882655	1852.37749179695	1105.50364264918	1296.43683602539
2021-02-24	738.389570423772	567.720544410708	544.149695066769	1027.16675702654	1144.04892263118	1832.98717304134	1058.40787600604	1289.05786010476
2021-02-25	729.686700488991	565.613599598079	537.045556759226	1021.01792161301	1151.05533542897	1816.21809546459	1014.07637501895	1282.51056314826
2021-02-26	722.172267865732	564.736235284464	530.953065723543	1016.16979347378	1160.84540895731	1802.01640256486	972.398579051931	1276.70850007291
2021-02-27	715.855611272744	565.092522132786	525.917653064565	1012.64844099151	1173.56170495361	1790.32823784034	933.263927469014	1271.56522579567
2021-02-28	710.746069428775	566.68653080597	521.984749887134	1010.47993254888	1189.34678515525	1781.09974478922	896.56185963423	1266.99429523353
2021-03-01	706.846508943887	569.514233832038	519.190510778957	1009.68048712865	1208.30289358846	1774.26395072411	862.18433885066	1262.91585558371
2021-03-02	704.133907993407	573.539211199411	517.533984259194	1010.22692611403	1230.37100343466	1769.70141821532	830.033424177633	1259.27642316429
2021-03-03	702.578772643978	578.716944761609	517.00494232987	1012.08622148834	1255.4517701641	1767.27959364763	800.013698613539	1256.02910657355
2021-03-04	702.15160896224	585.002916372153	517.59315699301	1015.22534523491	1283.44584924704	1766.86592340578	772.02974515676	1253.12701440981
2021-03-05	702.822923014836	592.352607884562	519.288400250638	1019.61126933704	1314.2538961537	1768.32785387454	745.986146805686	1250.52325527136
2021-03-06	704.563220868406	600.721501152358	522.080444104778	1025.21096577806	1347.77656635435	1771.53283143867	721.787486558705	1248.17093775651
2021-03-07	707.343008589595	610.065078029061	525.959060557455	1031.9914065413	1383.91451531923	1776.34830248291	699.338347414201	1246.02317046355
2021-03-08	711.132792245042	620.33882036819	530.914021610693	1039.91956361005	1422.56839851858	1782.64171339203	678.543312370563	1244.03306199078
2021-03-09	715.90307790139	631.498210023266	536.935099266516	1048.96240896766	1463.63887142265	1790.28051055079	659.306964426177	1242.1537209365
2021-03-10	721.624371625281	643.498728847811	544.01206552695	1059.08691459743	1507.02658950169	1799.13214034394	641.533886579429	1240.33825589901
2021-03-11	728.267179483356	656.295858695342	552.134692394018	1070.26005248268	1552.63220822594	1809.06404915624	625.128661828708	1238.53977547662
2021-03-12	735.802007542258	669.845081419381	561.292751869745	1082.44879460674	1600.35638306564	1819.94368337246	609.9958731724	1236.71138826761
2021-03-13	744.199361868629	684.10187887345	571.476015956155	1095.62011295291	1650.09976949105	1831.63848937733	596.040103608891	1234.8062028703
2021-03-14	753.429748529108	699.021732911066	582.674256655273	1109.74097950453	1701.76302297241	1844.01591355564	583.16593613657	1232.77732788297
2021-03-15	763.458809204197	714.553343940466	594.865669948892	1124.77113014279	1755.19441679304	1856.92008322582	571.283747668642	1230.58228748818
2021-03-16	774.232728029817	730.618286588731	607.982147737881	1140.64135634037	1810.03269548851	1870.10184944116	560.327090777596	1228.19626820543
2021-03-17	785.692824755751	747.131354037661	621.94400590288	1157.27521346788	1865.8642214075	1883.2887441886	550.235311950737	1225.59887213846
2021-03-18	797.780419131779	764.007339469055	636.671560324525	1174.59625689587	1922.27535689866	1896.20829945513	540.947757675375	1222.76970139103
2021-03-19	810.436830907678	781.161036064707	652.085126883453	1192.52804199493	1978.85246431063	1908.58804722771	532.403774438816	1219.68835806688
2021-03-20	823.603379833233	798.507237006419	668.105021460306	1210.99412413563	2035.18190599209	1920.1555194933	524.542708728366	1216.33444426976
2021-03-21	837.221385658223	815.960735475986	684.651559935719	1229.91805868855	2090.85004429169	1930.63824823886	517.303907031335	1212.68756210342
2021-03-22	851.232688287621	833.442379218508	701.64570894162	1249.22741717912	2145.46160575664	1939.79543079986	510.627932283673	1208.7263501843
2021-03-23	865.581208247192	850.897234232293	719.011038115094	1268.86583575213	2198.69477372846	1947.51292590571	504.460213215906	1204.4255931796
2021-03-24	880.211386217889	868.276421078946	736.671767844509	1288.78096670725	2250.24609574719	1953.70825763428	498.747395007205	1199.75911226919
2021-03-25	895.067662880668	885.531060320078	754.552118518242	1308.92046234412	2299.81211935292	1958.29895006349	493.436122836739	1194.70072863296
2021-03-26	910.094478916485	902.612272517296	772.576310524661	1329.23197496239	2347.08939208569	1961.20252727122	488.47304188368	1189.2242634508
2021-03-27	925.236275006294	919.471178232206	790.66856425214	1349.66315686173	2391.77446148557	1962.33651333537	483.804797327196	1183.30353790259
2021-03-28	940.437491831054	936.058898026418	808.753100089053	1370.16166034178	2433.56387509263	1961.61843233384	479.378034346459	1176.91237316822
2021-03-29	955.642570071719	952.32655246154	826.754138423769	1390.6751377022	2472.15418044692	1958.96580834452	475.139398120639	1170.02459042757
2021-03-30	970.795950409244	968.225262099178	844.59589964466	1411.15124124263	2507.24192508852	1954.2961654453	471.035533828905	1162.61401086052
2021-03-31	985.842073524586	983.706147500942	862.202604140101	1431.53762326273	2538.52365655749	1947.52702771408	467.013086650429	1154.65445564697
2021-04-01	1000.7253800987	998.720329228438	879.498472298462	1451.78193606216	2565.69592239389	1938.57591922875	463.01870176438	1146.11974596679
2021-04-02	1015.39031081254	1013.21892784328	896.407724508116	1471.83183194057	2588.45527013778	1927.36036406721	458.999024349928	1136.98370299987
2021-04-03	1029.78130634707	1027.15306390706	912.854581157436	1491.6349631976	2606.49824732923	1913.79788630736	454.900699586244	1127.22014792609
2021-04-04	1043.84280738323	1040.47385798141	928.763262634791	1511.13898213292	2619.5214015083	1897.80601002709	450.670372652498	1116.80290192534
2021-04-05	1057.51959269003	1053.13303951806	944.062177295291	1530.29081400426	2627.2742461963	1879.34069508913	446.263266396894	1105.71161627311
2021-04-06	1070.75779338858	1065.08477352935	958.696485360981	1549.03447590172	2629.71815883946	1858.51164449564	441.668914343774	1093.94926262726
2021-04-07	1083.50387868805	1076.28383391775	972.61553502064	1567.31325787349	2626.86748286529	1835.4669970336	436.885427686514	1081.52464274129
2021-04-08	1095.70431779759	1086.68499458573	985.768674463052	1585.07044996776	2618.73656170126	1810.35489149	431.910917618489	1068.44655836866
2021-04-09	1107.30557992638	1096.24302943576	998.105251876994	1602.24934223271	2605.33973877487	1783.32346665183	426.743495333076	1054.72381126287
2021-04-10	1118.25413428357	1104.91271237031	1009.57461545125	1618.79322471654	2586.6913575136	1754.52086130607	421.381272023649	1040.36520317737
2021-04-11	1128.49645007832	1112.64881729186	1020.1261133746	1634.64538746742	2562.80576134494	1724.09521423972	415.822358883586	1025.37953586566
2021-04-12	1137.98202904891	1119.40726816011	1029.71374953816	1649.74450104033	2533.75798936598	1692.19298867839	410.072230917003	1009.78192215038
2021-04-13	1146.67250305006	1125.14858916373	1038.31015064241	1664.01075801737	2499.86586335217	1658.95394560225	404.165818370987	993.612719130904
2021-04-14	1154.53253646558	1129.8344545486	1045.89259909018	1677.35973148743	2461.50790074857	1624.5161704301	398.145415303367	976.918594975751
2021-04-15	1161.52679367932	1133.42653856061	1052.43837728428	1689.70699453939	2419.06261900026	1589.01774858072	392.053315771971	959.746217853461
2021-04-16	1167.6199390751	1135.88651544566	1057.92476762754	1700.96812026214	2372.90853555228	1552.59676547292	385.931813834627	942.142255932564
2021-04-17	1172.77663703675	1137.17605944964	1062.32905252277	1711.05868174457	2323.4241678497	1515.3913065255	379.823203549164	924.153377381596
2021-04-18	1176.96155194809	1137.25684481845	1065.6285143728	1719.89425207556	2270.98803333757	1477.53945715724	373.769778973411	905.826250369088
2021-04-19	1180.14577086518	1136.09890896471	1067.80535676028	1727.40038113922	2215.95842224286	1439.16958515925	367.804856185103	887.204405211225
2021-04-20	1182.32607153293	1133.70574196799	1068.86146798729	1733.54252600057	2158.61271592015	1400.37118781186	361.925839341611	868.318820814794
2021-04-21	1183.50565436846	1130.0891970746	1068.8036575357	1738.29612051988	2099.20806850591	1361.22404476769	356.12115462021	849.197338234229
2021-04-22	1183.6877197889	1125.26112753084	1067.63873488744	1741.63659855737	2038.00163413661	1321.80793567939	350.379228198177	829.867798523967
2021-04-23	1182.87546821137	1119.23338658301	1065.37350952439	1743.53939397331	1975.25056694874	1282.20264019958	344.688486252791	810.358042738445
2021-04-24	1181.072100053	1112.01782747743	1062.01479092845	1743.97994062794	1911.21202107876	1242.4879379809	339.037354961327	790.695911932096
2021-04-25	1178.28081573092	1103.62630346039	1057.56938858153	1742.93367238152	1846.14315066316	1202.74360867597	333.414260501063	770.909247159358
2021-04-26	1174.50481566226	1094.07066777821	1052.04411196553	1740.37602309428	1780.30110983841	1163.04943193745	327.807629049275	751.025889474669
2021-04-27	1169.74730026414	1083.36277367718	1045.44577056234	1736.28242662649	1713.94305274099	1123.48518741795	322.205886783241	731.073679932462
2021-04-28	1164.01146995369	1071.51447440361	1037.78117385387	1730.62831683838	1647.32613350738	1084.13065477011	316.597459880238	711.080459587176
2021-04-29	1157.30052514803	1058.53762320381	1029.05713132202	1723.38912759022	1580.70750627405	1045.06561364655	310.970774517541	691.074069493243
2021-04-30	1149.61766626429	1044.44407332408	1019.28045244868	1714.54029274224	1514.34432517747	1006.36984369993	305.314256872429	671.082350705102
2021-05-01	1140.9660937196	1029.24567801072	1008.45794671576	1704.0572461547	1448.49374435413	968.123124582861	299.616333122179	651.13314427719
2021-05-02	1131.34900793109	1012.95429051005	996.596423605162	1691.91542168784	1383.4129179405	930.405235947982	293.865429444067	631.25429126394
2021-05-03	1120.77988261915	995.59690618559	983.715375259051	1678.10569161011	1319.32946752893	893.287005298404	288.049143642795	611.472908806515
2021-05-04	1109.31328471727	977.261088869801	969.885024460703	1662.68068182269	1256.35288453529	856.80345153915	282.151760032769	591.813218392986
2021-05-05	1097.01405446221	958.049544512361	955.188276653661	1645.70845663497	1194.56312783129	820.980641425711	276.156734555819	572.298717598142
2021-05-06	1083.94703209074	938.064979062956	939.70803728147	1627.25708035631	1134.04015628868	785.844641713591	270.047523153776	552.952903996779
2021-05-07	1070.1770578396	917.410098471267	923.527211787673	1607.39461729611	1074.86392877918	751.421519158283	263.807581768468	533.79927516369
2021-05-08	1055.76897194555	896.187608686977	906.728705615815	1586.18913176373	1017.11440417453	717.737340515286	257.420366341728	514.861328673668
2021-05-09	1040.78761464537	874.500215659769	889.395424209442	1563.70868806856	960.871541346451	684.8181725401	250.869332815385	496.162562101509
2021-05-10	1025.29169625574	852.443740347077	871.604905508163	1540.01802226714	906.204720090964	652.686884356321	244.145424814359	477.725448182146
2021-05-11	1009.31540741313	830.086463737347	853.413217435859	1515.16855740461	853.14100390121	621.35355455996	237.269536695929	459.568360291084
2021-05-12	992.886808833955	807.489781826777	834.871060412477	1489.20838827331	801.696877194621	590.825064115131	230.270050500467	441.708646963969
2021-05-13	976.03396123461	784.715090611563	816.029134857961	1462.18560966554	751.888824388615	561.10829398594	223.17534826834	424.163656736444
2021-05-14	958.784925331506	761.823786087906	796.938141192259	1434.14831637362	703.733329900626	532.210125136504	216.01381203992	406.950738144158
2021-05-15	941.167761841045	738.877264251999	777.648779835317	1405.14460318988	657.246878148072	504.137438530931	208.813823855574	390.087239722753
2021-05-16	923.210531479636	715.936921100043	758.211751207081	1375.22256490661	612.445953548384	476.897115133332	201.603765755673	373.590510007877
2021-05-17	904.941294963685	693.064152628235	738.677755727499	1344.43029631616	569.347040518991	450.496035907823	194.412019780587	357.477897535175
2021-05-18	886.388113009594	670.320354832772	719.097493816516	1312.81589221082	527.966623477312	424.94108181851	187.266967970684	341.766750840292
2021-05-19	867.579046333773	647.766923709851	699.521665894078	1280.42744738291	488.321186840778	400.239133829507	180.196992366335	326.474418458874
2021-05-20	848.542155652627	625.465255255672	680.000972380133	1247.31305662476	450.427215026815	376.397072904927	173.230475007909	311.618248926567
2021-05-21	829.305501682559	603.47674546643	660.586113694625	1213.52081472868	414.301192452847	353.421780008879	166.395797935775	297.215590779016
2021-05-22	809.897145139979	581.862790338324	641.327790257503	1179.09881648699	379.959603536304	331.320136105476	159.721343190304	283.283792551866
2021-05-23	790.345146741288	560.684785867551	622.276702488712	1144.09515669199	347.418932694607	310.099022158828	153.235492811865	269.840202780764
2021-05-24	770.68158788968	539.997242483427	603.48203670659	1108.56952148006	316.686208830789	289.763375209938	146.966114362938	256.897258860254
2021-05-25	750.954632735482	519.827128347743	584.98692282305	1072.62796236372	287.730638790296	270.310356607375	140.939017494455	244.447753620491
2021-05-26	731.216466115804	500.194526055404	566.83297664839	1036.38812219953	260.511973904176	251.735183776591	135.179497379454	232.479568750523
2021-05-27	711.519272867759	481.119518201318	549.061813992913	999.967643844054	234.989965503478	234.033074143048	129.712849190979	220.980585939403
2021-05-28	691.91523782846	462.622187380395	531.715050666923	963.484170153873	211.124364919253	217.199245132202	124.564368102069	209.938686876185
2021-05-29	672.456545835016	444.72261618754	514.83430248072	927.055343985545	188.874923482549	201.228914169509	119.759349285766	199.341753249919
2021-05-30	653.195381724542	427.440887217663	498.461185244607	890.798808195642	168.201392524416	186.117298680429	115.323087915111	189.177666749658
2021-05-31	634.184260401663	410.795766310795	482.637421571225	854.83469110167	149.060920001216	171.858883994637	111.283030192928	179.438429260991
2021-06-01	615.477017041072	394.800752287475	467.405161282585	819.293062864926	131.40024037057	158.445227058694	107.675226441171	170.132523455662
2021-06-02	597.127816884981	379.46802721337	452.806661003035	784.306479107648	115.163484715413	145.867152723383	104.537878011578	161.272552201952
2021-06-03	579.190825175594	364.809773154142	438.884177356925	750.007495452069	100.294784118677	134.115485839481	101.909186255886	152.871118368141
2021-06-04	561.720207155122	350.838172175456	425.679966968604	716.528667520429	86.7382696632957	123.181051257771	99.827352525833	144.940824822511
2021-06-05	544.770128065774	337.565406342977	413.236286462422	684.002550934968	74.4380724322049	113.054673829034	98.330578173156	137.494274433343
2021-06-06	528.394753149756	325.00365772237	401.595392462727	652.561701317918	63.3383235083368	103.72717840405	97.4570645495922	130.544070068917
2021-06-07	512.646401620629	313.16479222543	390.796982674959	622.325210798149	53.3861845661539	95.1919957656285	97.2485012558325	124.103361899872
2021-06-08	497.570008577344	302.059411148473	380.870519128912	593.358317531036	44.5409396462257	87.4529804246974	97.7605308883802	118.187489306274
2021-06-09	483.208663090205	291.697799633947	371.842904935469	565.712796178588	36.7649033806507	80.5165928242135	99.0522842926921	112.812338970545
2021-06-10	469.605454229515	282.090242824302	363.741043205514	539.440421402814	30.0203904015272	74.3892934071344	101.182892314225	107.993797575109
2021-06-11	456.803471065577	273.247025861984	356.591837049931	514.592967865718	24.2697153409525	69.077542616416	104.211485798436	103.747751802388
2021-06-12	444.845802668692	265.178433889441	350.422189579603	491.222210229308	19.4751928310248	64.5878008950156	108.197195590781	100.090088334807
2021-06-13	433.775538109166	257.894752049122	345.259003905413	469.379923155592	15.5991375038425	60.9265286858903	113.199152536717	97.0366938547866
2021-06-14	423.635766457299	251.406265483474	341.129183138246	449.117881306575	12.6038639915029	58.1001864319965	119.276487481701	94.603455044751
2021-06-15	414.469576783395	245.723259334944	338.059630388984	430.487859344266	10.4516869261044	56.1152345762913	126.48833127119	92.8062585871229
2021-06-16	406.320058157757	240.856018745982	336.077248768512	413.541631930672	9.10492093974488	54.9781335617317	134.89381475064	91.6609911643254
2021-06-17	399.230299650687	236.814828859034	335.208941387712	398.330973727799	8.52588066452218	54.6953438312744	144.552068765509	91.1835394587814
2021-06-18	393.243390332489	233.609974816549	335.481611357469	384.907659397655	8.67688073253436	55.2733258278763	155.522224161252	91.3897901529139
2021-06-19	388.402419273465	231.251741760974	336.922161788666	373.323463602246	9.52023577587937	56.7185399944943	167.863411783327	92.2956299291459
2021-06-20	384.750475543919	229.750414834757	339.557495792186	363.630161003579	11.0182604266552	59.0374467740853	181.634762477191	93.9169454699003
2021-06-21	382.333211151375	229.122442572231	343.415699241506	355.876827258327	13.1382774858796	62.2393106902715	196.898624121116	96.2702937837675
2021-06-22	381.20652985225	229.40892707527	348.529589060474	350.101742001823	15.8676424302501	66.3446125893381	213.730212724649	99.3749131840074
2021-06-23	381.428898340184	230.657133837632	354.933164935533	346.340485864064	19.1987189053841	71.376637398235	232.207961330149	103.250712310047
2021-06-24	383.058783308816	232.914328353074	362.660426553124	344.628639475049	23.1238705568985	77.3586700439123	252.410302979977	107.917599801314
2021-06-25	386.154651451785	236.227776115354	371.745373599688	345.001783464775	27.6354610304111	84.3139954533208	274.415670716495	113.395484297235
2021-06-26	390.774969462731	240.644742618232	382.222005761667	347.495498463241	32.7258539715387	92.2658985534099	298.302497582064	119.704274437238
2021-06-27	396.978204035294	246.212493355466	394.124322725503	352.145365100444	38.3874130258992	101.237664271131	324.149216619046	126.86387886075
2021-06-28	404.811908529814	252.971434136095	407.474699653426	358.977671866707	44.6127166977385	111.247217999847	352.017207704012	134.889894579461
2021-06-29	414.279982973442	260.93453203029	422.249013610818	367.981538693649	51.3952029258176	122.29104699857	381.899638050372	143.78067209411
2021-06-30	425.375414060032	270.107894423506	438.411517138855	379.136793373217	58.7285245075275	134.36027899273	413.772621705754	153.530250277701
2021-07-01	438.091188483435	280.497628701194	455.926462778707	392.423263697354	66.6063342402581	147.446041707752	447.612272717779	164.132668003238
2021-07-02	452.420292937504	292.109842248807	474.758103071545	407.820777458005	75.0222849213993	161.539462869062	483.394705134066	175.581964143721
2021-07-03	468.355714116092	304.9506424518	494.870690558544	425.309162447115	83.9700293483423	176.63167020209	521.096033002245	187.872177572156
2021-07-04	485.890438713051	319.026136695624	516.228477780874	444.868246456628	93.4432203184762	192.713791432259	560.692370369934	200.997347161543
2021-07-05	505.017453422235	334.342432365733	538.79571727971	466.47785727849	103.435510629193	209.776954284999	602.159831284759	214.951511784888
2021-07-06	525.729744937496	350.905636847581	562.536661596223	490.117822704646	113.940553077881	227.812286485736	645.474529794343	229.728710315192
2021-07-07	548.020299952685	368.721857526618	587.415563271583	515.767970527037	124.952000461931	246.810915759895	690.612579946305	245.322981625457
2021-07-08	571.882105161658	387.797201788301	613.396674846966	543.408128537613	136.463505578735	266.763969832906	737.550095788273	261.728364588688
2021-07-09	597.308147258266	408.137777018082	640.444248863543	573.018124528316	148.468721225681	287.662576430195	786.263191367869	278.938898077887
2021-07-10	624.291412936359	429.749690601411	668.522537862485	604.577786291089	160.96130020016	309.497863277186	836.727980732712	296.948620966056
2021-07-11	652.824888889794	452.639049923744	697.595794384966	638.06694161788	173.934895299563	332.26095809931	888.920577930431	315.7515721262
2021-07-12	682.899350688863	476.810856183043	727.628001892301	673.462006037302	187.38106851699	355.936011679161	942.800015977133	335.337290667342
2021-07-13	714.496729409638	502.265685827312	758.582067526388	710.725746024665	201.283018628388	380.479267028025	998.257003762897	355.677316642602
2021-07-14	747.596745004625	529.003009117061	790.420629349264	749.817515791941	215.621853605411	405.839990214351	1055.16516914628	376.738690341116
2021-07-15	782.179117426335	557.022296312802	823.106325422966	790.696669551104	230.378681419715	431.967447306592	1113.39813998585	398.488452052023
2021-07-16	818.223566627281	586.323017675049	856.601793809539	833.322561514137	245.534610042958	458.810904373203	1172.82954414016	420.893642064465
2021-07-17	855.709812559972	616.904643464314	890.869672571019	877.654545893012	261.070747446794	486.319627482635	1233.33300946779	443.92130066758
2021-07-18	894.617575176915	648.766643941106	925.872599769443	923.651976899703	276.968201602879	514.442882703338	1294.78216382728	467.538468150505
2021-07-19	934.915450274529	681.895410857541	961.574643397958	971.263602854773	293.207007242101	543.131619931195	1357.06038005202	491.711397021201
2021-07-20	976.527537024831	716.225021932129	997.94559117412	1020.3957485131	309.762906132273	572.343524371781	1420.09001087464	516.403188662897
2021-07-21	1019.36681044375	751.676476374987	1034.95666074659	1070.94413273816	326.61056680044	602.037965058103	1483.80315400261	541.576156677646
2021-07-22	1063.34624554721	788.170773396224	1072.57906976404	1122.80447439342	343.724657773647	632.174311023166	1548.13190714337	567.192614667498
2021-07-23	1108.37881735113	825.628912205954	1110.78403587512	1175.87249234234	361.079847578935	662.711931299971	1613.00836800438	593.214876234502
2021-07-24	1154.37750087145	863.971892014292	1149.54277672849	1230.04390544839	378.650804743354	693.610194921526	1678.36463429309	619.605254980711
2021-07-25	1201.25527112408	903.12071203135	1188.82650997283	1285.21443257504	396.412197793945	724.828470920835	1744.13280371695	646.326064508175
2021-07-26	1248.92510312495	942.996371467238	1228.60645325678	1341.27979258575	414.338695257752	756.3261283309	1810.24497398341	673.339618418942
2021-07-27	1297.29997188999	983.519869532074	1268.85382422902	1398.13570434399	432.404965661822	788.062536184729	1876.63324279994	700.608230315066
2021-07-28	1346.29285243512	1024.61220543597	1309.5398405382	1455.67788671323	450.585677533197	819.997063515324	1943.22970787397	728.094213798595
2021-07-29	1395.81671977627	1066.19437838903	1350.63571983299	1513.80205855694	468.855499398924	852.089079355692	2009.96646691298	755.759882471583
2021-07-30	1445.78454892936	1108.18738760138	1392.11267976205	1572.40393873857	487.189099786046	884.297952738836	2076.7756176244	783.567549936077
2021-07-31	1496.10931491031	1150.51223228313	1433.94193797404	1631.37924612161	505.561147221608	916.583052697758	2143.58925771569	811.479529794128
2021-08-01	1546.70399273505	1193.08991164439	1476.09471211762	1690.62369956951	523.946310232655	948.903748265468	2210.33948489431	839.458135647789
