date	state	King	Snohomish	Pierce	Ann Arbor	Boston	San Diego	DC
2020-01-26	0	0	0	0	0	0	0	0
2020-01-27	0	0	0	0	0	0	0	0
2020-01-28	0	0	0	0	0	0	0	0
2020-01-29	0	0	0	0	0	0	0	0
2020-01-30	0	0	0	0	0	0	0	0
2020-01-31	0	0	0	0	0	0	0	0
2020-02-01	0	0	0	0	0	0	0	0
2020-02-02	0	0	0	0	0	0	0	0
2020-02-03	0	0	0	0	0	0	0	0
2020-02-04	0	0	0	0	0	0	0	0
2020-02-05	0	0	0	0	0	0	0	0
2020-02-06	0	0	0	0	0	0	0	0
2020-02-07	0	0	0	0	0	0	0	0
2020-02-08	0	0	0	0	0	0	0	0
2020-02-09	0	0	0	0	0	0	0	0
2020-02-10	0	0	0	0	0	0	0	0
2020-02-11	0	0.0254730115029099	2.71383881721329	0	0	0	0	0
2020-02-12	0	3.25407521015344	7.0105999420533	0	0	0	0	0
2020-02-13	0.463621226760163	6.72283964611743	11.6093404566547	0	0	0	0	0
2020-02-14	2.59832871636498	10.4472539413587	16.5282128999356	0	0	0	0	0
2020-02-15	4.91294242185415	14.4428057178411	21.785369810814	0	0	0	0	0
2020-02-16	7.41915299120394	18.7249825975283	27.3989637282081	0	0	0	0	0
2020-02-17	10.1286510723906	23.3092722023844	33.387147191036	1.35362186353172	0	0	0	0
2020-02-18	13.0531273133903	28.2111621543729	39.7680727382157	3.2218917509941	0	0	0	0
2020-02-19	16.2042723621795	33.4461400754579	46.5598929086654	5.27277616714274	3.96084554521232	0	0	0
2020-02-20	19.5937768667342	39.0296935876031	53.7807602413031	7.51705408235529	8.43167829187092	0	0	0
2020-02-21	23.2333314750308	44.9773103127723	61.448827275047	9.96550446700939	13.3563358534945	0	0	0
2020-02-22	27.1346268350455	51.3044778729293	69.5822465488152	12.6289062914827	18.7600589216185	0	0.801490034560396	0
2020-02-23	31.3093535947546	58.026683890038	78.1991706015257	15.5180385261528	24.6680881877782	15.2199318126328	1.97677836721232	0
2020-02-24	35.7672041549975	65.155730874091	87.3127430144608	18.6427024149798	31.1039264410797	35.4033947437069	3.27687213285979	0
2020-02-25	40.5098779280665	72.6886808871957	96.9160715383598	22.0087882962528	38.0841248609106	57.7040957422168	4.70790595701791	0
2020-02-26	45.5370760791169	80.6189108794886	106.997254966326	25.6212087818434	45.6234967242292	82.2271840885343	6.27596541268287	0
2020-02-27	50.8484997733044	88.9397978011059	117.544392091463	29.4848764836231	53.7368553079936	109.077809063031	7.98713607285085	7.28247575892204
2020-02-28	56.4438501757843	97.6447186021839	128.545581706874	33.6047040134636	62.4390138891622	138.36111994608	9.84750351051802	15.8483680238217
2020-02-29	62.322828451712	106.727050232859	139.988922605662	37.9856039832365	71.7447857446932	170.182266018052	11.8631532986806	25.3254173897093
2020-03-01	68.4851357662431	116.180169643267	151.862513580931	42.6324890048132	81.6689841515448	204.64639655932	14.0401710103347	35.7621933611296
2020-03-02	74.9282474248781	125.993498046673	164.148427325928	47.5489358063332	92.2253314276351	241.856085367641	16.3843084615062	47.2072597741562
2020-03-03	81.6407352944986	136.140633708849	176.804632134478	52.7331775810072	103.423186054722	281.90360431032	18.8999824403396	59.7091577909769
2020-03-04	88.6089453823312	146.591219158695	189.783070200547	58.1821116383138	115.270815555522	324.878649772048	21.5912759780089	73.3164229053083
2020-03-05	95.8192236956026	157.314896925114	203.035683718105	63.8926352877316	127.776487452754	370.870918137515	24.4622721056884	88.0775906108668
2020-03-06	103.25791624154	168.281309537004	216.514414881118	69.8616458387393	140.948469269135	419.970105791413	27.5170538545521	104.041196401369
2020-03-07	110.911369027369	179.460099523267	230.171205883555	76.0860406008153	154.795028527382	472.265909118432	30.7597042557742	121.255775770532
2020-03-08	118.765928060317	190.820909412804	243.957998919384	82.5627168834383	169.324432750213	527.848024503262	34.1943063405288	139.769864212071
2020-03-09	126.803787959275	202.329968547621	257.822599517741	89.2837025101384	184.528860698999	586.761737293005	37.8222230591063	159.618812291784
2020-03-10	134.990537789794	213.939853522147	271.696266548434	96.2215473606528	200.336136089728	648.874688684398	41.6339370382627	180.785230863791
2020-03-11	143.287615229088	225.599727743916	285.50612221644	103.34393182877	216.657993877042	714.010108836587	45.6172108238704	203.238545854293
2020-03-12	151.656457954372	237.258754620463	299.179288726737	110.618536308278	233.406169015582	781.99122790872	49.7598069618014	226.94818318949
2020-03-13	160.05850364286	248.866097559322	312.642888284301	118.013041192967	250.492396459989	852.641276059945	54.0494879979281	251.883568795582
2020-03-14	168.455189971769	260.370919968029	325.824043094108	125.495126876623	267.828411164906	925.783483449407	58.4740164781229	278.014128598772
2020-03-15	176.807954618313	271.722385254118	338.649875361136	133.032473753037	285.325948084974	1001.24108023626	63.0211549482579	305.309288525258
2020-03-16	185.078235259705	282.869656825124	351.047507290362	140.592762215997	302.896742174833	1078.83729657964	67.6786659542054	333.738474501242
2020-03-17	193.227469573163	293.76189808858	362.944061086761	148.14367265929	320.452528389127	1158.3953626387	72.4343120418377	363.271112452925
2020-03-18	201.217095235899	304.348272452023	374.266658955312	155.652885476707	337.905041682496	1239.73850857258	77.2758557570271	393.876628306506
2020-03-19	209.008549925129	314.577943322986	384.942423100991	163.088081062035	355.166017009583	1322.68996454045	82.1910596456458	425.524447988188
2020-03-20	216.563271318069	324.400074109004	394.898475728774	170.416939809063	372.147189325028	1407.07296070143	87.1676862535662	458.18399742417
2020-03-21	223.842697091932	333.763828217612	404.061939043639	177.607142111579	388.760293583472	1492.71072721468	92.1934981266604	491.824702540652
2020-03-22	230.808264923933	342.618369056344	412.359935250562	184.626368363373	404.917064739559	1579.42649423935	97.2562578108008	526.415989263837
2020-03-23	237.423030502343	350.917678013718	419.728594436713	191.437137762959	420.52314089312	1666.99428594434	102.341927210149	561.906333092429
2020-03-24	243.656521559648	358.635008402183	426.140078218027	197.981324727757	435.45977272475	1754.99130253766	107.429265662028	598.160407815152
2020-03-25	249.47988383939	365.74843151517	431.575556092635	204.195642479914	449.602114060236	1842.94553823707	112.495231862048	635.021936793237
2020-03-26	254.864263085112	372.236018646112	436.016197558664	210.016804241576	462.825318725365	1930.38498726032	117.516784505821	672.334643387914
2020-03-27	259.780805040356	378.075841088441	439.443172114244	215.381523234891	475.004540545921	2016.83764382517	122.470882288959	709.942250960411
2020-03-28	264.200655448663	383.245970135587	441.837649257504	220.226512682004	486.014933347692	2101.83150214938	127.334483907073	747.688482871959
2020-03-29	268.094960053576	387.724477080984	443.180798486573	224.488485805062	495.731650956463	2184.89455645072	132.084548055774	785.417062483787
2020-03-30	271.443460883307	391.496304545121	443.466960453293	228.11915466566	504.058131021442	2265.58323813566	136.702843486225	822.98442456402
2020-03-31	274.260285104745	394.573880456722	442.743160424366	231.130226683178	511.010946485518	2343.56772736552	141.190379171793	860.297849508364
2020-04-01	276.568156169452	396.97650407157	441.069594820206	233.548408116448	516.634954115002	2418.54664149032	145.552974141393	897.277329119418
2020-04-02	278.389797528988	398.723474645445	438.506460061229	235.400405224299	520.975010676205	2490.2185978601	149.796447423945	933.842855199785
2020-04-03	279.747932634913	399.834091434132	435.11395256785	236.71292426556	524.075972935436	2558.28221382489	153.926618048364	969.914419552064
2020-04-04	280.665284938787	400.327653693411	430.952268760484	237.512671499061	525.982697659007	2622.43610673472	157.949305043567	1005.41201397886
2020-04-05	281.164577892171	400.223460679064	426.081605059546	237.826353183632	526.740041613227	2682.37889393962	161.870327438473	1040.25563028276
2020-04-06	281.268534946626	399.540811646875	420.562157885451	237.680675578102	526.392861564408	2737.80919278963	165.695504261997	1074.36526026638
2020-04-07	280.999879553711	398.299005852625	414.454123658615	237.1023449413	524.98601427886	2788.42562063477	169.430654543058	1107.66089573232
2020-04-08	280.381335164987	396.517342552096	407.817698799451	236.118067532057	522.564356522893	2833.92679482508	173.081597310572	1140.06252848317
2020-04-09	279.435625232015	394.21512100107	400.713079728377	234.754549609203	519.172745062819	2874.01133271058	176.654151593457	1171.49015032154
2020-04-10	278.185473206354	391.41164045533	393.200462865805	233.038497431566	514.856036664946	2908.37785164131	180.154136420629	1201.86375305002
2020-04-11	276.653602539566	388.126200170658	385.340044632152	230.996617257976	509.659088095586	2936.7249689673	183.587370821006	1231.10332847122
2020-04-12	274.86273668321	384.378099402835	377.192021447833	228.655615347264	503.62675612105	2958.75130203859	186.959673823505	1259.12886838775
2020-04-13	272.836621779257	380.189371764819	368.812476711714	226.043398950902	496.807844449016	2974.22342613031	190.274964354168	1285.86905809379
2020-04-14	270.603094731324	375.592988298266	360.241041736466	223.192679290943	489.266944552638	2983.17974821809	193.529560927542	1311.28735684998
2020-04-15	268.191015133434	370.624654402008	351.513234813212	220.137368582081	481.072594846436	2985.72663320267	196.717881955296	1335.35591740853
2020-04-16	265.629242579615	365.320075474876	342.664574233075	216.911379039011	472.293333744933	2981.97044598478	199.834345849101	1358.04689252167
2020-04-17	262.946636663892	359.714956915701	333.730578287177	213.548622876429	462.99769966265	2972.01755146517	202.873371020628	1379.33243494161
2020-04-18	260.17205698029	353.845004123314	324.746765266642	210.083012309031	453.254231014107	2955.97431454457	205.829375881549	1399.1846974206
2020-04-19	257.334363122837	347.745922496547	315.748653462591	206.548459551512	443.131466213828	2933.94710012371	208.696778843534	1417.57583271084
2020-04-20	254.460233223877	341.451226491213	306.768458530763	202.974888671594	432.6955430037	2906.08657768084	211.47045699259	1434.47165826195
2020-04-21	251.567619569046	334.985666791059	297.825185585364	199.376271149115	422.002996435077	2872.72063500419	214.147122112072	1449.8126503131
2020-04-22	248.672292982295	328.37180313681	288.934537105213	195.762590316939	411.107960886681	2834.22146445952	216.723944659671	1463.53294980086
2020-04-23	245.790024287581	321.632195269195	280.112215569133	192.143829507931	400.064570737232	2790.96125841256	219.198095093078	1475.5666976618
2020-04-24	242.936584308857	314.789402928941	271.373923455943	188.529972054955	388.926960365452	2743.31220922906	221.566743869985	1485.84803483247
2020-04-25	240.127743870076	307.865985856777	262.735363244465	184.931001290876	377.749264150063	2691.64650927476	223.827061448083	1494.31110224944
2020-04-26	237.379273795194	300.884503793428	254.212237413519	181.356900548558	366.585616469784	2636.33635091539	225.976218285063	1500.89004084928
2020-04-27	234.706802967652	293.867178378981	245.81972508449	177.817515328374	355.484099436647	2577.74358059436	228.013458593049	1505.53628284468
2020-04-28	232.125392508844	286.834878850949	237.570911949017	174.322139800729	344.468586095921	2516.18866106562	229.946321601902	1508.27042555284
2020-04-29	229.649961599653	279.808136346201	229.478360341303	170.879930303535	333.556897226186	2451.98170916079	231.784420295915	1509.13035756709
2020-04-30	227.295429420961	272.807482001608	221.554632595551	167.500043174705	322.766853606019	2385.43284171148	233.53736765938	1508.15396748076
2020-05-01	225.076715153651	265.853446954042	213.812291045962	164.191634752151	312.116276014	2316.8521755493	235.214776676591	1505.37914388718
2020-05-02	223.008737978603	258.966562340371	206.263898026741	160.963861373786	301.622985228708	2246.54982750586	236.826260331841	1500.84377537968
2020-05-03	221.106417076702	252.167359297467	198.922015872089	157.825879377523	291.304802028721	2174.83591441276	238.381431609423	1494.58575055159
2020-05-04	219.384671628828	245.4763689622	191.79920691621	154.786845101274	281.179547192619	2102.02055310164	239.88990349363	1486.64295799623
2020-05-05	217.858420815864	238.91412247144	184.908033493306	151.855914882951	271.26504149898	2028.41386040408	241.361288968755	1477.05328630695
2020-05-06	216.542583818692	232.501150962057	178.26105793758	149.042245060469	261.579105726384	1954.32595315171	242.805201019091	1465.85462407707
2020-05-07	215.452079818195	226.257985570924	171.870842583234	146.354991971738	252.139560653409	1880.06694817613	244.231252628932	1453.08485989991
2020-05-08	214.601827995255	220.205157434908	165.749949764472	143.803311954672	242.964227058633	1805.94696230897	245.64905678257	1438.78188236881
2020-05-09	214.006747530754	214.363197690882	159.910941815496	141.396361347183	234.070925720637	1732.27611238182	247.068226464299	1422.9835800771
2020-05-10	213.681757605574	208.752637475715	154.366381070509	139.143296487184	225.477477417999	1659.36451522629	248.498374658411	1405.72784161811
2020-05-11	213.64154742985	203.394706407033	149.127965823747	137.05345561572	217.199045292197	1587.49001516761	249.953382375174	1387.0620013684
2020-05-12	213.89988633073	198.313428025483	144.203938209586	135.136904586365	209.240161936307	1516.80136650539	251.464202728743	1367.07117683751
2020-05-13	214.470313664616	193.533524352468	139.601676322433	133.403891155823	201.602702306305	1447.41505103286	253.066056859249	1345.84993131822
2020-05-14	215.366368787908	189.079717409389	135.328558256697	131.864663080802	194.288541358167	1379.44755054322	254.794165906823	1323.49282810328
2020-05-15	216.601591057006	184.97672921765	131.391962106786	130.529468118007	187.299554047868	1313.01534682971	256.683751011595	1300.09443048547
2020-05-16	218.189519828312	181.249281798651	127.79926596711	129.408554024144	180.637615331384	1248.23492168554	258.770033313694	1275.74930175757
2020-05-17	220.143694458227	177.922097173796	124.557847932076	128.512168555919	174.30460016469	1185.22275690394	261.08823395325	1250.55200521235
2020-05-18	222.472590663533	175.015484295451	121.674571411346	127.847800498181	168.303029514587	1124.08559470111	263.673992423704	1224.59591172621
2020-05-19	225.164429602542	172.532099839832	119.154241075601	127.411902748355	162.638008391172	1064.89121898516	266.564621631734	1197.96962251015
2020-05-20	228.202368793947	170.47018741412	117.001146910773	127.198169232008	157.315287815367	1007.6976740872	269.797852837326	1170.7605463588
2020-05-21	231.56956575644	168.827990625498	115.219578902796	127.200293874709	152.340618808095	952.563004338331	273.411417300469	1143.0560920668
2020-05-22	235.249178008716	167.603753081145	113.813827037602	127.411970602023	147.719752390277	899.545254069646	277.44304628115	1114.94366842877
2020-05-23	239.224363069466	166.795718388243	112.788181301125	127.82689333952	143.458439582837	848.702467612251	281.930471039356	1086.51068423935
2020-05-24	243.478278457385	166.402130153972	112.146931679297	128.438756012767	139.562431406695	800.092689297244	286.911422835075	1057.84454829318
2020-05-25	247.997183701613	166.421665345169	111.893446223878	129.245818160309	136.038557612876	753.757882432884	292.419888150335	1029.03104694947
2020-05-26	252.779746373084	166.854734367285	112.02740524992	130.264601772599	132.897962872811	709.675686236058	298.474874355323	1000.14947682583
2020-05-27	257.82773605318	167.702180985431	112.547567138304	131.516194453069	130.152870588033	667.807658900812	305.091644042266	971.277512104471
2020-05-28	263.142922323282	168.964848964713	113.452690269907	133.021683805149	127.815504160074	628.115358621192	312.285459803393	942.492826967577
2020-05-29	268.727074764773	170.64358207024	114.741533025609	134.802157432271	125.898086990467	590.560343591243	320.071584230931	913.873095597353
2020-05-30	274.581962959033	172.73922406712	116.412853786288	136.878702937866	124.412842480745	555.10417200501	328.465279917107	885.495992175994
2020-05-31	280.709356487445	175.25261872046	118.465410932824	139.272407925364	123.37199403244	521.708402056539	337.481809454149	857.439190885702
2020-06-01	287.11102493139	178.18460979537	120.897962846095	142.004359998196	122.787765047086	490.334591939876	347.136435434285	829.780365908673
2020-06-02	293.788737872249	181.536041056956	123.70926790698	145.095646759794	122.672378926215	460.944299849065	357.444420449742	802.597191427108
2020-06-03	300.744264891406	185.307756270327	126.898084496359	148.567355813589	123.038059071359	433.499083978152	368.421027092747	775.967341623203
2020-06-04	307.97937557024	189.500599200591	130.463170995109	152.44057476301	123.897028884052	407.960502521184	380.08151795553	749.968490679158
2020-06-05	315.495839490134	194.115413612856	134.403285784111	156.736391211491	125.261511765827	384.290113672204	392.441155630316	724.678312777171
2020-06-06	323.29542623247	199.153043272231	138.717187244242	161.47589276246	127.143731118215	362.449475625259	405.515202709334	700.17448209944
2020-06-07	331.379905378629	204.614331943822	143.403633756381	166.680167019351	129.55591034275	342.400146574393	419.318921784811	676.534672828165
2020-06-08	339.750387251685	210.497443962861	148.459619523307	172.36749334572	132.506905915336	324.099317223554	433.858541496464	653.832559266914
2020-06-09	348.405345141478	216.789825945068	153.875082035394	178.544918145639	135.992106609364	307.486708316291	449.104154673958	632.125816204743
2020-06-10	357.342593079542	223.476245076286	159.638194604914	185.216679583306	140.003534272594	292.497673106054	465.01682019445	611.468118552077
2020-06-11	366.559945097409	230.541468542358	165.73713054414	192.38701582292	144.53321075279	279.067564846292	481.557596935096	591.913141219342
2020-06-12	376.055215226611	237.970263529127	172.160063165345	200.060165028678	149.573157897713	267.131736790457	498.68754377305	573.514559116963
2020-06-13	385.826217498681	245.747397222435	178.895165780802	208.24036536478	155.115397555126	256.625542191998	516.367719585468	556.326047155367
2020-06-14	395.870765945152	253.857636808126	185.930611702785	216.931854995423	161.151951572789	247.484334304366	534.559183249506	540.401280244979
2020-06-15	406.182404441154	262.282184339213	193.252004725606	226.133720027311	167.670033464747	239.645466977314	553.215384289518	525.781990029027
2020-06-16	416.737596236205	270.987981337392	200.834670571743	235.824438337162	174.637623410172	233.054296445809	572.259334818659	512.462135081946
2020-06-17	427.50853442342	279.938404191528	208.651365445713	245.977335744201	182.017893254519	227.658179541119	591.60643759728	500.423730710974
2020-06-18	438.467412095916	289.096829290487	216.674845552034	256.565738067651	189.774014843241	223.404473094514	611.172095385735	489.648792223349
2020-06-19	449.586422346808	298.426633023134	224.877867095225	267.562971126737	197.869160021793	220.240533937264	630.871710944378	480.119334926308
2020-06-20	460.837758269212	307.891191778336	233.233186279802	278.942360740681	206.26650063563	218.113718900638	650.620687033561	471.81737412709
2020-06-21	472.193612956242	317.453881944959	241.713559310283	290.677232728708	214.929208530205	216.971384815905	670.334426413636	464.724925132931
2020-06-22	483.626179501015	327.078079911868	250.291742391187	302.740912910041	223.820455550972	216.760888514336	689.928331844957	458.82400325107
2020-06-23	495.107650996647	336.727162067928	258.94049172703	315.106727103905	232.903413543386	217.429586827198	709.317806087877	454.096623788743
2020-06-24	506.610220536253	346.364504802007	267.632563522331	327.748001129523	242.141254352902	218.924836585763	728.418251902749	450.52480205319
2020-06-25	518.106081212949	355.953484502969	276.340713981607	340.638060806119	251.497149824973	221.193994621299	747.145072049926	448.090553351646
2020-06-26	529.567426119849	365.457477559681	285.037699309376	353.750231952916	260.934271805054	224.184417765075	765.41366928976	446.775892991351
2020-06-27	540.96644835007	374.839860361008	293.696275710155	367.057840389139	270.415792138598	227.843462848361	783.139446382605	446.562836279542
2020-06-28	552.275340996728	384.064009295816	302.289199388464	380.534211934011	279.904882671061	232.118486702427	800.237806088815	447.433398523455
2020-06-29	563.463453019181	393.097445265485	310.789918737709	394.149378662157	289.35924615142	236.958442481727	816.628193578503	449.358485800037
2020-06-30	574.488756841757	401.924267221455	319.174650906866	407.860197669801	298.714708942749	242.318668633459	832.246223660832	452.264567265054
2020-07-01	585.306380755027	410.532718627682	327.420305233799	421.620232308572	307.901628311645	248.156099928003	847.03155355473	456.067002843984
2020-07-02	595.871453049564	418.911042948119	335.503791056373	435.383045930094	316.850361524706	254.427671135742	860.92384047912	460.681152462301
2020-07-03	606.139102015937	427.04748364672	343.402017712453	449.102201885994	325.491265848528	261.090317027058	873.862741652928	466.022376045481
2020-07-04	616.064455944718	434.93028418744	351.091894539905	462.731263527897	333.75469854971	268.100972372333	885.78791429508	472.006033518999
2020-07-05	625.60264312648	442.547688034234	358.550330876592	476.223794207431	341.571016894848	275.41657194195	896.6390156245	478.547484808331
2020-07-06	634.708953260022	449.884832115565	365.752322702017	489.528359622107	348.877034628164	282.998798095258	906.366461655539	485.562972829326
2020-07-07	643.33932167707	456.914427217939	372.665212562221	502.573534852974	355.635391404378	290.828323547488	914.963703584244	492.972272459327
2020-07-08	651.449845117577	463.606077592368	379.254429644883	515.282897326966	361.815183355834	298.890568602835	922.434951402086	500.696041566049
2020-07-09	658.996620321498	469.929387489867	385.485403137682	527.580024471021	367.385506614874	307.170953565499	928.784415100538	508.654938017209
2020-07-10	665.935744028787	475.853961161451	391.323562228296	539.388493712072	372.315457313844	315.654898739676	934.01630467107	516.769619680522
2020-07-11	672.223312979399	481.349402858133	396.734336104402	550.631882477054	376.574131585086	324.327824429566	938.134830105156	524.960744423707
2020-07-12	677.815423913288	486.385316830927	401.68315395368	561.233768192902	380.130625560944	333.175150939363	941.144201394265	533.148970114477
2020-07-13	682.677368906839	490.938122534861	406.141672979448	571.127170809607	382.96664386375	342.181253981187	943.056395063924	541.261897705679
2020-07-14	686.81122138217	495.011500241017	410.106462447583	580.28288036938	385.114325075785	351.326330898827	943.914453775875	549.254900490675
2020-07-15	690.228250097825	498.61594542449	413.580319639602	588.681129437486	386.61841626932	360.589534443994	943.769186725913	557.090294847957
2020-07-16	692.939723812352	501.761953560376	416.566041837023	596.302150579193	387.523664516623	369.950017368396	942.671403109832	564.730397156017
2020-07-17	694.956911284297	504.460020123769	419.066426321362	603.126176359767	387.874816889964	379.386932423744	940.671912123428	572.137523793346
2020-07-18	696.291081272208	506.720640589765	421.084270374137	609.133439344473	387.716620461613	388.879432361748	937.821522962496	579.273991138435
2020-07-19	696.953502534631	508.554310433459	422.622371276866	614.304172098579	387.093822303838	398.406669934116	934.171044822832	586.102115569778
2020-07-20	696.955443830113	509.971525129947	423.683526311064	618.618607187351	386.05116948891	407.94779789256	929.77128690023	592.584213465864
2020-07-21	696.3081739172	510.982780154324	424.270532758251	622.056977176055	384.633409089099	417.481968988788	924.673058390486	598.682601205187
2020-07-22	695.022961554441	511.598570981685	424.386187899941	624.599514629958	382.885288176672	426.988335974511	918.927168489395	604.359595166237
2020-07-23	693.11107550038	511.829393087126	424.033289017654	626.226452114325	380.851553823901	436.446051601437	912.584426392753	609.577511727507
2020-07-24	690.583784513566	511.685741945742	423.214633392906	626.918022194424	378.576953103054	445.834268621278	905.695641296354	614.298667267488
2020-07-25	687.452357352545	511.178113032628	421.933018307215	626.65445743552	376.106233086402	455.132139785742	898.311622395994	618.485378164671
2020-07-26	683.728062775864	510.317001822879	420.191241042097	625.41599040288	373.484140846212	464.31881784654	890.483178887468	622.099960797549
2020-07-27	679.426311751275	509.11352659506	417.996884593472	623.195535654769	370.749571702584	473.37161284161	882.260168885375	625.112889987815
2020-07-28	674.579084083354	507.581296841607	415.376674814874	620.036735721444	367.918013966923	482.260463953809	873.688646179529	627.527274329965
2020-07-29	669.222501785879	505.734544858427	412.362123274235	615.995915126159	364.999104198466	490.953467652224	864.81371347855	629.354380861698
2020-07-30	663.392686872631	503.587502941424	408.984741539493	611.12939839217	362.002478956448	499.418720405943	855.680473491055	630.605476620714
2020-07-31	657.125761357391	501.154403386506	405.27604117858	605.493510042733	358.937774800103	507.62431868405	846.334028925662	631.291828644711
2020-08-01	650.457847253939	498.449478489576	401.267533759433	599.144574601102	355.814628288667	515.538358955633	836.819482490991	631.424703971388
2020-08-02	643.425066576054	495.486960546542	396.990730849986	592.138916590532	352.642675981375	523.128937689779	827.181936895659	631.015369638443
2020-08-03	636.062737764286	492.279158974729	392.474827568066	584.531858959412	349.434974233132	530.368748999808	817.463775041782	630.077140049737
2020-08-04	628.402964966264	488.830691677141	387.739753231071	576.374718356654	346.218258581524	537.248877575981	807.696500605465	628.631519073778
2020-08-05	620.477048756381	485.144253678202	382.80312070629	567.717809856305	343.022684359809	543.765005752794	797.908897456312	626.702057945236
2020-08-06	612.316289709035	481.222540002338	377.682542861013	558.611448532411	339.878406901241	549.912815864741	788.129749463924	624.312307898781
2020-08-07	603.951988398621	477.068245673972	372.39563256253	549.105949459016	336.815581539077	555.687990246319	778.387840497904	621.485820169083
2020-08-08	595.415445399536	472.684065717529	366.96000267813	539.251627710168	333.864363606574	561.086211232022	768.711954427854	618.246145990811
2020-08-09	586.737961286176	468.072695157434	361.393266075102	529.098798359912	331.054908436988	566.103161156346	759.130875123378	614.616836598636
2020-08-10	577.950836632937	463.23682901811	355.713035620738	518.697776482293	328.417371363574	570.734522353786	749.673386454077	610.621443227227
2020-08-11	569.085372014215	458.179162323983	349.936924182325	508.098877151358	325.98190771959	574.975977158838	740.368272289554	606.283517111255
2020-08-12	560.172868004406	452.902390099476	344.082544627155	497.352415441152	323.778672838291	578.823207905996	731.244316499413	601.626609485388
2020-08-13	551.244625177907	447.409207369014	338.167509822516	486.508706425722	321.837822052934	582.271896929757	722.330302953254	596.674271584298
2020-08-14	542.331944109113	441.702309157022	332.209432635698	475.618065179112	320.189510696775	585.317726564615	713.655015520682	591.450054642654
2020-08-15	533.466125372421	435.784390487923	326.225925933991	464.730806775369	318.86389410307	587.956379145066	705.247238071298	585.977509895125
2020-08-16	524.678469542226	429.658146386143	320.234602584685	453.897246288539	317.891127605075	590.183537005605	697.135754474705	580.280188576382
2020-08-17	515.998846906043	423.330888830138	314.252866040542	443.16636808142	317.299693700126	592.002832598256	689.343548484048	574.383027296574
2020-08-18	507.451406603851	416.828397614495	308.297282096222	432.581833671815	317.111383541869	593.449698845159	681.87040338664	568.316504167765
2020-08-19	499.058867488749	410.181069487832	302.384207131856	422.185973866281	317.346315448032	594.567518785984	674.710302353336	562.112482677498
2020-08-20	490.843948413833	403.41930119877	296.529997527576	412.021119471376	318.02460773634	595.399675460398	667.857228554992	555.802826313317
2020-08-21	482.829368232202	396.573489495927	290.751009663515	402.129601293655	319.166378724521	595.989551908071	661.305165162464	549.419398562765
2020-08-22	475.037845796953	389.674031127922	285.063599919803	392.553750139674	320.791746730299	596.380531168671	655.048095346607	542.994062913385
2020-08-23	467.492099961184	382.751322843374	279.484124676575	383.335896815991	322.920830071402	596.615996281868	649.080002278276	536.558682852721
2020-08-24	460.214410469808	375.837078076478	274.031032320318	374.514605617443	325.570510091626	596.73921712373	643.390501007569	530.145900354491
2020-08-25	453.225300635002	368.968277003733	268.731139262959	366.113374791994	328.744720239053	596.793010915933	637.951734101552	523.79147133711
2020-08-26	446.544854660757	362.183216487212	263.613353922777	358.151936075889	332.444156987835	596.820081716552	632.731476006535	517.531930205169
2020-08-27	440.193156751066	355.52019338899	258.706584718057	350.650021205372	336.669516812124	596.863133583665	627.697501168824	511.403811363258
2020-08-28	434.19029110992	349.017504571139	254.039740067079	343.627361916688	341.42149618607	596.964870575346	622.81758403473	505.443649215966
2020-08-29	428.556341941312	342.713446895735	249.641728388126	337.103689946083	346.700791583828	597.167996749673	618.059499050561	499.687978167885
2020-08-30	423.311393449233	336.64631722485	245.54145809948	331.098737029801	352.508099479548	597.51521616472	613.391020662624	494.173332623604
2020-08-31	418.47302565863	330.851874017719	241.766211156166	325.630049772369	358.847789625532	598.045760030565	608.784938384671	488.929995006752
2020-09-01	414.048801878261	325.355722122208	238.33676366019	320.706434251437	365.738924886687	598.784968165286	604.23410200022	483.963239817115
2020-09-02	410.043781237844	320.180927983346	235.272265250298	316.334511412937	373.204241406066	599.754707538966	599.736376360232	479.272089573518
2020-09-03	406.46302286709	315.35055804616	232.591865565238	312.520902202802	381.266475326727	600.976845121684	595.289626315667	474.855566794783
2020-09-04	403.311585895716	310.887678755678	230.314714243757	309.272227566963	389.948362791723	602.47324788352	590.891716717484	470.712693999736
2020-09-05	400.594529453434	306.815356556925	228.459960924604	306.595108451354	399.272639944111	604.265782794556	586.540512416645	466.842493707201
2020-09-06	398.316912669961	303.156657894931	227.046755246525	304.496165801905	409.262042926945	606.376316824871	582.23387826411	463.243988436003
2020-09-07	396.483794675009	299.934649214721	226.094246848269	302.98202056455	419.939307883282	608.826716944546	577.969679110839	459.916200704964
2020-09-08	395.100234598294	297.172396961324	225.621585368583	302.05929368522	431.327170956176	611.638850123661	573.745779807793	456.858153032911
2020-09-09	394.17129156953	294.892967579767	225.647920446216	301.734606109847	443.448368288684	614.834583332298	569.560045205932	454.068867938666
2020-09-10	393.702024718431	293.119427515076	226.192401719913	302.014578784363	456.32563602386	618.435783540535	565.410340156216	451.547367941055
2020-09-11	393.697493174712	291.87484321228	227.274178828424	302.905832654702	469.98171030476	622.464317718455	561.294529509605	449.292675558902
2020-09-12	394.162756068086	291.182281116405	228.912401410496	304.414988666794	484.43932727444	626.942052836136	557.210478117061	447.30381331103
2020-09-13	395.102872528269	291.064807672479	231.126219104877	306.548667766572	499.721223075955	631.890855863661	553.156050829543	445.579803716264
2020-09-14	396.520561863974	291.543031295774	233.932813648975	309.310093216975	515.843449142394	637.335418584614	549.131413937921	444.123068929082
2020-09-15	398.409184099913	292.627728282544	237.341495174851	312.688897548973	532.795318066994	643.311732036609	545.145939492703	442.94962964657
2020-09-16	400.759759439797	294.327216899285	241.359605913225	316.67131561054	550.559457733021	649.858612070763	541.211300984305	442.078906201469
2020-09-17	403.563308087337	296.649815412496	245.994488094817	321.243582249654	569.118496023744	657.014874538195	537.339171903144	441.530318926519
2020-09-18	406.810850246245	299.603842088674	251.253483950348	326.391932314289	588.455060822433	664.819335290021	533.541225739636	441.32328815446
2020-09-19	410.493406120232	303.197615194317	257.14393571054	332.102600652422	608.551780012357	673.310810177361	529.829135984198	441.477234218031
2020-09-20	414.601995913009	307.439452995923	263.673185606113	338.361822112029	629.391281476783	682.528115051332	526.214576127246	442.011577449974
2020-09-21	419.13302202009	312.337116825306	270.849082456203	345.159480244531	650.965154718326	692.50853022559	522.711721238143	442.945420821804
2020-09-22	424.104415604192	317.896140275541	278.681501433613	352.500053415128	673.300835716971	703.283193863933	519.344752702029	444.296597860133
2020-09-23	429.539490019839	324.121500005018	287.180824299561	360.391668692465	696.434722072053	714.8817085927	516.140353482988	446.082624730351
2020-09-24	435.461558621551	331.018172672128	296.357432815264	368.842453145189	720.403211382901	727.333677038228	513.125206545107	448.321017597847
2020-09-25	441.893934763849	338.591134935264	306.221708741941	377.860533841944	745.242701248849	740.668701826853	510.32599485247	451.029292628009
2020-09-26	448.859931801255	346.845363452814	316.78403384081	387.454037851375	770.989589269226	754.916385584913	507.769401369162	454.224965986226
2020-09-27	456.382863088291	355.785834883171	328.054789873089	397.631092242129	797.680273043367	770.106330938745	505.48210905927	457.925553837886
2020-09-28	464.488304469883	365.421696000444	340.04293000339	408.401620796646	825.342531885547	786.268623808632	503.496781836387	462.148400177571
2020-09-29	473.210881752582	375.778774041621	352.751693009905	419.782734152558	853.969671969828	803.435283290643	501.870007412152	466.910160316632
2020-09-30	482.587483233344	386.887066359408	366.182889074218	431.793339661292	883.546381185215	821.638811774792	500.664354447711	472.227317395611
2020-10-01	492.654997209126	398.776570306514	380.338328377917	444.452344674274	914.057347420715	840.911711651096	499.942391604211	478.116354555052
2020-10-02	503.450311976884	411.477283235643	395.219821102586	457.778656542932	945.487258565333	861.28648530957	499.766687542798	484.593754935498
2020-10-03	515.010315833574	425.019202499503	410.829177429811	471.791182618693	977.820802508077	882.795635140227	500.199810924621	491.676001677493
2020-10-04	527.371897076153	439.432325450801	427.168207541179	486.508830252984	1011.04266713795	905.471663533083	501.304330410825	499.379577921578
2020-10-05	540.571944001578	454.746649442244	444.238721618274	501.950506797231	1045.13754034396	929.347072878154	503.142814662558	507.720966808298
2020-10-06	554.647344906804	470.992171826538	462.042529842683	518.135119602863	1080.09011001512	954.454365565454	505.777832340967	516.716651478196
2020-10-07	569.634988088788	488.19888995639	480.581442395991	535.081576021306	1115.88506404042	980.826043984998	509.271952107199	526.383115071814
2020-10-08	585.571761844487	506.396801184506	499.857269459783	552.808783403987	1152.50709030888	1008.4946105268	513.6877426224	536.736840729696
2020-10-09	602.494554470856	525.615902863594	519.871821215647	571.335649102333	1189.9408767095	1037.49256758088	519.087772547719	547.794311592385
2020-10-10	620.440254264853	545.886192346361	540.626907845167	590.681080467772	1228.17111113129	1067.85241753725	525.534610544301	559.572010800425
2020-10-11	639.445749523434	567.237666985512	562.124339529929	610.863984851731	1267.18248146326	1099.60666278592	533.090825273293	572.086421494358
2020-10-12	659.550701033775	589.69996453735	584.372125091205	631.907947400154	1306.95988881569	1132.77165825951	541.823799576096	585.360642578732
2020-10-13	680.805859543944	613.301284372552	607.403067909014	653.855264437067	1347.48908718401	1167.29916906103	551.820173015123	599.444236014114
2020-10-14	703.264748292228	638.069466265391	631.25617000306	676.75291008101	1388.75604378496	1203.12481283609	563.17139933304	614.393379525074
2020-10-15	726.980890516912	664.032349990139	655.970433393048	700.647858450524	1430.74672583524	1240.1842072303	575.968932272511	630.264250836184
2020-10-16	752.007809456284	691.217775321068	681.584860098682	725.587083664152	1473.44710055158	1278.41296988927	590.304225576204	647.113027672014
2020-10-17	778.399028348631	719.653582032452	708.138452139669	751.617559840435	1516.84313515069	1317.74671845861	606.268732986784	664.995887757135
2020-10-18	806.208070432241	749.367609898562	735.670211535712	778.786261097916	1560.9207968493	1358.12107058393	623.953908246917	683.969008816119
2020-10-19	835.468979638111	780.367793702403	764.203130717128	807.124764058512	1605.65717003123	1399.48180643239	643.451368621084	704.076611502481
2020-10-20	866.137882668094	812.58244826191	793.696163756692	836.603055357649	1650.99380774881	1441.81535625735	664.853385461034	725.315088185515
2020-10-21	898.151426916749	845.919983403747	824.092255137787	867.175724134128	1696.86338022146	1485.1183128337	688.252393640327	747.668874163459
2020-10-22	931.44625977864	880.288808954584	855.3343493438	898.797359526752	1743.19855766862	1529.38726893637	713.740828032528	771.122404734554
2020-10-23	965.959028648326	915.597334741082	887.365390858112	931.422550674318	1789.93201030971	1574.61881734024	741.411123511195	795.660115197036
2020-10-24	1001.62638092037	951.753970589911	920.128324164112	965.005886715633	1836.99640836417	1620.80955082024	771.355714949894	821.266440849144
2020-10-25	1038.38496398934	988.667126327738	953.566093745186	999.501956789497	1884.32442205143	1667.95606215126	803.66703722219	847.925816989119
2020-10-26	1076.17142524979	1026.24521178122	987.621644084716	1034.86535003471	1931.84872159092	1716.05494410821	838.437525201639	875.622678915197
2020-10-27	1114.92241209628	1064.39663677704	1022.23791966609	1071.05065559007	1979.50197720206	1765.10278946599	875.759613761807	904.341461925617
2020-10-28	1154.57457192338	1103.02981114185	1057.35786497269	1108.01246259439	2027.2168591043	1815.09619099952	915.725737776259	934.066601318621
2020-10-29	1195.06455212565	1142.05314470233	1092.9244244879	1145.70536018646	2074.92603751706	1866.0317414837	958.428332118553	964.782532392443
2020-10-30	1236.32900009765	1181.37504728513	1128.88054269512	1184.0839375051	2122.56218265977	1917.90603369342	1003.95983166226	996.473690445326
2020-10-31	1278.30456323394	1220.90392871692	1165.16916407771	1223.10278368908	2170.05796475186	1970.71566040361	1052.41267128092	1029.1245107755
2020-11-01	1320.92788892908	1260.54819882437	1201.73323311908	1262.71648787723	2217.34605401277	2024.45721438916	1103.87928584812	1062.71942868122
2020-11-02	1364.12150033882	1300.21101615113	1238.51049968481	1302.86401184242	2264.33184819193	2079.12380112417	1158.43698017867	1097.23206778816
2020-11-03	1407.75142366359	1339.77453410874	1275.41793516937	1343.42180789386	2310.81165515873	2134.69457687952	1216.10253885235	1132.59280503182
2020-11-04	1451.669560865	1379.11565482573	1312.36731634942	1384.25070097484	2356.55451031259	2191.14521062527	1276.87761639023	1168.72120567513
2020-11-05	1495.72781390466	1418.11128043063	1349.27042000163	1425.21151602866	2401.32944905293	2248.45137133148	1340.76386731334	1205.53683498103
2020-11-06	1539.7780847442	1456.63831305196	1386.03902290268	1466.16507799859	2444.90550677913	2306.58872796822	1407.76294614274	1242.95925821248
2020-11-07	1583.67227534521	1494.57365481825	1422.58490182923	1506.97221182794	2487.05171889062	2365.53294950555	1477.87650739948	1280.90804063239
2020-11-08	1627.26228766933	1531.79420785803	1458.81983355795	1547.49374245999	2527.5371207868	2425.25970491353	1551.10620560461	1319.30274750372
2020-11-09	1670.40334095742	1568.17641481554	1494.65880506772	1587.59678999596	2566.13780292624	2485.77339693457	1627.43812602321	1358.06215462908
2020-11-10	1712.96392356749	1603.59488039787	1530.02964414626	1627.17365516879	2602.65807600422	2547.1933634004	1706.7960768966	1397.10187996973
2020-11-11	1754.81584113678	1637.92374982782	1564.86338878349	1666.12293386933	2636.90930577518	2609.66767591507	1789.08829721012	1436.3367520266
2020-11-12	1795.83089930255	1671.03716832819	1599.09107696934	1704.34322198846	2668.70285799355	2673.34440608264	1874.22302594912	1475.68159930065
2020-11-13	1835.88090370207	1702.80928112178	1632.64374669373	1741.73311541703	2697.85009841379	2738.37162550717	1962.10850209895	1515.05125029279
2020-11-14	1874.83765997258	1733.11423343139	1665.45243594659	1778.19121004591	2724.16239279032	2804.89740579273	2052.65296464495	1554.36053350398
2020-11-15	1912.57297375136	1761.82617047983	1697.44818271783	1813.61610176596	2747.45110687759	2873.06981854338	2145.76465257248	1593.52427743515
2020-11-16	1948.97274068497	1788.83988683369	1728.56475933515	1847.91493145181	2767.56994341467	2942.98124031544	2241.34655950966	1632.46100958514
2020-11-17	1983.97921645723	1814.13277443476	1758.74687547719	1881.02901991315	2784.54195307914	3014.50126747439	2339.28069765568	1671.10405344442
2020-11-18	2017.54874676127	1837.70287456862	1787.94197516039	1912.90823294346	2798.43252353322	3087.44380133795	2439.44383385254	1709.39043150138
2020-11-19	2049.63767729024	1859.54822852087	1816.09750240117	1943.50243633618	2809.30704243913	3161.62274322385	2541.71273494219	1747.25716624439
2020-11-20	2080.20235373726	1879.66687757708	1843.16090121593	1972.76149588478	2817.23089745908	3236.85199444982	2645.96416776662	1784.64128016183
2020-11-21	2109.19912179547	1898.05686302285	1869.07961562111	2000.63527738273	2822.26947625529	3312.9454563336	2752.0748991678	1821.47979574208
2020-11-22	2136.58432715801	1914.71622614375	1893.80108963311	2027.07364662347	2824.48816648996	3389.71703019292	2859.9216959877	1857.70973547352
2020-11-23	2162.31431551801	1929.64300822538	1917.27276726837	2052.02646940049	2823.95235582532	3466.98061734551	2969.38132506831	1893.26812184454
2020-11-24	2186.3454325686	1942.83525055331	1939.44209254329	2075.44361150723	2820.72743192359	3544.55011910911	3080.33055325158	1928.0919773435
2020-11-25	2208.63402400292	1954.29099441313	1960.2565094743	2097.27493873716	2814.87878244696	3622.23943680143	3192.64614737951	1962.11832445879
2020-11-26	2229.1364355141	1964.00828109043	1979.66346207782	2117.47031688374	2806.47179505767	3699.86247174023	3306.20487429407	1995.28418567879
2020-11-27	2247.80901279529	1971.98515187079	1997.61039437026	2135.97961174043	2795.57185741792	3777.23312524323	3420.88350083722	2027.52658349187
2020-11-28	2264.6081015396	1978.21964803979	2014.04475036804	2152.75268910069	2782.24435718993	3854.16529862815	3536.55879385094	2058.78254038642
2020-11-29	2279.49004744019	1982.70981088303	2028.91397408759	2167.73941475799	2766.55468203592	3930.47289321275	3653.10752017723	2088.98907885082
2020-11-30	2292.41423788225	1985.45221180129	2042.16217688932	2180.89199847357	2748.58124985348	4005.95318499954	3770.37718222655	2118.09004927464
2020-12-01	2303.35222701937	1986.43754265618	2053.72013950973	2192.17202587977	2728.45459948174	4080.33694873029	3888.09822468348	2146.05661365232
2020-12-02	2312.27861069718	1985.65502542451	2063.51531002927	2201.54342657672	2706.3182999952	4153.33833383153	4005.9718278011	2172.86676187947
2020-12-03	2319.16798476132	1983.09388208309	2071.47513652845	2208.97013016456	2682.31592046836	4224.67148972985	4123.69917183249	2198.49848385171
2020-12-04	2323.99494505744	1978.74333460873	2077.52706708773	2214.41606624342	2656.59102997573	4294.05056585178	4240.98143703075	2222.92976946468
2020-12-05	2326.73408743118	1972.59260497824	2081.59854978761	2217.84516441342	2629.28719759182	4361.18971162388	4357.51980364893	2246.138608614
2020-12-06	2327.36000772819	1964.63091516843	2083.61703270856	2219.22135427469	2600.54799239113	4425.80307647271	4473.01545194014	2268.10299119529
2020-12-07	2325.89640174409	1954.89429894738	2083.55875618689	2218.56393456677	2570.53127463444	4487.65580098265	4587.16142400927	2288.82071978376
2020-12-08	2322.56336507441	1943.60603724818	2081.59512958222	2216.11368058684	2539.45206932766	4546.71699036937	4699.61820936848	2308.36884767298
2020-12-09	2317.63009326466	1931.03622279519	2077.94635450999	2212.16673677151	2507.53969266294	4603.00674100637	4810.03815938176	2326.8442408361
2020-12-10	2311.36578186035	1917.45494831276	2072.83263258563	2207.01924755737	2475.02346083248	4656.54514926715	4918.07362541307	2344.34376524628
2020-12-11	2304.039626407	1903.13230652526	2066.4741654246	2200.96735738101	2442.13269002844	4707.35231152519	5023.37695882641	2360.96428687668
2020-12-12	2295.9208224501	1888.33839015704	2059.09115464232	2194.30721067903	2409.09669644299	4755.44832415402	5125.60051098575	2376.80267170043
2020-12-13	2287.27856553518	1873.34329193246	2050.90380185425	2187.33495188803	2376.14479626832	4800.85328352711	5224.39663325507	2391.95578569071
2020-12-14	2278.34393112892	1858.38034587696	2042.09921282097	2180.30497232327	2343.48240859643	4843.57928897453	5319.43174867615	2406.50147132643
2020-12-15	2269.19551438278	1843.53585122032	2032.73210988362	2173.30465081472	2311.21936411876	4883.6064516526	5410.42856700197	2420.4414771096
2020-12-16	2259.87379036941	1828.85934849341	2022.82411952851	2166.37961307105	2279.44159642658	4920.90688567419	5497.12386966333	2433.758528048
2020-12-17	2250.41923416144	1814.40037822708	2012.39686824192	2159.57548480089	2248.23503911114	4955.45270515218	5579.25443809101	2446.43534914938
2020-12-18	2240.8723208315	1800.20848095221	2001.47198251017	2152.93789171289	2217.68562576371	4987.21602419946	5656.55705371578	2458.45466542154
2020-12-19	2231.27352545225	1786.33319719966	1990.07108881954	2146.5124595157	2187.87928997557	5016.1689569289	5728.76849796845	2469.79920187224
2020-12-20	2221.66332309632	1772.8240675003	1978.21581365633	2140.34481391797	2158.90196533799	5042.28361745338	5795.6255522798	2480.45168350927
2020-12-21	2212.08218883635	1759.73063238499	1965.92778350683	2134.48058062835	2130.83958544222	5065.53211988578	5856.8649980806	2490.39483534038
2020-12-22	2202.57059774499	1747.10243238458	1953.22862485734	2128.96538535549	2103.77808387954	5085.88657833897	5912.22361680166	2499.61138237336
2020-12-23	2193.16902489486	1734.98900802996	1940.13996419416	2123.84485380803	2077.80339424122	5103.31910692585	5961.43818987375	2508.08404961599
2020-12-24	2183.91794535861	1723.43989985198	1926.68342800359	2119.16461169462	2053.00145011852	5117.80181975928	6004.24549872766	2515.79556207602
2020-12-25	2174.85783420889	1712.5046483815	1912.88064277191	2114.97028472391	2029.45818510272	5129.30683095214	6040.38232479419	2522.72864476125
2020-12-26	2166.02916651832	1702.2327941494	1898.75323498543	2111.30749860455	2007.25953278507	5137.80625461732	6069.5854495041	2528.86602267944
2020-12-27	2157.47241735956	1692.67387768654	1884.32283113044	2108.22187904518	1986.49142675686	5143.27220486769	6091.59165428819	2534.19042083837
2020-12-28	2149.17025292661	1683.81434294161	1869.57678888042	2105.70052816312	1967.19514971682	5145.62756914858	6106.15440703546	2538.65840368385
2020-12-29	2140.87410389899	1675.38824753467	1854.36539065762	2103.49645371023	1949.2333807937	5144.59832823503	6113.09392146774	2542.1218934138
2020-12-30	2132.27759207755	1667.06655250361	1838.50465007145	2101.30413984709	1932.42414822369	5139.86123623454	6112.24709776509	2544.4066516642
2020-12-31	2123.07433926319	1658.5202188863	1821.81058073134	2098.81807073421	1916.585480243	5131.09304725461	6103.45083610755	2545.338440071
2021-01-01	2112.95796725678	1649.42020772065	1804.09919624671	2095.73273053215	1901.53540508785	5117.97051540275	6086.54203667516	2544.74302027019
2021-01-02	2101.6220978592	1639.43748004452	1785.18651022699	2091.74260340146	1887.09195099444	5100.17039478644	6061.35759964798	2542.44615389771
2021-01-03	2088.76035287133	1628.24299689581	1764.8885362816	2086.54217350267	1873.07314619899	5077.36943951318	6027.73442520606	2538.27360258954
2021-01-04	2074.13019271242	1615.5737684662	1743.07079751862	2079.88395431516	1859.32437815876	5049.33273169285	5985.60058514107	2532.08844271023
2021-01-05	2057.74443227527	1601.43100156253	1719.79685504078	2071.75257659369	1845.80047121522	5016.17866544485	5935.24883769122	2523.90300953867
2021-01-06	2039.67972507105	1585.88195214543	1695.17977944947	2062.19070041185	1832.48360893092	4978.11396289099	5877.06311270635	2513.76695308233
2021-01-07	2020.01272461095	1568.99387617554	1669.33264134606	2051.24098584323	1819.35597486839	4935.34534615304	5811.42734003629	2501.72992334869
2021-01-08	1998.82008440614	1550.83402961349	1642.36851133194	2038.9460929614	1806.39975259015	4888.07953735281	5738.72544953086	2487.84157034522
2021-01-09	1976.17845796779	1531.46966841992	1614.40046000849	2025.34868183997	1793.59712565875	4836.52325861207	5659.34137103992	2472.15154407939
2021-01-10	1952.16449880708	1510.96804855545	1585.54155797709	2010.49141255253	1780.93027763672	4780.88323205263	5573.65903441329	2454.70949455868
2021-01-11	1926.85486043518	1489.39642598074	1555.90487583914	1994.41694517265	1768.38139208659	4721.36617979626	5482.06236950082	2435.56507179057
2021-01-12	1900.32619636328	1466.8220566564	1525.60348419602	1977.16793977394	1755.93265257089	4658.17882396478	5384.93530615233	2414.76792578252
2021-01-13	1872.65516010255	1443.31219654307	1494.75045364909	1958.78705642997	1743.56624265217	4591.52788667995	5282.66177421766	2392.36770654202
2021-01-14	1843.91840516417	1418.9341016014	1463.45885479977	1939.31695521435	1731.26434589295	4521.62009006357	5175.62570354665	2368.41406407653
2021-01-15	1814.19258505931	1393.755027792	1431.84175824941	1918.80029620065	1719.00914585577	4448.66215623745	5064.21102398913	2342.95664839354
2021-01-16	1783.55435329914	1367.84223107552	1400.01223459941	1897.27973946248	1706.78282610316	4372.86080732335	4948.80166539494	2316.0451095005
2021-01-17	1752.08036339485	1341.2629674126	1368.08335445116	1874.79794507341	1694.56757019765	4294.42276544308	4829.78155761391	2287.72909740491
2021-01-18	1719.84995987192	1314.08802621266	1336.16062958525	1851.40078972435	1682.32735924999	4213.57120796047	4707.55741397004	2258.06972593615
2021-01-19	1686.95325131306	1286.40233068036	1304.31933649915	1827.14701657546	1669.95336456372	4130.59513320751	4582.62708168401	2227.17396421127
2021-01-20	1653.48303731527	1258.29433746918	1272.62719286955	1802.09858540424	1657.3185549906	4045.79999475825	4455.51119145065	2195.16024516924
2021-01-21	1619.53211747557	1229.85250323256	1241.15191637313	1776.31745598814	1644.29589938237	3959.49124618672	4326.73037396479	2162.14700174904
2021-01-22	1585.19329139098	1201.16528462396	1209.96122468659	1749.86558810467	1630.7583665908	3871.97434106698	4196.80525992127	2128.25266688964
2021-01-23	1550.55935865852	1172.32113829686	1179.1228354866	1722.80494153128	1616.57892546762	3783.55473297305	4066.25648001493	2093.59567353
2021-01-24	1515.72311887518	1143.40852090471	1148.70446644985	1695.19747604547	1601.6305448646	3694.53787547897	3935.6046649406	2058.29445460909
2021-01-25	1480.77819541586	1114.51557473732	1118.76848117832	1667.11339578413	1585.8145310193	3605.22874836626	3805.33352985311	2022.47441214574
2021-01-26	1445.82150676682	1085.72918462989	1089.35582697508	1638.65588232179	1569.14553971246	3515.93043624629	3675.77912774716	1986.28882447814
2021-01-27	1410.95079519223	1057.13592105397	1060.50209706851	1609.93636159242	1551.66656411065	3426.94554993791	3547.24059607749	1949.89793902434
2021-01-28	1376.26380295623	1028.82235448114	1032.24288468697	1581.06625952997	1533.42059738045	3338.57670025996	3420.01707229879	1913.46200320239
2021-01-29	1341.85827232297	1000.87505538292	1004.61378305883	1552.15700206838	1514.4506326884	3251.12649803128	3294.40769386577	1877.14126443032
2021-01-30	1307.83194555659	973.380594230883	977.650385412454	1523.32001514163	1494.79966320108	3164.89755407072	3170.71159823316	1841.09597012619
2021-01-31	1274.28256492125	946.425541496579	951.388284976214	1494.66672468366	1474.51068208505	3080.19247919712	3049.22792285564	1805.48636770804
2021-02-01	1241.29873275904	920.087566607364	925.856731120409	1466.29954073991	1453.64236056385	2997.28177129492	2930.2192831686	1770.45902673859
2021-02-02	1208.93249172394	894.408734813817	901.059597783088	1438.28480980181	1432.31608208897	2916.30747651092	2813.80220653002	1736.10580535927
2021-02-03	1177.22674454784	869.422210322316	876.994415044228	1410.67986247226	1410.66890816888	2837.37952805751	2700.05669827855	1702.50488385615
2021-02-04	1146.22439396268	845.161157339243	853.658712983812	1383.54202935415	1388.83790031206	2760.60785914709	2589.06276375285	1669.73444251534
2021-02-05	1115.96834270036	821.658740070979	831.05002168182	1356.9286410504	1366.96012002696	2686.10240299205	2480.90040829157	1637.87266162293
2021-02-06	1086.50149349281	798.948122723902	809.165871218231	1330.8970281639	1345.17262882206	2613.97309280478	2375.64963723335	1606.99772146501
2021-02-07	1057.86674907194	777.062469504397	788.003791673028	1305.50452129757	1323.61248820583	2544.32986179767	2273.39045591685	1577.18780232767
2021-02-08	1030.10701216968	756.034944618841	767.56131312619	1280.8084510543	1302.41675968673	2477.28264318313	2174.20286968071	1548.521084497
2021-02-09	1003.26518551792	735.898712273616	747.835965657697	1256.866148037	1281.72250477324	2412.94137017353	2078.16688386359	1521.0757482591
2021-02-10	977.38417184861	716.686936675103	728.825279347532	1233.73494284857	1261.66678497383	2351.41597598129	1985.36250380414	1494.92997390005
2021-02-11	952.506873893646	698.432782029681	710.526784275672	1211.47216609192	1242.38666179696	2292.81639381878	1895.869734841	1470.16194170596
2021-02-12	928.676194384954	681.169412543733	692.938010522101	1190.13514836995	1224.01919675111	2237.2525568984	1809.76858231284	1446.8498319629
2021-02-13	905.935036054447	664.929992423639	676.056488166799	1169.78122028556	1206.70145134475	2184.83439843255	1727.1390515583	1425.07182495698
2021-02-14	884.326301634043	649.747685875778	659.879747289744	1150.46771244166	1190.57048708633	2135.67185163362	1648.06114791602	1404.90610097429
2021-02-15	863.88635346983	635.654817456416	644.409775869551	1132.24650512543	1175.76869364075	2089.84555963825	1572.58933467535	1386.40480190977
2021-02-16	844.625392364566	622.680353121349	629.666393479356	1115.14767736114	1162.45977329851	2047.31900528013	1500.67590692837	1369.51591609372
2021-02-17	826.547078735177	610.852419176256	615.673877590927	1099.19585785733	1150.81275650652	2008.02638131718	1432.24761771784	1354.16139346532
2021-02-18	809.655072998594	600.19914192682	602.456505676035	1084.41567532255	1140.9966737117	1971.90188050733	1367.23122008655	1340.26318396373
2021-02-19	793.95303557174	590.74864767872	590.038555206446	1070.83175846535	1133.18055536096	1938.87969560852	1305.55346707725	1327.74323752811
2021-02-20	779.444626871546	582.529062737636	578.444303653931	1058.46873599428	1127.53343190122	1908.89401937867	1247.14111173272	1316.52350409763
2021-02-21	766.133507314939	575.568513409249	567.698028490259	1047.35123661787	1124.2243337794	1881.87904457572	1191.92090709573	1306.52593361144
2021-02-22	754.021478644234	569.887441698307	557.824125018325	1037.49995427434	1123.40205176072	1857.76528811519	1139.81339204139	1297.67115848884
2021-02-23	743.102907903302	565.475552405832	548.847459865544	1028.91984382056	1125.13441788371	1836.46856354305	1090.7142487742	1289.87454106955
2021-02-24	733.370303461405	562.314866031915	540.793017490455	1021.61192534305	1129.46902450519	1817.90100856282	1044.51294533098	1283.05012617345
2021-02-25	724.816173687801	560.387403076645	533.685782351599	1015.57721892834	1136.453463982	1801.97476087807	1001.09894974857	1277.11195862038
2021-02-26	717.43302695175	559.675184040114	527.550738907517	1010.81674466297	1146.13532867097	1788.60195819234	960.361730063813	1271.97408323021
2021-02-27	711.213371622512	560.160229422412	522.412871616751	1007.33152263347	1158.56221092894	1777.69473820918	922.190754313536	1267.5505448228
2021-02-28	706.149716069347	561.824559723628	518.297164937842	1005.12257292635	1173.78170311273	1769.16523863214	886.475490534579	1263.75538821801
2021-03-01	702.234568661515	564.650195443853	515.228603329329	1004.19091562816	1191.84139757918	1762.92559716477	853.105406763774	1260.50265823569
2021-03-02	699.460437768275	568.619157083178	513.232171249753	1004.53757082543	1212.78888668512	1758.88795151061	821.969971037957	1257.7063996957
2021-03-03	697.819831758888	573.713465141693	512.332853157657	1006.16355860467	1236.67176278739	1756.96443937322	792.958651393964	1255.2806574179
2021-03-04	697.305259002613	579.915140119488	512.55563351158	1009.06989905243	1263.53761824282	1757.06719845614	765.960915868628	1253.13947622216
2021-03-05	697.909227868711	587.206202516653	513.925496770064	1013.25761225523	1293.43404540824	1759.10836646293	740.866232498786	1251.19690092832
2021-03-06	699.62424672644	595.568672833279	516.467427391649	1018.7277182996	1326.40863664048	1763.00008109712	717.564069321273	1249.36697635626
2021-03-07	702.44282394506	604.984571569456	520.206409834877	1025.48123727208	1362.50898429639	1768.65448006228	695.943894372922	1247.56374732582
2021-03-08	706.351083907251	615.42829891143	525.157284719398	1033.50907377648	1401.7396912512	1775.96975386076	675.89931483856	1245.71611422565
2021-03-09	711.309615049359	626.843773790066	531.294317309308	1042.76167048579	1443.93340245385	1784.78830419026	657.340494494965	1243.81239971952
2021-03-10	717.272621821152	639.167294822385	538.581629029813	1053.1793545903	1488.87977337168	1794.93858554725	640.181736266903	1241.85578203996
2021-03-11	724.194308672396	652.335160625408	546.983341306118	1064.7024532803	1536.36845947204	1806.24905242824	624.337343079144	1239.84943941953
2021-03-12	732.028880052857	666.283669816156	556.463575563429	1077.27129374607	1586.18911622228	1818.54815932973	609.721617856455	1237.79655009077
2021-03-13	740.730540412303	680.949121011649	566.986453226951	1090.8262031779	1638.13139908973	1831.6643607482	596.248863523606	1235.70029228623
2021-03-14	750.253494200499	696.267812828909	578.51609572189	1105.30750876607	1691.98496354176	1845.42611118016	583.833383005362	1233.56384423846
2021-03-15	760.550630093868	712.173095343991	591.010681050978	1120.65402669561	1747.50965378599	1859.64538493458	572.393122102776	1231.38233578384
2021-03-16	771.569573675459	728.586524469086	604.404613527042	1136.79852913054	1804.34606899122	1874.06823557034	561.860598122032	1229.11870317409
2021-03-17	783.256634754973	745.426707575422	618.626354040437	1153.67227722964	1862.10499706656	1888.4242364588	552.171971245596	1226.72783426478
2021-03-18	795.558123142116	762.612252034227	633.604363481519	1171.20653215167	1920.39722592109	1902.44296097131	543.263401655936	1224.16461691146
2021-03-19	808.420348646591	780.061765216727	649.267102740641	1189.33255505541	1978.8335434639	1915.85398247924	535.071049535519	1221.38393896971
2021-03-20	821.789621078102	797.693854494149	665.543032708158	1207.98160709962	2037.0247376041	1928.38687435394	527.531075066813	1218.34068829508
2021-03-21	835.612250246352	815.42712723772	682.360614274423	1227.08494944308	2094.58159625076	1939.77120996676	520.579638432284	1214.98975274313
2021-03-22	849.834041989932	833.185524120114	699.647085617872	1246.57652553914	2151.12578675768	1949.76728768754	514.154798554044	1211.28952127908
2021-03-23	864.398786262984	850.914319019803	717.324794069262	1266.40100801952	2206.32249425743	1958.25830588001	508.202209312776	1207.21238730674
2021-03-24	879.249769048533	868.564119116701	735.314864247427	1286.50575181053	2259.84778332728	1965.15818790637	502.669423328812	1202.73424533959
2021-03-25	894.330276329608	886.085531590728	753.538420771205	1306.83811183848	2311.37771854447	1970.38085712881	497.503993222479	1197.83098989109
2021-03-26	909.583594089238	903.4291636218	771.916588259434	1327.34544302966	2360.58836448629	1973.84023690953	492.653471614106	1192.47851547472
2021-03-27	924.953008310448	920.545622389833	790.370491330948	1347.97510031039	2407.15578572999	1975.45025061074	488.065411124023	1186.65271660395
2021-03-28	940.381804976268	937.385515074747	808.821254604586	1368.67443860698	2450.75604685283	1975.12482159463	483.687364372558	1180.32948779224
2021-03-29	955.813270069724	953.899448856457	827.190002699183	1389.39081284573	2491.06521243208	1972.77787322341	479.46688398004	1173.48472355306
2021-03-30	971.190689573844	970.038030914881	845.397860233575	1410.07157795294	2527.759347045	1968.32332885927	475.351522566798	1166.09431839989
2021-03-31	986.457349471657	985.751868429937	863.365951826601	1430.66408885493	2560.51451526886	1961.67511186442	471.288832753161	1158.1341668462
2021-04-01	1001.55653574619	1000.99156858154	881.015402097095	1451.11570047801	2589.00678168091	1952.74714560105	467.226367159458	1149.58016340545
2021-04-02	1016.43153438047	1015.70773854961	898.267335663894	1471.37376774847	2612.91221085843	1941.45335343137	463.111678406018	1140.40820259111
2021-04-03	1031.02563135752	1029.85098551406	915.042877145837	1491.38564559263	2631.90686737867	1927.70765871756	458.892319113169	1130.59417891666
2021-04-04	1045.28211266038	1043.37191665482	931.263151161758	1511.09868893678	2645.6668158189	1911.42398482185	454.515841901242	1120.11398689557
2021-04-05	1059.14473076904	1056.2217823371	946.854020664415	1530.45980170923	2653.9251277602	1892.55735579351	449.938626487886	1108.94879786169
2021-04-06	1072.55910415136	1068.35440566736	961.760301942243	1549.41408384613	2656.64290279891	1871.22719843027	445.152360980047	1097.10089043043
2021-04-07	1085.47131777219	1079.72425293736	975.931549617599	1567.90618428565	2653.83824753518	1847.59404021692	440.157560581991	1084.57782003759
2021-04-08	1097.82745659636	1090.28579043886	989.31731831284	1585.88075196594	2645.52926856918	1821.81840863827	434.954740497985	1071.38714211897
2021-04-09	1109.57360558872	1099.99348446363	1001.86716265032	1603.28243582515	2631.73407250105	1794.06083117912	429.544415932295	1057.53641211038
2021-04-10	1120.65584971409	1108.80180130343	1013.5306372524	1620.05588480145	2612.47076593096	1764.48183532429	423.927102089188	1043.03318544759
2021-04-11	1131.02027393731	1116.66520725002	1024.25729674143	1636.14574783297	2587.75745545906	1733.24194855857	418.103314172931	1027.88501756642
2021-04-12	1140.61610497524	1123.53920995122	1034.00148325609	1651.49148457807	2557.67674881077	1700.49937528681	412.08163786234	1012.10664836883
2021-04-13	1149.40513655273	1129.38348247906	1042.73668900036	1666.01179757592	2522.56925821261	1666.403027594	405.902940734427	995.741555621468
2021-04-14	1157.35230414667	1134.15873926163	1050.44119369452	1679.62020008588	2482.84009701634	1631.09949448519	399.616160840756	978.840401557136
2021-04-15	1164.42254323392	1137.82569472703	1057.09327705886	1692.23020536729	2438.89437857373	1594.7353649654	393.270236232888	961.453848408645
2021-04-16	1170.58078929137	1140.34506330335	1062.67121881368	1703.75532667953	2391.13721623655	1557.45722803966	386.914104962386	943.632558408806
2021-04-17	1175.79197779589	1141.67755941867	1067.15329867928	1714.10907728196	2339.97372335657	1519.41167271303	380.596705080812	925.427193790431
2021-04-18	1180.02104422435	1141.7838975011	1070.51779637593	1723.20497043392	2285.80901328558	1480.74528799052	374.366974639729	906.888416786328
2021-04-19	1183.23964232775	1140.63351250621	1072.74792324944	1730.9670318261	2229.02538247385	1441.59395716056	368.263956957758	888.063315827124
2021-04-20	1185.44629895356	1138.2307214996	1073.84661714762	1737.36133687446	2169.91385976578	1402.05074064508	362.287116421763	868.984684134722
2021-04-21	1186.64625922337	1134.58856207438	1073.82174754376	1742.36447342626	2108.74265710427	1362.19799314941	356.426022685666	849.681741128838
2021-04-22	1186.84476825879	1129.72007182363	1072.68118391119	1745.95302932878	2045.77998643224	1322.11806937888	350.670245403391	830.183706229192
2021-04-23	1186.0470711814	1123.63828834045	1070.43279572322	1748.10359242928	1981.29405969258	1281.8933240388	345.00935422886	810.519798855502
2021-04-24	1184.25841311279	1116.35624921793	1067.08445245314	1748.79275057504	1915.5530888282	1241.60611183449	339.432918815996	790.719238427485
2021-04-25	1181.48403917457	1107.88699204917	1062.64402357428	1747.99709161332	1848.82528578202	1201.33878747129	333.930508818721	770.811244364862
2021-04-26	1177.72919448832	1098.24355442727	1057.11937855994	1745.69320339141	1781.37886249694	1161.17370565451	328.49169389096	750.825036087349
2021-04-27	1172.99912417564	1087.43897394532	1050.51838688343	1741.85767375656	1713.48203091586	1121.19322108947	323.106043686633	730.789833014665
2021-04-28	1167.29907335811	1075.48628819641	1042.84891801806	1736.46709055606	1645.4030029817	1081.4796884815	317.763127859666	710.734854566528
2021-04-29	1160.63428715735	1062.39853477365	1034.11884143714	1729.49804163716	1577.40999063736	1042.11546253592	312.452516063979	690.689320162657
2021-04-30	1153.01001069493	1048.18875127011	1024.33602661398	1720.92711484715	1509.77120582575	1003.18289795806	307.163777953496	670.68244922277
2021-05-01	1144.43148909245	1032.86997527891	1013.50834302189	1710.73089803329	1442.75486048977	964.764349453229	301.88648318214	650.743461166586
2021-05-02	1134.90396747151	1016.45524439314	1001.64366013418	1698.88597904285	1376.62916657234	926.942171726756	296.610201403834	630.901575413822
2021-05-03	1124.44368971351	998.973806550133	988.763305693839	1685.38539753244	1311.63027707679	889.789222360554	291.323636089166	611.185304627964
2021-05-04	1113.11089473911	980.519751064248	974.942440522554	1670.28800039594	1247.86610924818	853.340370442883	286.012025975383	591.620334447559
2021-05-05	1100.97682022876	961.203377594077	960.269683711696	1653.6690863366	1185.41252139197	817.62098793859	280.659743616399	572.231643754919
2021-05-06	1088.11270386294	941.134985798223	944.833654352636	1635.60395405765	1124.34537181366	782.65644681253	275.251161566129	553.044211432361
2021-05-07	1074.5897833221	920.42487533528	928.722971536741	1616.1679022623	1064.74051881871	748.472119029546	269.770652378483	534.083016362196
2021-05-08	1060.47929628672	899.183345863849	912.026254355383	1595.43622965379	1006.67382071263	715.093376554495	264.202588607377	515.37303742674
2021-05-09	1045.85248043726	877.520697042528	894.832121899931	1573.48423493535	950.221135800876	682.545591352223	258.531342806723	496.939253508306
2021-05-10	1030.77334464276	855.539464178248	877.222851549114	1550.38260418206	895.447743185728	650.850683278558	252.7484908229	478.805348838559
2021-05-11	1015.27698252667	833.311125171288	859.255353831119	1526.18357295639	842.376605156642	620.016763753257	246.874421672144	460.989829046581
2021-05-12	999.39125890098	810.899393570257	840.980197561487	1500.93476419267	791.02010479986	590.048492087052	240.936727663158	443.5099051108
2021-05-13	983.144038577712	788.367982923767	822.447951555765	1474.68380082522	741.390625201624	560.950527590676	234.963001104643	426.382788009649
2021-05-14	966.563186368878	765.780606780432	803.709184629497	1447.47830578837	693.500549448185	532.727529574865	228.980834305302	409.625688721558
2021-05-15	949.676567086488	743.200978688861	784.814465598228	1419.36590201644	647.362260625782	505.38415735035	223.017819573837	393.255818224959
2021-05-16	932.51204554256	720.692812197667	765.814363277504	1390.39421244375	602.988141820667	478.925070227868	217.10154921895	377.290387498284
2021-05-17	915.097486549103	698.319820855461	746.75944648287	1360.61086000465	560.390576119081	453.35492751815	211.259615549342	361.746607519964
2021-05-18	897.46075491813	676.145718210853	727.700284029869	1330.06346763343	519.581946607266	428.67838853193	205.519610873716	346.641689268429
2021-05-19	879.629715461655	654.234217812458	708.687444734049	1298.79965826445	480.574636371474	404.900112579944	199.909127500773	331.992843722112
2021-05-20	861.632232991692	632.649033208885	689.771497410953	1266.86705483201	443.381028497946	382.024758972923	194.455757739217	317.817281859443
2021-05-21	843.49617232025	611.453877948745	671.003010876124	1234.31328027044	408.013506072925	360.056987021601	189.187093897747	304.132214658852
2021-05-22	825.249398259345	590.712465580652	652.432553945112	1201.18595751407	374.484452182661	339.001456036715	184.130728285068	290.954853098774
2021-05-23	806.919775620988	570.488509653215	634.110695433457	1167.53270949723	342.806249913395	318.862825328994	179.31425320988	278.302408157637
2021-05-24	788.538190522763	550.837403108548	616.085381134755	1133.41181941139	312.981538458165	299.643030595744	174.762611963008	266.186093038098
2021-05-25	770.147614304524	531.781256462756	598.394064754784	1098.92421147666	284.973981437161	281.333113080543	170.490151763764	254.593129839703
2021-05-26	751.794039611696	513.333859625445	581.071576977372	1064.18147017028	258.737498577363	263.921390413536	166.508570813582	243.504742886226
2021-05-27	733.523459089706	495.509002506225	564.152748486348	1029.29517996953	234.226009605757	247.396180224873	162.829567313896	232.902156501437
2021-05-28	715.381865383976	478.320475014701	547.672409965538	994.376925351658	211.393434249321	231.745800144699	159.464839466141	222.76659500911
2021-05-29	697.415251139933	461.782067060479	531.66539209877	959.538290793916	190.193692235037	216.958567803161	156.42608547175	213.079282733014
2021-05-30	679.669609003001	445.907568553168	516.166525569872	924.890860773568	170.580703289887	203.022800830407	153.725003532159	203.821443996923
2021-05-31	662.190679437643	430.708992682853	501.210220941595	890.548123899627	152.505479903453	189.925523720363	151.374509477263	194.978393174289
2021-06-01	645.023194184478	416.191245761538	486.829208292391	856.631185308152	135.907405615717	177.64858842207	149.392389650808	186.551804837287
2021-06-02	628.211632803158	402.357457381708	473.055797579633	823.263054266959	120.72295672926	166.172553748347	147.797648025003	178.547443607776
2021-06-03	611.800474853339	389.210757135844	459.922298760695	790.56674004386	106.888609546665	155.477978512012	146.609288572054	170.97107410761
2021-06-04	595.834199894676	376.754274616431	447.461021792953	758.665251906675	94.3408403705135	145.545421525886	145.846315264169	163.828460958647
2021-06-05	580.357287486824	364.991139415953	435.704276633781	727.68159912322	83.0161255033883	136.355441602789	145.527732073558	157.125368782744
2021-06-06	565.414217189438	353.924481126891	424.684373240553	697.738790961308	72.8509412478704	127.888597555538	145.672542972427	150.867562201758
2021-06-07	551.043990586611	343.554244528521	414.428937612017	668.940988332465	63.7841051354832	120.126148293012	146.299443199133	145.059580854536
2021-06-08	537.263697360188	333.867635147267	404.94685991241	641.316958723041	55.763799613509	113.052153108323	147.425893056628	139.701064447896
2021-06-09	524.084949216456	324.848673696347	396.242346347341	614.876621263097	48.7405483581723	106.651371390639	149.069044114012	134.790427705645
2021-06-10	511.519357861697	316.481380888976	388.31960312242	589.62989508269	42.6648750456961	100.908562529131	151.246047940387	130.326085351592
2021-06-11	499.578535002194	308.74977743837	381.182836443257	565.586699311877	37.4873033523037	95.8084859129677	153.974056104852	126.306452109544
2021-06-12	488.274092344234	301.637884057745	374.836252515461	542.756953080721	33.1583569542193	91.335900931319	157.270220176509	122.729942703309
2021-06-13	477.6176415941	295.129721460317	369.284057544644	521.150575519278	29.6285595276659	87.4755669733542	161.151691724457	119.594971856696
2021-06-14	467.620794458075	289.209310359303	364.530457736412	500.777485757606	26.8484347488672	84.212243428243	165.635622317798	116.899954293513
2021-06-15	458.295162642445	283.860671467917	360.579659296378	481.647602925766	24.7685062940469	81.530689685155	170.739163525631	114.643304737567
2021-06-16	449.652357853493	279.067825499376	357.43586843015	463.770846153815	23.3392978394283	79.4156651332597	176.479466917058	112.823437912667
2021-06-17	441.703991797503	274.814793166897	355.103291343339	447.157134571814	22.5113330612351	77.8519291617269	182.873684061179	111.43876854262
2021-06-18	434.461676180761	271.085595183694	353.586134241553	431.81638730982	22.2351356356908	76.8242411597258	189.938966527095	110.487711351236
2021-06-19	427.937022709549	267.864252262984	352.888603330403	417.758523497891	22.4612292390189	76.3173605164263	197.692465883906	109.968681062321
2021-06-20	422.141643090153	265.134785117983	353.014904815499	404.993462266088	23.140137547443	76.3160466209977	206.151333700713	109.880092399685
2021-06-21	417.08507655698	262.883852811036	353.967225297377	393.522531337786	24.2263802033815	76.8052119081024	215.33110260769	110.218603442331
2021-06-22	412.768572456936	261.108667801002	355.73967295629	383.312692809629	25.6904607140326	77.7703809943738	225.240829479304	110.973845690049
2021-06-23	409.191307665051	259.809080895867	358.324336367415	374.322317371583	27.5068785527891	79.1972315419376	235.887952251096	112.133693997828
2021-06-24	406.352459056355	258.984942903621	361.713304105931	366.50977571361	29.6501331930443	81.0714412129201	247.279908858609	113.686023220653
2021-06-25	404.251203505878	258.636104632252	365.898664747016	359.833438525674	32.0947241081909	83.3786876694469	259.424137237383	115.618708213512
2021-06-26	402.88671788865	258.762416889746	370.872506865851	354.251676497737	34.815150771622	86.1046485736443	272.328075322958	117.919623831391
2021-06-27	402.258179079701	259.363730484092	376.626919037612	349.722860319762	37.7859126567309	89.2350015876383	285.999161050877	120.576644929278
2021-06-28	402.356727437415	260.43456080906	383.147172502981	346.200492731516	40.9828765375329	92.7534524294046	300.434851649352	123.575875610885
2021-06-29	403.141357253601	261.948081601554	390.391269164646	343.618604671978	44.3873783905345	96.6358190403198	315.592681517288	126.896336974829
2021-06-30	404.563026303421	263.872131184259	398.310393590799	341.906359129928	47.982121492865	100.855947417611	331.420204346264	130.515279368455
2021-07-01	406.572692362038	266.17454787986	406.855730349627	340.992919094149	51.749809121653	105.387683558503	347.864973827853	134.409953139104
2021-07-02	409.121313204614	268.823170011044	415.978464009324	340.807447553422	55.673144554028	110.204873460224	364.874543653635	138.55760863412
2021-07-03	412.159846606312	271.785835900496	425.629779138078	341.279107496529	59.7348310671186	115.281363119999	382.396467515185	142.935496200847
2021-07-04	415.639250342295	275.030383870902	435.760860304081	342.337061912251	63.9175719380542	120.590998535056	400.37829910408	147.520866186628
2021-07-05	419.510482187726	278.524652244947	446.322892075523	343.91047378937	68.2040704439639	126.10762570262	418.767592111899	152.290968938807
2021-07-06	423.724499917767	282.236479345318	457.267059020593	345.928506116667	72.5770298619764	131.805090619918	437.511900230215	157.223054804725
2021-07-07	428.232261307581	286.1337034947	468.544545707482	348.320321882924	77.019153469221	137.657239284177	456.558777150608	162.294374131727
2021-07-08	432.98472413233	290.184163015779	480.106536704383	351.015084076922	81.513144542827	143.637917692623	475.855776564655	167.482177267156
2021-07-09	437.932846167178	294.35569623124	491.904216579483	353.941955687444	86.0417063599228	149.720971842482	495.350452163931	172.763714558354
2021-07-10	443.027585187288	298.61614146377	503.888769900974	357.03009970327	90.5875421976382	155.880247730982	514.990357640015	178.116236352667
2021-07-11	448.21989896782	302.933337036053	516.011381237046	360.208679113183	95.1333553331015	162.089591355347	534.723046684481	183.516992997436
