date	state	King	Snohomish	Pierce	Ann Arbor	Boston	San Diego	DC
2020-01-26	0	0	0	0	0	0	0	0
2020-01-27	0	0	0	0	0	0	0	0
2020-01-28	0	0	0	0	0	0	0	0
2020-01-29	0	0	0	0	0	0	0	0
2020-01-30	0	0	0	0	0	0	0	0
2020-01-31	0	0	0	0	0	0	0	0
2020-02-01	0	0	0	0	0	0	0	0
2020-02-02	0	0	0	0	0	0	0	0
2020-02-03	0	0	0	0	0	0	0	0
2020-02-04	0	0	0	0	0	0	0	0
2020-02-05	0	0	0	0	0	0	0	0
2020-02-06	0	0	0	0	0	0	0	0
2020-02-07	0	0	0	0	0	0	0	0
2020-02-08	0	0	0	0	0	0	0	0
2020-02-09	0	0	0	0	0	0	0	0
2020-02-10	0	0.0287046786290474	0	0	0	0	0	0
2020-02-11	0	0.265215605758453	0	0	0	0	0	0
2020-02-12	0	0.517806035731889	0	0	0	0	0	0
2020-02-13	0.0299825502688491	0.787454985944889	0	0	0	0	0	0
2020-02-14	0.148668156349345	1.07514147379299	0.00308002763509897	0	0	0	0	0
2020-02-15	0.277329328658855	1.38184451667171	0.157102764535727	0	0	0	0	0
2020-02-16	0.416614230236241	1.7085431319766	0.325144938151254	0	0	0	0	0
2020-02-17	0.567171024120366	2.05621633710318	0.508122678527515	0	0	0	0	0
2020-02-18	0.729647873350095	2.42584314944699	0.706952115710349	0	0	0	0	0
2020-02-19	0.90469294096429	2.81840258640356	0.922549379745592	0	0	0	0	0
2020-02-20	1.09295439000181	3.23487366536842	1.15583060067908	0	0	0	0	0
2020-02-21	1.29508038350153	3.67623540373711	1.40771190855665	0	0	0	0	0
2020-02-22	1.5117190845023	4.14346681890516	1.67910943342415	0	0	0	0	0
2020-02-23	1.743518656043	4.6375469282681	1.9709393053274	0.0187050376005659	0	0	0	0
2020-02-24	1.99101776008408	5.1591644969216	2.28398244098826	0.0925558130865326	0	0	0	0
2020-02-25	2.25431705427247	5.70784728076195	2.61847890383262	0.174385947080145	0	0	0	0
2020-02-26	2.53340769517669	6.28283278338553	2.9745335439624	0.264603349402681	0	0	0	0
2020-02-27	2.82828083936525	6.88335850838877	3.35225121147949	0.36361592987542	0	0	0	0
2020-02-28	3.13892764340668	7.50866195936807	3.75173675648581	0.471831598319641	0	0	0	0
2020-02-29	3.46533926386951	8.15798063991984	4.17309502908326	0.589658264556623	0	0	0	0
2020-03-01	3.80750685732224	8.83055205364048	4.61643087937375	0.717503838407644	0.109825405816085	0	0.0210401548646872	0
2020-03-02	4.16537595407701	9.52553363387153	5.08176890373533	0.855772615983205	0.351640736334238	0	0.0768757267592778	0
2020-03-03	4.53870957942029	10.2417625329349	5.5688126836506	1.0048544385507	0.620193405633335	0	0.1389149063026	0
2020-03-04	4.92722513238218	10.9779958328976	6.0771855468783	1.16513553366673	0.917306135263041	0	0.207572986756148	0
2020-03-05	5.33064001199277	11.7329906158266	6.60651082117716	1.33700212888792	1.24480164677302	0	0.283265261381414	0
2020-03-06	5.74867161728213	12.505503963789	7.15641183430592	1.52084045177088	1.60450266171295	0	0.366407023439892	0.441840407854893
2020-03-07	6.18103734728035	13.2942929588518	7.72651191402332	1.71703672987223	1.99823190163249	0.823091874220837	0.457413566193076	1.00465776933669
2020-03-08	6.62745460101753	14.0981146830821	8.31643438808811	1.92597719074856	2.4278120880813	2.01812826197755	0.556700182902458	1.63107180255689
2020-03-09	7.08734783922539	14.9153564764811	8.92534080307817	2.14785484868385	2.89469369033069	3.34771898884523	0.664600245122461	2.32442558657855
2020-03-10	7.55896976944226	15.7429267107875	9.55054558084807	2.38208986487145	3.39883816853846	4.81625895566194	0.781119437579224	3.08642224065035
2020-03-11	8.04028016090813	16.5773640156745	10.1889013620715	2.62790918723206	3.93983473058405	6.42748048602194	0.906181523291815	3.91835489406734
2020-03-12	8.52923878286298	17.4152070208148	10.8372607874223	2.88453976368639	4.51727258434689	8.1851159035195	1.0397102652793	4.8215166761246
2020-03-13	9.02380540454679	18.2529943558817	11.492476497574	3.15120854215512	5.13074093770644	10.0928975317489	1.18162942656075	5.79720071611718
2020-03-14	9.52193979519955	19.087264650548	12.1514011332004	3.42714247055897	5.77982899854212	12.1545576943044	1.33186277015524	6.84670014334015
2020-03-15	10.0216017240612	19.9145565344867	12.8108873349753	3.71156849681864	6.46412597473337	14.3738287147802	1.49033405908182	7.97130808708857
2020-03-16	10.5207509603718	20.731408637371	13.4677877435724	4.00371356885482	7.18322107415963	16.7544429167707	1.65696705635958	9.17231767665749
2020-03-17	11.0173472733713	21.5343595888737	14.1189549996653	4.30280463458823	7.93670350470034	19.3001326238701	1.83168552500757	10.451022041342
2020-03-18	11.5093504322996	22.3199480186679	14.7612417439278	4.60806864193956	8.72416247423493	22.0146301596727	2.01441322804486	11.8087143104372
2020-03-19	11.9947202063968	23.0847125564266	15.3915006170336	4.91873253882951	9.54518719064285	24.9016678477727	2.20507392849053	13.246687613238
2020-03-20	12.4714163649027	23.8251918318228	16.0065842596565	5.23402327317878	10.3993668618035	27.9649780117644	2.40359138936364	14.7662350790396
2020-03-21	12.9373986770576	24.5379244745295	16.6033453124701	5.55316779290808	11.2862906955964	31.2082929752421	2.60988937368326	16.3686498371371
2020-03-22	13.3906269121012	25.2194491142197	17.1786364161481	5.87539304593811	12.2055478999009	34.6353450618	2.82389164446845	18.0552250168254
2020-03-23	13.8288682796009	25.8662453733331	17.7290509810628	6.19970744718457	13.156271372709	38.2481347959861	3.04538863322446	19.8264708885777
2020-03-24	14.2491197504339	26.4745568453756	18.2501454963798	6.52424527954319	14.1357687724625	42.041735506163	3.27363744540119	21.679766287579
2020-03-25	14.6481857358044	27.04056811662	18.7372172209634	6.8469222929047	15.1408914477158	46.0094887216468	3.5077618549347	23.6117071901921
2020-03-26	15.0228706469168	27.560463773339	19.1855634136775	7.16565423715982	16.1684907470232	50.1447359717537	3.74688563576107	25.6188895727802
2020-03-27	15.3699788949755	28.0304284018053	19.5904813333865	7.47835686219929	17.2154180189391	54.4408187858001	3.99013256181637	27.6979094117061
2020-03-28	15.686314891185	28.4466465882916	19.9472682389544	7.78294591791382	18.2785246120178	58.8910786931021	4.23662640703666	29.845362683333
2020-03-29	15.9686830467496	28.8053029190705	20.2512213892454	8.07733715419415	19.3546618748137	63.4888572229759	4.48549094535803	32.0578453640236
2020-03-30	16.2146238151661	29.1035429701004	20.498815612341	8.35970770098191	20.4404773724691	68.2246210189893	4.73587697046944	34.3311839244941
2020-03-31	16.4246218191012	29.3423562760821	20.6912360131917	8.62928020842232	21.5318035364784	73.0773371817163	4.98704335507145	36.6581268128722
2020-04-01	16.5998977235137	29.523693361402	20.8308452659653	8.88553870671148	22.624269014924	78.0230979259823	5.23827599161751	39.0306529716388
2020-04-02	16.7416721933628	29.6495047504467	20.9200060448296	9.12796722604553	23.7135024558884	83.0379954666129	5.48886077256109	41.4407413432747
2020-04-03	16.8511658936075	29.7217409676025	20.9610810239526	9.35604979662058	24.7951325074538	88.0981220184334	5.73808359035563	43.8803708702606
2020-04-04	16.9295994892067	29.742352537256	20.9564328775021	9.56927044863274	25.8647878177028	93.1795697962695	5.9852303374546	46.3415204950774
2020-04-05	16.9781936451194	29.7132899837936	20.9084242796458	9.76711321227813	26.9180970347176	98.2584310149466	6.22958690631146	48.8161691602058
2020-04-06	16.9981690263048	29.6365038316017	20.8194179045517	9.94906211775286	27.9506888065808	103.31079788929	6.47043918937966	51.2962958081268
2020-04-07	16.9907462977217	29.5139446050669	20.6917764263875	10.1146011952531	28.9581917813746	108.312762634126	6.70707307911266	53.773879381321
2020-04-08	16.9571461243292	29.3475628285755	20.5278625193212	10.2632144749749	29.9362346071815	113.240417464279	6.93877446796392	56.2408988222694
2020-04-09	16.8985891710863	29.1393090265141	20.3300388575205	10.3943859871143	30.8804459320839	118.069854594575	7.16482924838689	58.6893330734526
2020-04-10	16.816296102952	28.891133723269	20.1006681151532	10.5075997618677	31.7864544041642	122.777166239839	7.38452331283503	61.1111610773516
2020-04-11	16.7114875848853	28.6049874432268	19.8421129663873	10.6023398294309	32.6498886715048	127.338444614898	7.59714255376179	63.4983617764471
2020-04-12	16.5853842818453	28.2828207107739	19.5567360853906	10.6780902200002	33.466377382188	131.729781934575	7.80197286362065	65.84291411322
2020-04-13	16.4392524268891	27.926642917202	19.2470691266746	10.7344878423515	34.2313537049625	135.926263987263	7.99837031448396	68.1361789896127
2020-04-14	16.2745405254661	27.5386989214236	18.9163196661254	10.7717811195804	34.9394688912419	139.898950855613	8.18597169689975	70.3670451454148
2020-04-15	16.0927426511243	27.1212924492564	18.5678642599729	10.7903713533621	35.5851787131057	143.61789619584	8.36448398103498	72.5237832798775
2020-04-16	15.8953528774112	26.6767272265183	18.205079464447	10.7906598453719	36.1629389426337	147.05315366416	8.53361413705657	74.5946640922522
2020-04-17	15.6838652778745	26.2073069790269	17.8313418357776	10.7730478972853	36.6672053519057	150.174776916792	8.69306913513147	76.5679582817899
2020-04-18	15.459773926062	25.7153354326	17.4500279301944	10.7379368107776	37.0924337130014	152.95281960995	8.84255594542664	78.4319365477421
2020-04-19	15.2245728955214	25.2031163130554	17.0645143039273	10.685727887524	37.4330797980005	155.357335399852	8.98178153810899	80.1748695893599
2020-04-20	14.9796914466502	24.672957983709	16.6779958834541	10.6170594281359	37.6846731409022	157.363648510237	9.11058866127858	81.7863188122851
2020-04-21	14.7262995872459	24.12718735787	16.2929410762441	10.5335177289682	37.8470383233841	158.968165434948	9.22936317476777	83.2610084477216
2020-04-22	14.4655025119557	23.5681359863455	15.9116366600142	10.4369260853116	37.9210736890432	160.17256323535	9.33862671634204	84.5949534332639
2020-04-23	14.1984054154268	22.9981354199429	15.5363694124818	10.329107792457	37.9076775814767	160.978518972808	9.43890092376686	85.7841687065062
2020-04-24	13.9261134923066	22.4195172094695	15.1694261113637	10.2118861456953	37.8077483442814	161.387709708688	9.5307074348077	86.8246692050431
2020-04-25	13.6497319372424	21.8346129057326	14.8130935343773	10.0870844403173	37.6221843210547	161.401812504356	9.61456788723001	87.7124698664689
2020-04-26	13.3703659448813	21.2457540595395	14.4696584592395	9.95652597161368	37.3518838553934	161.022504421177	9.69100391879928	88.4435856283781
2020-04-27	13.0890179049003	20.6550790012778	14.1409247976511	9.82173939856888	36.9985013621039	160.25517938717	9.76041567624172	89.0153619856025
2020-04-28	12.8062789870946	20.0639531796571	13.8267649972466	9.68307483494102	36.5667155408295	159.120098796973	9.8227173421266	89.4304666619235
2020-04-29	12.5226375562889	19.4735488229673	13.5265686396441	9.54058775818175	36.0619611624228	157.641240911876	9.87770160798392	89.6928979383601
2020-04-30	12.238581977308	18.8850381594981	13.2397253064618	9.39433364574269	35.4896729977364	155.842583993169	9.9251611653437	89.8066540959311
2020-05-01	11.9546006149767	18.2995934175394	12.9656245793178	9.24436797507548	34.8552858176229	153.748106302143	9.96488870573596	89.7757334156553
2020-05-02	11.6711818341199	17.7183868253812	12.7036560398302	9.09074622363175	34.1642343929349	151.381786100089	9.9966769206907	89.6041341785518
2020-05-03	11.3888139995622	17.1425906113133	12.4532092696171	8.93352386886314	33.4219534945248	148.767601648296	10.0203185017379	89.2958546656394
2020-05-04	11.1079854761285	16.5733770036255	12.2136738502967	8.77275638822129	32.6338778932454	145.929531208056	10.0356061404077	88.8548931579369
2020-05-05	10.8291846286436	16.0119182306077	11.984439363487	8.60849925915782	31.8054423599491	142.891553040659	10.04233252823	88.2852479364632
2020-05-06	10.5528998219322	15.4593865205498	11.7648953908062	8.44080795912438	30.9420816654886	139.677645407396	10.0402903567348	87.5909172822372
2020-05-07	10.2796194208191	14.9169541017417	11.5544315138724	8.26973796557259	30.0492305807165	136.311786569557	10.0292723174521	86.7758994762779
2020-05-08	10.0098317901292	14.3857932024732	11.3524373143038	8.09534475595409	29.1323238764852	132.817954788433	10.0090711019121	85.844192799604
2020-05-09	9.74402529468717	13.8670760510342	11.1583023737183	7.91768380772053	28.1967963236475	129.220128325314	9.97947940164457	84.7997955332345
2020-05-10	9.48268829931782	13.3619748757146	10.9714162737343	7.73681059832352	27.2480826930558	125.54228544149	9.94028990817967	83.6467059581883
2020-05-11	9.22632170104574	12.8714522057171	10.7909934396535	7.55299296461549	26.291031316333	121.807472123604	9.89141834007202	82.3896643519652
2020-05-12	8.9754765256946	12.3956317738959	10.6155476715136	7.36734818105195	25.3281447681824	118.035005259701	9.83327252397492	81.0363789779898
2020-05-13	8.73071633128787	11.9344276140182	10.4434176130358	7.1812058814892	24.3613391840778	114.243269463176	9.76638331356629	79.5953000961674
2020-05-14	8.49260467584903	11.487753759851	10.2729419079414	6.99589569978354	23.3925306994928	110.450649347426	9.69128156252406	78.0748779664034
2020-05-15	8.26170511740155	11.0555242451615	10.1024591999518	6.81274726979127	22.4236354499009	106.675529525847	9.60849812452617	76.4835628486034
2020-05-16	8.03858121396889	10.6376531037168	9.93030813278818	6.63309022536867	21.4565695707759	102.936294611836	9.51856385325056	74.8298050026727
2020-05-17	7.82379652357453	10.234054369284	9.754827350172	6.45825420037206	20.4932491975913	99.2513292187874	9.42200960237517	73.1220546885169
2020-05-18	7.61785526879458	9.84463340651255	9.57474408638414	6.28937695311524	19.5358138093493	95.6365452846093	9.31949196235003	71.3689023554084
2020-05-19	7.42102433041582	9.46926090358091	9.39033993794407	6.12682873974211	18.5872962591656	92.0979640452517	9.21217047071365	69.5794992100882
2020-05-20	7.23351125377764	9.10779887954991	9.20228509193087	5.97078794085406	17.6509527436845	88.6391340611751	9.10133040177663	67.7631366486642
2020-05-21	7.05552358421946	8.76010935348038	9.01124973542361	5.8214329370525	16.7300394595501	85.2636038928406	8.98825702984957	65.9291060672446
2020-05-22	6.88726886708068	8.42605434443313	8.81790405550139	5.67894210893883	15.8278126034067	81.9749221007088	8.87423562924309	64.0866988619372
2020-05-23	6.72895464770072	8.10549587146898	8.62291823924327	5.54349383711446	14.9475283718986	78.7766372452407	8.76055147426781	62.2452064288502
2020-05-24	6.58078847141898	7.79829595364873	8.42696247372834	5.41526650218079	14.0924429616699	75.6722978868969	8.6484898392343	60.4139201640915
2020-05-25	6.44291167064584	7.50429454484282	8.23074923388859	5.29442261923528	13.2653915913417	72.6647241651359	8.53920061691993	58.6008974503529
2020-05-26	6.31520072607544	7.22324333816009	8.03516014606761	5.18106124135958	12.4675255674425	69.7538225354053	8.43329217396896	56.8092596166606
2020-05-27	6.19746590547288	6.95487196151903	7.84111912446192	5.0752655561314	11.6995752184777	66.9387710321505	8.33123749549237	55.040893978625
2020-05-28	6.08951747660328	6.69891004283807	7.64955008326802	4.97711875112843	10.9622708729526	64.2187476898169	8.23350956660117	53.297687851856
2020-05-29	5.99116570723173	6.45508721003571	7.46137693668241	4.8867040139284	10.2563428593726	61.5929305428496	8.14058137240635	51.5815285519638
2020-05-30	5.90222086512333	6.22313309103038	7.2775235989016	4.80410453210899	9.582521506243	59.060497625694	8.05292589801889	49.8943033945584
2020-05-31	5.8224932180432	6.00277731374057	7.0989139841221	4.72940349324792	8.94153714206917	56.6206269727953	7.9710161285498	48.23789969525
2020-06-01	5.75179303375644	5.79374950608473	6.92647200654041	4.6626840849229	8.33412009535644	54.2724966185989	7.89532504911007	46.6142047696487
2020-06-02	5.68993058002814	5.59577929598133	6.76112158035305	4.60402949471161	7.76100069461018	52.0152845975501	7.8263256448107	45.0251059333646
2020-06-03	5.63671612462342	5.40859631134884	6.6037866197565	4.55352291019179	7.22290926833572	49.8481689440941	7.76449090076267	43.4724905020078
2020-06-04	5.59195993530738	5.23193018010571	6.45539103894729	4.51124751894111	6.72057614503843	47.7703276926762	7.71029380207699	41.9582457911883
2020-06-05	5.55547227984512	5.06551053017041	6.31685875212192	4.47728650853731	6.25473165322363	45.7809388777417	7.66420733386464	40.4842591165164
2020-06-06	5.52706342600174	4.90906698946141	6.18911367347688	4.45172306655806	5.82610612139671	43.8791805337359	7.62670448123662	39.0524177936021
2020-06-07	5.50654364154235	4.76232918589716	6.0730797172087	4.43464038058109	5.43542987806298	42.0642306951041	7.59825822930393	37.6646091380554
2020-06-08	5.49375443735525	4.62509738110917	5.96930195679281	4.42602723392187	5.08292291208595	40.3346171034288	7.57933222583918	36.322098219233
2020-06-09	5.48866229682153	4.49745437158109	5.87681010282036	4.42549479284695	4.76676385376172	38.686266328842	7.5703527692615	35.0236611214772
2020-06-10	5.49126494644547	4.37955358750958	5.79425502516146	4.43255981936068	4.48462099374453	37.1144546486125	7.57173682065161	33.7674516828765
2020-06-11	5.50156011273135	4.27154845909131	5.7202875936862	4.44673907546736	4.23416262268859	35.6144583400096	7.58390134109026	32.5516237415197
2020-06-12	5.51954552218345	4.17359241652297	5.65355867826468	4.46754932317134	4.01305703124816	34.1815536803023	7.60726329165818	31.3743311354955
2020-06-13	5.54521890130605	4.08583889000123	5.59271914876698	4.49450732447695	3.81897251007747	32.8110169467597	7.64223963343613	30.2337277028926
2020-06-14	5.57857797660345	4.00844130972276	5.53641987506321	4.5271298413885	3.64957734983076	31.4981244166508	7.68924732750483	29.1279672817997
2020-06-15	5.61957615465995	3.941478556771	5.48349462629262	4.56494216388661	3.50270200583087	30.238861309286	7.74853139595548	28.0554764765084
2020-06-16	5.66798956238006	3.88473131577639	5.43350876867112	4.60750369385693	3.3768255920751	29.0320486121398	7.8196491049211	27.0157729561229
2020-06-17	5.7235500067483	3.83790572225612	5.38621056768374	4.6543823611614	3.27058938722933	27.8772162547282	7.90198578154518	26.0086471559502
2020-06-18	5.78598929474922	3.8007079117274	5.34134828881557	4.70514609566195	3.18263466995947	26.7738941665672	7.99492675297119	25.0338895112974
2020-06-19	5.85503923336733	3.77284401970742	5.29867019755166	4.7593628272205	3.1116027189314	25.7216122771725	8.0978573463426	24.0912904574716
2020-06-20	5.93043162958718	3.75402018171339	5.25792455937705	4.816600485699	3.05613481281102	24.7199005160601	8.2101628888029	23.1806404297797
2020-06-21	6.0118982903933	3.74394253326249	5.21885963977683	4.87642700095937	3.01487223026424	23.7682888127458	8.33122870749556	22.3017298635289
2020-06-22	6.09917102277021	3.74231720987194	5.18122370423603	4.93841030286354	2.98645624995694	22.8663070967455	8.46044012956406	21.4543491940264
2020-06-23	6.19198163370246	3.74885034705892	5.14476501823973	5.00211832127346	2.96952815055502	22.0134852975751	8.59718248215187	20.638288856579
2020-06-24	6.29006193017458	3.76324808034064	5.10923184727298	5.06711898605103	2.96272921072438	21.2093533447505	8.74084109240249	19.8533392864939
2020-06-25	6.39314371917109	3.78521654523429	5.07437245682084	5.13298022705821	2.96470070913091	20.4534411677874	8.89080128745938	19.0992909190782
2020-06-26	6.50095880767654	3.81446187725708	5.03993511236837	5.19926997415692	2.97408392444051	19.745278696202	9.04644839446601	18.3759341896389
2020-06-27	6.61323900267545	3.8506902119262	5.00566807940063	5.26555615720909	2.98952013531908	19.0843958595099	9.20716774056588	17.6830595334832
2020-06-28	6.72971611115236	3.89360768475885	4.97131962340268	5.33140670607666	3.0096506204325	18.4703225872271	9.37234465290245	17.020457385918
2020-06-29	6.85008961115704	3.94288370968037	4.93674494359626	5.39665522024315	3.03321684239035	17.9024847122516	9.54123834893296	16.3877133196109
2020-06-30	6.9739296650002	3.99804081424867	4.90222697414988	5.46219797767843	3.0593609995769	17.3798916810097	9.71260360736965	15.7835934566712
2020-07-01	7.10077410605781	4.05856480442981	4.86815558296875	5.529196925974	3.08732547432009	16.9014488433099	9.88506909723851	15.2066590565685
2020-07-02	7.23016076770582	4.12394148618983	4.83492063795805	5.59881401272133	3.11635264894786	16.4660615489606	10.0572634875655	14.6554713787727
2020-07-03	7.36162748332019	4.1936566654948	4.80291200702298	5.67221118551188	3.14568490578816	16.0726351477703	10.2278154473767	14.1285916827534
2020-07-04	7.49471208627686	4.26719614831076	4.77251955806873	5.75055039193715	3.17456462716893	15.7200749895475	10.3953536456981	13.6245812279803
2020-07-05	7.62895240995182	4.34404574060378	4.74413315900051	5.8349935795886	3.20223419541811	15.4072864241005	10.5585067515556	13.1420012739232
2020-07-06	7.7639303244675	4.42380528499008	4.71814857162557	5.92656444313449	3.22807313941116	15.1327829065124	10.7158929194495	12.6795926514179
2020-07-07	7.89940384693237	4.50653077068666	4.69498513335942	6.02573366555014	3.25200957421361	14.8935103129639	10.8660882457774	12.2368144767653
2020-07-08	8.0351750312014	4.5923922235607	4.67506807551963	6.13283367688765	3.27410876143851	14.6860226249103	11.007658312411	11.8133054376323
2020-07-09	8.17104593112955	4.68155966947937	4.65882262942375	6.24819690719912	3.2944359626989	14.5068738238066	11.1391687012222	11.408704221686
2020-07-10	8.3068186005718	4.77420313430986	4.64667402638937	6.37215578653665	3.31305643960783	14.3526178911082	11.2591849940827	11.0226495165932
2020-07-11	8.44229509338309	4.87049264391935	4.63904749773405	6.50504274495235	3.33003545377834	14.2198088082702	11.3662727728644	10.6547800100211
2020-07-12	8.5772774634184	4.970598224175	4.63636827477535	6.64719021249829	3.34543826682348	14.1050005567479	11.458997619439	10.3047343896365
2020-07-13	8.71146131929128	5.07452150048398	4.63889758005454	6.79869455119638	3.3592698412064	14.0051475529247	11.5362769749557	9.97220181401178
2020-07-14	8.84411648864956	5.18159049641336	4.6462406010076	6.95870785094761	3.37129394279074	13.9188059528972	11.5984357176736	9.65707332533974
2020-07-15	8.97440635389968	5.29096483507019	4.65783851629422	7.12614613362275	3.38121403829022	13.8449323476902	11.6461505851288	9.35929043671861
2020-07-16	9.10149429744804	5.40180413956152	4.67313250457408	7.29992542109259	3.38873359441859	13.7824833283284	11.6800983148578	9.07879466124655
2020-07-17	9.22454370170109	5.51326803299441	4.69156374450687	7.47896173522791	3.39355607788956	13.7304154858366	11.7009556443969	8.81552751202172
2020-07-18	9.34271794906523	5.62451613847591	4.71257341475226	7.66217109789948	3.39538495541689	13.6876854112397	11.7093993112825	8.56943050214226
2020-07-19	9.4551804219469	5.73470807911306	4.73560269396994	7.84846953097809	3.3939236937143	13.6532496955624	11.7061060530508	8.34044514470636
2020-07-20	9.56109450275251	5.84300347801292	4.76009276081959	8.03677305633451	3.38887575949553	13.6260649298294	11.6917526072382	8.12851295281218
2020-07-21	9.6596235738885	5.94856195828255	4.78548479396089	8.22599769583953	3.37994461947432	13.6050877050656	11.6670157113811	7.93357543955787
2020-07-22	9.74993101776128	6.05054314302899	4.81121997205352	8.41505947136392	3.36683374036439	13.5892746122958	11.6325721030158	7.75557411804159
2020-07-23	9.83118021677727	6.14810665535929	4.83673947375717	8.60287440477847	3.3492465888795	13.5775822425448	11.5890985196786	7.59445050136152
2020-07-24	9.9025345533429	6.24041211838051	4.86148447773152	8.78835851795395	3.32688663173336	13.5689671868373	11.5372716989059	7.45014610261581
2020-07-25	9.96315740986459	6.3266191551997	4.88489616263624	8.97042783276114	3.29945733563971	13.5623860361981	11.477768378234	7.32260243490262
2020-07-26	10.0122121687488	6.40588738892391	4.90641570713103	9.14799837107083	3.2666621673123	13.556795381652	11.4112652951992	7.21176101132012
2020-07-27	10.0489925589067	6.47740119350224	4.92545579489117	9.31993002672386	3.22828709593648	13.5512763089874	11.3384934327265	7.11728721186434
2020-07-28	10.0733136952691	6.540443946252	4.94131512965438	9.48485818144132	3.18444810058417	13.5454078830471	11.2604007552948	7.03774188412286
2020-07-29	10.0851210392714	6.59432377533256	4.95326392017396	9.64136208891437	3.13534366279889	13.5388936634374	11.1779894727718	6.97140974258113
2020-07-30	10.0843600523493	6.63834880890328	4.96057237520325	9.78802100283419	3.08117226412419	13.5314372097647	11.0922617950251	6.91657550172457
2020-07-31	10.0709761959381	6.67182717512352	4.96251070349555	9.92341417689192	3.0221323861036	13.5227420816353	11.0042199319222	6.87152387603865
2020-08-01	10.0449149314735	6.69406700215264	4.95834911380419	10.0461208647787	2.95842251028067	13.5125118386557	10.9148660933307	6.8345395800088
2020-08-02	10.006121720391	6.70437641815001	4.94735781488249	10.1547203201858	2.89024111819891	13.5004500404321	10.8252024891182	6.80390732812048
2020-08-03	9.95468782111007	6.70228763057059	4.92895922274179	10.2481216784344	2.81780213252166	13.4862351570627	10.7360520443058	6.77810073526478
2020-08-04	9.89128767998663	6.68822916405176	4.90318458242548	10.3265536013667	2.74138124039136	13.469445300613	10.6475205445285	6.75634901795544
2020-08-05	9.81674154036047	6.6628536225265	4.870217346235	10.3905746324549	2.66126957007023	13.4496334936401	10.5595344905749	6.73807029311184
2020-08-06	9.73186964557143	6.6268136099278	4.83024096647178	10.4407433151713	2.57775824982049	13.4263527587014	10.4720203832333	6.72268267765337
2020-08-07	9.63749223895937	6.58076173018865	4.78343889543723	10.4776181929881	2.49113840790437	13.3991561183539	10.3849047232924	6.70960428849941
2020-08-08	9.53442956386412	6.52535058724202	4.7299945854328	10.5017578093776	2.40170117258409	13.3675965951549	10.2981140115406	6.69825324256935
2020-08-09	9.42350186362553	6.46123278502091	4.6700914887599	10.5137207078121	2.30973767212188	13.3312272116616	10.2115747487665	6.68804765678259
2020-08-10	9.30552938158344	6.38906092745828	4.60391305771996	10.5140654317638	2.21553903477996	13.2896009904312	10.1252134357584	6.6784056480585
2020-08-11	9.18133236107769	6.30948761848713	4.53164274461441	10.503350524705	2.11939638882056	13.242270954021	10.0389565733051	6.66874533331647
2020-08-12	9.05173104544812	6.22316546204045	4.45346400174467	10.4821345301079	2.02160086250589	13.1887901249882	9.95273066219484	6.6584848294759
2020-08-13	8.91754567803459	6.13074706205121	4.36956028141218	10.4509759914448	1.9224435840982	13.1287115258899	9.86646220321626	6.64704225345616
2020-08-14	8.77959650217693	6.03288502245239	4.28011503591835	10.4104334521879	1.82221568185968	13.0615881792834	9.78007769715785	6.63383572217664
2020-08-15	8.63870376121499	5.93023194717699	4.18531171756461	10.3610654558096	1.72120828405258	12.9869731077259	9.69350364480811	6.61828335255673
2020-08-16	8.4956876984886	5.82344044015798	4.08533377865239	10.303430545782	1.61971251893912	12.9044193337746	9.60666654695552	6.59980326151582
2020-08-17	8.35133316874298	5.71317519460285	3.980577998078	10.2381126269133	1.51808979781223	12.8135257134509	9.51961448651667	6.57810535648887
2020-08-18	8.20628347234472	5.60014926081701	3.87229446111724	10.165797049355	1.41698266408772	12.7140744366322	9.43288187492027	6.55406670697316
2020-08-19	8.06114652106581	5.48508777838038	3.76194657964078	10.0871945245946	1.31710394421211	12.6058935266604	9.34712470572312	6.52885617298155
2020-08-20	7.9165302266782	5.36871588687288	3.65099776551932	10.0030157641193	1.21916646463191	12.488811006877	9.26299897248201	6.50364261452688
2020-08-21	7.77304250095388	5.25175872587443	3.54091143062354	9.91397147941665	1.12388305179365	12.3626549006239	9.18116066875372	6.47959489162202
2020-08-22	7.6312912556648	5.13494143496494	3.4331509868241	9.82077238197395	1.03196653214384	12.2272532312426	9.10226578809504	6.45788186427983
2020-08-23	7.49188440258293	5.01898915372434	3.32917984599171	9.72412918327863	0.944129732128992	12.0824340220749	9.02697032406275	6.43967239251314
2020-08-24	7.35541282357944	4.90457393534512	3.2302564498693	9.624642569794	0.861036462960665	11.9284954621474	8.95573386030016	6.42581663987332
2020-08-25	7.22239928092217	4.79215548747012	3.13681935968888	9.52247312788714	0.783154474910504	11.7676164032262	8.88823034079664	6.41588998406561
2020-08-26	7.09334950697818	4.68214043135478	3.0491021665547	9.41767141890102	0.710902503015183	11.6024458627623	8.82393729962808	6.40914910633377
2020-08-27	6.96876923411451	4.57493538825451	2.96733846157105	9.31028800417866	0.644699282311381	11.4356328582068	8.76233227087038	6.40485068792153
2020-08-28	6.84916419469821	4.47094697942475	2.89176183584217	9.20037344506306	0.584963547835773	11.2698264070107	8.70289278859941	6.40225141007265
2020-08-29	6.73504012109633	4.37058182612093	2.82260588047234	9.08797830289721	0.532114034625037	11.1076755266251	8.64509638689107	6.40060795403086
2020-08-30	6.62690274567589	4.27424654959846	2.76010418656583	8.9731531390241	0.486569477715849	10.951829234501	8.58842059982125	6.39917700103992
2020-08-31	6.52515986437151	4.18230422640214	2.70442893771427	8.8559927547222	0.448569868623143	10.8044297238206	8.53231802238996	6.39736021608212
2020-09-01	6.429827527388	4.09494375423417	2.65550668745882	8.73676891101174	0.417640224774892	10.6655918906904	8.47614149329374	6.39513919909396
2020-09-02	6.34082384849771	4.01231048608613	2.61320258182803	8.61579760884845	0.393126820077327	10.5349238069484	8.41921891215324	6.3926405337505
2020-09-03	6.25806694147301	3.93454977494957	2.57738176685043	8.49339484918799	0.374375928436675	10.4120335444322	8.36087817858911	6.38999080372678
2020-09-04	6.18147492008625	3.86180697381607	2.54790938855456	8.3698766329861	0.360733823759169	10.2965291749797	8.30044719222203	6.38731659269785
2020-09-05	6.1109658981098	3.79422743567719	2.52465059296895	8.24555896119846	0.351546779951037	10.1880187704285	8.23725385267263	6.38474448433878
2020-09-06	6.04645798931602	3.7319565135245	2.50747052612215	8.12075783478078	0.34616107091851	10.0861104026166	8.17062605956159	6.3824010623246
2020-09-07	5.98786930747728	3.67513956034956	2.49623433404269	7.99578925468877	0.343922970567818	9.99041214338155	8.09989171250955	6.38041291033037
2020-09-08	5.93511796636591	3.62392192914395	2.49080716275911	7.87096922187811	0.344178752805191	9.90053206456125	8.02437871113718	6.37890661203114
2020-09-09	5.88812207975431	3.57844897289922	2.49105415829995	7.74661373730452	0.346274691536859	9.81607823799344	7.94341495506513	6.37800875110197
2020-09-10	5.84679976141481	3.53886604460696	2.49684046669374	7.62303880192371	0.349557060669052	9.73665873551589	7.85632834391406	6.3778459112179
2020-09-11	5.81106912511979	3.50531849725872	2.50803123396902	7.50056041669135	0.353372134108001	9.66188162896638	7.76244677730462	6.37854467605399
2020-09-12	5.78084828464161	3.47795168384606	2.52449160615433	7.37949458256317	0.357066185759935	9.59135499018266	7.66109815485748	6.38023162928529
2020-09-13	5.75605535375262	3.45691095736057	2.54608672927821	7.26015730049485	0.359985489531084	9.52468689100253	7.55161037619328	6.38303335458684
2020-09-14	5.73657753315469	3.44225734668184	2.57273016847489	7.14289126349783	0.361584458012907	9.46164913340843	7.43392334993158	6.38700385305631
2020-09-15	5.72217837126771	3.43371458424162	2.60452916530138	7.02814593280631	0.361750058537771	9.40266843996155	7.31042502068741	6.39190679548173
2020-09-16	5.71259050344107	3.43092207835972	2.64163938042041	6.91639746171023	0.360477397123274	9.34833526336777	7.18411534207471	6.39743327007375
2020-09-17	5.70754656502415	3.43351923735592	2.68421647449466	6.80812200349955	0.35776157978701	9.29924005633296	7.0579942677074	6.40327436504301
2020-09-18	5.70677919136635	3.44114546955002	2.73241610818687	6.70379571146419	0.353597712546577	9.255973271563	6.93506175119943	6.40912116860016
2020-09-19	5.71002101781706	3.45344018326182	2.78639394215974	6.60389473889409	0.347980901419571	9.21912536176377	6.8183177461647	6.41466476895583
2020-09-20	5.71700467972567	3.4700427868111	2.84630563707598	6.50889523907919	0.340906252423587	9.18928677964114	6.71076220621717	6.41959625432068
2020-09-21	5.72751890750406	3.49053750181855	2.91230029667954	6.41935275871305	0.332502847722878	9.16709320291737	6.61466995329667	6.42357291586839
2020-09-22	5.74157681181411	3.51428780310845	2.98450079703931	6.33614041810371	0.323435674068318	9.15336120938028	6.52941528264676	6.42611685662485
2020-09-23	5.7592475983802	3.54060197880596	3.06302345730541	6.26021073096282	0.314503694357435	9.14895260183407	6.45364735783691	6.42671638257897
2020-09-24	5.7806004729267	3.56878831703625	3.14798459662797	6.19251621100204	0.30650587148776	9.15472918308295	6.38601534243659	6.42485979971969
2020-09-25	5.80570464117799	3.59815510592449	3.23950053415712	6.13400937193305	0.300241168356822	9.17155275593112	6.32516840001528	6.42003541403593
2020-09-26	5.83462930885844	3.62801063359583	3.33768758904298	6.08564272746749	0.296508547862151	9.20028512318278	6.26975569414244	6.41173153151662
2020-09-27	5.86744368169243	3.65766318817546	3.44266208043568	6.04836879131703	0.296106972901275	9.24178808764214	6.21842638838754	6.39943645815068
2020-09-28	5.90422379458075	3.68656322312656	3.5545211219504	6.02295468021275	0.299805212466135	9.29671671851495	6.16995650498491	6.38281799953995
2020-09-29	5.94507299912991	3.71472985326448	3.67328500506246	6.0094259229635	0.308251259926313	9.36489915061309	6.12362950082822	6.36226195973786
2020-09-30	5.99010147612281	3.74232435874258	3.79895481571224	6.00762265139754	0.322062914745801	9.44595678515003	6.07885569147602	6.33833364241075
2020-10-01	6.03941940634236	3.76950801971423	3.93153163984012	6.01738499734313	0.341857976388591	9.53951102333921	6.03504539248683	6.31159835122496
2020-10-02	6.0931369705715	3.79644211633282	4.07101656338649	6.03855309262853	0.368254244318675	9.64518326639408	5.99160891941919	6.28262138984683
2020-10-03	6.15136434959313	3.8232879287517	4.21741067229172	6.07096706908201	0.401869518000046	9.76259491552807	5.94795658783162	6.2519680619427
2020-10-04	6.21421172419016	3.85020673712425	4.37071505249619	6.11446705853184	0.443321596896694	9.89136737195464	5.90349871328267	6.22020367117891
2020-10-05	6.28178927514552	3.87735982160383	4.53093078994028	6.16889319280629	0.493228280472615	10.0311220368872	5.85764561133086	6.18789352122179
2020-10-06	6.35420718324212	3.90490846234383	4.69805897056436	6.23408560373361	0.552207368191798	10.1814803115393	5.80980759753473	6.15560291573769
2020-10-07	6.43157562926287	3.9330139394976	4.87210068030882	6.30988442314207	0.620876659518237	10.3420635971243	5.7593949874528	6.12389715839295
2020-10-08	6.51400479399069	3.96183753321853	5.05305700511403	6.39612978285993	0.699853953915922	10.5124932948556	5.70581809664362	6.0933415528539
2020-10-09	6.6016048582085	3.99154052365997	5.24092903092038	6.49266181471547	0.789757050848848	10.6923908059468	5.6484872406657	6.06450140278689
2020-10-10	6.69448600269921	4.02228419097531	5.43571784366825	6.59932065053694	0.891203749781006	10.8813775316111	5.5868127350776	6.03794201185825
2020-10-11	6.79275840824575	4.0542298153179	5.637424529298	6.71594642215262	1.00481185017639	11.0790748730622	5.52020489543782	6.01422868373433
2020-10-12	6.89645818602832	4.08755412446883	5.84599156542983	6.84234390851015	1.13111010705659	11.2849833029287	5.44852631410828	5.9941337848494
2020-10-13	7.00532516881643	4.12249563671992	6.06112699640319	6.9781764770348	1.27027109767368	11.4981195795003	5.37344869066423	5.97925793270957
2020-10-14	7.11902511977685	4.15930831799071	6.28248025823734	7.12307214227121	1.4223783548373	11.7173795324819	5.29709600148433	5.97140880758886
2020-10-15	7.2372238020764	4.19824613420075	6.50970078695152	7.27665891876402	1.58751541135712	11.9416589915786	5.22159222294721	5.97239408976131
2020-10-16	7.35958697888184	4.23956305126957	6.74243801856499	7.43856482105787	1.7657658000428	12.1698537864951	5.14906133143151	5.98402145950095
2020-10-17	7.48578041335999	4.2835130351167	6.98034138909703	7.60841786369742	1.95721305370399	12.4008597469366	5.08162730331585	6.00809859708182
2020-10-18	7.61546986867763	4.33035005166168	7.22306033456688	7.78584606122731	2.16194070515036	12.6335727026079	5.02141411497889	6.04643318277795
2020-10-19	7.74839041524292	4.38037671831174	7.47035977620385	7.97039391623266	2.38012416645782	12.867160582072	4.97031882020501	6.10050682821833
2020-10-20	7.88455435242951	4.43409025842483	7.72246657607759	8.16127188346052	2.61230636676732	13.1018797093241	4.9293307824016	6.17049687045175
2020-10-21	8.02404328685238	4.49203654684662	7.97972308146775	8.3576069056984	2.85912211448602	13.3382585072175	4.8992124423818	6.25625457788194
2020-10-22	8.16693882512656	4.55476145842275	8.24247163965404	8.55852592573383	3.12120621802115	13.5768253986053	4.88072624095876	6.35763121891265
2020-10-23	8.31332257386702	4.62281086799888	8.51105459791611	8.76315588635433	3.39919348577986	13.8181088063408	4.87463461894561	6.4744780619476
2020-10-24	8.46327613968878	4.69673065042066	8.78581430353366	8.97062373034741	3.69371872616935	14.0626371532772	4.88170001715551	6.60664637539053
2020-10-25	8.61688112920685	4.77706668053374	9.06709310378639	9.1800564005006	4.00541674759685	14.3109388622677	4.90268487640159	6.7539874276452
2020-10-26	8.77421914903622	4.86436483318378	9.35523334595394	9.39058083960141	4.33492235846949	14.5635423561656	4.93835163749699	6.91635248711531
2020-10-27	8.93537180579189	4.95917098321641	9.65057737731602	9.60132399043736	4.6828703671945	14.8209760578239	4.98946274125487	7.09359282220463
2020-10-28	9.10042070608888	5.06203100547732	9.95346754515233	9.811412795796	5.04989558217907	15.0837683900961	5.05678062848835	7.28555970131689
2020-10-29	9.26944745654218	5.17349077481212	10.2642461967425	10.0199741984648	5.43663281183037	15.3524477758352	5.14106774001059	7.49210439285581
2020-10-30	9.4425336637668	5.2940961660665	10.5832556793663	10.2261351412313	5.84371686455562	15.6275426378946	5.24308651663473	7.71307816522516
2020-10-31	9.61976093437772	5.42439305408609	10.9108383403033	10.4290225668831	6.27178254876196	15.9095813991273	5.36359939917391	7.94833228682865
2020-11-01	9.80121087498996	5.56492731371654	11.2473365268333	10.6277634182076	6.72146467285662	16.1990924823867	5.50336882844126	8.19771802607001
2020-11-02	9.98692330652917	5.71610825820198	11.5930135531276	10.8215721545808	7.19322864756499	16.4965775371739	5.66319989290828	8.46119479770542
2020-11-03	10.1767709071634	5.8777989543803	11.9478166009244	11.0100133017326	7.68686229288511	16.802431119581	5.84406827167973	8.73915460190059
2020-11-04	10.3705845693716	6.0497259074879	12.3116138188536	11.1927389019811	8.20198403113331	17.1170210123484	6.04699229151873	9.03209758517366
2020-11-05	10.5681951856324	6.23161562276115	12.684273355545	11.3694009976447	8.73821228462591	17.4407149982161	6.27299027918842	9.34052389404282
2020-11-06	10.7694336484245	6.42319460543641	13.0656633596287	11.5396516310416	9.29516547567912	17.7738808599245	6.52308056145189	9.66493367502616
2020-11-07	10.9741308502268	6.62418936075009	13.4556519797344	11.70314284449	9.8724620266093	18.1168863802136	6.79828146507227	10.0058270746419
2020-11-08	11.182117683518	6.83432639393852	13.8541073644921	11.8595266803082	10.4697203597327	18.4700993418236	7.09961131681265	10.3637042394081
2020-11-09	11.3931735704936	7.05324064352453	14.2605271991758	12.0084993195065	11.0866314808405	18.8337712342193	7.42804551929787	10.7389285286585
2020-11-10	11.6068720522156	7.28020078117667	14.672927315637	12.1499334978634	11.723176729624	19.2076883737631	7.78438777859959	11.1313161529891
2020-11-11	11.8227351994628	7.51438391184989	15.088953082371	12.2837460898492	12.3794100292492	19.5915207835423	8.16939887665112	11.5405465358116
2020-11-12	12.0402850830139	7.75496714049916	15.5062498678734	12.4098539699344	13.0553853028822	19.984938486644	8.58383959538581	11.9662991005374
2020-11-13	12.2590437736477	8.00112757207947	15.9224630406398	12.5281740125894	13.7511564736892	20.3876115061552	9.02847071673706	12.4082532705782
2020-11-14	12.4785333421429	8.25204231154577	16.3352379691656	12.6386230922848	14.4667774648363	20.7992098651631	9.50405302263815	12.8660884693456
2020-11-15	12.6982758592783	8.50688846385304	16.7422200219464	12.7411180834909	15.2023021994895	21.2194035867548	10.0113472950225	13.3394841202511
2020-11-16	12.9178909608386	8.76486715709478	17.1414425261089	12.8358200566536	15.9573887246621	21.6477724750911	10.5510291457056	13.8280798552739
2020-11-17	13.1373885426328	9.02527561191863	17.5324906433046	12.92386686612	16.7301115827556	22.0835354586271	11.1234335060322	14.3313561406641
2020-11-18	13.3568760654762	9.28743507211083	17.9153374938164	13.0066405622126	17.5181494400189	22.5258212468921	11.7288101372291	14.8487536512391
2020-11-19	13.5764609901836	9.55066678145752	18.2899561979269	13.0855231952538	18.3191809627006	22.9737585494147	12.3674088005232	15.3797130618165
2020-11-20	13.7962507775702	9.81429198374491	18.6563198759189	13.1618968155663	19.1308848170494	23.426476075724	13.0394792571414	15.9236750472138
2020-11-21	14.0163528884511	10.0776319227592	19.0144016480752	13.2371434734724	19.950939669314	23.883102535349	13.7452712683107	16.4800802822487
2020-11-22	14.2368747836414	10.3400078422866	19.3641746346785	13.3126452192947	20.7770241857432	24.3427666378186	14.4850345952579	17.0483694417387
2020-11-23	14.457923923956	10.6007409861133	19.7056119560116	13.3897841033557	21.6068170325856	24.8045970926617	15.2590189992098	17.6279832005014
2020-11-24	14.6796077702101	10.8591525980254	20.0386867323571	13.4699421759778	22.43799687609	25.2677226094072	16.0674742413934	18.2183622333542
2020-11-25	14.9020337832187	11.1145639218092	20.3633720839979	13.5545014874836	23.268242382505	25.7312718975842	16.9106500830355	18.8189472151148
2020-11-26	15.125309423797	11.3662962012508	20.6796411312168	13.6448440881956	24.0952322180795	26.1943736667215	17.7887962853631	19.4291788206009
2020-11-27	15.3495421527599	11.6136706801365	20.9874669942964	13.7423520284362	24.916645049062	26.6561566263481	18.7021626096031	20.0484977246297
2020-11-28	15.5748394309227	11.8560086022524	21.2868227935195	13.848407358528	25.7301595417013	27.115749485993	19.6509988169822	20.6763446020191
2020-11-29	15.8013087191002	12.0926312113848	21.5776816491689	13.9643921287934	26.5334543622461	27.5722809551851	20.6355546687275	21.3121601275865
2020-11-30	16.029291834503	12.3232385157169	21.8604621585922	14.0918821357373	27.323948836985	28.0254253886997	21.6556724586513	21.9553465575208
2020-12-01	16.2600680199226	12.5490455810203	22.1373648273966	14.2332281605942	28.0980249323663	28.4770397222976	22.7095646109083	22.6051524734955
2020-12-02	16.495150874546	12.7716462374637	22.4110356382543	14.3909747307809	28.8518052748777	28.929526536986	23.7950360822386	23.2607880385556
2020-12-03	16.7360539975602	12.9926343152159	22.6841205738373	14.5676663737142	29.5814124910074	29.385288413772	24.9098918293825	23.9214634157459
2020-12-04	16.9842909881521	13.2136036444455	22.9592656168179	14.7658476168111	30.2829692072435	29.8467279336629	26.0519368090803	24.5863887681115
2020-12-05	17.2413754455087	13.4361480553212	23.2391167498681	14.9880629874882	30.9525980500738	30.3162476776657	27.2189759780718	25.254774258697
2020-12-06	17.5088209688168	13.6618613780119	23.52631995566	15.2368570131624	31.5864216459865	30.7962502267877	28.4088142930975	25.9258300505474
2020-12-07	17.7879060064608	13.8923341495701	23.8231826052278	15.5144716529301	32.1806034196058	31.2891071842814	29.6195213797186	26.5986636912206
2020-12-08	18.0789684036137	14.1291437345854	24.1306576230538	15.8219385926055	32.7314699881005	31.797066242381	30.8502255387802	27.2719722663259
2020-12-09	18.3821108546459	14.3738642045312	24.4493593219825	16.1599869496825	33.2353887667757	32.3223441155659	32.1003197399489	27.9443502459856
2020-12-10	18.6974360539279	14.6280696308809	24.7799020148581	16.5293458416547	33.6887271709365	32.8671575183158	33.3691969528908	28.6143921003218
2020-12-11	19.0250466958299	14.893334085108	25.1229000145251	16.930744386016	34.0878526158879	33.4337231651102	34.6562501472723	29.280692299457
2020-12-12	19.3650454747223	15.1712316386859	25.4789676338278	17.3649117002602	34.4291325169352	34.0242577704286	35.9608722927599	29.9418453135134
2020-12-13	19.7175350849756	15.4633363630881	25.8487191856105	17.8325769018809	34.7089342893832	34.6409780487506	37.2824563590197	30.5964456126133
2020-12-14	20.082246056085	15.7705293314036	26.2320805718475	18.3336594529842	34.9245569520122	35.2853256483829	38.6200503425496	31.2431449163935
2020-12-15	20.4574202580452	16.0909196231834	26.6262240510323	18.8648401941245	35.0770259375029	35.9556419529416	39.9713223471737	31.880823942549
2020-12-16	20.8409273959758	16.4219233195939	27.0276334707882	19.4219903104683	35.1682982820109	36.6494932798696	41.3335955035474	32.5084206582895
2020-12-17	21.2306371749965	16.7609565018018	27.4327926787384	20.0009809871822	35.2003310216921	37.3644459466102	42.7041929423263	33.1248730308247
2020-12-18	21.6244193002267	17.1054352509735	27.8381855225064	20.5976834094329	35.1750811927022	38.0980662706066	44.0804377941657	33.729119027364
2020-12-19	22.0201434767862	17.4527756482755	28.2402958497153	21.2079687623867	35.094505831197	38.8479205693018	45.4596531897213	34.3200966151171
2020-12-20	22.4156794097945	17.8003937748744	28.6356075079886	21.8277082312104	34.9605619733321	39.6115751601391	46.8391622596486	34.8967437612938
2020-12-21	22.8088968043712	18.1457057119366	29.0206043449495	22.4527730010705	34.7752066552634	40.3865963605616	48.216288134603	35.4579984331034
2020-12-22	23.1976653656359	18.4861275406288	29.3917702082213	23.0790342571336	34.5403969131466	41.1705504880125	49.5883539452401	36.0027985977557
2020-12-23	23.5798547987083	18.8190753421174	29.7455889454274	23.7023631845663	34.2580897831375	41.961003859935	50.9526828222154	36.5300822224604
2020-12-24	23.9533348087078	19.1419651975689	30.0785444041911	24.318630968535	33.9302423013918	42.7555227937721	52.3065978961843	37.0387872744268
2020-12-25	24.3159751007543	19.4522131881499	30.3871204321356	24.9237087942065	33.5588115040652	43.5516736069672	53.6474222978024	37.5278517208649
2020-12-26	24.6656453799671	19.7472353950268	30.6678008768843	25.5134678467472	33.1457544273136	44.3470226169632	54.9724791577252	37.996213528984
2020-12-27	25.0002153514659	20.0244478993662	30.9170695860606	26.0837793113238	32.6930281072926	45.1391361412034	56.2790916066082	38.4428106659939
2020-12-28	25.3176913162674	20.2816073110332	31.1318889652413	26.6306386425325	32.2026562249583	45.9250762799133	57.5642087911036	38.867125078161
2020-12-29	25.616625958976	20.5178323546871	31.3111356518186	27.1505383726881	31.6769290404678	46.6998882644477	58.8232839218509	39.2708146279796
2020-12-30	25.8957085600931	20.7325822836858	31.4541648411381	27.6400953035355	31.1182034587785	47.4581131089439	60.0513962254863	39.6560811570006
2020-12-31	26.1536284001204	20.9253163513873	31.5603317285455	28.0959262368193	30.5288363848475	48.1942918275392	61.2436249286459	40.0251265067752
2021-01-01	26.3890747595591	21.0954938111494	31.6289915093864	28.5146479742839	29.9111847236325	48.9029654343706	62.3950492579659	40.3801525188545
2021-01-02	26.6007369189109	21.2425739163301	31.6594993790067	28.8928773176742	29.2676053800906	49.5786749435756	63.5007484400825	40.7233610347894
2021-01-03	26.7873041586772	21.3660159202873	31.6512105327519	29.2272310687347	28.6004552591793	50.2159613692911	64.5558017016319	41.0569538961311
2021-01-04	26.9478307128419	21.465526061908	31.6037971085963	29.5152086533227	27.9122705886483	50.810153945786	65.5557469744902	41.3825940888264
2021-01-05	27.0828306293184	21.5417985221957	31.5181990150273	29.7578399937458	27.206304887417	51.3597347878548	66.497957011494	41.6997891764045
2021-01-06	27.1931829095025	21.5957744676829	31.395673103161	29.957037636424	26.4859909971973	51.8639742304236	67.3802632707194	42.0075078667906
2021-01-07	27.27976655479	21.6283950649023	31.2374762241135	30.1147141277776	25.754761759701	52.3221426084184	68.200497210243	42.3047188679098
2021-01-08	27.3434605665768	21.6406014803865	31.0448652290007	30.2327820142267	25.0160500166399	52.7335102567652	68.9564902881412	42.5903908876871
2021-01-09	27.3851439462587	21.633334880668	30.8190969689388	30.3131538421916	24.2732886097258	53.0973475103901	69.6460739624902	42.8634926340476
2021-01-10	27.4056956952314	21.6075364322794	30.5614282950436	30.3577421580922	23.5299103806705	53.4129247042191	70.2670796913666	43.1229928149164
2021-01-11	27.4059948148909	21.5641473017534	30.2731160584313	30.3684595083489	22.7893481711859	53.6795121731782	70.8173389328467	43.3678601382186
2021-01-12	27.3869203066329	21.5041086556224	29.9554171102179	30.3472184393818	22.0550348229838	53.8963802521935	71.2946831450069	43.5970633118792
2021-01-13	27.3493511718532	21.4283616604192	29.6095883015193	30.2959314976111	21.330403177776	54.062799276191	71.6969437859236	43.8095710438232
2021-01-14	27.2941664119476	21.3378474826762	29.2368864834517	30.2165112294568	20.6188860772744	54.1780395800967	72.0219523136732	44.0043520419759
2021-01-15	27.2222450283121	21.2335072889261	28.8385685071309	30.1108701813392	19.9239163631907	54.2413714988367	72.2675401863321	44.1803750142622
2021-01-16	27.1344660223423	21.1162822457015	28.4158912236731	29.9809208996785	19.2489268772368	54.252065367337	72.4315388619767	44.3366086686072
2021-01-17	27.0317083954341	20.9871135195349	27.9701114841943	29.8285759308948	18.5973504611246	54.2093915205237	72.5117797986834	44.4720217129361
2021-01-18	26.9148675207608	20.8469722397982	27.5026973716489	29.6557482843465	17.9721663043074	54.1134778795414	72.5067287288951	44.585210631885
2021-01-19	26.7849042586051	20.6969493872201	27.015961896345	29.4643528211455	17.3745389872057	53.9678827104095	72.4173884825203	44.6732830169354
2021-01-20	26.6427958410273	20.5381659053685	26.5124293004291	29.2563048653418	16.8051794379813	53.777021865366	72.2453961638343	44.7329742362797
2021-01-21	26.4895195000877	20.3717427378114	25.9946238260477	29.0335197409856	16.2647985847962	53.545311196649	71.9923888771122	44.7610196581106
2021-01-22	26.3260524678463	20.1988008281168	25.4650697153474	28.7979127721269	15.7541073558123	53.2771665564965	71.6600037266293	44.7541546506205
2021-01-23	26.1533719763636	20.0204611198525	24.9262912104745	28.5513992828158	15.2738166791915	52.9770037971465	71.2498778166605	44.709114582002
2021-01-24	25.9724552576997	19.8378445565865	24.3808125535756	28.2958945971024	14.8246374830959	52.649238770837	70.763648251481	44.6226348204477
2021-01-25	25.7840019739831	19.6519981305564	23.8310008165379	28.0332753820182	14.4066270936027	52.2976093216948	70.2032587426865	44.4917942825212
2021-01-26	25.5876015076158	19.4636730286778	23.2785943902108	27.7652636765204	14.0172284284506	51.9231412614015	69.5718794311543	44.3150460782703
2021-01-27	25.382565671068	19.2735464865359	22.7251744951845	27.4935428625477	13.6532308032937	51.5261823935273	68.8729870650824	44.0911868661142
2021-01-28	25.1682062768098	19.0822957397161	22.1723223520491	27.2197963220387	13.3114235337859	51.1070805216426	68.1100583926685	43.8190133044716
2021-01-29	24.9438351373114	18.8905980238034	21.6216191813947	26.945707436932	12.9885959355813	50.6661834493177	67.2865701621105	43.4973220517617
2021-01-30	24.7087640650431	18.6991305743833	21.0746462038115	26.6729595891663	12.6815373243341	50.2038389801229	66.4059991216064	43.1249097664034
2021-01-31	24.462304872475	18.5085706270409	20.5329846398895	26.4032361606803	12.3870370156981	49.7203949176285	65.4718220193539	42.7005731068157
2021-02-01	24.2038952369929	18.3193507665783	19.9978869216494	26.1378437698882	12.1022090300262	49.2163406781865	64.487432177866	42.2239870288835
2021-02-02	23.9334762956452	18.1309249746653	19.4692903268339	25.8765819811074	11.8254662064663	48.6927321292763	63.4558892169162	41.6983396783564
2021-02-03	23.6511150503956	17.9425025821884	18.9468033446164	25.6188735951308	11.5555460888651	48.1507667511585	62.3801693305929	41.1276974984496
2021-02-04	23.3568785032081	17.7532929200343	18.4300344641701	25.3641414127514	11.2911862210694	47.5916420240942	61.263248712985	40.5161269323788
2021-02-05	23.0508336560466	17.5625053190896	17.9185921746682	25.1118082347621	11.0311241469257	47.0165554283443	60.1081035581807	39.8676944233592
2021-02-06	22.7330475108749	17.3693491102409	17.412084965284	24.8612968619558	10.7740974102808	46.4267044441698	58.9177100602686	39.1864664146063
2021-02-07	22.4035870696569	17.1730336243747	16.9101213251908	24.6120300951256	10.5188435549815	45.8232865518315	57.6950444133374	38.4765093493355
2021-02-08	22.0625193343565	16.9727681923777	16.4123097435619	24.3634307350644	10.2641001248742	45.2074992315903	56.4430828114756	37.7418896707624
2021-02-09	21.7099113069375	16.7677621451365	15.9182587095704	24.1149215825652	10.0086046638058	44.5805399637073	55.1648014487716	36.9866738221022
2021-02-10	21.3458299893639	16.5572248135377	15.4275767123898	23.8659254384209	9.751094715623	43.9436062284433	53.8631765193142	36.2149282465705
2021-02-11	20.9703423835995	16.3403655284678	14.9398722411932	23.6158651034244	9.49030782417239	43.2978955060591	52.5411842171917	35.4307193873826
2021-02-12	20.5835154916082	16.1163936208136	14.4547537851539	23.3641633783689	9.22498153330072	42.6446052768159	51.2018007364929	34.6381136877541
2021-02-13	20.1854163153539	15.8845184214616	13.9718298334452	23.1102430640471	8.95385338685466	41.9849330209744	49.8480022713063	33.8411775909003
2021-02-14	19.7761118568004	15.6439492612983	13.4907088752403	22.8535269612521	8.6756609286809	41.3200762187956	48.4827650157203	33.0439775400366
2021-02-15	19.3559510004179	15.3940942928935	13.0113720773502	22.5935023087976	8.38982149647173	40.6513861119729	47.1093285090563	32.2501510083335
2021-02-16	18.926410160701	15.1351569555487	12.5352913171362	22.3299140975804	8.09847160330175	39.9808289879288	45.731985671567	31.4616195887801
2021-02-17	18.4892476346507	14.8675395102487	12.0643111495972	22.0625717565179	7.80442755609113	39.3105248955186	44.3552927687375	30.6798759043209
2021-02-18	18.046221719268	14.5916442179781	11.6002761297324	21.7912847145277	7.51050566176009	38.6425938835973	42.9838060660533	29.9064125779001
2021-02-19	17.5990907115536	14.3078733397216	11.1450308125405	21.5158624005272	7.2195222272288	37.9791560010201	41.6220818289997	29.142722232462
2021-02-20	17.1496129085087	14.0166291364639	10.7004197530208	21.2361142434341	6.93429355941747	37.322331296642	40.2746763230622	28.3902974909508
2021-02-21	16.6995466071341	13.7183138691896	10.268287506172	20.9518496721658	6.65763596524628	36.6742398193181	38.9461458137259	27.6506309763108
2021-02-22	16.2505018870999	13.4134152565352	9.85018733377692	20.6629462135869	6.39202568521966	36.0364549272967	37.6404451714364	26.9250721241861
2021-02-23	15.8034959587531	13.1027628477447	9.44650732475264	20.3695537863505	6.13857869417904	35.4083632163983	36.3591236864802	26.2143976210204
2021-02-24	15.35939781511	12.7872716497137	9.05734427479995	20.071890407057	5.89807090055007	34.7888045918367	35.1031292541037	25.5192409659571
2021-02-25	14.9190764491866	12.4678566693381	8.68279497961964	19.7701740923065	5.67127821275841	34.1766189588255	33.8734097695534	24.8402356581397
2021-02-26	14.4834008539994	12.1454329135135	8.32295623491254	19.4646228586993	5.45897653922973	33.5706462225784	32.670913128076	24.1780151967116
2021-02-27	14.0532400225643	11.8209153891357	7.97792483637941	19.1554547228356	5.26194178838967	32.9697262883091	31.4965872249178	23.5332130808163
2021-02-28	13.6294629478977	11.4952191031004	7.64779757972108	18.8428877013157	5.08094986866393	32.3726990612314	30.3513799553256	22.9064628095973
2021-03-01	13.2129386230157	11.1692590623034	7.33267126063832	18.5271398107398	4.91677668847814	31.778404446559	29.2362392145458	22.298397882198
2021-03-02	12.8045360409345	10.8439502736403	7.03264267483191	18.2084290677081	4.77019815625796	31.1856823495054	28.1521128978249	21.7096517977619
2021-03-03	12.4051241946704	10.5202077440069	6.74780861800269	17.8869734888208	4.64199018042907	30.5933726752845	27.0999489004096	21.1408580554325
2021-03-04	12.0155720772395	10.198946480299	6.47826588585141	17.5629910906783	4.53292866941712	30.0003153291099	26.0806951175462	20.5926501543532
2021-03-05	11.636748681658	9.88108148941234	6.22411127407889	17.2366998898808	4.44378953164778	29.4053502161953	25.0952994444815	20.0656615936675
2021-03-06	11.2695230009422	9.56752777824257	5.98544157838593	16.9083179030285	4.37534867554669	28.8073172417544	24.1447097764618	19.5605258725189
2021-03-07	10.9147640281082	9.25920035368543	5.76235359447329	16.5780631467216	4.32838200953953	28.205056311001	23.2298740087338	19.0778764900508
2021-03-08	10.5732577206377	8.95699821219788	5.554783537576	16.246282457258	4.303479960593	27.5978065088171	22.3515889043156	18.6183365117307
2021-03-09	10.2454578938748	8.66175630848144	5.36202530106579	15.9138379497264	4.30049102983795	26.9864036387591	21.510046697312	18.1824872683212
2021-03-10	9.93173532762874	8.37429358679884	5.1832121978486	15.5817205589128	4.31907823694627	26.3720826840514	20.7052884895992	17.7708996569089
2021-03-11	9.63246080170906	8.09542899141285	5.0174775408304	15.2509212196034	4.35890460158986	25.756078627919	19.9373553830539	17.3841445745808
2021-03-12	9.34800509592515	7.82598146658614	4.86395464291712	14.9224308665846	4.41963314344061	25.1396264535862	19.2062884795522	17.0227929184232
2021-03-13	9.0787389900865	7.5667699565815	4.72177681701472	14.5972404346424	4.50092688217042	24.523961144278	18.5121288809707	16.6874155855229
2021-03-14	8.82503326400251	7.31861340566163	4.59007737602914	14.2763408585631	4.60244883745117	23.9103176832189	17.8549176891856	16.3785834729666
2021-03-15	8.58716642025957	7.08221512373153	4.46805644037897	13.9608153681524	4.72374021753427	23.2996985172784	17.2344958754487	16.0964961155098
2021-03-16	8.36504785255185	6.85781588326533	4.35518136053345	13.6521163732941	4.86385498498904	22.6921759479052	16.6499038885133	15.8398675985834
2021-03-17	8.15849467735043	6.64554082237941	4.25098629447445	13.3517885788916	5.02172529096435	22.0875897401928	16.0999820465079	15.6070406452871
2021-03-18	7.96732401112638	6.44551507919014	4.15500540018382	13.0613766898482	5.19628328660904	21.4857796592344	15.5835706675609	15.3963579787206
2021-03-19	7.79135297035084	6.25786379181393	4.06677283564347	12.7824254110674	5.38646112307194	20.8865854701238	15.0995100698012	15.2061623219838
2021-03-20	7.63039867149485	6.08271209836716	3.98582275883525	12.5164794474523	5.59119095150191	20.2898469379543	14.646640571357	15.0347963981763
2021-03-21	7.48427823102954	5.92018513696621	3.91168932774104	12.2650835039065	5.80940492304777	19.6954038278194	14.2238024903572	14.880602930398
2021-03-22	7.35275208889988	5.77030825567896	3.84398990310429	12.0294724811415	6.04003774666235	19.1033020878787	13.8297343083205	14.7419079214827
2021-03-23	7.23535397894644	5.63270764237915	3.78267465671475	11.8096420631014	6.28203436251432	18.5144123985561	13.4627671603272	14.6169704932004
2021-03-24	7.13156095848371	5.50690969489203	3.72777696312377	11.6052781295386	6.53434226857628	17.9298116233417	13.1211303448479	14.5040330470555
2021-03-25	7.04085008482613	5.39244081104284	3.67933019688267	11.4160665602055	6.79590896282088	17.3505766257258	12.8030531603534	14.4013379845522
2021-03-26	6.96269841528818	5.28882738865679	3.63736773254279	11.2416932348546	7.06568194322076	16.7777842691983	12.5067649053141	14.3071277071948
2021-03-27	6.89658300718432	5.19559582555913	3.60192294465546	11.0818440332381	7.34260870774851	16.2125114172494	12.2304948782007	14.2196446164875
2021-03-28	6.84198091782903	5.11227251957511	3.57302920777201	10.9362048351085	7.6256367543768	15.6558349333692	11.9724723774838	14.1371311139346
2021-03-29	6.79836920453677	5.03838386852994	3.55071989644378	10.8044615202181	7.91371358107823	15.1088316810479	11.7309267016341	14.0578296010402
2021-03-30	6.76522492462201	4.97345627024888	3.5350283852221	10.6862999683194	8.20578668582543	14.5725785237754	11.5040871491221	13.9799824793087
2021-03-31	6.74202513539921	4.91701612255714	3.52598804865831	10.5814060591647	8.50080356659107	14.048152325042	11.2901830184185	13.9018321502443
2021-04-01	6.72824689418285	4.86858982327998	3.52363226130374	10.4894656725064	8.79771172134772	13.5366299483377	11.0874436079939	13.8216210153513
2021-04-02	6.72336725828739	4.82770377024262	3.52799439770972	10.4101646880969	9.09545864806804	13.0390882571526	10.8940982163189	13.7375914761338
2021-04-03	6.7268632850273	4.7938843612703	3.53910783242758	10.3431889856885	9.39299184472468	12.5566041149769	10.7083761418642	13.6479859340961
2021-04-04	6.73821203171705	4.76665799418826	3.55700594000866	10.2882244450336	9.68925880929022	12.0902543853007	10.5285066831003	13.5510467907426
2021-04-05	6.75688546121237	4.74558892228934	3.58159191122104	10.2449035343118	9.98344393471183	11.641019323328	10.3527287715327	13.4453336378387
2021-04-06	6.78233515853413	4.73039282073682	3.61224820169976	10.212645075411	10.2756791938346	11.2094927511192	10.1793198708055	13.3306748281954
2021-04-07	6.81400761424444	4.7208232201616	3.64822708329662	10.1908144786462	10.566333454478	10.7961718824486	10.0065670775978	13.2072159048852
2021-04-08	6.85134931890544	4.71663365119458	3.6887808278634	10.1787771543325	10.8557755844619	10.4015539310904	9.83275748858851	13.0751024109802
2021-04-09	6.89380676307925	4.71757764446665	3.7331617072519	10.1758985127849	11.1443744516057	10.026136110819	9.65617820045676	12.9344798895529
2021-04-10	6.940826437328	4.7234087306087	3.7806219933139	10.1815439643184	11.4324989237289	9.67041563540859	9.47511630988149	12.7854938836756
2021-04-11	6.99185483221382	4.73388044025163	3.83041395790121	10.1950789192482	11.7205178686514	9.33488971863353	9.28785891354171	12.6282899364206
2021-04-12	7.04633942472865	4.74877779863585	3.88187598672275	10.2157890225909	12.0085474332434	9.01987862534018	9.093232820662	12.4633268364526
2021-04-13	7.10373163758378	4.76801180943983	3.93469092091605	10.2426408581708	12.2956928805793	8.72499482466301	8.89222369064927	12.2923163548064
2021-04-14	7.16348387992027	4.79152497095157	3.98862771547579	10.2745212445134	12.5808067527839	8.44967383680863	8.68635689545604	12.1172835081091
2021-04-15	7.22504856087923	4.81925978145905	4.04345532539663	10.3103170001446	12.8627415919825	8.19335118198359	8.47715780703482	11.9402533129877
2021-04-16	7.28787808960175	4.85115873925026	4.09894270567326	10.3489149435903	13.1403499403	7.95546238039444	8.26615179733808	11.7632507860695
2021-04-17	7.35142487522891	4.88716434261319	4.15485881130033	10.3892018933761	13.4124843398614	7.73544295224779	8.05486423831836	11.5883009439814
2021-04-18	7.41514132690182	4.92721908983584	4.21097259727254	10.4300646680278	13.6779973327919	7.53272841775018	7.84482050192815	11.4174288033508
2021-04-19	7.47850712281526	4.97122832119522	4.26704902884489	10.4703468124169	13.9357432840407	7.34669208444716	7.63730432071038	11.252310655578
2021-04-20	7.54111101737885	5.01894874492448	4.32283711231382	10.5087187767968	14.1845838498543	7.17645840924026	7.4326328695698	11.0932278911577
2021-04-21	7.6025690340559	5.0700999112458	4.37808186423612	10.5438077377667	14.4233825093034	7.02108963636995	7.23088168400154	10.9401131753577
2021-04-22	7.66249719630974	5.12440137038136	4.43252830116856	10.5742408719258	14.6510027414585	6.87964801007676	7.03212629950077	10.7928991734459
2021-04-23	7.72051152760368	5.18157267255333	4.48592143966791	10.5986453558731	14.8663080253905	6.75119577460117	6.83644225156265	10.6515185506904
2021-04-24	7.77622805140103	5.24133336798389	4.53800629629097	10.6156483662078	15.06816184017	6.63479517418366	6.64390507568233	10.515903972359
2021-04-25	7.82926279116513	5.30340300689522	4.58852788759452	10.6238770795289	15.2554276648677	6.52950845306476	6.45459030735498	10.3859881037196
2021-04-26	7.87923177035927	5.3675011395095	4.63723123013532	10.6219586724358	15.4269689785542	6.43439785548495	6.26857348207576	10.2617036100403
2021-04-27	7.92575101244679	5.43334731604891	4.68386134047018	10.6085203215273	15.5816492603003	6.34852562568471	6.0859301353398	10.1429831565889
2021-04-28	7.96843654089099	5.50066108673562	4.72816323515586	10.5821892034028	15.7183319891766	6.27095400790457	5.90673580264229	10.0297594086334
2021-04-29	8.0069043791552	5.56916200179181	4.76988193074914	10.5415924946613	15.8358806442538	6.200745246385	5.73106601947837	9.92196503144165
2021-04-30	8.04077055070273	5.63856961143966	4.80876244380681	10.4853573719019	15.9331587046026	6.13696158536651	5.55899632134322	9.81953269028166
2021-05-01	8.06965107899691	5.70860346590135	4.84454979088565	10.4121110117238	16.0090296492937	6.07866526908959	5.39060224373198	9.72239505042134
2021-05-02	8.09316198750104	5.77898311539906	4.87698898854244	10.3204805907262	16.0623569573977	6.02491854179474	5.22595932213981	9.63048477712862
2021-05-03	8.11092910931226	5.84948036361056	4.90583554235617	10.2089887660701	16.0921689664098	5.97481373361646	5.06511730061635	9.5435078530916
2021-05-04	8.12261751606293	5.92007602803607	4.93088691399467	10.0757401171655	16.0981534475229	5.92756351826525	4.90802275742908	9.46026353067907
2021-05-05	8.12790208901924	5.99080317963139	4.95195105414801	9.91873470398424	16.080163030354	5.88241065534562	4.75459647939997	9.37932437967994
2021-05-06	8.12645770944737	6.06169488935233	4.9688359135062	9.73597258649818	16.0380503445206	5.83859790446207	4.60475925335101	9.29926296988317
2021-05-07	8.1179592586135	6.1327842281547	4.98134944275932	9.52545382467923	15.9716680196399	5.7953680252191	4.45843186610414	9.21865187107768
2021-05-08	8.1020816177838	6.20410426699431	4.9892995925974	9.2851784784993	15.880868685329	5.75196377722123	4.31553510448135	9.13606365305242
2021-05-09	8.07849966822446	6.27568807682697	4.99249431371048	9.01314660793028	15.7655049712054	5.70762792007295	4.1759897553046	9.05007088559633
2021-05-10	8.04696140092146	6.34750027524117	4.99084733581431	8.70774075599972	15.6256652143447	5.66171884866423	4.03973395928442	8.95945064393878
2021-05-11	8.00750724573992	6.41923166635606	4.98469550472732	8.36887339795784	15.4623805816562	5.61405749902686	3.90677527268569	8.86379802507087
2021-05-12	7.96025074226476	6.49050460092352	4.97448144529365	7.99683949211051	15.276917947508	5.56458044247809	3.77713860566184	8.76291263142413
2021-05-13	7.90530543008092	6.56094142969539	4.96064778235742	7.59193399676357	15.0705441862677	5.51322425033516	3.65084886836629	8.6565940654301
2021-05-14	7.84278484877331	6.63016450342352	4.94363714076278	7.15445187022294	14.8445261723034	5.45992549391532	3.52793097095249	8.54464192952032
2021-05-15	7.77280253792686	6.69779617285975	4.92389214535383	6.68468807079443	14.6001307799827	5.40462074453581	3.40840982357387	8.42685582612632
2021-05-16	7.6954720371265	6.76345878875594	4.90185542097473	6.18293755678397	14.3386248836737	5.34724657351389	3.29231033638387	8.30303535767964
2021-05-17	7.61090688595716	6.82677470186393	4.87796959246959	5.6494952864974	14.0612753577441	5.2877395521668	3.17965741953592	8.17298012661182
2021-05-18	7.51922062400373	6.88736626293557	4.85267728468255	5.08465621824057	13.7693490765618	5.22603625181178	3.07047598318345	8.03648973535437
2021-05-19	7.42052679085117	6.94485582272272	4.82642112245773	4.48871531031939	13.4641129144947	5.16207324376609	2.96479093747991	7.89336378633886
2021-05-20	7.31493892608439	6.99886573197722	4.79964373063928	3.86196752103971	13.1468337459107	5.09578709934697	2.86262719257873	7.74340188199681
2021-05-21	7.20257056928832	7.04901834145093	4.77278773407131	3.20470780870737	12.8187784451774	5.02711438987167	2.76400965863333	7.58640362475975
2021-05-22	7.08353526004788	7.09493600189569	4.74629575759795	2.5172311316283	12.481213886663	4.95599168665743	2.66896324579717	7.42216861705923
2021-05-23	6.95794653794798	7.13624106406335	4.72061042606334	1.7998324481083	12.1354069447351	4.88235556102151	2.57751286422366	7.25049646132676
2021-05-24	6.82608683761042	7.17263276291767	4.6963261413549	1.05376028974007	11.7826709640341	4.80615095804056	2.48965670327872	7.07138742088545
2021-05-25	6.68891417380438	7.20411787027002	4.67464441353325	0.284077481263192	11.4245051702898	4.72735631782895	2.40528606917809	6.88564440262452
2021-05-26	6.54755545633587	7.23078004214371	4.65691852970228	0	11.0624552595044	4.64595845426045	2.32426554734997	6.69427097432473
2021-05-27	6.40313759501094	7.25270293456201	4.64450177696591	0	10.6980669276802	4.56194418120883	2.24645972322258	6.49827070376689
2021-05-28	6.25678749963561	7.26997020354822	4.63874744242804	0	10.3328858708194	4.47530031254788	2.17173318222413	6.29864715873176
2021-05-29	6.10963208001591	7.28266550512561	4.64100881319258	0	9.96845778492422	4.38601366215135	2.09995050978282	6.09640390700011
2021-05-30	5.96279824595789	7.2908724953175	4.65263917636343	0	9.60632836599693	4.29407104389305	2.03097629132687	5.89254451635274
2021-05-31	5.81760711282536	7.29478281219634	4.67458451363932	0	9.24787295898571	4.19954143846563	1.9646969996886	5.68802073395328
2021-06-01	5.67615661821338	7.29502002203136	4.70616158509825	0	8.89378550462266	4.1028224938374	1.90108665731683	5.48357702449701
2021-06-02	5.54073890527475	7.29231567314098	4.74627984541304	0	8.5445895925858	4.00439402479555	1.84014117406452	5.27990603206202
2021-06-03	5.4136461171623	7.28740131384359	4.79384874925651	0	8.20080881255315	3.90473584612729	1.78185645978459	5.07770040072643
2021-06-04	5.29717039702889	7.28100849245761	4.84777775130148	0	7.86296675420279	3.80432777261983	1.72622842432999	4.87765277456837
2021-06-05	5.19360388802733	7.27386875730146	4.90697630622076	0	7.53158700721273	3.70364961906035	1.67325297755366	4.68045579766597
2021-06-06	5.10523873331045	7.26671365669353	4.97035386868719	0	7.20719316126098	3.60318120023605	1.62292602930853	4.48680211409732
2021-06-07	5.03380609923504	7.26003674083838	5.03685803253215	0	6.89026449459356	3.50334335209086	1.57521589124546	4.29734319430995
2021-06-08	4.97879324497368	7.25337956748518	5.10558894822136	0	6.58110303972807	3.40432099519553	1.52998048220686	4.1125658142288
2021-06-09	4.93912645290292	7.24604569626923	5.17568490537913	0	6.2799665177501	3.30624007127752	1.48705012283306	3.93291557614825
2021-06-10	4.91373200539929	7.23733868682583	5.24628419362975	0	5.98711264974522	3.20922652206431	1.44625513376439	3.75883808236264
2021-06-11	4.90153618483933	7.22656209879028	5.31652510259752	0	5.70279915679897	3.11340628928335	1.40742583564116	3.59077893516629
2021-06-12	4.90146527359959	7.2130194917979	5.38554592190673	0	5.42728375999696	3.01890531466213	1.37039254910372	3.42918373685358
2021-06-13	4.91244555405659	7.19601442548398	5.45248494118168	0	5.16082418042474	2.92584953992811	1.33498559479237	3.27449808971885
2021-06-14	4.93340330858689	7.17485045948383	5.51648045004668	0	4.90367813916785	2.83436490680875	1.30103529334745	3.12716759605643
2021-06-15	4.96326481956701	7.14883115343275	5.57667073812602	0	4.6561033573119	2.74457735703154	1.26837196540928	2.98763785816069
2021-06-16	5.0009563693735	7.11726006696606	5.63219409504399	0	4.41835755594243	2.65661283232392	1.23682593161818	2.85635447832597
2021-06-17	5.0454042403829	7.07944075971904	5.6821888104249	0	4.19069845614503	2.57059727441338	1.20622751261448	2.73376305884661
2021-06-18	5.09553471497175	7.03467679132701	5.72579317389304	0	3.97338377900526	2.48665662502738	1.17640702903851	2.62030920201697
2021-06-19	5.15027407551658	6.98227172142528	5.76214547507271	0	3.76667124560867	2.40491682589339	1.14719480153058	2.51643851013137
2021-06-20	5.20854860439394	6.92152910964914	5.7903840035882	0	3.57081857704086	2.32550381873888	1.11842115073104	2.4225965854842
2021-06-21	5.26939560608615	6.85203301625066	5.80984731014412	0	3.38579189398167	2.24839725105436	1.08995420731442	2.33913183710532
2021-06-22	5.33229647349874	6.7744895039489	5.82067498976624	0	3.2103909154881	2.17299159338247	1.06181334209218	2.26600390096685
2021-06-23	5.39684362164298	6.68988513607969	5.82320689856063	0	3.04312376021148	2.09853502202893	1.03405573591002	2.20307521977644
2021-06-24	5.46262946553021	6.59920647597885	5.81778289263337	0	2.88249854680308	2.02427571329942	1.00673856961362	2.15020823624172
2021-06-25	5.5292464201717	6.50344008698221	5.80474282809052	0	2.72702339391422	1.94946184349964	0.979919024048674	2.10726539307036
2021-06-26	5.59628690057877	6.40357253242559	5.78442656103816	0	2.57520642019619	1.87334158893529	0.953654280060865	2.07410913297001
2021-06-27	5.66334332176272	6.30059037564481	5.75717394758237	0	2.42555574430029	1.79516312591206	0.928001518495878	2.0506018986483
2021-06-28	5.73007128686333	6.19535400315024	5.72332951866561	0	2.2768110923934	1.71431455958409	0.902997574356915	2.03650960817076
2021-06-29	5.79637915153437	6.08821909415043	5.68325650457587	0	2.1286386207046	1.63074371049924	0.878597899277207	2.03121208103433
2021-06-30	5.8622384595581	5.97941515102842	5.63732281043753	0.598689112489367	1.98093609297855	1.5445383280538	0.8547375990475	2.03399261209385
2021-07-01	5.92762075471676	5.86917167616731	5.585896341375	1.301078190219	1.83360127295992	1.4557861616441	0.831351779458537	2.04413449620413
2021-07-02	5.9924975807926	5.75771817195016	5.52934500251265	2.00335896241265	1.68653192439336	1.36457496066641	0.808375546301062	2.06092102821998
2021-07-03	6.05684048156788	5.64528414076007	5.46803669897488	2.70528734610229	1.53962581102354	1.27099247451707	0.78574400536582	2.08363550299623
2021-07-04	6.12062100082484	5.5320990849801	5.40233933588607	3.40661925832003	1.39278069659512	1.17512645259235	0.763392262443554	2.11156121538769
2021-07-05	6.18381068234574	5.41839250699331	5.3326208183706	4.10711061609794	1.24589434485275	1.07706464428855	0.741255423325007	2.1439814602492
2021-07-06	6.24638106991283	5.3043939091828	5.25924905155287	4.80651733646802	1.0988645195411	0.976894799001996	0.719268593800925	2.18017953243555
2021-07-07	6.30830370730835	5.19033279393163	5.18259194055726	5.50459533646234	0.951588984404837	0.874704666128975	0.697366879662051	2.21943872680158
2021-07-08	6.36955013831457	5.07643866362288	5.10301739050816	6.20110053311301	0.803965503188598	0.770581995065785	0.675485386699128	2.2610423382021
2021-07-09	6.43009190671373	4.96294102063962	5.02089330652995	6.895788843452	0.655891839637067	0.66461453520874	0.653559220702902	2.30427366149193
2021-07-10	6.48990055628809	4.85006936736493	4.93658759374703	7.58841618451145	0.507265757494885	0.556890035954128	0.631523487464114	2.34841599152589
2021-07-11	6.54894763081989	4.73805320618189	4.85046815728378	8.27873847332332	0.357985020506731	0.447496246698265	0.609313292773511	2.3927526231588
