date	state	King	Snohomish	Pierce	Ann Arbor	Boston	San Diego	DC
2020-01-26	0	0	0	0	0	0	0	0
2020-01-27	0	0	0	0	0	0	0	0
2020-01-28	0	0	0	0	0	0	0	0
2020-01-29	0	0	0	0	0	0	0	0
2020-01-30	0	0	0	0	0	0	0	0
2020-01-31	0	0	0	0	0	0	0	0
2020-02-01	0	0	0	0	0	0	0	0
2020-02-02	0	0	0	0	0	0	0	0
2020-02-03	0	0	0	0	0	0	0	0
2020-02-04	0	0	0	0	0	0	0	0
2020-02-05	0	0	0	0	0	0	0	0
2020-02-06	0	0	0	0	0	0	0	0
2020-02-07	0	0	0	0	0	0	0	0
2020-02-08	0	0	0	0	0	0	0	0
2020-02-09	0	0	0	0	0	0	0	0
2020-02-10	0	0	0	0	0	0	0	0
2020-02-11	0	0	0	0	0	0	0	0
2020-02-12	0	0	2	0	0	0	0	0
2020-02-13	0	3	6	0	0	0	0	0
2020-02-14	0	6	10	0	0	0	0	0
2020-02-15	2	10	15	0	0	0	0	0
2020-02-16	4	14	21	0	0	0	0	0
2020-02-17	7	18	26	0	0	0	0	0
2020-02-18	10	23	32	1	0	0	0	0
2020-02-19	13	28	39	2	0	0	0	0
2020-02-20	16	33	46	4	1	0	0	0
2020-02-21	19	39	54	7	6	0	0	0
2020-02-22	23	45	62	9	11	0	0	0
2020-02-23	27	52	70	12	16	0	1	0
2020-02-24	32	59	80	15	22	6	2	0
2020-02-25	36	67	89	18	29	26	3	0
2020-02-26	41	74	99	21	36	49	5	0
2020-02-27	46	83	110	25	44	73	6	0
2020-02-28	52	92	121	29	52	101	8	6
2020-02-29	58	101	133	34	61	131	10	15
2020-03-01	64	110	145	38	71	163	12	24
2020-03-02	71	120	157	43	82	199	14	35
2020-03-03	78	131	171	48	93	238	17	47
2020-03-04	85	142	184	54	105	280	19	60
2020-03-05	92	153	198	60	118	325	22	74
2020-03-06	100	164	212	66	132	373	25	89
2020-03-07	108	176	227	72	146	425	29	106
2020-03-08	116	188	242	79	161	480	32	124
2020-03-09	125	200	257	86	176	538	36	143
2020-03-10	133	212	271	93	193	600	40	164
2020-03-11	142	225	286	101	210	665	44	186
2020-03-12	151	237	301	108	227	733	48	209
2020-03-13	160	249	315	116	245	805	52	234
2020-03-14	169	261	330	124	263	879	57	260
2020-03-15	177	273	343	132	282	957	62	288
2020-03-16	186	285	356	140	300	1038	66	317
2020-03-17	195	296	369	148	319	1121	71	347
2020-03-18	203	307	381	156	338	1207	76	379
2020-03-19	211	318	392	164	357	1295	82	412
2020-03-20	219	328	403	172	376	1385	87	446
2020-03-21	227	337	412	180	394	1475	92	481
2020-03-22	234	347	421	188	411	1567	97	516
2020-03-23	241	356	429	195	428	1659	103	553
2020-03-24	248	364	436	202	445	1752	108	590
2020-03-25	254	371	442	209	460	1844	113	628
2020-03-26	260	378	447	215	474	1936	118	666
2020-03-27	265	385	451	221	487	2027	124	704
2020-03-28	270	390	453	226	499	2116	129	743
2020-03-29	274	395	455	230	509	2204	134	782
2020-03-30	278	400	455	234	518	2290	138	820
2020-03-31	281	403	454	237	526	2374	143	859
2020-04-01	283	406	452	240	531	2454	147	898
2020-04-02	285	408	448	242	536	2532	152	936
2020-04-03	286	409	444	243	539	2605	156	973
2020-04-04	287	409	440	244	541	2675	160	1010
2020-04-05	287	409	434	244	541	2739	164	1046
2020-04-06	287	408	428	244	540	2799	168	1082
2020-04-07	287	406	421	243	538	2853	172	1116
2020-04-08	286	404	413	242	535	2901	175	1149
2020-04-09	284	401	406	240	531	2944	179	1181
2020-04-10	283	398	398	237	526	2979	183	1212
2020-04-11	281	394	389	235	520	3008	186	1242
2020-04-12	278	389	380	232	513	3030	189	1270
2020-04-13	276	385	371	229	505	3045	193	1298
2020-04-14	273	379	362	226	497	3052	196	1324
2020-04-15	271	374	353	223	488	3053	199	1348
2020-04-16	268	368	344	219	479	3047	202	1372
2020-04-17	265	362	334	216	469	3034	206	1394
2020-04-18	262	356	325	212	458	3015	209	1414
2020-04-19	259	350	316	208	447	2991	211	1433
2020-04-20	255	343	306	204	436	2961	214	1450
2020-04-21	252	336	297	200	424	2925	217	1466
2020-04-22	249	330	287	196	413	2884	220	1480
2020-04-23	246	322	278	192	401	2838	222	1492
2020-04-24	243	315	269	189	389	2788	225	1503
2020-04-25	240	308	260	185	377	2733	227	1512
2020-04-26	237	301	251	181	365	2674	229	1519
2020-04-27	234	294	243	177	353	2611	231	1524
2020-04-28	231	286	234	174	342	2545	233	1527
2020-04-29	228	279	226	170	330	2476	235	1529
2020-04-30	226	272	218	167	319	2404	237	1528
2020-05-01	223	265	210	163	308	2330	239	1526
2020-05-02	221	257	203	160	297	2255	240	1521
2020-05-03	219	250	195	157	287	2178	242	1515
2020-05-04	217	243	188	154	277	2101	243	1506
2020-05-05	215	237	181	151	267	2023	244	1496
2020-05-06	214	230	175	148	257	1945	245	1483
2020-05-07	213	223	168	145	247	1867	246	1470
2020-05-08	212	217	162	143	238	1790	247	1454
2020-05-09	211	211	156	140	229	1714	248	1437
2020-05-10	210	205	151	138	221	1638	249	1418
2020-05-11	210	200	145	136	213	1564	250	1398
2020-05-12	211	195	140	134	205	1492	251	1377
2020-05-13	211	190	136	132	197	1421	252	1355
2020-05-14	212	185	132	131	190	1351	254	1332
2020-05-15	214	181	128	130	183	1283	255	1307
2020-05-16	215	177	124	128	176	1217	256	1282
2020-05-17	217	174	121	127	170	1153	258	1256
2020-05-18	220	171	118	127	164	1091	260	1229
2020-05-19	222	168	115	126	158	1031	263	1201
2020-05-20	225	166	113	126	153	973	265	1173
2020-05-21	228	164	111	126	148	918	268	1145
2020-05-22	232	163	110	126	143	864	272	1115
2020-05-23	236	162	109	126	139	813	276	1086
2020-05-24	240	161	108	126	135	765	280	1056
2020-05-25	244	161	108	127	131	719	285	1026
2020-05-26	249	162	108	128	128	675	291	996
2020-05-27	254	163	109	129	125	634	297	966
2020-05-28	260	164	109	130	123	595	303	936
2020-05-29	265	166	111	132	121	559	311	907
2020-05-30	271	168	112	133	119	525	319	877
2020-05-31	277	170	114	136	118	493	327	848
2020-06-01	284	173	117	138	117	463	337	820
2020-06-02	290	177	120	141	117	435	347	791
2020-06-03	297	180	123	144	117	409	357	764
2020-06-04	304	185	126	147	118	385	369	737
2020-06-05	312	189	130	151	119	363	381	712
2020-06-06	319	194	135	156	121	342	395	687
2020-06-07	327	200	140	161	124	324	409	663
2020-06-08	336	206	145	166	127	307	424	640
2020-06-09	344	212	150	173	130	292	440	618
2020-06-10	353	219	156	179	135	278	456	597
2020-06-11	363	227	163	186	139	266	474	577
2020-06-12	372	235	169	194	145	256	492	558
2020-06-13	382	243	176	202	150	246	510	541
2020-06-14	392	251	184	211	157	238	529	525
2020-06-15	403	260	191	220	163	232	549	510
2020-06-16	413	269	199	229	171	226	568	496
2020-06-17	424	278	207	239	178	222	589	484
2020-06-18	435	287	215	250	186	219	609	473
2020-06-19	447	297	223	261	195	217	629	463
2020-06-20	458	307	232	273	203	216	650	455
2020-06-21	470	317	241	284	212	216	670	448
2020-06-22	481	327	249	297	222	216	691	443
2020-06-23	493	337	258	310	232	218	711	438
2020-06-24	505	347	267	323	242	220	732	436
2020-06-25	517	357	276	336	252	223	751	434
2020-06-26	529	367	285	350	262	226	771	434
2020-06-27	541	376	294	364	272	230	789	435
2020-06-28	553	386	303	378	282	235	808	437
2020-06-29	565	395	312	392	293	240	825	440
2020-06-30	576	404	321	407	303	246	841	444
2020-07-01	588	413	329	421	313	252	857	448
2020-07-02	599	422	338	435	322	259	871	454
2020-07-03	610	430	346	450	331	266	885	460
2020-07-04	620	438	354	464	340	273	897	467
2020-07-05	630	446	362	478	349	281	909	475
2020-07-06	640	454	369	492	356	288	919	483
2020-07-07	649	461	377	506	364	296	927	491
2020-07-08	657	468	383	520	370	304	935	500
2020-07-09	665	474	390	533	376	313	941	509
2020-07-10	672	480	396	545	381	321	947	518
2020-07-11	679	486	402	557	385	330	950	527
2020-07-12	685	491	407	569	389	338	953	537
2020-07-13	690	496	411	579	392	347	955	545
2020-07-14	694	500	416	589	394	357	955	554
2020-07-15	698	503	419	598	395	366	954	563
2020-07-16	701	506	422	606	396	375	953	571
2020-07-17	703	509	425	613	396	385	950	579
2020-07-18	704	511	427	619	395	394	947	587
2020-07-19	704	513	428	625	394	404	942	594
2020-07-20	704	514	429	629	393	413	937	601
2020-07-21	704	515	430	633	391	423	931	608
2020-07-22	702	516	430	636	389	432	925	614
2020-07-23	700	516	429	637	386	442	918	619
2020-07-24	697	516	428	638	384	451	910	624
2020-07-25	694	515	427	638	381	461	902	628
2020-07-26	690	514	425	636	378	470	893	632
2020-07-27	685	513	423	634	374	479	884	635
2020-07-28	680	511	420	630	371	488	875	637
2020-07-29	674	509	417	626	368	497	865	639
2020-07-30	668	507	413	620	365	505	855	640
2020-07-31	661	504	409	614	361	514	845	641
2020-08-01	654	502	405	607	358	522	835	640
2020-08-02	647	499	400	600	354	530	825	640
2020-08-03	639	495	396	592	351	537	815	639
2020-08-04	631	492	391	583	348	544	804	637
2020-08-05	623	488	385	573	344	551	794	635
2020-08-06	614	484	380	564	341	557	783	632
2020-08-07	605	480	375	554	338	563	773	629
2020-08-08	597	476	369	543	334	569	763	626
2020-08-09	588	471	363	532	331	574	753	622
2020-08-10	578	466	357	521	329	578	744	617
2020-08-11	569	461	351	510	326	582	734	613
2020-08-12	560	456	345	499	324	586	725	607
2020-08-13	551	450	339	487	322	589	716	602
2020-08-14	542	444	333	476	320	592	708	596
2020-08-15	533	438	327	464	318	594	700	590
2020-08-16	524	432	321	453	317	596	692	584
2020-08-17	515	426	315	442	316	597	684	577
2020-08-18	506	419	309	431	316	599	677	571
2020-08-19	498	412	303	420	316	600	670	564
2020-08-20	489	406	297	409	316	600	663	557
2020-08-21	481	399	291	399	317	601	657	551
2020-08-22	473	392	285	389	319	601	651	544
2020-08-23	466	385	280	380	321	601	645	537
2020-08-24	458	378	274	371	324	601	640	530
2020-08-25	451	371	269	362	327	601	635	524
2020-08-26	445	364	263	354	331	600	630	517
2020-08-27	438	357	258	346	335	600	626	511
2020-08-28	432	350	254	339	340	600	622	505
2020-08-29	427	344	249	333	345	600	618	499
2020-08-30	422	337	245	327	351	600	614	493
2020-08-31	417	331	241	321	357	600	610	488
2020-09-01	413	325	237	316	364	601	606	483
2020-09-02	409	320	234	312	371	601	602	478
2020-09-03	405	315	231	308	379	603	598	474
2020-09-04	402	310	229	305	388	604	595	469
2020-09-05	400	306	227	303	397	605	591	465
2020-09-06	397	302	225	301	407	607	587	462
2020-09-07	396	299	224	299	418	610	583	458
2020-09-08	395	296	224	299	429	612	580	455
2020-09-09	394	294	224	299	441	615	576	453
2020-09-10	394	292	224	299	454	618	572	450
2020-09-11	394	291	225	301	468	622	569	448
2020-09-12	395	290	227	302	482	626	565	446
2020-09-13	396	290	229	305	497	631	561	445
2020-09-14	398	290	232	308	513	636	558	443
2020-09-15	399	291	235	311	530	642	554	443
2020-09-16	402	292	239	316	547	648	551	442
2020-09-17	405	294	244	320	565	655	547	442
2020-09-18	408	297	249	325	584	663	544	442
2020-09-19	411	300	255	331	604	671	540	442
2020-09-20	415	304	261	337	625	680	537	442
2020-09-21	420	309	268	344	646	690	533	443
2020-09-22	425	314	276	351	668	701	530	445
2020-09-23	430	320	284	359	691	712	527	446
2020-09-24	435	327	293	368	714	724	524	448
2020-09-25	441	334	303	377	739	738	521	451
2020-09-26	448	342	313	386	764	751	519	454
2020-09-27	455	351	324	396	790	766	516	457
2020-09-28	463	360	336	406	817	782	514	461
2020-09-29	471	370	349	418	845	799	512	466
2020-09-30	479	380	362	429	874	816	511	471
2020-10-01	489	391	376	442	903	835	510	477
2020-10-02	499	404	390	454	934	855	509	484
2020-10-03	510	417	406	468	965	876	509	490
2020-10-04	521	430	422	482	998	899	510	498
2020-10-05	534	445	438	497	1031	923	511	506
2020-10-06	547	461	456	513	1066	948	513	514
2020-10-07	561	478	474	529	1102	975	515	523
2020-10-08	576	495	493	546	1139	1003	519	533
2020-10-09	593	514	512	564	1176	1033	523	543
2020-10-10	610	534	533	583	1215	1063	529	554
2020-10-11	628	555	554	603	1254	1095	535	566
2020-10-12	648	577	576	623	1294	1128	543	579
2020-10-13	668	600	599	645	1335	1163	551	592
2020-10-14	690	625	623	667	1377	1199	561	607
2020-10-15	713	650	647	690	1419	1235	573	622
2020-10-16	738	677	673	715	1462	1274	586	638
2020-10-17	764	706	699	740	1505	1313	601	656
2020-10-18	791	735	726	767	1549	1353	617	674
2020-10-19	820	766	754	795	1594	1395	635	694
2020-10-20	850	798	783	824	1639	1437	654	715
2020-10-21	881	832	813	854	1685	1481	676	737
2020-10-22	914	866	844	885	1731	1525	700	760
2020-10-23	949	902	876	917	1778	1571	726	785
2020-10-24	985	939	909	951	1825	1617	754	810
2020-10-25	1022	976	942	986	1874	1664	784	837
2020-10-26	1061	1015	977	1022	1922	1712	817	864
2020-10-27	1100	1055	1012	1059	1972	1761	853	893
2020-10-28	1141	1095	1049	1097	2021	1810	891	923
2020-10-29	1183	1135	1085	1136	2071	1860	932	954
2020-10-30	1226	1176	1122	1175	2121	1911	977	986
2020-10-31	1270	1218	1160	1216	2171	1963	1024	1019
2020-11-01	1314	1259	1197	1257	2220	2015	1074	1053
2020-11-02	1358	1300	1235	1298	2269	2069	1128	1088
2020-11-03	1404	1341	1273	1340	2318	2123	1185	1124
2020-11-04	1449	1382	1311	1382	2366	2178	1245	1161
2020-11-05	1494	1422	1348	1424	2412	2234	1308	1199
2020-11-06	1540	1462	1386	1466	2458	2291	1375	1237
2020-11-07	1585	1501	1423	1508	2502	2349	1444	1276
2020-11-08	1630	1540	1460	1550	2544	2408	1517	1315
2020-11-09	1674	1578	1496	1591	2585	2468	1593	1354
2020-11-10	1718	1614	1533	1632	2623	2529	1671	1394
2020-11-11	1762	1650	1568	1672	2659	2591	1753	1434
2020-11-12	1804	1684	1603	1712	2693	2655	1837	1474
2020-11-13	1846	1717	1638	1751	2724	2720	1924	1515
2020-11-14	1886	1749	1672	1789	2752	2786	2014	1555
2020-11-15	1926	1779	1705	1826	2777	2854	2107	1595
2020-11-16	1964	1807	1737	1861	2799	2923	2203	1635
2020-11-17	2000	1834	1768	1896	2817	2993	2301	1674
2020-11-18	2035	1859	1799	1929	2833	3065	2401	1713
2020-11-19	2069	1882	1828	1961	2844	3138	2504	1752
2020-11-20	2101	1903	1856	1992	2853	3213	2609	1790
2020-11-21	2131	1922	1883	2021	2858	3290	2716	1827
2020-11-22	2159	1939	1909	2048	2860	3367	2824	1864
2020-11-23	2185	1954	1933	2074	2858	3447	2935	1900
2020-11-24	2210	1967	1956	2097	2854	3527	3047	1936
2020-11-25	2232	1978	1977	2120	2846	3608	3161	1970
2020-11-26	2252	1986	1997	2140	2836	3689	3276	2004
2020-11-27	2270	1993	2014	2157	2822	3770	3392	2036
2020-11-28	2285	1998	2030	2173	2806	3851	3510	2067
2020-11-29	2299	2000	2044	2187	2788	3930	3629	2097
2020-11-30	2310	2001	2056	2198	2767	4008	3749	2126
2020-12-01	2318	1999	2066	2207	2745	4084	3869	2153
2020-12-02	2325	1996	2074	2213	2720	4158	3990	2180
2020-12-03	2329	1990	2080	2218	2694	4230	4111	2205
2020-12-04	2332	1984	2084	2221	2666	4301	4232	2228
2020-12-05	2333	1975	2087	2222	2636	4369	4352	2251
2020-12-06	2332	1966	2088	2222	2605	4435	4471	2273
2020-12-07	2329	1955	2088	2220	2573	4498	4589	2293
2020-12-08	2325	1943	2086	2217	2540	4559	4705	2312
2020-12-09	2320	1930	2082	2213	2507	4617	4819	2331
2020-12-10	2313	1916	2078	2207	2472	4672	4931	2348
2020-12-11	2306	1901	2072	2201	2437	4725	5041	2365
2020-12-12	2297	1886	2065	2194	2402	4774	5147	2380
2020-12-13	2287	1870	2056	2186	2366	4821	5250	2395
2020-12-14	2277	1853	2047	2178	2331	4864	5349	2409
2020-12-15	2266	1837	2037	2169	2295	4904	5445	2422
2020-12-16	2255	1820	2026	2160	2261	4941	5536	2434
2020-12-17	2244	1803	2014	2152	2227	4975	5622	2446
2020-12-18	2233	1788	2002	2143	2194	5006	5704	2457
2020-12-19	2222	1772	1989	2135	2162	5035	5780	2468
2020-12-20	2211	1758	1977	2128	2132	5062	5851	2479
2020-12-21	2201	1745	1964	2122	2103	5086	5916	2489
2020-12-22	2192	1732	1952	2116	2077	5109	5975	2499
2020-12-23	2184	1721	1939	2112	2052	5128	6027	2509
2020-12-24	2176	1711	1926	2108	2028	5145	6073	2518
2020-12-25	2168	1702	1913	2105	2006	5159	6111	2527
2020-12-26	2161	1694	1900	2103	1986	5170	6143	2535
2020-12-27	2154	1686	1887	2101	1967	5178	6167	2542
2020-12-28	2147	1679	1873	2100	1949	5183	6184	2548
2020-12-29	2141	1673	1859	2100	1933	5184	6192	2553
2020-12-30	2134	1666	1844	2100	1917	5181	6192	2556
2020-12-31	2127	1660	1828	2099	1903	5173	6184	2558
2021-01-01	2118	1652	1811	2098	1889	5161	6167	2559
2021-01-02	2108	1644	1792	2095	1876	5144	6142	2557
2021-01-03	2097	1634	1772	2092	1864	5122	6107	2554
2021-01-04	2083	1623	1751	2086	1851	5094	6064	2548
2021-01-05	2068	1610	1727	2079	1839	5061	6011	2540
2021-01-06	2050	1595	1703	2071	1827	5022	5950	2531
2021-01-07	2031	1579	1677	2061	1816	4979	5882	2519
2021-01-08	2010	1562	1649	2049	1804	4930	5805	2505
2021-01-09	1988	1543	1621	2037	1793	4877	5722	2489
2021-01-10	1964	1522	1592	2022	1782	4820	5632	2472
2021-01-11	1939	1501	1561	2007	1771	4759	5536	2452
2021-01-12	1912	1478	1530	1990	1761	4694	5433	2431
2021-01-13	1884	1455	1499	1971	1750	4625	5326	2408
2021-01-14	1855	1430	1467	1952	1739	4552	5213	2384
2021-01-15	1825	1405	1434	1931	1728	4476	5096	2358
2021-01-16	1794	1378	1402	1910	1718	4398	4975	2330
2021-01-17	1762	1351	1369	1887	1707	4316	4851	2301
2021-01-18	1729	1323	1336	1863	1696	4232	4723	2270
2021-01-19	1695	1295	1304	1839	1685	4146	4592	2238
2021-01-20	1661	1266	1271	1813	1674	4058	4459	2204
2021-01-21	1626	1237	1239	1787	1662	3968	4325	2170
2021-01-22	1591	1207	1207	1759	1649	3877	4189	2134
2021-01-23	1555	1177	1176	1732	1636	3785	4053	2098
2021-01-24	1519	1147	1145	1703	1622	3692	3918	2061
2021-01-25	1483	1118	1115	1674	1606	3599	3783	2024
2021-01-26	1447	1088	1085	1645	1590	3507	3649	1986
2021-01-27	1411	1058	1056	1615	1572	3414	3517	1948
2021-01-28	1376	1029	1027	1585	1554	3323	3386	1909
2021-01-29	1340	1000	999	1555	1534	3232	3257	1871
2021-01-30	1305	972	972	1525	1514	3143	3130	1834
2021-01-31	1271	944	946	1496	1492	3055	3006	1796
2021-02-01	1237	917	920	1466	1470	2970	2885	1760
2021-02-02	1204	890	895	1437	1447	2886	2766	1724
2021-02-03	1171	864	871	1409	1424	2805	2651	1689
2021-02-04	1140	839	848	1381	1400	2726	2539	1655
2021-02-05	1109	815	825	1353	1376	2650	2430	1622
2021-02-06	1079	792	804	1326	1353	2576	2324	1590
2021-02-07	1049	769	782	1300	1329	2505	2221	1559
2021-02-08	1021	748	762	1274	1305	2437	2122	1530
2021-02-09	994	727	742	1250	1282	2371	2026	1502
2021-02-10	967	707	723	1226	1259	2309	1934	1475
2021-02-11	942	689	705	1203	1237	2250	1845	1450
2021-02-12	918	671	688	1181	1216	2194	1760	1427
2021-02-13	895	654	671	1160	1196	2141	1678	1405
2021-02-14	873	639	655	1140	1177	2092	1600	1385
2021-02-15	853	624	639	1122	1160	2046	1526	1367
2021-02-16	833	611	624	1104	1144	2004	1456	1350
2021-02-17	815	599	610	1088	1130	1966	1389	1335
2021-02-18	798	588	597	1073	1117	1930	1326	1322
2021-02-19	782	578	584	1059	1107	1898	1266	1311
2021-02-20	768	570	572	1046	1098	1869	1210	1300
2021-02-21	754	563	561	1035	1092	1843	1156	1291
2021-02-22	742	557	550	1024	1088	1820	1107	1283
2021-02-23	731	552	541	1015	1087	1799	1060	1277
2021-02-24	721	549	532	1008	1088	1782	1016	1271
2021-02-25	713	547	525	1001	1092	1767	975	1266
2021-02-26	705	546	518	996	1100	1755	936	1262
2021-02-27	699	546	512	993	1111	1746	900	1258
2021-02-28	694	548	508	990	1125	1739	867	1255
2021-03-01	691	551	505	990	1143	1735	836	1253
2021-03-02	688	556	503	990	1164	1733	807	1251
2021-03-03	687	561	502	992	1189	1734	780	1249
2021-03-04	687	568	502	996	1217	1736	754	1248
2021-03-05	688	576	503	1000	1249	1741	731	1246
2021-03-06	690	585	506	1006	1284	1747	710	1245
2021-03-07	693	595	510	1013	1322	1755	690	1244
2021-03-08	697	606	515	1022	1363	1765	671	1244
2021-03-09	703	618	521	1031	1407	1776	654	1243
2021-03-10	709	631	528	1042	1453	1789	639	1242
2021-03-11	716	644	536	1054	1502	1802	625	1241
2021-03-12	724	659	546	1066	1554	1817	611	1240
2021-03-13	733	674	556	1080	1609	1832	599	1239
2021-03-14	743	690	568	1095	1665	1848	588	1238
2021-03-15	754	706	581	1111	1724	1865	578	1237
2021-03-16	765	723	595	1127	1785	1881	568	1235
2021-03-17	777	741	609	1145	1847	1898	559	1233
2021-03-18	790	759	625	1163	1910	1915	551	1230
2021-03-19	804	777	642	1181	1974	1931	544	1228
2021-03-20	818	795	659	1201	2038	1946	537	1225
2021-03-21	832	814	676	1220	2101	1961	530	1222
2021-03-22	847	832	695	1240	2163	1974	524	1219
2021-03-23	862	851	713	1261	2225	1985	519	1215
2021-03-24	877	869	732	1282	2284	1995	514	1211
2021-03-25	893	888	751	1303	2341	2003	509	1206
2021-03-26	909	906	771	1324	2396	2008	505	1201
2021-03-27	925	924	790	1345	2447	2011	500	1196
2021-03-28	941	941	810	1366	2495	2012	496	1190
2021-03-29	957	958	829	1387	2538	2010	492	1183
2021-03-30	973	975	848	1409	2577	2005	488	1176
2021-03-31	989	991	867	1430	2612	1997	483	1168
2021-04-01	1005	1007	885	1451	2642	1987	479	1159
2021-04-02	1020	1023	903	1472	2667	1974	474	1150
2021-04-03	1035	1038	921	1492	2688	1959	470	1140
2021-04-04	1050	1052	938	1513	2703	1941	465	1129
2021-04-05	1065	1065	954	1533	2713	1921	460	1118
2021-04-06	1079	1078	970	1553	2718	1899	455	1106
2021-04-07	1092	1090	985	1572	2717	1875	450	1094
2021-04-08	1105	1101	999	1591	2710	1849	445	1080
2021-04-09	1117	1112	1013	1609	2697	1820	439	1066
2021-04-10	1129	1121	1025	1626	2679	1790	433	1052
2021-04-11	1140	1130	1037	1644	2654	1758	427	1037
2021-04-12	1150	1137	1047	1660	2623	1724	421	1021
2021-04-13	1159	1144	1056	1676	2586	1688	415	1004
2021-04-14	1168	1149	1065	1691	2544	1651	408	987
2021-04-15	1175	1154	1072	1704	2497	1613	401	970
2021-04-16	1182	1157	1078	1717	2445	1574	394	952
2021-04-17	1188	1159	1083	1729	2390	1534	388	933
2021-04-18	1193	1160	1087	1739	2332	1494	381	914
2021-04-19	1196	1160	1090	1748	2271	1453	374	895
2021-04-20	1199	1158	1092	1756	2207	1412	368	876
2021-04-21	1201	1155	1093	1762	2142	1371	362	856
2021-04-22	1201	1151	1092	1767	2075	1329	356	836
2021-04-23	1201	1146	1091	1771	2007	1288	350	817
2021-04-24	1200	1139	1088	1773	1938	1247	344	797
2021-04-25	1197	1131	1084	1773	1868	1206	339	777
2021-04-26	1194	1121	1079	1772	1799	1166	334	757
2021-04-27	1189	1111	1072	1769	1729	1125	329	737
2021-04-28	1183	1099	1065	1765	1660	1086	324	717
2021-04-29	1177	1085	1056	1760	1591	1047	319	697
2021-04-30	1169	1071	1047	1752	1522	1008	315	677
2021-05-01	1161	1055	1036	1744	1455	970	310	658
2021-05-02	1152	1039	1024	1733	1387	932	306	638
2021-05-03	1142	1021	1012	1721	1321	895	301	619
2021-05-04	1131	1003	998	1708	1256	859	297	599
2021-05-05	1119	984	984	1693	1192	823	292	580
2021-05-06	1107	964	969	1676	1130	788	288	561
2021-05-07	1093	943	953	1658	1068	754	283	542
2021-05-08	1080	921	937	1638	1009	721	278	524
2021-05-09	1065	899	920	1617	951	688	273	505
2021-05-10	1050	876	902	1594	895	657	268	487
2021-05-11	1035	853	884	1570	841	626	263	469
2021-05-12	1019	829	865	1544	788	596	257	451
2021-05-13	1002	805	846	1517	737	567	252	434
2021-05-14	985	781	826	1490	688	539	246	417
2021-05-15	969	757	807	1461	641	512	241	400
2021-05-16	951	733	787	1432	595	485	235	384
2021-05-17	934	710	768	1403	550	459	229	368
2021-05-18	917	686	748	1373	507	434	224	352
2021-05-19	899	663	729	1342	466	409	219	337
2021-05-20	882	640	709	1310	425	385	213	322
2021-05-21	864	617	689	1278	386	362	208	308
2021-05-22	846	594	669	1244	349	339	203	293
2021-05-23	827	572	650	1210	312	317	198	279
2021-05-24	809	549	630	1174	277	295	193	266
2021-05-25	789	527	610	1138	242	274	188	252
2021-05-26	770	505	590	1100	209	253	183	239
2021-05-27	750	483	570	1061	177	233	179	226
2021-05-28	731	462	550	1022	145	213	174	213
2021-05-29	711	440	529	981	114	194	169	200
2021-05-30	690	419	509	941	84	175	165	188
2021-05-31	670	398	489	899	54	156	161	175
2021-06-01	650	377	469	858	25	137	156	163
2021-06-02	629	356	449	816	0	119	152	150
2021-06-03	609	335	429	773	0	100	148	138
2021-06-04	589	314	409	731	0	82	143	126
2021-06-05	568	293	389	689	0	64	139	114
2021-06-06	548	273	369	647	0	46	135	101
