date	state	King	Snohomish	Pierce	Ann Arbor	Boston	San Diego	DC	USA
2020-01-22	0	0	0	0	0	0	0	0	0.00304655573119389
2020-01-23	0	0	0	0	0	0	0	0	0
2020-01-24	0	0	0	0	0	0	0	0	0
2020-01-25	0	0	0	0	0	0	0	0	0
2020-01-26	0	0	0	0	0	0	0	0	0
2020-01-27	0	0	0	0	0	0	0	0	0
2020-01-28	0	0	0	0	0	0	0	0	0
2020-01-29	0	0	0	0	0	0	0	0	0
2020-01-30	0	0	0	0	0	0	0	0	0
2020-01-31	0	0	0	0	0	0	0	0	0
2020-02-01	0	0	0	0	0	0	0	0	0
2020-02-02	0	0	0	0	0	0	0	0	0
2020-02-03	0	0	0	0	0	0	0	0	0
2020-02-04	0	0	0	0	0	0	0	0	0
2020-02-05	0	0	0	0	0	0	0	0	0
2020-02-06	0	0	0	0	0	0	0	0	0
2020-02-07	0	0	0	0	0	0	0	0	0
2020-02-08	0	0	0	0	0	0	0	0	0
2020-02-09	0	0	0	0	0	0	0	0	0
2020-02-10	0	0	0	0	0	0	0	0	0
2020-02-11	0	0	0	0	0	0	0	0	0
2020-02-12	0	0	0	0	0	0	0	0	0
2020-02-13	0	0	0	0	0	0	0	0	0
2020-02-14	0	0	0	0	0	0	0	0	0
2020-02-15	0	0	0	0	0	0	0	0	0
2020-02-16	0	0	0	0	0	0	0	0	0
2020-02-17	0	0	0	0	0	0	0	0	0
2020-02-18	0	0	0	0	0	0	0	0	0
2020-02-19	0	0	0	0	0	0	0	0	0
2020-02-20	0	0	0	0	0	0	0	0	0
2020-02-21	0	0	0	0	0	0	0	0	0
2020-02-22	0	0	0	0	0	0	0	0	0
2020-02-23	0	0	0	0	0	0	0	0	0
2020-02-24	0	0	0	0	0	0	0	0	0
2020-02-25	0	0	0	0	0	0	0	0	0
2020-02-26	0	0	0	0	0	0	0	0	0
2020-02-27	0	0	0	0	0	0	0	0	0
2020-02-28	0	0	0	0	0	0	0	0	0
2020-02-29	0.132703592856884	0.447795346779434	0	0	0	0	0	0	0.00304655573119389
2020-03-01	0	0	0	0	0	0	0	0	0
2020-03-02	0.66351796428442	1.79118138711773	1.22714292901837	0	0	0	0	0	0.0152327786559695
2020-03-03	0.132703592856884	0.447795346779434	0	0	0	0	0	0	0.00304655573119389
2020-03-04	0.398110778570652	1.3433860403383	0	0	0	0	0	0	0.0121862229247756
2020-03-05	0.132703592856884	0.447795346779434	0	0	0	0	0	0	0.00304655573119389
2020-03-06	0.265407185713768	0.895590693558867	0	0	0	0	0	0	0.00609311146238779
2020-03-07	0.398110778570652	1.3433860403383	0	0	0	0	0	0	0.00913966719358168
2020-03-08	0.265407185713768	0.895590693558867	0	0	0	0	0	0	0.0121862229247756
2020-03-09	0.132703592856884	0	0	0	0	0	0	0	0.00609311146238779
2020-03-10	0.530814371427536	1.79118138711773	0	0	0	0	0	0	0.0152327786559695
2020-03-11	0.132703592856884	0.447795346779434	0	0	0	0	0	0	0.0152327786559695
2020-03-12	0.928925149998189	2.23897673389717	2.45428585803674	0	0	0	0	0	0.0335121130431328
2020-03-13	0.796221557141304	2.23897673389717	1.22714292901837	0	0	0	0	0	0.0213258901183573
2020-03-14	0.265407185713768	0.895590693558867	0	0	0	0	0	0	0.027419001580745
2020-03-15	0.132703592856884	0.447795346779434	0	0	0	0	0	0	0.0335121130431328
2020-03-16	1.06162874285507	3.58236277423547	0	0	0	0	0	0	0.0761638932798474
2020-03-17	0.928925149998189	1.3433860403383	2.45428585803674	0	0	0	0	0	0.10967600632298
2020-03-18	1.59244311428261	4.47795346779434	0	1.1219579512599	0	0	0	0	0.198026122527603
2020-03-19	0.796221557141304	1.79118138711773	1.22714292901837	0	0	0	0	0	0.228491679839542
2020-03-20	1.32703592856884	3.13456742745603	1.22714292901837	0	0	1.24392498137222	0	1.4169343491808	0.319888351775359
2020-03-21	1.45973952142572	3.13456742745603	2.45428585803674	0	0	0	0	-1.4169343491808	0.316841796044165
2020-03-22	0.398110778570652	0.447795346779434	0	0	0	0	0	2.8338686983616	0.368633243474461
2020-03-23	1.59244311428261	5.3735441613532	1.22714292901837	0	0	0	0.299550973091336	0	0.569705921733258
2020-03-24	0.928925149998189	0	6.13571464509186	0	8.16102241288789	0	0	0	0.740313042680116
2020-03-25	2.25596107856703	6.26913485491207	0	1.1219579512599	0	0	0.299550973091336	0	1.01450305848757
2020-03-26	2.25596107856703	3.58236277423547	2.45428585803674	2.24391590251981	0	1.24392498137222	0.299550973091336	1.4169343491808	1.27041373990785
2020-03-27	0.928925149998189	0	6.13571464509186	1.1219579512599	0	0	0	0	1.59030209168321
2020-03-28	4.11381137856341	12.0904743630447	0	0	0	1.24392498137222	0.898652919274008	1.4169343491808	2.17219423634125
2020-03-29	1.32703592856884	2.23897673389717	0	1.1219579512599	5.44068160859192	0	0.299550973091336	1.4169343491808	1.69083843081261
2020-03-30	0.928925149998189	1.3433860403383	0	0	2.72034080429596	2.48784996274445	0	5.6677373967232	2.15391490195408
2020-03-31	2.65407185713768	2.6867720806766	12.2714292901837	0	2.72034080429596	1.24392498137222	0	0	3.28723363395821
2020-04-01	11.2798053928351	19.2551999115156	17.1800010062572	2.24391590251981	2.72034080429596	8.70747486960556	0.599101946182672	0	3.94833622762729
2020-04-02	3.98110778570652	4.92574881457377	6.13571464509186	2.24391590251981	0	7.46354988823334	1.79730583854802	4.2508030475424	4.58506637544681
2020-04-03	3.84840419284964	5.82133950813264	2.45428585803674	0	0	2.48784996274445	0.299550973091336	4.2508030475424	4.35962125133846
2020-04-04	3.84840419284964	5.3735441613532	4.90857171607349	4.48783180503961	0	6.21962490686112	0.299550973091336	8.5016060950848	4.87753572564142
2020-04-05	3.71570059999275	7.16472554847094	3.68142878705511	2.24391590251981	0	1.24392498137222	0.299550973091336	1.4169343491808	4.95065306319008
2020-04-06	3.18488622856522	5.82133950813264	2.45428585803674	1.1219579512599	5.44068160859192	4.97569992548889	0.299550973091336	2.8338686983616	5.26444830350305
2020-04-07	3.18488622856522	6.7169302016915	1.22714292901837	2.24391590251981	2.72034080429596	11.19532483235	0	-2.8338686983616	7.84792756355547
2020-04-08	1.99055389285326	4.47795346779434	1.22714292901837	1.1219579512599	5.44068160859192	9.95139985097779	3.59461167709603	7.084671745904	6.57751382364762
2020-04-09	2.38866467142391	3.13456742745603	3.68142878705511	2.24391590251981	5.44068160859192	0	1.49775486545668	7.084671745904	6.71460883155134
2020-04-10	2.25596107856703	5.3735441613532	1.22714292901837	2.24391590251981	0	0	1.19820389236534	8.5016060950848	6.65672427265866
2020-04-11	3.05218263570833	4.92574881457377	6.13571464509186	2.24391590251981	8.16102241288789	38.5616744225389	1.19820389236534	12.7524091426272	6.51962926475493
2020-04-12	1.99055389285326	2.23897673389717	2.45428585803674	1.1219579512599	0	8.70747486960556	0.299550973091336	4.2508030475424	5.77931622207482
2020-04-13	2.65407185713768	3.58236277423547	3.68142878705511	2.24391590251981	0	0	0	2.8338686983616	6.04741312641988
2020-04-14	2.25596107856703	2.23897673389717	4.90857171607349	4.48783180503961	8.16102241288789	0	0.599101946182672	21.254015237712	7.51889954458653
2020-04-15	1.32703592856884	2.23897673389717	6.13571464509186	0	8.16102241288789	73.3915739009612	1.79730583854802	7.084671745904	7.89971901098577
2020-04-16	2.78677544999457	5.3735441613532	2.45428585803674	1.1219579512599	2.72034080429596	0	2.09685681163935	12.7524091426272	6.65063116119627
2020-04-17	2.5213682642808	3.13456742745603	3.68142878705511	2.24391590251981	0	23.6345746460722	0.898652919274008	7.084671745904	6.3886273683136
2020-04-18	2.25596107856703	5.3735441613532	1.22714292901837	0	10.8813632171838	29.8541995529334	2.09685681163935	7.084671745904	5.92555089717212
2020-04-19	3.18488622856522	5.82133950813264	6.13571464509186	2.24391590251981	2.72034080429596	59.7083991058667	0.299550973091336	7.084671745904	6.03218034776391
2020-04-20	2.5213682642808	2.6867720806766	2.45428585803674	7.85370565881932	2.72034080429596	0	0	12.7524091426272	6.83951761653029
2020-04-21	2.12325748571015	6.26913485491207	0	0	19.0423856300717	60.9523240872389	0.299550973091336	9.9185404442656	7.56155132482325
2020-04-22	1.19433233571196	2.23897673389717	0	2.24391590251981	5.44068160859192	0	7.18922335419207	21.254015237712	7.49757365446817
2020-04-23	1.72514670713949	2.23897673389717	1.22714292901837	2.24391590251981	5.44068160859192	0	1.19820389236534	17.0032121901696	7.37266486948922
2020-04-24	1.99055389285326	3.58236277423547	0	2.24391590251981	13.6017040214798	0	0.599101946182672	19.8370808885312	6.62930527107791
2020-04-25	2.25596107856703	4.47795346779434	2.45428585803674	0	8.16102241288789	131.856048025456	2.69595875782202	17.0032121901696	5.27054141496544
2020-04-26	2.65407185713768	4.0301581210149	4.90857171607349	1.1219579512599	0	0	0	18.4201465393504	4.28345735805862
2020-04-27	1.45973952142572	2.6867720806766	1.22714292901837	1.1219579512599	13.6017040214798	70.9037239382167	0	9.9185404442656	4.51499559362935
2020-04-28	1.32703592856884	2.23897673389717	0	0	2.72034080429596	26.1224246088167	0.599101946182672	7.084671745904	6.84256417226149
2020-04-29	1.06162874285507	2.6867720806766	0	0	8.16102241288789	43.5373743480278	2.09685681163935	21.254015237712	7.28126819755341
2020-04-30	1.06162874285507	1.79118138711773	0	0	5.44068160859192	24.8784996274445	0	26.9217526344352	6.67805016277702
2020-05-01	1.85785029999638	3.13456742745603	0	1.1219579512599	13.6017040214798	32.3420495156778	1.19820389236534	9.9185404442656	5.81282833511795
2020-05-02	1.59244311428261	1.79118138711773	1.22714292901837	0	10.8813632171838	23.6345746460722	2.99550973091336	12.7524091426272	5.31014663947096
2020-05-03	1.59244311428261	1.79118138711773	1.22714292901837	2.24391590251981	2.72034080429596	23.6345746460722	1.49775486545668	15.5862778409888	3.68937899047581
2020-05-04	1.45973952142572	3.13456742745603	0	0	13.6017040214798	9.95139985097779	0	9.9185404442656	4.12808301576773
2020-05-05	1.72514670713949	1.79118138711773	2.45428585803674	2.24391590251981	0	16.1710247578389	1.49775486545668	8.5016060950848	6.77553994617522
2020-05-06	1.72514670713949	2.23897673389717	0	1.1219579512599	2.72034080429596	41.0495243852834	4.1937136232787	18.4201465393504	7.04363685052028
2020-05-07	1.85785029999638	2.23897673389717	1.22714292901837	1.1219579512599	0	26.1224246088167	0	11.3354747934464	5.86461978254825
2020-05-08	2.12325748571015	2.6867720806766	2.45428585803674	2.24391590251981	8.16102241288789	24.8784996274445	2.09685681163935	26.9217526344352	5.40154331140677
2020-05-09	1.45973952142572	1.79118138711773	2.45428585803674	1.1219579512599	2.72034080429596	24.8784996274445	1.19820389236534	9.9185404442656	4.4906231477798
2020-05-10	2.12325748571015	4.47795346779434	1.22714292901837	1.1219579512599	0	18.6588747205834	1.79730583854802	17.0032121901696	3.05569539838748
2020-05-11	0.796221557141304	0.895590693558867	1.22714292901837	1.1219579512599	0	16.1710247578389	0	7.084671745904	3.1409989588609
2020-05-12	2.12325748571015	1.3433860403383	0	1.1219579512599	2.72034080429596	1.24392498137222	4.49326459637004	11.3354747934464	4.82574427821113
2020-05-13	0.796221557141304	0.447795346779434	2.45428585803674	2.24391590251981	2.72034080429596	21.1467246833278	0	19.8370808885312	5.29186730508379
2020-05-14	1.06162874285507	1.3433860403383	1.22714292901837	1.1219579512599	8.16102241288789	12.4392498137222	2.99550973091336	11.3354747934464	5.40458986713797
2020-05-15	1.59244311428261	0.447795346779434	3.68142878705511	2.24391590251981	2.72034080429596	11.19532483235	0	14.169343491808	5.0877480710938
2020-05-16	1.06162874285507	1.79118138711773	0	2.24391590251981	2.72034080429596	12.4392498137222	2.69595875782202	9.9185404442656	3.64977376597029
2020-05-17	1.45973952142572	1.79118138711773	6.13571464509186	0	0	11.19532483235	0	11.3354747934464	2.54082747981571
2020-05-18	0.796221557141304	0.447795346779434	2.45428585803674	0	2.72034080429596	7.46354988823334	0	12.7524091426272	3.71984454778774
2020-05-19	0.928925149998189	1.79118138711773	1.22714292901837	2.24391590251981	0	4.97569992548889	3.89416265018737	11.3354747934464	4.39617992011279
2020-05-20	0.530814371427536	1.3433860403383	0	0	2.72034080429596	12.4392498137222	2.39640778473069	9.9185404442656	4.58201981971562
2020-05-21	1.19433233571196	1.3433860403383	2.45428585803674	0	13.6017040214798	7.46354988823334	0	7.084671745904	3.63149443158312
2020-05-22	0.66351796428442	0.895590693558867	2.45428585803674	1.1219579512599	2.72034080429596	6.21962490686112	3.2950607040047	8.5016060950848	3.67109965608864
2020-05-23	1.19433233571196	1.79118138711773	1.22714292901837	0	0	11.19532483235	2.39640778473069	12.7524091426272	3.24762840945269
2020-05-24	1.19433233571196	1.3433860403383	3.68142878705511	1.1219579512599	0	13.6831747950945	0	7.084671745904	1.96198189088887
2020-05-25	0.530814371427536	1.3433860403383	1.22714292901837	0	0	1.24392498137222	0	11.3354747934464	1.83097999444753
2020-05-26	0.796221557141304	0.447795346779434	2.45428585803674	1.1219579512599	0	6.21962490686112	0	0	1.99854055966319
2020-05-27	1.45973952142572	2.6867720806766	1.22714292901837	1.1219579512599	2.72034080429596	7.46354988823334	0	7.084671745904	4.49671625924219
2020-05-28	0.530814371427536	0.447795346779434	1.22714292901837	0	8.16102241288789	2.48784996274445	3.2950607040047	11.3354747934464	3.32074574700134
2020-05-29	0.796221557141304	1.3433860403383	1.22714292901837	0	0	11.19532483235	0	9.9185404442656	3.41214241893716
2020-05-30	0.265407185713768	0.447795346779434	0	1.1219579512599	0	8.70747486960556	2.69595875782202	2.8338686983616	2.91860039048375
2020-05-31	0.796221557141304	0.895590693558867	1.22714292901837	0	-2.72034080429596	3.73177494411667	0	5.6677373967232	1.90714388772738
2020-06-01	0.66351796428442	0.895590693558867	1.22714292901837	1.1219579512599	0	31.0981245343056	0	2.8338686983616	2.36717380313766
2020-06-02	0.796221557141304	0.895590693558867	1.22714292901837	2.24391590251981	0	7.46354988823334	0	2.8338686983616	2.96734528218285
2020-06-03	0.66351796428442	0.447795346779434	0	0	2.72034080429596	7.46354988823334	2.09685681163935	4.2508030475424	3.08311439996822
2020-06-04	1.45973952142572	1.3433860403383	1.22714292901837	1.1219579512599	0	6.21962490686112	2.09685681163935	2.8338686983616	3.03132295253792
2020-06-05	0.66351796428442	0.447795346779434	0	1.1219579512599	0	11.19532483235	1.49775486545668	5.6677373967232	2.67792248771943
2020-06-06	0.530814371427536	0.447795346779434	0	0	2.72034080429596	1.24392498137222	2.39640778473069	5.6677373967232	1.9467491122329
2020-06-07	1.45973952142572	1.3433860403383	0	1.1219579512599	0	1.24392498137222	0	8.5016060950848	1.40141563634919
2020-06-08	1.32703592856884	0.895590693558867	0	1.1219579512599	0	8.70747486960556	0	2.8338686983616	1.56592964583366
2020-06-09	0.66351796428442	0.447795346779434	0	0	0	4.97569992548889	0	5.6677373967232	2.76627260392406
2020-06-10	0.132703592856884	0	0	0	0	1.24392498137222	2.69595875782202	5.6677373967232	2.65659659760108
2020-06-11	1.59244311428261	2.23897673389717	0	0	0	2.48784996274445	0.898652919274008	4.2508030475424	2.49208258811661
2020-06-12	0.66351796428442	1.3433860403383	0	0	0	3.73177494411667	0	5.6677373967232	2.43419802922392
2020-06-13	0.530814371427536	0.447795346779434	1.22714292901837	0	0	2.48784996274445	3.2950607040047	7.084671745904	2.20265979365319
2020-06-14	0.265407185713768	0.447795346779434	0	0	0	8.70747486960556	0	5.6677373967232	1.07543417311144
2020-06-15	0.265407185713768	0	1.22714292901837	0	0	1.24392498137222	0.299550973091336	0	1.24299473832711
2020-06-16	1.06162874285507	0.895590693558867	2.45428585803674	1.1219579512599	0	1.24392498137222	0.898652919274008	7.084671745904	2.37936002606243
2020-06-17	0.796221557141304	0	2.45428585803674	1.1219579512599	0	8.70747486960556	0	4.2508030475424	2.30014957705139
2020-06-18	0.928925149998189	0.447795346779434	0	1.1219579512599	5.44068160859192	4.97569992548889	2.39640778473069	5.6677373967232	2.11430967744856
2020-06-19	0.928925149998189	0	0	1.1219579512599	0	9.95139985097779	0.299550973091336	4.2508030475424	1.91323699918977
2020-06-20	0.530814371427536	0.447795346779434	0	0	0	2.48784996274445	1.79730583854802	1.4169343491808	1.74262987824291
2020-06-21	0.66351796428442	0.895590693558867	1.22714292901837	0	0	6.21962490686112	0	2.8338686983616	0.990130612638016
2020-06-22	0.66351796428442	0	1.22714292901837	1.1219579512599	0	1.24392498137222	0	2.8338686983616	1.15769117785368
2020-06-23	1.32703592856884	1.3433860403383	1.22714292901837	2.24391590251981	0	-3.73177494411667	0.898652919274008	2.8338686983616	2.23617190669632
2020-06-24	0.398110778570652	0	2.45428585803674	0	0	9.95139985097779	1.79730583854802	5.6677373967232	2.28187024266423
2020-06-25	0.530814371427536	0.895590693558867	0	0	0	7.46354988823334	1.49775486545668	2.8338686983616	1.66646598496306
2020-06-26	1.45973952142572	0.447795346779434	2.45428585803674	1.1219579512599	2.72034080429596	8.70747486960556	1.79730583854802	4.2508030475424	1.93151633357693
2020-06-27	0.928925149998189	0.447795346779434	0	1.1219579512599	0	8.70747486960556	0.599101946182672	2.8338686983616	1.51718475413456
2020-06-28	0.530814371427536	0	1.22714292901837	1.1219579512599	0	0	0.299550973091336	2.8338686983616	1.01145650275637
2020-06-29	0.66351796428442	0	1.22714292901837	1.1219579512599	0	3.73177494411667	0	1.4169343491808	1.13027217627293
2020-06-30	0.796221557141304	0	0	4.48783180503961	2.72034080429596	-6.21962490686112	1.19820389236534	0	1.68779187508142
2020-07-01	0.796221557141304	0.895590693558867	1.22714292901837	0	0	2.48784996274445	1.49775486545668	2.8338686983616	2.16305456914766
2020-07-02	1.32703592856884	0.895590693558867	1.22714292901837	0	2.72034080429596	4.97569992548889	2.09685681163935	1.4169343491808	2.2453115738899
2020-07-03	1.19433233571196	1.3433860403383	0	1.1219579512599	0	1.24392498137222	2.99550973091336	1.4169343491808	2.05947167428707
2020-07-04	0.928925149998189	0	0	2.24391590251981	0	-1.24392498137222	0	2.8338686983616	0.956618499594883
2020-07-05	0.928925149998189	0.447795346779434	0	0	0	-1.24392498137222	0	2.8338686983616	1.01145650275637
2020-07-06	1.19433233571196	0.895590693558867	1.22714292901837	2.24391590251981	0	1.24392498137222	0	2.8338686983616	1.13941184346652
2020-07-07	1.19433233571196	0.895590693558867	0	0	2.72034080429596	0	3.59461167709603	0	3.50049253514178
2020-07-08	1.06162874285507	0.895590693558867	0	0	0	4.97569992548889	2.09685681163935	4.2508030475424	2.54082747981571
2020-07-09	2.12325748571015	2.23897673389717	2.45428585803674	0	0	1.24392498137222	2.69595875782202	5.6677373967232	3.13795240312971
2020-07-10	1.19433233571196	0.447795346779434	0	1.1219579512599	0	3.73177494411667	1.49775486545668	0	2.50426881104138
2020-07-11	0.928925149998189	0.447795346779434	1.22714292901837	0	2.72034080429596	2.48784996274445	0.599101946182672	0	2.28491679839542
2020-07-12	0.66351796428442	0	1.22714292901837	0	0	2.48784996274445	0	0	1.48671919682262
2020-07-13	1.19433233571196	0.447795346779434	1.22714292901837	1.1219579512599	0	0	0	0	1.35571730038128
2020-07-14	1.59244311428261	0.895590693558867	0	1.1219579512599	0	2.48784996274445	4.1937136232787	0	2.71752771222495
2020-07-15	0.398110778570652	0.447795346779434	0	0	2.72034080429596	2.48784996274445	3.59461167709603	4.2508030475424	2.93992628060211
2020-07-16	0.796221557141304	0	1.22714292901837	0	0	3.73177494411667	5.09236654255271	4.2508030475424	2.95820561498927
2020-07-17	0.796221557141304	0	0	0	0	3.73177494411667	0	4.2508030475424	2.7936916055048
2020-07-18	0.928925149998189	0.895590693558867	0	0	0	6.21962490686112	3.89416265018737	1.4169343491808	2.68401559918182
2020-07-19	1.19433233571196	0.895590693558867	0	0	0	0	0	0	1.4958588640162
2020-07-20	1.45973952142572	0.895590693558867	0	1.1219579512599	0	0	0	1.4169343491808	1.66951254069425
2020-07-21	1.59244311428261	0.447795346779434	0	2.24391590251981	2.72034080429596	4.97569992548889	2.69595875782202	1.4169343491808	3.2933267454206
2020-07-22	1.06162874285507	0.895590693558867	0	0	0	0	5.39191751564405	0	3.77163599521804
2020-07-23	1.19433233571196	0.447795346779434	1.22714292901837	0	0	3.73177494411667	2.09685681163935	1.4169343491808	3.2933267454206
2020-07-24	1.72514670713949	0.447795346779434	0	2.24391590251981	0	2.48784996274445	3.59461167709603	0	3.37558375016283
2020-07-25	1.59244311428261	0.447795346779434	0	2.24391590251981	0	2.48784996274445	0	0	2.93992628060211
2020-07-26	1.99055389285326	0.895590693558867	0	3.36587385377971	0	2.48784996274445	2.69595875782202	0	1.69083843081261
2020-07-27	1.06162874285507	0.447795346779434	1.22714292901837	1.1219579512599	0	0	0	1.4169343491808	3.39995619601239
2020-07-28	1.72514670713949	0.895590693558867	1.22714292901837	1.1219579512599	0	4.97569992548889	0	1.4169343491808	3.70765832486297
2020-07-29	2.12325748571015	1.3433860403383	2.45428585803674	0	0	2.48784996274445	5.69146848873539	1.4169343491808	4.43578514461831
2020-07-30	1.72514670713949	0.895590693558867	0	0	5.44068160859192	0	1.79730583854802	0	3.9940345635952
2020-07-31	1.99055389285326	2.23897673389717	2.45428585803674	2.24391590251981	0	1.24392498137222	0.898652919274008	1.4169343491808	3.61626165292715
2020-08-01	2.12325748571015	1.3433860403383	1.22714292901837	0	0	2.48784996274445	0	0	3.45784075490507
2020-08-02	1.19433233571196	0.447795346779434	0	2.24391590251981	0	1.24392498137222	1.19820389236534	1.4169343491808	1.50195197547859
2020-08-03	1.32703592856884	1.3433860403383	0	2.24391590251981	0	1.24392498137222	0	0	1.73044365531813
2020-08-04	2.38866467142391	2.6867720806766	0	4.48783180503961	0	3.73177494411667	0.898652919274008	1.4169343491808	3.81733433118595
2020-08-05	2.78677544999457	1.3433860403383	1.22714292901837	3.36587385377971	0	1.24392498137222	0	0	4.27736424659623
2020-08-06	1.06162874285507	0.447795346779434	0	2.24391590251981	0	3.73177494411667	4.49326459637004	0	3.55228398257208
2020-08-07	2.25596107856703	3.13456742745603	0	3.36587385377971	0	6.21962490686112	0	2.8338686983616	3.96052245055206
2020-08-08	1.19433233571196	0.895590693558867	1.22714292901837	0	2.72034080429596	2.48784996274445	0.898652919274008	1.4169343491808	3.34816474858209
2020-08-09	1.45973952142572	0.895590693558867	2.45428585803674	1.1219579512599	0	1.24392498137222	2.09685681163935	1.4169343491808	1.76700232409246
2020-08-10	1.45973952142572	0.895590693558867	1.22714292901837	2.24391590251981	0	0	0.299550973091336	0	1.65123320630709
2020-08-11	1.06162874285507	0	1.22714292901837	1.1219579512599	0	2.48784996274445	0	2.8338686983616	3.26895429957105
2020-08-12	1.85785029999638	1.79118138711773	3.68142878705511	1.1219579512599	0	0	2.39640778473069	0	4.62467159995233
2020-08-13	1.32703592856884	0.895590693558867	1.22714292901837	1.1219579512599	0	0	1.79730583854802	1.4169343491808	3.16841796044165
2020-08-14	1.99055389285326	1.79118138711773	1.22714292901837	1.1219579512599	2.72034080429596	0	4.1937136232787	0	4.01536045371355
2020-08-15	1.45973952142572	0.895590693558867	0	1.1219579512599	0	0	0	4.2508030475424	3.20802318494717
2020-08-16	1.45973952142572	0.895590693558867	0	5.60978975629951	0	0	1.19820389236534	0	1.8949576648026
2020-08-17	0.928925149998189	0.895590693558867	1.22714292901837	0	0	0	0	0	1.43492774939232
2020-08-18	0.928925149998189	1.79118138711773	0	1.1219579512599	2.72034080429596	0	0	2.8338686983616	3.68023932328222
2020-08-19	1.59244311428261	0.895590693558867	1.22714292901837	1.1219579512599	0	-79.6111988078223	3.59461167709603	1.4169343491808	2.07165789721185
2020-08-20	1.06162874285507	0	0	2.24391590251981	0	0	1.79730583854802	1.4169343491808	3.30246641261418
2020-08-21	0.530814371427536	0.447795346779434	0	1.1219579512599	0	1.24392498137222	2.39640778473069	1.4169343491808	3.21716285214075
2020-08-22	0.66351796428442	0.895590693558867	1.22714292901837	1.1219579512599	0	0	2.39640778473069	2.8338686983616	2.93992628060211
2020-08-23	0.530814371427536	0	0	0	0	0	0	0	1.59334864741441
2020-08-24	0.928925149998189	0.447795346779434	0	1.1219579512599	0	0	0	0	1.34048452172531
2020-08-25	0.796221557141304	0.895590693558867	0	1.1219579512599	0	0	1.49775486545668	0	3.66805310035745
2020-08-26	1.99055389285326	1.79118138711773	1.22714292901837	0	0	0	0.898652919274008	1.4169343491808	3.55837709403447
2020-08-27	1.19433233571196	0	0	1.1219579512599	0	1.24392498137222	1.49775486545668	0	3.37863030589403
2020-08-28	1.06162874285507	0.447795346779434	0	1.1219579512599	0	0	0.898652919274008	0	2.81197093989196
2020-08-29	0.66351796428442	0	0	2.24391590251981	0	1.24392498137222	0.898652919274008	0	2.93687972487091
2020-08-30	0.66351796428442	0.447795346779434	0	1.1219579512599	0	0	0.898652919274008	1.4169343491808	1.32525174306934
2020-08-31	1.06162874285507	1.3433860403383	0	3.36587385377971	0	0	0	1.4169343491808	1.52327786559695
2020-09-01	0.796221557141304	0	0	1.1219579512599	0	3.73177494411667	1.79730583854802	0	3.22934907506553
2020-09-02	0.796221557141304	0.895590693558867	0	1.1219579512599	0	1.24392498137222	2.09685681163935	1.4169343491808	3.22934907506553
2020-09-03	0.796221557141304	0.895590693558867	1.22714292901837	0	-2.72034080429596	0	1.49775486545668	1.4169343491808	3.12576618020494
2020-09-04	0.265407185713768	0	0	1.1219579512599	0	0	0.299550973091336	2.8338686983616	2.89118138890301
2020-09-05	1.32703592856884	1.3433860403383	0	3.36587385377971	0	0	0.898652919274008	0	2.43724458495512
2020-09-06	0.796221557141304	0.447795346779434	0	0	0	0	0.898652919274008	0	1.42578808219874
2020-09-07	0.530814371427536	0.447795346779434	0	0	0	1.24392498137222	0	0	1.01145650275637
2020-09-08	0.265407185713768	0	0	0	0	0	0.299550973091336	0	1.40446219208039
2020-09-09	0.530814371427536	0	0	1.1219579512599	0	0	3.89416265018737	5.6677373967232	3.32379230273254
2020-09-10	0.928925149998189	0	1.22714292901837	0	0	0	1.19820389236534	1.4169343491808	2.66268970906346
2020-09-11	0.928925149998189	0.895590693558867	1.22714292901837	3.36587385377971	0	1.24392498137222	1.49775486545668	0	3.45174764344268
2020-09-12	0.796221557141304	0	0	2.24391590251981	0	0	1.19820389236534	0	2.24226501815871
2020-09-13	0.66351796428442	0.447795346779434	1.22714292901837	0	0	0	0	0	1.1972964023592
2020-09-14	0.928925149998189	0	0	2.24391590251981	0	1.24392498137222	0	0	1.30392585295099
2020-09-15	1.19433233571196	1.3433860403383	1.22714292901837	1.1219579512599	2.72034080429596	0	2.39640778473069	0	3.59798231853999
2020-09-16	1.06162874285507	0.895590693558867	1.22714292901837	0	0	0	1.79730583854802	1.4169343491808	2.84852960866629
2020-09-17	0.66351796428442	0	0	1.1219579512599	0	0	1.79730583854802	2.8338686983616	2.62308448455794
2020-09-18	1.06162874285507	0.447795346779434	0	1.1219579512599	0	1.24392498137222	0.898652919274008	0	2.90032105609659
2020-09-19	0.66351796428442	0	0	3.36587385377971	0	1.24392498137222	11.6824879505621	0	2.01072678258797
2020-09-20	1.06162874285507	1.3433860403383	1.22714292901837	0	0	0	-10.7838350312881	1.4169343491808	0.877408050583842
2020-09-21	0.796221557141304	0.447795346779434	0	1.1219579512599	0	0	0	1.4169343491808	1.26127407271427
2020-09-22	1.45973952142572	0	1.22714292901837	1.1219579512599	0	0	1.49775486545668	0	3.0922540671618
2020-09-23	0.796221557141304	0	0	1.1219579512599	0	0	0.599101946182672	0	3.23848874225911
2020-09-24	0.796221557141304	0.447795346779434	0	0	0	0	1.79730583854802	0	2.66268970906346
2020-09-25	0.928925149998189	0	0	3.36587385377971	0	0	0.599101946182672	2.8338686983616	2.71448115649376
2020-09-26	0.530814371427536	0.447795346779434	0	1.1219579512599	2.72034080429596	0	0	1.4169343491808	2.33061513436333
2020-09-27	0.928925149998189	0	1.22714292901837	2.24391590251981	0	0	0.299550973091336	0	0.990130612638016
2020-09-28	0.928925149998189	0.447795346779434	0	0	0	0	0	0	1.06020139445548
2020-09-29	0.66351796428442	0.447795346779434	0	0	0	0	1.49775486545668	2.8338686983616	2.66878282052585
2020-09-30	0.928925149998189	0.447795346779434	0	0	0	0	0.599101946182672	1.4169343491808	2.73885360234331
2020-10-01	1.32703592856884	2.23897673389717	0	0	0	1.24392498137222	2.69595875782202	1.4169343491808	2.64745693040749
2020-10-02	0.796221557141304	0.447795346779434	0	0	2.72034080429596	0	0.599101946182672	1.4169343491808	2.56519992566526
2020-10-03	0.796221557141304	0.447795346779434	2.45428585803674	0	-2.72034080429596	0	1.19820389236534	0	1.95588877942648
2020-10-04	0.530814371427536	0	1.22714292901837	1.1219579512599	0	0	1.49775486545668	2.8338686983616	1.16683084504726
2020-10-05	1.06162874285507	1.79118138711773	0	1.1219579512599	0	0	0	0	1.4471139723171
2020-10-06	1.45973952142572	1.79118138711773	1.22714292901837	0	0	0	0.898652919274008	0	2.12344934464214
2020-10-07	0.66351796428442	1.3433860403383	1.22714292901837	1.1219579512599	0	0	2.09685681163935	0	2.76931915965525
2020-10-08	0.928925149998189	0.895590693558867	0	2.24391590251981	0	0	1.79730583854802	4.2508030475424	2.86071583159107
2020-10-09	0.928925149998189	0.447795346779434	0	0	0	0	0.599101946182672	0	2.93992628060211
2020-10-10	0.398110778570652	0.447795346779434	0	1.1219579512599	0	0	1.19820389236534	2.8338686983616	2.00768022685678
2020-10-11	0.398110778570652	0	1.22714292901837	2.24391590251981	0	2.48784996274445	0.299550973091336	1.4169343491808	1.45625363951068
2020-10-12	1.59244311428261	1.3433860403383	0	2.24391590251981	0	0	0	0	1.28259996283263
2020-10-13	0.530814371427536	0.447795346779434	0	0	0	1.24392498137222	4.1937136232787	0	2.38849969325601
2020-10-14	1.19433233571196	0	2.45428585803674	1.1219579512599	0	0	1.19820389236534	1.4169343491808	3.02522984107554
2020-10-15	0.530814371427536	0	0	0	0	1.24392498137222	0.898652919274008	0	2.53473436835332
2020-10-16	0.66351796428442	0	0	0	0	1.24392498137222	5.39191751564405	4.2508030475424	2.88813483317181
2020-10-17	0.796221557141304	0.447795346779434	1.22714292901837	0	0	3.73177494411667	1.19820389236534	0	2.38240658179363
2020-10-18	1.32703592856884	0.895590693558867	2.45428585803674	2.24391590251981	0	0	-4.79281556946138	0	1.44102086085471
2020-10-19	1.32703592856884	0.895590693558867	1.22714292901837	0	2.72034080429596	1.24392498137222	0	0	1.52632442132814
2020-10-20	0.796221557141304	0.447795346779434	3.68142878705511	1.1219579512599	-2.72034080429596	1.24392498137222	1.19820389236534	1.4169343491808	2.85462272012868
2020-10-21	1.45973952142572	1.3433860403383	0	1.1219579512599	0	0	1.79730583854802	0	3.58884265134641
2020-10-22	1.45973952142572	0.447795346779434	1.22714292901837	1.1219579512599	0	2.48784996274445	0.898652919274008	0	2.50731536677257
2020-10-23	0.928925149998189	0.895590693558867	1.22714292901837	1.1219579512599	0	1.24392498137222	0.299550973091336	0	2.7936916055048
2020-10-24	1.45973952142572	1.3433860403383	0	0	2.72034080429596	0	0.299550973091336	0	2.97648494937643
2020-10-25	1.06162874285507	0.447795346779434	1.22714292901837	1.1219579512599	0	1.24392498137222	0.599101946182672	0	1.38922941342442
2020-10-26	1.19433233571196	0.447795346779434	1.22714292901837	0	2.72034080429596	1.24392498137222	0	0	1.55983653437127
2020-10-27	1.32703592856884	0.895590693558867	1.22714292901837	3.36587385377971	0	0	2.09685681163935	2.8338686983616	3.05264884265628
2020-10-28	1.59244311428261	0.895590693558867	0	1.1219579512599	2.72034080429596	1.24392498137222	1.19820389236534	0	3.08616095569941
2020-10-29	0.530814371427536	0.447795346779434	0	1.1219579512599	2.72034080429596	1.24392498137222	1.19820389236534	1.4169343491808	3.06178850984986
2020-10-30	1.45973952142572	0.447795346779434	1.22714292901837	0	0	1.24392498137222	0.898652919274008	1.4169343491808	3.10444029008658
2020-10-31	1.85785029999638	0.895590693558867	3.68142878705511	2.24391590251981	-2.72034080429596	0	0.898652919274008	0	2.86376238732226
2020-11-01	1.06162874285507	0	1.22714292901837	0	0	1.24392498137222	0	0	1.59334864741441
2020-11-02	0.66351796428442	0.895590693558867	0	0	2.72034080429596	0	0	1.4169343491808	1.73044365531813
2020-11-03	1.32703592856884	0.447795346779434	1.22714292901837	3.36587385377971	2.72034080429596	0	2.99550973091336	0	4.76176660785606
2020-11-04	1.59244311428261	0.447795346779434	0	2.24391590251981	-5.44068160859192	1.24392498137222	0.898652919274008	0	3.45784075490507
2020-11-05	1.59244311428261	0.447795346779434	3.68142878705511	2.24391590251981	0	3.73177494411667	0	4.2508030475424	3.55533053830327
2020-11-06	1.85785029999638	0.447795346779434	2.45428585803674	3.36587385377971	0	1.24392498137222	0.898652919274008	2.8338686983616	3.72289110351894
2020-11-07	0.66351796428442	0.447795346779434	1.22714292901837	1.1219579512599	2.72034080429596	2.48784996274445	0.299550973091336	2.8338686983616	3.32683885846373
2020-11-08	1.45973952142572	0	3.68142878705511	2.24391590251981	0	1.24392498137222	0	0	1.79137476994201
2020-11-09	1.32703592856884	1.3433860403383	0	2.24391590251981	5.44068160859192	3.73177494411667	8.98652919274008	1.4169343491808	2.39763936044959
2020-11-10	1.85785029999638	1.3433860403383	0	2.24391590251981	0	0	-6.88967238110073	2.8338686983616	4.25299180074668
2020-11-11	0.928925149998189	0.447795346779434	2.45428585803674	1.1219579512599	-2.72034080429596	0	0	0	4.21643313197235
2020-11-12	1.72514670713949	0.447795346779434	0	2.24391590251981	0	0	0.898652919274008	0	3.68328587901342
2020-11-13	1.45973952142572	0.447795346779434	1.22714292901837	2.24391590251981	2.72034080429596	0	0.898652919274008	0	3.58274953988402
2020-11-14	2.12325748571015	0.895590693558867	1.22714292901837	2.24391590251981	5.44068160859192	0	1.49775486545668	1.4169343491808	4.25299180074668
2020-11-15	1.59244311428261	0.895590693558867	2.45428585803674	3.36587385377971	0	1.24392498137222	0	2.8338686983616	2.43724458495512
2020-11-16	1.99055389285326	1.79118138711773	1.22714292901837	2.24391590251981	2.72034080429596	0	0	0	2.56824648139645
2020-11-17	1.59244311428261	0.895590693558867	3.68142878705511	0	0	1.24392498137222	2.09685681163935	0	5.17914474302962
2020-11-18	1.72514670713949	0.447795346779434	1.22714292901837	1.1219579512599	0	0	3.59461167709603	7.084671745904	5.80673522365556
2020-11-19	1.59244311428261	2.23897673389717	2.45428585803674	0	5.44068160859192	0	2.09685681163935	2.8338686983616	6.12053046396853
2020-11-20	2.12325748571015	0.447795346779434	1.22714292901837	3.36587385377971	5.44068160859192	4.97569992548889	2.39640778473069	2.8338686983616	5.88289911693541
2020-11-21	2.91947904285145	2.6867720806766	7.36285757411023	3.36587385377971	-2.72034080429596	1.24392498137222	1.79730583854802	1.4169343491808	5.1913309659544
2020-11-22	2.25596107856703	2.6867720806766	4.90857171607349	2.24391590251981	0	1.24392498137222	0.599101946182672	0	3.22325596360314
2020-11-23	2.5213682642808	0.895590693558867	4.90857171607349	3.36587385377971	5.44068160859192	0	0	2.8338686983616	3.35425786004448
2020-11-24	1.85785029999638	0.895590693558867	4.90857171607349	2.24391590251981	0	0	4.79281556946138	1.4169343491808	6.48002404024941
2020-11-25	2.25596107856703	0.895590693558867	2.45428585803674	3.36587385377971	0	6.21962490686112	1.19820389236534	5.6677373967232	6.71460883155134
2020-11-26	2.5213682642808	1.79118138711773	6.13571464509186	4.48783180503961	0	0	0	0	4.26213146794026
2020-11-27	1.85785029999638	0.447795346779434	2.45428585803674	1.1219579512599	5.44068160859192	3.73177494411667	2.39640778473069	0	4.9415133959965
2020-11-28	2.5213682642808	2.23897673389717	0	2.24391590251981	5.44068160859192	3.73177494411667	0.299550973091336	1.4169343491808	4.26822457940265
2020-11-29	2.25596107856703	1.3433860403383	1.22714292901837	1.1219579512599	0	4.97569992548889	0	2.8338686983616	3.29637330115179
2020-11-30	4.11381137856341	4.47795346779434	11.0442863611653	2.24391590251981	0	2.48784996274445	0	0	4.10371056991818
2020-12-01	2.78677544999457	1.79118138711773	1.22714292901837	2.24391590251981	2.72034080429596	1.24392498137222	6.59012140800939	7.084671745904	7.87230000940502
2020-12-02	3.05218263570833	4.0301581210149	4.90857171607349	0	-2.72034080429596	2.48784996274445	4.79281556946138	7.084671745904	8.62784583074111
2020-12-03	2.25596107856703	3.13456742745603	1.22714292901837	3.36587385377971	16.3220448257758	2.48784996274445	1.49775486545668	2.8338686983616	8.9325014038605
2020-12-04	3.45029341427899	4.47795346779434	2.45428585803674	1.1219579512599	2.72034080429596	6.21962490686112	2.09685681163935	1.4169343491808	7.92104490110412
2020-12-05	2.38866467142391	1.3433860403383	4.90857171607349	4.48783180503961	5.44068160859192	8.70747486960556	2.39640778473069	2.8338686983616	7.41836320545713
2020-12-06	2.12325748571015	0.895590693558867	4.90857171607349	1.1219579512599	0	2.48784996274445	2.09685681163935	2.8338686983616	4.38704025291921
2020-12-07	2.91947904285145	3.13456742745603	1.22714292901837	1.1219579512599	0	1.24392498137222	0	5.6677373967232	4.7891856094368
2020-12-08	1.32703592856884	1.79118138711773	1.22714292901837	2.24391590251981	10.8813632171838	1.24392498137222	7.78832530037474	0	7.77176367027562
2020-12-09	0.928925149998189	1.79118138711773	0	2.24391590251981	2.72034080429596	7.46354988823334	4.49326459637004	4.2508030475424	9.64844200069106
2020-12-10	1.45973952142572	1.3433860403383	4.90857171607349	0	5.44068160859192	3.73177494411667	3.2950607040047	5.6677373967232	9.10615508053855
2020-12-11	0.796221557141304	1.3433860403383	0	1.1219579512599	2.72034080429596	1.24392498137222	6.88967238110073	1.4169343491808	10.2272875896179
2020-12-12	0.265407185713768	0.447795346779434	1.22714292901837	0	10.8813632171838	3.73177494411667	4.1937136232787	5.6677373967232	7.67427388687742
2020-12-13	0	0	0	0	0	1.24392498137222	3.2950607040047	2.8338686983616	5.12126018413694
2020-12-14	0	0	0	0	5.44068160859192	0	0	1.4169343491808	5.04204973512589
2020-12-15	0	0	0	0	5.44068160859192	3.73177494411667	9.58563113892276	5.6677373967232	9.05131707737706
2020-12-16	13.4030628785453	0	15.9528580772388	2.24391590251981	10.8813632171838	1.24392498137222	6.88967238110073	0	11.455049549289
2020-12-17	9.95276946426631	14.3294510969419	9.81714343214697	7.85370565881932	8.16102241288789	1.24392498137222	6.59012140800939	7.084671745904	10.2486134797363
2020-12-18	-1.72514670713949	-5.3735441613532	0	0	5.44068160859192	1.24392498137222	4.1937136232787	4.2508030475424	8.89289617935498
2020-12-19	0	0	0	0	13.6017040214798	2.48784996274445	8.08787627346607	2.8338686983616	8.66135794378424
2020-12-20	0	0	0	0	0	2.48784996274445	0	9.9185404442656	5.35279841970767
2020-12-21	0.265407185713768	0	2.45428585803674	0	0	4.97569992548889	0.898652919274008	7.084671745904	5.60566254539676
2020-12-22	3.3175898214221	3.58236277423547	3.68142878705511	3.36587385377971	19.0423856300717	6.21962490686112	8.38742724655741	2.8338686983616	9.98356313112239
2020-12-23	4.11381137856341	4.47795346779434	4.90857171607349	2.24391590251981	0	8.70747486960556	11.6824879505621	9.9185404442656	10.260799702661
2020-12-24	2.91947904285145	0.895590693558867	0	5.60978975629951	0	8.70747486960556	9.58563113892276	7.084671745904	9.06959641176422
2020-12-25	0	0	0	0	0	0	5.99101946182672	0	4.86534950271665
2020-12-26	0	0	0	0	21.7627264343677	2.48784996274445	0	8.5016060950848	6.07483212800062
2020-12-27	0	0	0	0	0	9.95139985097779	0	8.5016060950848	4.4418782560807
2020-12-28	1.32703592856884	0.447795346779434	1.22714292901837	0	-2.72034080429596	3.73177494411667	0.599101946182672	4.2508030475424	5.75494377622527
2020-12-29	23.0904251570978	20.1507906050745	42.950002515643	24.6830749277179	13.6017040214798	3.73177494411667	9.28608016583142	5.6677373967232	10.9432281864485
2020-12-30	6.76788323570109	6.7169302016915	3.68142878705511	10.0976215613391	2.72034080429596	11.19532483235	11.0833860043794	7.084671745904	11.8480552386131
2020-12-31	5.30814371427536	5.82133950813264	4.90857171607349	2.24391590251981	0	4.97569992548889	18.5721603316628	8.5016060950848	10.0414476900151
2021-01-01	0	0	0	0	0	0	17.3739564392975	2.8338686983616	7.01621784893954
2021-01-02	0	0	0	0	13.6017040214798	2.48784996274445	0	5.6677373967232	7.981976015728
2021-01-03	-0.132703592856884	-0.447795346779434	0	0	0	4.97569992548889	0	2.8338686983616	4.51194903789816
2021-01-04	3.05218263570833	1.3433860403383	-1.22714292901837	12.3415374638589	5.44068160859192	4.97569992548889	1.79730583854802	4.2508030475424	5.94383023155929
2021-01-05	7.82951197855616	7.16472554847094	9.81714343214697	7.85370565881932	10.8813632171838	9.95139985097779	16.7748544931148	5.6677373967232	11.0254851911907
2021-01-06	8.49302994284058	7.61252089525037	8.5900005031286	12.3415374638589	2.72034080429596	4.97569992548889	11.0833860043794	7.084671745904	11.9272656876241
2021-01-07	3.84840419284964	3.58236277423547	4.90857171607349	1.1219579512599	8.16102241288789	4.97569992548889	14.0788957352928	2.8338686983616	12.2045022591627
2021-01-08	8.62573353569747	5.3735441613532	13.4985722192021	10.0976215613391	0	6.21962490686112	9.88518211201409	1.4169343491808	12.7041373990785
2021-01-09	-0.132703592856884	0	0	0	13.6017040214798	3.73177494411667	15.8762015738408	5.6677373967232	9.89521301491777
2021-01-10	0	0	0	0	0	8.70747486960556	9.88518211201409	5.6677373967232	6.45565159439986
2021-01-11	0.132703592856884	0	0	0	0	3.73177494411667	0	5.6677373967232	5.68487299440781
2021-01-12	11.9433233571196	7.61252089525037	15.9528580772388	8.97566361007922	5.44068160859192	9.95139985097779	12.2815898967448	5.6677373967232	13.2068190947255
2021-01-13	6.50247604998732	5.82133950813264	6.13571464509186	11.219579512599	0	8.70747486960556	16.1757525469321	8.5016060950848	12.0613141397966
2021-01-14	5.0427365285616	4.0301581210149	3.68142878705511	6.73174770755942	5.44068160859192	11.19532483235	15.8762015738408	15.5862778409888	11.6073773358487
2021-01-15	3.58299700713587	3.58236277423547	2.45428585803674	4.48783180503961	0	6.21962490686112	9.58563113892276	0	11.6957274520534
2021-01-16	0	0	0	0	2.72034080429596	8.70747486960556	8.38742724655741	7.084671745904	11.0132989682659
2021-01-17	0	0	0	0	0	3.73177494411667	11.3829369774708	4.2508030475424	6.24848580467868
2021-01-18	0	0	0	0	0	6.21962490686112	0	9.9185404442656	4.91409439441575
2021-01-19	4.91003293570471	6.26913485491207	2.45428585803674	6.73174770755942	0	3.73177494411667	1.79730583854802	5.6677373967232	7.49452709873698
2021-01-20	0	0	0	0	2.72034080429596	7.46354988823334	19.4708132509368	2.8338686983616	13.450543553221
2021-01-21	16.5879491071105	11.1948836694858	28.2242873674225	16.8293692688985	5.44068160859192	4.97569992548889	14.3784467083841	1.4169343491808	12.4847853864326
2021-01-22	6.50247604998732	5.3735441613532	3.68142878705511	6.73174770755942	0	2.48784996274445	23.6645268742156	4.2508030475424	11.485515106601
2021-01-23	0	0	0	0	8.16102241288789	9.95139985097779	12.8806918429275	4.2508030475424	10.888390183287
2021-01-24	0	0	0	0	0	4.97569992548889	9.28608016583142	2.8338686983616	5.76103688768765
2021-01-25	4.51192215713406	7.16472554847094	1.22714292901837	4.48783180503961	0	4.97569992548889	0	9.9185404442656	5.28577419362141
2021-01-26	2.5213682642808	0.447795346779434	2.45428585803674	4.48783180503961	0	6.21962490686112	13.7793447622015	12.7524091426272	11.7749379010644
2021-01-27	5.8389580857029	4.47795346779434	7.36285757411023	6.73174770755942	0	7.46354988823334	13.1802428160188	9.9185404442656	12.1831763690444
2021-01-28	4.24651497142029	1.3433860403383	6.13571464509186	3.36587385377971	2.72034080429596	4.97569992548889	20.6690171433022	9.9185404442656	11.5433996654937
2021-01-29	5.57355089998913	4.0301581210149	6.13571464509186	8.97566361007922	0	7.46354988823334	11.0833860043794	7.084671745904	10.9432281864485
2021-01-30	0	0	0	0	0	3.73177494411667	9.58563113892276	2.8338686983616	8.57910093904201
2021-01-31	0	0	0	0	0	2.48784996274445	4.79281556946138	5.6677373967232	5.86461978254825
2021-02-01	4.37921856427718	4.47795346779434	1.22714292901837	2.24391590251981	5.44068160859192	3.73177494411667	0	4.2508030475424	5.25226208057827
2021-02-02	-0.265407185713768	-0.895590693558867	0	0	2.72034080429596	2.48784996274445	2.99550973091336	0	10.4466396022639
2021-02-03	9.55465868569565	6.26913485491207	4.90857171607349	8.97566361007922	0	2.48784996274445	16.1757525469321	14.169343491808	11.5190272196441
2021-02-04	3.71570059999275	1.79118138711773	1.22714292901837	4.48783180503961	2.72034080429596	9.95139985097779	16.4753035200235	8.5016060950848	11.5007478852569
2021-02-05	4.37921856427718	4.0301581210149	0	3.36587385377971	0	12.4392498137222	11.6824879505621	11.3354747934464	10.7512951753833
2021-02-06	0	0	0	0	0	3.73177494411667	10.4842840581968	9.9185404442656	8.34756270347127
2021-02-07	0	0	0	0	0	7.46354988823334	2.69595875782202	7.084671745904	4.55155426240368
2021-02-08	0.132703592856884	-0.447795346779434	1.22714292901837	-1.1219579512599	2.72034080429596	2.48784996274445	0	5.6677373967232	4.21643313197235
2021-02-09	14.3319880285435	6.26913485491207	11.0442863611653	14.5854533663787	8.16102241288789	6.21962490686112	9.58563113892276	7.084671745904	9.1792724180872
2021-02-10	5.97166167855978	2.23897673389717	9.81714343214697	5.60978975629951	-2.72034080429596	6.21962490686112	15.2770996276581	5.6677373967232	10.1084719161013
2021-02-11	4.11381137856341	4.47795346779434	0	2.24391590251981	2.72034080429596	7.46354988823334	15.2770996276581	11.3354747934464	9.51744010424973
2021-02-12	5.57355089998913	2.6867720806766	4.90857171607349	4.48783180503961	0	3.73177494411667	7.18922335419207	4.2508030475424	8.50293704576216
2021-02-13	0	0	0	0	10.8813632171838	6.21962490686112	8.98652919274008	4.2508030475424	7.01012473747715
2021-02-14	0	0	0	0	0	3.73177494411667	8.38742724655741	0	3.5400977596473
2021-02-15	0	0	0	0	0	3.73177494411667	0	1.4169343491808	2.95211250352688
2021-02-16	4.51192215713406	4.47795346779434	3.68142878705511	3.36587385377971	2.72034080429596	1.24392498137222	1.49775486545668	2.8338686983616	5.02681695646992
2021-02-17	6.50247604998732	3.58236277423547	1.22714292901837	10.0976215613391	-2.72034080429596	3.73177494411667	17.0744054662062	4.2508030475424	7.37875798095161
2021-02-18	5.8389580857029	8.50811158880924	3.68142878705511	6.73174770755942	5.44068160859192	3.73177494411667	10.7838350312881	9.9185404442656	7.75043778015727
2021-02-19	2.5213682642808	4.0301581210149	3.68142878705511	2.24391590251981	5.44068160859192	1.24392498137222	10.1847330851054	1.4169343491808	7.77785678173801
2021-02-20	0	0	0	0	2.72034080429596	0	5.69146848873539	1.4169343491808	5.76408344341885
2021-02-21	0	0	0	0	0	3.73177494411667	0.599101946182672	1.4169343491808	3.73812388217491
2021-02-22	4.64462574999094	5.82133950813264	4.90857171607349	5.60978975629951	2.72034080429596	1.24392498137222	0	0	3.69547210193819
2021-02-23	3.18488622856522	0.447795346779434	0	4.48783180503961	0	3.73177494411667	8.38742724655741	4.2508030475424	6.85779695091746
2021-02-24	4.11381137856341	4.0301581210149	2.45428585803674	6.73174770755942	0	1.24392498137222	3.59461167709603	4.2508030475424	9.67586100227181
2021-02-25	3.98110778570652	4.47795346779434	3.68142878705511	3.36587385377971	0	4.97569992548889	8.98652919274008	5.6677373967232	7.27517508609102
2021-02-26	1.85785029999638	1.79118138711773	0	6.73174770755942	0	3.73177494411667	0	5.6677373967232	6.40386014696957
2021-02-27	0	0	0	0	0	4.97569992548889	3.2950607040047	1.4169343491808	4.62771815568353
2021-02-28	0	0	0	0	0	2.48784996274445	3.89416265018737	9.9185404442656	3.32988541419493
2021-03-01	1.72514670713949	0	0	3.36587385377971	0	2.48784996274445	5.69146848873539	2.8338686983616	4.0427794552943
2021-03-02	2.5213682642808	1.3433860403383	0	0	0	1.24392498137222	4.1937136232787	0	5.86461978254825
2021-03-03	3.05218263570833	4.0301581210149	0	2.24391590251981	0	2.48784996274445	7.4887743272834	5.6677373967232	7.70169288845816
2021-03-04	2.65407185713768	3.13456742745603	2.45428585803674	5.60978975629951	2.72034080429596	2.48784996274445	5.09236654255271	1.4169343491808	5.79454900073079
2021-03-05	1.19433233571196	0.895590693558867	0	2.24391590251981	0	0	3.59461167709603	4.2508030475424	5.22179652326633
2021-03-06	0	0	0	0	2.72034080429596	1.24392498137222	4.1937136232787	4.2508030475424	4.65209060153308
2021-03-07	0	0	0	0	0	2.48784996274445	0	0	2.19961323792199
2021-03-08	2.91947904285145	4.47795346779434	0	7.85370565881932	0	0	1.49775486545668	7.084671745904	2.21789257230915
2021-03-09	1.85785029999638	0.895590693558867	2.45428585803674	4.48783180503961	0	1.24392498137222	4.49326459637004	1.4169343491808	5.34975186397648
2021-03-10	3.18488622856522	2.6867720806766	0	3.36587385377971	0	3.73177494411667	2.39640778473069	1.4169343491808	4.72216138335054
2021-03-11	0.928925149998189	0.895590693558867	1.22714292901837	6.73174770755942	0	3.73177494411667	2.69595875782202	1.4169343491808	4.72520793908173
2021-03-12	2.12325748571015	1.79118138711773	2.45428585803674	1.1219579512599	-2.72034080429596	3.73177494411667	0	0	4.34743502841369
2021-03-13	0	0	0	0	2.72034080429596	4.97569992548889	6.59012140800939	2.8338686983616	3.04960228692509
2021-03-14	0	0	0	0	0	0	2.39640778473069	1.4169343491808	1.62686076045754
2021-03-15	1.59244311428261	0.447795346779434	1.22714292901837	2.24391590251981	0	1.24392498137222	0	1.4169343491808	2.13563556756692
2021-03-16	1.85785029999638	1.3433860403383	1.22714292901837	1.1219579512599	0	1.24392498137222	2.99550973091336	0	3.82647399837953
2021-03-17	0.928925149998189	-0.447795346779434	1.22714292901837	3.36587385377971	0	2.48784996274445	2.39640778473069	2.8338686983616	3.67414621181984
2021-03-18	1.59244311428261	3.13456742745603	1.22714292901837	3.36587385377971	0	1.24392498137222	2.39640778473069	2.8338686983616	4.96588584184605
2021-03-19	0.796221557141304	0	0	4.48783180503961	2.72034080429596	2.48784996274445	3.89416265018737	1.4169343491808	3.08920751143061
2021-03-20	0	0	0	0	0	1.24392498137222	0	2.8338686983616	2.37022035886885
2021-03-21	0	0	0	0	0	3.73177494411667	0.898652919274008	1.4169343491808	2.40373247191198
2021-03-22	1.19433233571196	0.895590693558867	1.22714292901837	0	0	1.24392498137222	0	0	1.61467453753276
2021-03-23	0.398110778570652	0.447795346779434	0	0	2.72034080429596	0	1.19820389236534	1.4169343491808	2.78759849404241
2021-03-24	1.85785029999638	2.6867720806766	0	2.24391590251981	2.72034080429596	1.24392498137222	3.2950607040047	2.8338686983616	4.47234381339264
2021-03-25	1.72514670713949	0.895590693558867	1.22714292901837	4.48783180503961	0	0	3.2950607040047	0	4.08847779126221
2021-03-26	0.530814371427536	-0.895590693558867	2.45428585803674	0	-2.72034080429596	2.48784996274445	1.49775486545668	2.8338686983616	3.52181842526014
2021-03-27	0.132703592856884	0	0	0	2.72034080429596	3.73177494411667	4.49326459637004	1.4169343491808	2.48598947665422
2021-03-28	0	0	0	0	0	1.24392498137222	2.09685681163935	0	1.33743796599412
2021-03-29	1.06162874285507	1.3433860403383	0	2.24391590251981	2.72034080429596	1.24392498137222	0	4.2508030475424	1.85839899602828
2021-03-30	1.45973952142572	1.3433860403383	1.22714292901837	1.1219579512599	0	0	2.39640778473069	2.8338686983616	2.7419001580745
2021-03-31	1.32703592856884	0.447795346779434	1.22714292901837	0	0	0	0	4.2508030475424	3.28114052249582
2021-04-01	1.99055389285326	1.3433860403383	2.45428585803674	4.48783180503961	2.72034080429596	2.48784996274445	0	2.8338686983616	3.40604930747477
2021-04-02	2.12325748571015	0.895590693558867	0	3.36587385377971	0	1.24392498137222	3.89416265018737	4.2508030475424	2.72971393514973
2021-04-03	0	0	0	0	2.72034080429596	1.24392498137222	0	1.4169343491808	2.35803413594407
2021-04-04	0	0	0	0	0	0	0.898652919274008	0	1.00231683556279
2021-04-05	0.928925149998189	1.3433860403383	0	1.1219579512599	2.72034080429596	3.73177494411667	3.59461167709603	2.8338686983616	1.33743796599412
2021-04-06	1.85785029999638	0.895590693558867	0	2.24391590251981	5.44068160859192	1.24392498137222	0.599101946182672	2.8338686983616	2.53778092408451
2021-04-07	0.928925149998189	1.3433860403383	0	1.1219579512599	0	0	0.898652919274008	2.8338686983616	7.91495178964174
2021-04-08	1.32703592856884	1.3433860403383	0	0	0	1.24392498137222	1.19820389236534	1.4169343491808	3.0922540671618
2021-04-09	0.796221557141304	0.447795346779434	0	4.48783180503961	0	1.24392498137222	2.39640778473069	2.8338686983616	2.83025027427913
2021-04-10	0	0	0	0	5.44068160859192	0	3.89416265018737	2.8338686983616	2.32452202290094
2021-04-11	0	0	0	0	0	0	2.39640778473069	0	0.895687384971005
2021-04-12	0.928925149998189	0.447795346779434	1.22714292901837	2.24391590251981	0	1.24392498137222	0	4.2508030475424	1.398369080618
2021-04-13	1.45973952142572	1.79118138711773	0	2.24391590251981	2.72034080429596	0	0.599101946182672	1.4169343491808	2.65659659760108
2021-04-14	2.25596107856703	1.3433860403383	1.22714292901837	2.24391590251981	2.72034080429596	2.48784996274445	7.4887743272834	4.2508030475424	2.84852960866629
2021-04-15	0.66351796428442	0.447795346779434	0	1.1219579512599	0	1.24392498137222	1.49775486545668	2.8338686983616	2.78759849404241
2021-04-16	2.38866467142391	1.3433860403383	3.68142878705511	2.24391590251981	-2.72034080429596	0	2.69595875782202	4.2508030475424	2.62613104028914
2021-04-17	0	0	0	0	5.44068160859192	0	3.59461167709603	2.8338686983616	2.19047357072841
2021-04-18	0	0	0	0	0	1.24392498137222	0	1.4169343491808	1.06629450591786
2021-04-19	1.85785029999638	1.79118138711773	1.22714292901837	1.1219579512599	0	1.24392498137222	0	0	1.50499853120978
2021-04-20	1.72514670713949	1.3433860403383	1.22714292901837	3.36587385377971	2.72034080429596	0	0	1.4169343491808	2.56215336993407
2021-04-21	2.12325748571015	0.895590693558867	0	2.24391590251981	2.72034080429596	0	2.09685681163935	0	2.6962018221066
2021-04-22	0.796221557141304	0.447795346779434	0	0	2.72034080429596	1.24392498137222	0.898652919274008	1.4169343491808	2.86985549878465
2021-04-23	0.796221557141304	0	1.22714292901837	0	2.72034080429596	0	0	1.4169343491808	2.33061513436333
2021-04-24	0	0	0	0	0	0	1.19820389236534	0	2.35803413594407
2021-04-25	0	0	0	0	0	0	1.19820389236534	0	0.947478832401301
2021-04-26	2.12325748571015	0.447795346779434	2.45428585803674	3.36587385377971	0	1.24392498137222	0	0	1.47453297389784
2021-04-27	1.59244311428261	0.895590693558867	0	3.36587385377971	10.8813632171838	1.24392498137222	0	1.4169343491808	2.06861134148065
2021-04-28	1.59244311428261	2.23897673389717	1.22714292901837	3.36587385377971	0	0	1.79730583854802	5.6677373967232	2.97953150510763
2021-04-29	1.72514670713949	0.447795346779434	2.45428585803674	1.1219579512599	5.44068160859192	1.24392498137222	0.599101946182672	1.4169343491808	2.72362082368734
2021-04-30	1.59244311428261	0.895590693558867	-1.22714292901837	3.36587385377971	0	3.73177494411667	0.599101946182672	0	2.48294292092302
2021-05-01	0	0	0	0	2.72034080429596	1.24392498137222	1.19820389236534	0	2.31842891143855
2021-05-02	0	0	0	0	0	1.24392498137222	1.79730583854802	1.4169343491808	1.02668928141234
2021-05-03	1.06162874285507	0.895590693558867	2.45428585803674	2.24391590251981	0	0	0	0	1.45320708377949
2021-05-04	2.78677544999457	3.13456742745603	1.22714292901837	4.48783180503961	2.72034080429596	1.24392498137222	0.299550973091336	0	2.6962018221066
2021-05-05	1.45973952142572	0	0	0	2.72034080429596	0	0.898652919274008	4.2508030475424	2.48294292092302
2021-05-06	1.85785029999638	1.3433860403383	1.22714292901837	0	10.8813632171838	1.24392498137222	0	1.4169343491808	2.4463842521487
2021-05-07	1.45973952142572	2.23897673389717	1.22714292901837	0	0	0	0.599101946182672	0	2.3458479130193
2021-05-08	0	0	0	0	0	2.48784996274445	2.09685681163935	0	1.98635433673842
2021-05-09	0	0	0	0	0	0	0	0	0.779918267185637
2021-05-10	2.91947904285145	1.3433860403383	2.45428585803674	5.60978975629951	0	0	0	0	1.18206362370323
2021-05-11	0.928925149998189	1.3433860403383	0	2.24391590251981	8.16102241288789	2.48784996274445	0	4.2508030475424	2.11735623317976
2021-05-12	2.78677544999457	1.3433860403383	0	6.73174770755942	0	0	1.19820389236534	2.8338686983616	2.42201180629915
2021-05-13	1.59244311428261	1.3433860403383	1.22714292901837	1.1219579512599	8.16102241288789	3.73177494411667	0	0	2.33975480155691
2021-05-14	-0.66351796428442	-1.79118138711773	0	-1.1219579512599	0	0	0.898652919274008	1.4169343491808	1.93760944503932
2021-05-15	0	0	0	0	5.44068160859192	1.24392498137222	1.49775486545668	2.8338686983616	1.64209353911351
2021-05-16	0	0	0	0	0	1.24392498137222	1.49775486545668	2.8338686983616	0.843895937540709
2021-05-17	2.5213682642808	2.6867720806766	3.68142878705511	-1.1219579512599	0	2.48784996274445	0	2.8338686983616	1.21252918101517
2021-05-18	1.72514670713949	1.79118138711773	2.45428585803674	0	2.72034080429596	0	0	0	2.37022035886885
2021-05-19	2.65407185713768	1.79118138711773	1.22714292901837	4.48783180503961	8.16102241288789	0	1.19820389236534	2.8338686983616	2.03814578416871
2021-05-20	2.25596107856703	0.447795346779434	0	4.48783180503961	2.72034080429596	0	0.898652919274008	1.4169343491808	2.08384412013662
2021-05-21	1.59244311428261	1.79118138711773	2.45428585803674	2.24391590251981	0	0	0	0	1.91019044345857
2021-05-22	0	0	0	0	0	1.24392498137222	0.599101946182672	0	1.50499853120978
2021-05-23	0	0	0	0	0	0	0	2.8338686983616	0.609311146238779
2021-05-24	0.928925149998189	1.3433860403383	0	1.1219579512599	0	1.24392498137222	0	4.2508030475424	1.33134485453173
2021-05-25	1.72514670713949	1.3433860403383	0	5.60978975629951	2.72034080429596	0	0.599101946182672	0	2.00463367112558
2021-05-26	2.5213682642808	1.79118138711773	0	3.36587385377971	2.72034080429596	1.24392498137222	0.599101946182672	1.4169343491808	2.9917177280324
2021-05-27	1.72514670713949	2.23897673389717	3.68142878705511	3.36587385377971	2.72034080429596	1.24392498137222	0.299550973091336	1.4169343491808	4.12503646003653
2021-05-28	1.45973952142572	1.3433860403383	0	5.60978975629951	2.72034080429596	1.24392498137222	0	0	1.63904698338231
2021-05-29	0	0	0	0	2.72034080429596	1.24392498137222	0	0	1.05715483872428
2021-05-30	0	0	0	0	0	0	0	0	0.499635139915799
2021-05-31	0	0	0	0	0	0	0	0	0.530100697227738
2021-06-01	3.18488622856522	3.58236277423547	0	2.24391590251981	0	0	0	2.8338686983616	1.92237666638335
2021-06-02	1.59244311428261	1.3433860403383	0	2.24391590251981	2.72034080429596	0	1.19820389236534	1.4169343491808	1.72435054385574
2021-06-03	2.65407185713768	1.3433860403383	0	3.36587385377971	0	0	0.299550973091336	1.4169343491808	1.95284222369529
2021-06-04	1.99055389285326	0.895590693558867	0	3.36587385377971	0	3.73177494411667	0.599101946182672	0	1.60553487033918
2021-06-05	0	0	0	0	2.72034080429596	1.24392498137222	0.299550973091336	0	1.80051443713559
2021-06-06	0	0	0	0	0	0	0	0	0.520961030034156
2021-06-07	1.72514670713949	-1.79118138711773	4.90857171607349	2.24391590251981	0	0	0	0	0.938339165207719
2021-06-08	-9.42195509283877	2.6867720806766	-7.36285757411023	-49.3661498554357	2.72034080429596	0	0	1.4169343491808	0.990130612638016
2021-06-09	1.99055389285326	4.0301581210149	0	2.24391590251981	0	1.24392498137222	0.299550973091336	0	1.4989054197474
2021-06-10	1.32703592856884	3.13456742745603	3.68142878705511	-1.1219579512599	2.72034080429596	2.48784996274445	0.299550973091336	0	1.28564651856382
2021-06-11	1.59244311428261	1.3433860403383	0	0	2.72034080429596	0	0.599101946182672	0	1.65732631776948
2021-06-12	0	0	0	0	0	1.24392498137222	0.599101946182672	1.4169343491808	0.862175271927872
2021-06-13	0	0	0	0	0	0	0	0	0.332074574700134
2021-06-14	-4.37921856427718	0	0	-38.1465703428367	0	0	0	0	0.560566254539676
2021-06-15	2.38866467142391	1.3433860403383	2.45428585803674	2.24391590251981	0	0	0	0	1.02059616994995
2021-06-16	0.132703592856884	-3.58236277423547	3.68142878705511	0	0	0	0	1.4169343491808	1.15769117785368
2021-06-17	1.19433233571196	0.447795346779434	2.45428585803674	1.1219579512599	0	0	0	1.4169343491808	0.904827052164586
2021-06-18	1.32703592856884	0	2.45428585803674	2.24391590251981	2.72034080429596	0	0.299550973091336	1.4169343491808	1.86449210749066
2021-06-19	0	0	0	0	0	1.24392498137222	0	0	0.551426587346095
2021-06-20	0	0	0	0	0	1.24392498137222	0	0	0.23458479130193
2021-06-21	2.38866467142391	1.79118138711773	1.22714292901837	5.60978975629951	0	0	0	0	0.770778599992055
2021-06-22	0.66351796428442	0.447795346779434	0	-1.1219579512599	2.72034080429596	0	0	0	1.05410828299309
2021-06-23	6.10436527141667	15.6728371372802	0	2.24391590251981	-2.72034080429596	0	1.79730583854802	0	1.22776195967114
2021-06-24	1.19433233571196	0.895590693558867	3.68142878705511	0	0	0	0.299550973091336	0	1.03582894860592
2021-06-25	0.530814371427536	0	1.22714292901837	2.24391590251981	0	0	0.299550973091336	0	1.62686076045754
2021-06-26	0	0	0	0	0	0	0.299550973091336	0	0.478309249797441
2021-06-27	0	0	0	0	0	0	0	0	0.228491679839542
2021-06-28	1.19433233571196	0	0	4.48783180503961	2.72034080429596	1.24392498137222	0	0	0.429564358098339
2021-06-29	1.19433233571196	0.447795346779434	1.22714292901837	1.1219579512599	2.72034080429596	0	0	0	1.04496861579951
2021-06-30	1.32703592856884	1.3433860403383	3.68142878705511	-2.24391590251981	0	0	0	0	0.920059830820556
2021-07-01	1.06162874285507	0.447795346779434	1.22714292901837	1.1219579512599	2.72034080429596	1.24392498137222	0	0	0.877408050583842
2021-07-02	0.132703592856884	0	0	1.1219579512599	-2.72034080429596	0	0	0	1.33439141026293
2021-07-03	0	0	0	0	0	0	0	0	0.298562461657002
2021-07-04	0	0	0	0	0	0	0	0	0.134048452172531
2021-07-05	0	0	0	0	0	0	0	0	0.356447020549686
2021-07-06	2.78677544999457	1.79118138711773	3.68142878705511	6.73174770755942	2.72034080429596	1.24392498137222	0.599101946182672	1.4169343491808	0.913966719358168
2021-07-07	1.72514670713949	1.3433860403383	2.45428585803674	0	0	0	0	1.4169343491808	0.993177168369209
2021-07-08	1.72514670713949	0.447795346779434	0	2.24391590251981	0	1.24392498137222	0.299550973091336	0	0.746406154142504
2021-07-09	1.45973952142572	0.895590693558867	1.22714292901837	0	0	0	0.299550973091336	0	1.42883463792994
2021-07-10	0	0	0	0	0	0	0	0	0.283329683001032
2021-07-11	0	0	0	0	0	0	0	0	0.350353909087298
2021-07-12	0.398110778570652	0.895590693558867	0	1.1219579512599	0	0	0.299550973091336	1.4169343491808	0.685475039518626
2021-07-13	2.91947904285145	2.6867720806766	2.45428585803674	2.24391590251981	2.72034080429596	0	0	0	1.099806618961
2021-07-14	0.66351796428442	0.447795346779434	0	0	0	0	0	1.4169343491808	0.996223724100403
2021-07-15	1.06162874285507	-0.447795346779434	0	2.24391590251981	0	4.97569992548889	0.299550973091336	0	1.07238761738025
2021-07-16	0.928925149998189	1.3433860403383	0	1.1219579512599	-2.72034080429596	0	0	1.4169343491808	1.398369080618
2021-07-17	0	0	0	0	0	0	0	0	0.243724458495512
2021-07-18	0	0	0	0	0	0	0	0	0.28942279446342
2021-07-19	0.132703592856884	-1.3433860403383	1.22714292901837	0	0	1.24392498137222	0	0	0.575799033195646
2021-07-20	1.72514670713949	0	0	3.36587385377971	2.72034080429596	0	0	0	0.895687384971005
2021-07-21	0.928925149998189	0.447795346779434	0	0	0	0	0.299550973091336	0	1.09371350749861
2021-07-22	0.398110778570652	0	0	0	0	0	0.299550973091336	0	0.871314939121454
2021-07-23	0	0	0	0	2.72034080429596	1.24392498137222	1.49775486545668	0	1.7487229897053
2021-07-24	1.59244311428261	0.447795346779434	2.45428585803674	2.24391590251981	0	0	0	0	0.417378135173563
2021-07-25	0	0	0	0	0	0	0	0	0.298562461657002
2021-07-26	1.45973952142572	0.447795346779434	0	0	0	0	0	1.4169343491808	0.767732044260861
2021-07-27	1.06162874285507	0	1.22714292901837	0	2.72034080429596	2.48784996274445	1.49775486545668	0	1.38618285769322
2021-07-28	0.398110778570652	-0.447795346779434	0	1.1219579512599	0	0	0	1.4169343491808	1.15159806639129
2021-07-29	2.5213682642808	0.895590693558867	2.45428585803674	2.24391590251981	0	2.48784996274445	0	1.4169343491808	1.01145650275637
2021-07-30	0.398110778570652	0	1.22714292901837	0	-2.72034080429596	0	0	0	2.69924837783779
2021-07-31	0	0	0	0	0	0	0	0	0.536193808690125
2021-08-01	0	0	0	0	0	0	0	0	0.68852159524982
2021-08-02	0.66351796428442	0	0	0	0	1.24392498137222	0	0	1.06629450591786
2021-08-03	1.19433233571196	0.895590693558867	3.68142878705511	1.1219579512599	5.44068160859192	0	1.49775486545668	0	1.80660754859798
2021-08-04	1.19433233571196	0.895590693558867	0	0	0	0	0.599101946182672	0	1.66341942923187
2021-08-05	1.32703592856884	0	1.22714292901837	1.1219579512599	0	0	0.299550973091336	0	1.53546408852172
2021-08-06	1.72514670713949	0.895590693558867	1.22714292901837	0	-5.44068160859192	0	1.19820389236534	0	3.55228398257208
2021-08-07	0	0	0	0	0	0	0.299550973091336	0	0.859128716196678
2021-08-08	0	0	0	0	0	0	0	0	0.475262694066247
2021-08-09	1.19433233571196	0.895590693558867	0	0	0	0	0	0	1.59334864741441
2021-08-10	1.32703592856884	0.447795346779434	1.22714292901837	1.1219579512599	0	1.24392498137222	1.19820389236534	0	2.62917759602033
2021-08-11	2.25596107856703	1.3433860403383	1.22714292901837	2.24391590251981	2.72034080429596	1.24392498137222	0.898652919274008	0	2.48903603238541
2021-08-12	1.45973952142572	-0.447795346779434	2.45428585803674	-1.1219579512599	0	1.24392498137222	0.898652919274008	1.4169343491808	3.15623173751687
2021-08-13	3.18488622856522	1.3433860403383	2.45428585803674	0	2.72034080429596	1.24392498137222	0	0	3.32988541419493
2021-08-14	0	0	0	0	0	0	0.898652919274008	0	0.935292609476525
2021-08-15	0	0	0	0	0	0	0	0	0.694614706712208
2021-08-16	1.19433233571196	0.447795346779434	0	1.1219579512599	0	0	0	0	3.16841796044165
2021-08-17	2.78677544999457	1.3433860403383	0	5.60978975629951	0	1.24392498137222	0	1.4169343491808	3.17146451617284
2021-08-18	3.71570059999275	1.3433860403383	1.22714292901837	0	0	0	2.99550973091336	2.8338686983616	3.68633243474461
2021-08-19	4.37921856427718	3.13456742745603	3.68142878705511	2.24391590251981	0	0	1.49775486545668	2.8338686983616	5.45333475883707
2021-08-20	3.45029341427899	1.79118138711773	1.22714292901837	0	0	1.24392498137222	2.09685681163935	0	4.58506637544681
2021-08-21	0	0	0	0	0	0	0.599101946182672	0	1.85839899602828
2021-08-22	0	0	0	0	0	0	0	0	0.761638932798474
2021-08-23	3.58299700713587	1.3433860403383	3.68142878705511	5.60978975629951	0	0	0	0	4.13722268296131
2021-08-24	4.51192215713406	2.23897673389717	3.68142878705511	4.48783180503961	0	1.24392498137222	0.898652919274008	0	4.53327492801651
2021-08-25	4.11381137856341	1.79118138711773	1.22714292901837	3.36587385377971	0	0	2.39640778473069	0	4.80441838809277
2021-08-26	3.05218263570833	0.895590693558867	2.45428585803674	2.24391590251981	0	1.24392498137222	2.99550973091336	4.2508030475424	6.82428483787432
2021-08-27	4.77732934284783	4.92574881457377	1.22714292901837	5.60978975629951	2.72034080429596	1.24392498137222	2.39640778473069	1.4169343491808	5.38326397701961
2021-08-28	0	0	0	0	0	0	0.898652919274008	0	2.17524079207244
2021-08-29	0	0	0	0	0	0	0	0	1.13027217627293
2021-08-30	3.58299700713587	2.23897673389717	2.45428585803674	2.24391590251981	0	0	1.49775486545668	0	5.32842597385812
2021-08-31	5.30814371427536	0.895590693558867	1.22714292901837	2.24391590251981	0	0	0.898652919274008	1.4169343491808	4.588112931178
2021-09-01	4.91003293570471	2.6867720806766	3.68142878705511	6.73174770755942	2.72034080429596	0	5.99101946182672	1.4169343491808	6.39167392404479
2021-09-02	4.24651497142029	2.23897673389717	0	6.73174770755942	0	2.48784996274445	0.299550973091336	0	9.20059830820556
2021-09-03	6.36977245713044	2.6867720806766	3.68142878705511	8.97566361007922	0	1.24392498137222	0.599101946182672	1.4169343491808	6.04132001495749
2021-09-04	0	0	0	0	0	0	0.898652919274008	0	2.20570634938438
2021-09-05	0	0	0	0	0	0	0	0	1.59030209168321
2021-09-06	0	0	0	0	0	0	2.39640778473069	0	2.13258901183573
2021-09-07	6.90058682855797	3.58236277423547	1.22714292901837	2.24391590251981	-2.72034080429596	2.48784996274445	0	1.4169343491808	6.36120836673285
2021-09-08	6.36977245713044	1.79118138711773	1.22714292901837	6.73174770755942	2.72034080429596	1.24392498137222	1.19820389236534	0	7.17463874696162
2021-09-09	7.82951197855616	2.6867720806766	1.22714292901837	7.85370565881932	0	0	0.898652919274008	1.4169343491808	10.1145650275637
2021-09-10	9.02384431426812	6.26913485491207	8.5900005031286	0	0	0	3.59461167709603	1.4169343491808	7.62552899517832
2021-09-11	0	0	0	0	0	0	0.299550973091336	0	2.78455193831122
2021-09-12	0	0	0	0	0	0	0	0	1.32220518733815
2021-09-13	8.3603263499837	3.13456742745603	1.22714292901837	7.85370565881932	0	0	5.69146848873539	0	6.60188626949717
2021-09-14	7.43140119998551	4.0301581210149	2.45428585803674	6.73174770755942	0	1.24392498137222	1.49775486545668	2.8338686983616	5.89813189559138
2021-09-15	6.90058682855797	3.58236277423547	2.45428585803674	4.48783180503961	0	1.24392498137222	5.09236654255271	0	8.47551804418141
2021-09-16	7.43140119998551	0.895590693558867	3.68142878705511	3.36587385377971	0	1.24392498137222	3.2950607040047	0	10.7208296180713
2021-09-17	7.43140119998551	1.3433860403383	4.90857171607349	3.36587385377971	0	2.48784996274445	2.39640778473069	0	7.68036699833981
2021-09-18	0	0	0	0	0	0	1.19820389236534	0	3.31769919127015
2021-09-19	0	0	0	0	0	0	0	0	1.39227596915561
2021-09-20	9.28925149998189	4.92574881457377	3.68142878705511	5.60978975629951	0	1.24392498137222	0.898652919274008	4.2508030475424	6.95224017858447
2021-09-21	5.8389580857029	0	1.22714292901837	5.60978975629951	0	0	3.59461167709603	1.4169343491808	7.56459788055444
2021-09-22	7.69680838569928	2.23897673389717	4.90857171607349	1.1219579512599	5.44068160859192	2.48784996274445	1.79730583854802	0	8.34146959200888
2021-09-23	8.09491916426993	0.895590693558867	3.68142878705511	3.36587385377971	0	1.24392498137222	3.59461167709603	1.4169343491808	10.1541702520692
2021-09-24	7.96221557141305	2.6867720806766	0	4.48783180503961	5.44068160859192	1.24392498137222	2.09685681163935	0	7.62857555090951
2021-09-25	0	0	0	0	0	0	1.49775486545668	0	2.72971393514973
2021-09-26	0	0	0	0	0	0	0	0	1.95284222369529
2021-09-27	4.51192215713406	1.79118138711773	2.45428585803674	4.48783180503961	5.44068160859192	0	0.898652919274008	2.8338686983616	6.88826250822939
2021-09-28	8.3603263499837	3.13456742745603	3.68142878705511	3.36587385377971	0	3.73177494411667	0	0	7.75043778015727
2021-09-29	8.3603263499837	3.13456742745603	4.90857171607349	7.85370565881932	5.44068160859192	2.48784996274445	3.59461167709603	0	8.1343038022877
2021-09-30	9.55465868569565	3.58236277423547	1.22714292901837	6.73174770755942	0	2.48784996274445	3.59461167709603	0	8.66745105524663
2021-10-01	5.17544012141848	1.3433860403383	2.45428585803674	5.60978975629951	0	4.97569992548889	0.898652919274008	2.8338686983616	6.61711904815314
2021-10-02	0	0	0	0	0	0	0	0	2.68096904345063
2021-10-03	0	0	0	0	0	0	0	0	1.71825743239336
2021-10-04	5.57355089998913	3.13456742745603	3.68142878705511	2.24391590251981	0	1.24392498137222	2.69595875782202	2.8338686983616	5.81587489084914
2021-10-05	7.03329042141486	3.58236277423547	2.45428585803674	4.48783180503961	0	0	0.599101946182672	1.4169343491808	5.87375944974183
2021-10-06	7.43140119998551	1.3433860403383	6.13571464509186	5.60978975629951	0	2.48784996274445	3.59461167709603	1.4169343491808	8.15562969240605
2021-10-07	7.43140119998551	2.6867720806766	2.45428585803674	7.85370565881932	0	4.97569992548889	2.09685681163935	1.4169343491808	7.59810999359757
2021-10-08	6.6351796428442	2.23897673389717	2.45428585803674	2.24391590251981	5.44068160859192	2.48784996274445	0.599101946182672	1.4169343491808	5.65440743709587
2021-10-09	0	0	0	0	0	0	0	0	1.52327786559695
2021-10-10	0	0	0	0	0	0	0	0	1.56897620156486
2021-10-11	5.57355089998913	1.3433860403383	2.45428585803674	5.60978975629951	0	0	3.2950607040047	0	3.43042175332432
2021-10-12	-0.265407185713768	-0.447795346779434	0	0	0	4.97569992548889	3.89416265018737	0	7.04059029478909
2021-10-13	11.8106197642627	2.23897673389717	9.81714343214697	11.219579512599	2.72034080429596	0	1.19820389236534	1.4169343491808	9.83732845602508
2021-10-14	6.23706886427355	3.58236277423547	3.68142878705511	4.48783180503961	0	0	2.99550973091336	0	6.62321215961553
2021-10-15	4.64462574999094	2.6867720806766	4.90857171607349	2.24391590251981	2.72034080429596	2.48784996274445	2.39640778473069	0	5.55387109796647
2021-10-16	0	0	0	0	0	0	1.19820389236534	0	1.80965410432917
2021-10-17	0	0	0	0	0	0	0	0	1.51413819840337
2021-10-18	0	0	0	0	2.72034080429596	3.73177494411667	1.79730583854802	1.4169343491808	5.31928630666454
2021-10-19	11.8106197642627	7.16472554847094	6.13571464509186	7.85370565881932	0	1.24392498137222	0.299550973091336	1.4169343491808	5.82806111377392
2021-10-20	6.36977245713044	1.3433860403383	2.45428585803674	4.48783180503961	5.44068160859192	1.24392498137222	2.39640778473069	0	9.66672133507823
2021-10-21	6.10436527141667	2.6867720806766	3.68142878705511	10.0976215613391	0	0	1.49775486545668	1.4169343491808	6.12053046396853
2021-10-22	4.51192215713406	5.3735441613532	3.68142878705511	-2.24391590251981	2.72034080429596	1.24392498137222	0	0	5.74580410903168
2021-10-23	0	0	0	0	0	0	0	0	1.79137476994201
2021-10-24	0	0	0	0	0	0	0	0	0.862175271927872
2021-10-25	3.84840419284964	0.895590693558867	3.68142878705511	1.1219579512599	8.16102241288789	1.24392498137222	3.89416265018737	0	4.40836614303756
2021-10-26	4.11381137856341	0.895590693558867	2.45428585803674	0	0	3.73177494411667	0.599101946182672	1.4169343491808	4.74958038493128
2021-10-27	5.70625449284602	2.6867720806766	4.90857171607349	2.24391590251981	2.72034080429596	0	2.69595875782202	0	6.31855658649614
2021-10-28	4.11381137856341	2.6867720806766	1.22714292901837	6.73174770755942	0	2.48784996274445	0	1.4169343491808	5.64526776990229
2021-10-29	5.70625449284602	4.0301581210149	4.90857171607349	4.48783180503961	2.72034080429596	1.24392498137222	1.79730583854802	2.8338686983616	5.29186730508379
2021-10-30	0	0	0	0	0	0	0	0	1.22471540393995
2021-10-31	0	0	0	0	0	0	0	0	0.764685488529667
2021-11-01	4.11381137856341	2.23897673389717	2.45428585803674	3.36587385377971	0	0	1.49775486545668	1.4169343491808	3.85389299996028
2021-11-02	4.51192215713406	2.6867720806766	1.22714292901837	8.97566361007922	0	1.24392498137222	4.1937136232787	2.8338686983616	3.91177755885296
2021-11-03	4.51192215713406	2.23897673389717	1.22714292901837	4.48783180503961	2.72034080429596	0	0	0	5.94687678729048
2021-11-04	5.30814371427536	2.23897673389717	1.22714292901837	3.36587385377971	0	2.48784996274445	2.69595875782202	0	3.69547210193819
2021-11-05	4.11381137856341	3.58236277423547	3.68142878705511	3.36587385377971	0	1.24392498137222	1.49775486545668	0	6.41299981416315
2021-11-06	0	0	0	0	0	0	0	0	1.49281230828501
2021-11-07	0	0	0	0	0	0	0	0	0.667195705131463
2021-11-08	3.84840419284964	2.23897673389717	2.45428585803674	3.36587385377971	0	1.24392498137222	1.19820389236534	0	3.76858943948685
2021-11-09	4.11381137856341	1.3433860403383	3.68142878705511	1.1219579512599	0	1.24392498137222	2.69595875782202	0	4.37790058572563
2021-11-10	-0.132703592856884	-0.447795346779434	0	0	2.72034080429596	2.48784996274445	3.89416265018737	0	5.13039985133052
2021-11-11	0	0	0	0	0	0	0	0	2.72666737941854
2021-11-12	10.2181766499801	3.58236277423547	2.45428585803674	15.7074113176386	0	0	0	1.4169343491808	7.53108576751131
2021-11-13	0	0	0	0	0	0	2.39640778473069	0	1.7944213256732
2021-11-14	0	0	0	0	0	0	0	0	0.639776703550718
2021-11-15	7.43140119998551	1.3433860403383	3.68142878705511	4.48783180503961	8.16102241288789	2.48784996274445	0	1.4169343491808	3.84779988849789
2021-11-16	5.17544012141848	1.79118138711773	1.22714292901837	6.73174770755942	0	3.73177494411667	1.19820389236534	0	3.9940345635952
2021-11-17	3.58299700713587	0.895590693558867	0	5.60978975629951	0	0	0.898652919274008	0	5.0877480710938
2021-11-18	3.98110778570652	0.895590693558867	3.68142878705511	7.85370565881932	0	0	4.1937136232787	1.4169343491808	4.09761745845579
2021-11-19	3.18488622856522	2.6867720806766	1.22714292901837	6.73174770755942	5.44068160859192	0	2.99550973091336	0	5.45942787029946
2021-11-20	0	0	0	0	0	0	0	0	1.45320708377949
2021-11-21	0	0	0	0	0	0	0	0	0.694614706712208
2021-11-22	3.84840419284964	2.23897673389717	0	5.60978975629951	-2.72034080429596	0	1.79730583854802	0	3.73507732644371
2021-11-23	5.0427365285616	1.79118138711773	3.68142878705511	1.1219579512599	0	2.48784996274445	0	0	4.0915243469934
2021-11-24	4.11381137856341	0	4.90857171607349	5.60978975629951	2.72034080429596	1.24392498137222	0.599101946182672	0	5.23398274619111
2021-11-25	0	0	0	0	0	0	0	0	1.51109164267217
2021-11-26	0	0	0	0	0	1.24392498137222	0	0	1.17901706797204
2021-11-27	0	0	0	0	0	0	0	0	1.03582894860592
2021-11-28	0	0	0	0	0	0	0	0	0.770778599992055
2021-11-29	6.50247604998732	3.13456742745603	4.90857171607349	1.1219579512599	10.8813632171838	2.48784996274445	1.79730583854802	0	5.81892144658034
2021-11-30	6.10436527141667	2.23897673389717	6.13571464509186	8.97566361007922	0	1.24392498137222	2.99550973091336	0	4.64904404580188
2021-12-01	0	0	0	0	21.7627264343677	1.24392498137222	1.49775486545668	0	6.06873901653824
2021-12-02	10.2181766499801	6.26913485491207	8.5900005031286	11.219579512599	0	1.24392498137222	1.79730583854802	1.4169343491808	11.6865877848598
2021-12-03	4.37921856427718	1.79118138711773	1.22714292901837	3.36587385377971	5.44068160859192	2.48784996274445	1.19820389236534	0	4.76481316358725
2021-12-04	0	0	0	0	0	0	0	0	2.15391490195408
2021-12-05	0	0	0	0	0	0	0	0	1.12417906481055
2021-12-06	3.05218263570833	2.23897673389717	3.68142878705511	-1.1219579512599	8.16102241288789	0	0.299550973091336	0	3.8904516687346
2021-12-07	3.18488622856522	1.3433860403383	0	4.48783180503961	0	0	0	0	4.77699938651203
2021-12-08	4.91003293570471	2.23897673389717	2.45428585803674	1.1219579512599	13.6017040214798	0	1.79730583854802	0	5.61480221259035
2021-12-09	5.0427365285616	2.6867720806766	2.45428585803674	4.48783180503961	0	6.21962490686112	3.59461167709603	0	4.78613905370561
2021-12-10	2.5213682642808	2.6867720806766	0	2.24391590251981	10.8813632171838	3.73177494411667	1.49775486545668	2.8338686983616	5.53254520784811
2021-12-11	0	0	0	0	0	0	0	0	1.93760944503932
2021-12-12	0	0	0	0	0	0	0	0	1.07848072884264
2021-12-13	3.45029341427899	1.3433860403383	4.90857171607349	-1.1219579512599	8.16102241288789	2.48784996274445	1.19820389236534	0	4.20729346477877
2021-12-14	3.71570059999275	0.895590693558867	3.68142878705511	4.48783180503961	0	4.97569992548889	3.2950607040047	5.6677373967232	4.55460081813487
2021-12-15	3.58299700713587	0.447795346779434	1.22714292901837	2.24391590251981	19.0423856300717	3.73177494411667	1.19820389236534	0	6.84561072799268
2021-12-16	2.38866467142391	0.447795346779434	2.45428585803674	0	0	8.70747486960556	0.599101946182672	1.4169343491808	3.95138278335848
2021-12-17	2.78677544999457	0.447795346779434	6.13571464509186	2.24391590251981	13.6017040214798	4.97569992548889	1.19820389236534	2.8338686983616	5.62089532405273
2021-12-18	0	0	0	0	0	0	0	0	2.09907689879259
2021-12-19	0	0	0	0	0	0	0	0	0.910920163626974
2021-12-20	2.78677544999457	1.3433860403383	3.68142878705511	4.48783180503961	10.8813632171838	0	2.09685681163935	0	4.62162504422114
2021-12-21	3.98110778570652	1.3433860403383	6.13571464509186	2.24391590251981	0	2.48784996274445	1.79730583854802	1.4169343491808	5.85852667108586
2021-12-22	3.98110778570652	0.895590693558867	3.68142878705511	3.36587385377971	8.16102241288789	2.48784996274445	3.59461167709603	0	6.43127914855031
2021-12-23	3.84840419284964	3.13456742745603	1.22714292901837	3.36587385377971	0	4.97569992548889	2.99550973091336	0	4.18596757466041
2021-12-24	0	0	0	0	0	3.73177494411667	2.39640778473069	0	2.25749779681468
2021-12-25	0	0	0	0	0	0	0	0	0.694614706712208
2021-12-26	0	0	0	0	0	0	0	0	0.70375437390579
2021-12-27	2.25596107856703	0.895590693558867	1.22714292901837	1.1219579512599	24.4830672386637	0	0	2.8338686983616	5.19437752168559
2021-12-28	2.78677544999457	0.895590693558867	0	2.24391590251981	0	4.97569992548889	0.898652919274008	0	7.15026630111207
2021-12-29	2.25596107856703	0.447795346779434	0	2.24391590251981	10.8813632171838	3.73177494411667	1.49775486545668	1.4169343491808	7.07410240783222
2021-12-30	1.85785029999638	1.3433860403383	1.22714292901837	0	0	3.73177494411667	3.2950607040047	1.4169343491808	4.60943882129636
2021-12-31	0	0	0	0	0	6.21962490686112	2.39640778473069	0	2.37631347033124
2022-01-01	0	0	0	0	0	0	0	0	1.26736718417666
2022-01-02	0	0	0	0	0	0	0	0	1.23994818259591
2022-01-03	0	0	0	0	21.7627264343677	0	0	9.9185404442656	5.57519698808483
2022-01-04	7.43140119998551	4.0301581210149	6.13571464509186	6.73174770755942	0	12.4392498137222	2.09685681163935	2.8338686983616	7.07714896356342
2022-01-05	0	0	0	0	13.6017040214798	3.73177494411667	3.2950607040047	2.8338686983616	6.76640027898164
2022-01-06	8.62573353569747	3.13456742745603	4.90857171607349	11.219579512599	0	6.21962490686112	2.39640778473069	0	6.40995325843195
2022-01-07	3.98110778570652	1.3433860403383	3.68142878705511	6.73174770755942	19.0423856300717	6.21962490686112	0	4.2508030475424	7.41836320545713
2022-01-08	0	0	0	0	0	0	0	2.8338686983616	2.75408638099928
2022-01-09	0	0	0	0	0	0	0	0	1.85535244029708
2022-01-10	3.18488622856522	1.3433860403383	6.13571464509186	1.1219579512599	16.3220448257758	6.21962490686112	1.49775486545668	8.5016060950848	6.15099602128047
2022-01-11	-0.265407185713768	0	-1.22714292901837	0	0	13.6831747950945	0	5.6677373967232	7.76567055881324
2022-01-12	10.2181766499801	3.58236277423547	11.0442863611653	14.5854533663787	24.4830672386637	11.19532483235	5.99101946182672	4.2508030475424	8.60042682916036
2022-01-13	5.30814371427536	2.23897673389717	4.90857171607349	4.48783180503961	0	4.97569992548889	2.69595875782202	7.084671745904	7.34524586790848
2022-01-14	7.03329042141486	4.47795346779434	2.45428585803674	11.219579512599	10.8813632171838	6.21962490686112	3.2950607040047	14.169343491808	8.0855589105886
2022-01-15	0	0	0	0	0	0	0	0	3.17451107190404
2022-01-16	0	0	0	0	0	0	0	0	2.38545313752482
2022-01-17	0	0	0	0	0	0	1.49775486545668	0	3.30246641261418
2022-01-18	4.51192215713406	6.7169302016915	4.90857171607349	2.24391590251981	0	7.46354988823334	0	7.084671745904	8.1343038022877
2022-01-19	0	0	0	0	40.8051120644394	24.8784996274445	0.599101946182672	4.2508030475424	10.7147365066089
2022-01-20	14.4646916214004	11.1948836694858	17.1800010062572	21.3172010739382	0	9.95139985097779	1.79730583854802	0	8.80759261888155
2022-01-21	8.22762275712681	7.61252089525037	8.5900005031286	13.4634954151188	27.2034080429596	9.95139985097779	1.79730583854802	5.6677373967232	10.2059616994995
2022-01-22	0.530814371427536	0	0	0	0	0	0	0	3.24762840945269
2022-01-23	0	0	0	0	0	0	0	0	2.35194102448169
2022-01-24	6.90058682855797	3.58236277423547	11.0442863611653	10.0976215613391	2.72034080429596	6.21962490686112	2.09685681163935	11.3354747934464	6.61407249242194
2022-01-25	0	0	0	0	0	18.6588747205834	5.99101946182672	4.2508030475424	9.84342156748747
2022-01-26	16.1898383285399	8.95590693558867	20.8614297933123	22.4391590251981	19.0423856300717	8.70747486960556	5.39191751564405	2.8338686983616	11.8084500141075
2022-01-27	0	0	0	0	0	11.19532483235	5.39191751564405	2.8338686983616	8.11602446790053
2022-01-28	15.7917275499692	8.95590693558867	15.9528580772388	23.561116976458	10.8813632171838	7.46354988823334	6.29057043491806	2.8338686983616	12.4725991635078
2022-01-29	0	0	0	0	0	0	0	0	3.86912577861625
2022-01-30	0	0	0	0	0	0	0	0	1.5963952031456
2022-01-31	10.2181766499801	4.0301581210149	14.7257151482205	19.0732851714183	5.44068160859192	6.21962490686112	6.59012140800939	0	7.82050856197473
2022-02-01	0	0	0	0	0	16.1710247578389	6.29057043491806	8.5016060950848	10.3674291532528
2022-02-02	9.156547907125	6.26913485491207	2.45428585803674	16.8293692688985	8.16102241288789	7.46354988823334	7.18922335419207	0	11.0224386354595
2022-02-03	0	0	0	0	0	6.21962490686112	7.4887743272834	1.4169343491808	7.55545821336086
2022-02-04	16.1898383285399	8.95590693558867	8.5900005031286	7.85370565881932	2.72034080429596	7.46354988823334	0	2.8338686983616	12.6066476156803
2022-02-05	0	0	0	0	0	0	0	0	3.03132295253792
2022-02-06	0	0	0	0	0	0	0	0	1.66341942923187
2022-02-07	17.5168742571087	18.3596092179568	18.4071439352756	19.0732851714183	2.72034080429596	0	15.2770996276581	15.5862778409888	9.27371564575421
2022-02-08	0	0	0	0	0	9.95139985097779	7.4887743272834	0	9.17317930662482
2022-02-09	12.606841321404	7.61252089525037	13.4985722192021	16.8293692688985	8.16102241288789	7.46354988823334	6.29057043491806	1.4169343491808	10.5624087200492
2022-02-10	0	0	0	0	0	16.1710247578389	0	0	10.0201217998967
2022-02-11	16.1898383285399	10.7470883227064	19.6342868642939	16.8293692688985	10.8813632171838	3.73177494411667	6.59012140800939	5.6677373967232	8.24093325287948
2022-02-12	0	0	0	0	0	0	0	0	2.73885360234331
2022-02-13	0	0	0	0	0	0	0	0	1.74262987824291
2022-02-14	7.43140119998551	4.47795346779434	8.5900005031286	13.4634954151188	2.72034080429596	11.19532483235	11.9820389236534	0	8.8807099564302
2022-02-15	0	0	0	0	0	6.21962490686112	0	0	7.87230000940502
2022-02-16	19.7728353356757	12.9860650566036	14.7257151482205	21.3172010739382	21.7627264343677	3.73177494411667	5.99101946182672	2.8338686983616	9.73374556116449
2022-02-17	0	0	0	0	0	11.19532483235	5.09236654255271	2.8338686983616	9.11529474773213
2022-02-18	0	0	0	0	2.72034080429596	6.21962490686112	4.79281556946138	1.4169343491808	7.74129811296369
2022-02-19	12.3414341356902	7.61252089525037	19.6342868642939	14.5854533663787	0	0	0	0	2.22093912804035
2022-02-20	0	0	0	0	0	0	0	0	1.4471139723171
2022-02-21	0	0	0	0	0	0	0	0	2.86376238732226
2022-02-22	0	0	0	0	0	3.73177494411667	8.08787627346607	1.4169343491808	6.46783781732464
2022-02-23	12.3414341356902	10.7470883227064	14.7257151482205	16.8293692688985	2.72034080429596	9.95139985097779	0	2.8338686983616	8.82587195326871
2022-02-24	3.05218263570833	0	0	0	0	7.46354988823334	4.1937136232787	0	8.89898929081737
2022-02-25	13.1376556928315	9.85149762914754	9.81714343214697	22.4391590251981	2.72034080429596	8.70747486960556	4.1937136232787	0	6.40386014696957
2022-02-26	0	0	0	0	0	0	0	0	2.43115147349273
2022-02-27	0	0	0	0	0	0	0	0	0.776871711454443
2022-02-28	4.64462574999094	4.92574881457377	-1.22714292901837	-1.1219579512599	0	1.24392498137222	4.79281556946138	1.4169343491808	6.50134993036777
2022-03-01	0	0	0	0	0	6.21962490686112	0	4.2508030475424	5.28272763789021
2022-03-02	11.6779161714058	6.26913485491207	9.81714343214697	11.219579512599	8.16102241288789	1.24392498137222	3.2950607040047	0	6.4373722600127
2022-03-03	0	0	0	0	0	1.24392498137222	1.49775486545668	0	5.28577419362141
2022-03-04	9.42195509283877	4.0301581210149	4.90857171607349	11.219579512599	5.44068160859192	4.97569992548889	3.2950607040047	0	5.35279841970767
2022-03-05	0	0	0	0	0	0	0	0	1.04496861579951
2022-03-06	0	0	0	0	0	0	0	0	0.700707818174596
2022-03-07	6.76788323570109	3.58236277423547	4.90857171607349	8.97566361007922	0	2.48784996274445	6.88967238110073	0	5.13039985133052
2022-03-08	0	0	0	0	0	2.48784996274445	0	4.2508030475424	4.17682790746683
2022-03-09	7.56410479284239	6.7169302016915	4.90857171607349	8.97566361007922	-2.72034080429596	4.97569992548889	2.69595875782202	0	6.08092523946301
2022-03-10	0	0	0	0	0	2.48784996274445	1.79730583854802	2.8338686983616	4.90495472722217
2022-03-11	6.6351796428442	5.3735441613532	4.90857171607349	5.60978975629951	5.44068160859192	2.48784996274445	2.09685681163935	0	4.48148348058622
2022-03-12	0	0	0	0	0	0	0	0	0.892640829239811
2022-03-13	0	0	0	0	0	0	0	0	0.606264590507585
2022-03-14	4.77732934284783	4.92574881457377	9.81714343214697	3.36587385377971	0	0	5.39191751564405	0	3.65282032170148
2022-03-15	0	0	0	0	0	3.73177494411667	0	0	3.33293196992612
2022-03-16	0	0	0	0	-2.72034080429596	1.24392498137222	2.39640778473069	1.4169343491808	5.62698843551512
2022-03-17	7.16599401427174	4.92574881457377	9.81714343214697	5.60978975629951	0	-1.24392498137222	2.99550973091336	0	4.61857848848994
2022-03-18	7.96221557141305	5.82133950813264	4.90857171607349	5.60978975629951	0	1.24392498137222	2.09685681163935	0	2.51036192250377
2022-03-19	0	0	0	0	0	0	0	0	0.892640829239811
2022-03-20	0	0	0	0	0	0	0	0	0.295515905925808
2022-03-21	2.91947904285145	2.6867720806766	2.45428585803674	2.24391590251981	-2.72034080429596	1.24392498137222	1.49775486545668	2.8338686983616	4.62771815568353
2022-03-22	0	0	0	0	0	3.73177494411667	0	0	1.73349021104933
2022-03-23	5.30814371427536	4.47795346779434	9.81714343214697	5.60978975629951	0	1.24392498137222	0.898652919274008	0	4.96893239757724
2022-03-24	-0.398110778570652	0	0	0	0	-1.24392498137222	0.599101946182672	2.8338686983616	2.65050348613869
2022-03-25	5.30814371427536	7.16472554847094	3.68142878705511	4.48783180503961	0	2.48784996274445	0.898652919274008	0	1.93760944503932
2022-03-26	0	0	0	0	0	0	0	0	0.496588584184605
2022-03-27	0	0	0	0	0	0	0	0	0.185839899602828
2022-03-28	2.91947904285145	4.47795346779434	0	1.1219579512599	0	1.24392498137222	2.69595875782202	0	2.95211250352688
2022-03-29	0	0	0	0	0	6.21962490686112	0	0	3.00390395095718
2022-03-30	3.18488622856522	2.6867720806766	2.45428585803674	0	2.72034080429596	0	1.19820389236534	0	3.56447020549686
2022-03-31	0	0	0	0	0	0	2.99550973091336	2.8338686983616	1.55374342290889
2022-04-01	4.24651497142029	4.47795346779434	8.5900005031286	0	0	2.48784996274445	2.69595875782202	0	2.50731536677257
2022-04-02	0	0	0	0	0	0	0	0	0.499635139915799
2022-04-03	0	0	0	0	0	0	0	0	0.115769117785368
2022-04-04	0.66351796428442	0	0	1.1219579512599	0	1.24392498137222	0	0	1.41664841500516
2022-04-05	0	0	0	0	0	2.48784996274445	4.1937136232787	0	1.33743796599412
2022-04-06	3.84840419284964	1.79118138711773	1.22714292901837	7.85370565881932	2.72034080429596	1.24392498137222	0	0	3.4426079762491
2022-04-07	0	0	0	0	0	0	0	0	2.10821656598617
2022-04-08	2.91947904285145	2.6867720806766	2.45428585803674	3.36587385377971	0	0	5.39191751564405	0	1.9437025565017
2022-04-09	0	0	0	0	0	0	0	0	0.460029915410278
2022-04-10	0	0	0	0	0	0	0	0	0.0883501162046229
2022-04-11	0	0	0	0	0	2.48784996274445	0	0	1.02364272568115
2022-04-12	0	0	0	0	0	2.48784996274445	0	0	1.70911776519977
2022-04-13	3.05218263570833	3.58236277423547	4.90857171607349	0	2.72034080429596	0	3.89416265018737	0	3.55533053830327
2022-04-14	0	0	0	0	0	1.24392498137222	0	0	1.4958588640162
2022-04-15	4.11381137856341	4.0301581210149	2.45428585803674	8.97566361007922	0	1.24392498137222	1.79730583854802	0	1.41360185927397
2022-04-16	0	0	0	0	0	0	0	0	0.170607120946858
2022-04-17	0	0	0	0	0	0	0	0	0.0365586687743267
2022-04-18	0.928925149998189	1.3433860403383	1.22714292901837	-1.1219579512599	0	0	0	0	0.804290713035188
2022-04-19	0	0	0	0	0	0	0.599101946182672	0	1.35267074465009
2022-04-20	3.18488622856522	1.3433860403383	3.68142878705511	1.1219579512599	2.72034080429596	2.48784996274445	0	0	2.69010871064421
2022-04-21	0	0	0	0	0	2.48784996274445	0	0	1.2978327414886
2022-04-22	0.928925149998189	2.23897673389717	2.45428585803674	-2.24391590251981	0	0	0.599101946182672	0	1.696931542275
2022-04-23	0	0	0	0	0	0	0	2.8338686983616	0.173653676678052
2022-04-24	0	0	0	0	0	0	0	0	0.100536339129399
2022-04-25	0	0	0	0	0	0	0	0	0.886547717777423
2022-04-26	1.45973952142572	0	2.45428585803674	3.36587385377971	0	1.24392498137222	0.898652919274008	0	1.01754961421876
2022-04-27	2.38866467142391	2.23897673389717	2.45428585803674	1.1219579512599	5.44068160859192	2.48784996274445	0	7.084671745904	2.45857047507347
2022-04-28	0	0	0	0	0	1.24392498137222	0	0	1.23690162686472
2022-04-29	2.25596107856703	4.0301581210149	1.22714292901837	6.73174770755942	0	1.24392498137222	0.599101946182672	0	1.31306552014457
2022-04-30	0	0	0	0	0	0	0	0	0.356447020549686
2022-05-01	0	0	0	0	0	0	0	0	0.0761638932798474
2022-05-02	0.265407185713768	0.447795346779434	0	0	0	1.24392498137222	0	0	0.825616603153545
2022-05-03	0	0	0	0	0	0	0.299550973091336	0	2.29100990985781
2022-05-04	1.45973952142572	0.895590693558867	1.22714292901837	0	8.16102241288789	3.73177494411667	0	0	5.92555089717212
2022-05-05	0	0	0	0	0	2.48784996274445	0	0	0.947478832401301
2022-05-06	0	0	0	0	0	1.24392498137222	1.49775486545668	0	1.15464462212249
2022-05-07	0	0	0	0	0	0	0	0	0.569705921733258
2022-05-08	0	0	0	0	0	0	0	0	0.085303560473429
2022-05-09	3.45029341427899	4.92574881457377	4.90857171607349	-1.1219579512599	0	0	0	0	0.673288816593851
2022-05-10	0	0	0	0	0	0	3.89416265018737	0	0.968804722519658
2022-05-11	3.71570059999275	2.23897673389717	1.22714292901837	6.73174770755942	2.72034080429596	1.24392498137222	0	0	2.82111060708555
2022-05-12	0	0	0	0	0	3.73177494411667	4.1937136232787	0	0.17974678814044
2022-05-13	2.78677544999457	3.13456742745603	0	3.36587385377971	0	1.24392498137222	0	0	0.627590480625942
2022-05-14	0	0	0	0	0	0	0	1.4169343491808	0.185839899602828
2022-05-15	0	0	0	0	0	0	0	0	0.106629450591786
2022-05-16	2.78677544999457	3.58236277423547	1.22714292901837	6.73174770755942	0	0	0	0	0.74335959841131
2022-05-17	0	0	0	0	0	2.48784996274445	1.79730583854802	1.4169343491808	1.10589973042338
2022-05-18	2.78677544999457	0.895590693558867	1.22714292901837	6.73174770755942	8.16102241288789	0	0	0	2.88204172170942
2022-05-19	0	0	0	0	0	0	1.49775486545668	0	0.819523491691157
2022-05-20	3.84840419284964	4.0301581210149	4.90857171607349	5.60978975629951	0	3.73177494411667	0	0	1.25518096125188
2022-05-21	0	0	0	0	0	0	0	0	0.231538235570736
2022-05-22	0	0	0	0	0	0	0	0	0.0944432276670107
2022-05-23	1.19433233571196	0.895590693558867	1.22714292901837	-2.24391590251981	0	2.48784996274445	0	0	0.639776703550718
2022-05-24	0	0	0	0	0	2.48784996274445	0.599101946182672	0	1.0480151715307
2022-05-25	2.25596107856703	3.13456742745603	3.68142878705511	-1.1219579512599	5.44068160859192	1.24392498137222	0	0	3.16537140471046
2022-05-26	0	0	0	0	0	0	1.19820389236534	0	0.935292609476525
2022-05-27	4.11381137856341	5.3735441613532	2.45428585803674	3.36587385377971	0	0	0	0	1.6481866505759
2022-05-28	0	0	0	0	0	0	0	0	0.112722562054174
2022-05-29	0	0	0	0	0	0	0	0	0.0396052245055206
2022-05-30	0	0	0	0	0	0	0	0	0.0913966719358168
2022-05-31	0	0	0	0	0	2.48784996274445	1.19820389236534	0	1.0480151715307
2022-06-01	3.58299700713587	4.47795346779434	1.22714292901837	1.1219579512599	8.16102241288789	1.24392498137222	0	1.4169343491808	1.98635433673842
2022-06-02	0	0	0	0	0	1.24392498137222	3.2950607040047	4.2508030475424	0.953571943863689
2022-06-03	2.91947904285145	3.13456742745603	3.68142878705511	-1.1219579512599	0	2.48784996274445	0	0	1.17597051224084
2022-06-04	0	0	0	0	0	0	0	1.4169343491808	0.444797136754309
2022-06-05	0	0	0	0	0	0	0	0	0.0548380031614901
2022-06-06	2.38866467142391	1.3433860403383	1.22714292901837	2.24391590251981	0	0	0	0	0.837802826078321
2022-06-07	0	0	0	0	0	3.73177494411667	1.49775486545668	0	1.42274152646755
2022-06-08	0	0	0	0	8.16102241288789	1.24392498137222	0	1.4169343491808	3.64672721023909
2022-06-09	0	0	0	0	0	2.48784996274445	2.09685681163935	0	0.828663158884739
2022-06-10	7.96221557141305	7.16472554847094	11.0442863611653	4.48783180503961	0	0	0	0	1.09066695176741
2022-06-11	0	0	0	0	0	0	0	0	0.295515905925808
2022-06-12	0	0	0	0	0	0	0	0	-0.0182793343871634
2022-06-13	1.32703592856884	2.6867720806766	1.22714292901837	-1.1219579512599	0	1.24392498137222	0	0	0.816476935959964
2022-06-14	0	0	0	0	0	2.48784996274445	0.299550973091336	0	1.16378428931607
2022-06-15	3.71570059999275	3.13456742745603	3.68142878705511	-5.60978975629951	5.44068160859192	3.73177494411667	0	0	2.07775100867424
2022-06-16	0	0	0	0	0	0	0.599101946182672	0	1.30087929721979
2022-06-17	4.11381137856341	5.3735441613532	2.45428585803674	7.85370565881932	0	0	0	1.4169343491808	0.987084056906822
2022-06-18	0	0	0	0	0	0	0	0	0.057884558892684
2022-06-19	0	0	0	0	0	0	0	0	0.10967600632298
2022-06-20	0	0	0	0	0	0	0	0	0.243724458495512
2022-06-21	0	0	0	0	0	1.24392498137222	0	0	1.46843986243546
2022-06-22	5.44084730713225	3.58236277423547	4.90857171607349	4.48783180503961	5.44068160859192	3.73177494411667	0	0	2.62003792882675
2022-06-23	0	0	0	0	0	1.24392498137222	4.1937136232787	0	1.5446037557153
2022-06-24	3.98110778570652	2.6867720806766	4.90857171607349	4.48783180503961	0	0	0	0	1.36181041184367
2022-06-25	0	0	0	0	0	0	0	0	0.438704025291921
2022-06-26	0	0	0	0	0	0	0	0	0.0152327786559695
