date	state	King	Snohomish	Pierce	Ann Arbor	Boston	San Diego	DC
2020-01-26	0	0	0	0	0	0	0	0
2020-01-27	0	0	0	0	0	0	0	0
2020-01-28	0	0	0	0	0	0	0	0
2020-01-29	0	0	0	0	0	0	0	0
2020-01-30	0	0	0	0	0	0	0	0
2020-01-31	0	0	0	0	0	0	0	0
2020-02-01	0	0	0	0	0	0	0	0
2020-02-02	0	0	0	0	0	0	0	0
2020-02-03	0	0	0	0	0	0	0	0
2020-02-04	0	0	0	0	0	0	0	0
2020-02-05	0	0	0	0	0	0	0	0
2020-02-06	0	0	0	0	0	0	0	0
2020-02-07	0	0	0	0	0	0	0	0
2020-02-08	0	0	0	0	0	0	0	0
2020-02-09	0	0	3.26012575447929	0	0	0	0	0
2020-02-10	0	3.57929325435284	8.32944590701542	0	0	0	0	0
2020-02-11	1.31347082978256	7.63391069902377	13.5956196642703	0	0	0	0	0
2020-02-12	3.83601302273075	11.8641856742326	19.0736525475588	0	0	0	0	0
2020-02-13	6.48545068934029	16.2828551559544	24.7785500781955	0.130809066628712	0	0	0	0
2020-02-14	9.27061598676604	20.9026561201647	30.7253177774954	2.00234483907088	0	0	0	0
2020-02-15	12.2003410721629	25.7363255428384	36.9289611667732	3.99065594071525	3.18250407649152	0	0	0
2020-02-16	15.2834581026856	30.796600399951	43.4044857673436	6.1031156789126	7.48615806810546	0	0	0
2020-02-17	18.5288756256328	36.0959716636391	50.1664488443236	8.34748070368002	12.0826055818094	0	0	0
2020-02-18	21.9458077488777	41.6459462906857	57.2276146380386	10.7330410357002	16.9933531784698	0	0.200960871326966	0
2020-02-19	25.5435449704368	47.4577852340354	64.6002991326161	13.269470038322	22.240887377683	11.6839394751246	1.28928350230487	0
2020-02-20	29.3313777883272	53.5427494466326	72.2968183121838	15.9664410748944	27.8476946990454	30.2617217089184	2.47068766701835	0
2020-02-21	33.3185967005655	59.9120998814219	80.329488160869	18.8336275087665	33.8362616621532	50.4426211116257	3.75179705853665	0
2020-02-22	37.5144922051686	66.5770974913478	88.7106246627994	21.8807027032872	40.2290747866028	72.3329143596463	5.13923536992905	0
2020-02-23	41.9283548001531	73.5490032293547	97.4525438021026	25.1173400218055	47.0486205919905	96.0388781293797	6.63962629426479	1.42758006233331
2020-02-24	46.5667106106934	80.8346593054316	106.561572311295	28.5511174600935	54.3133521225141	121.655528344228	8.25883673542887	8.95400679578964
2020-02-25	51.4250282705932	88.4232329577446	116.020079916453	32.1812315436152	62.0255885207774	149.232837915605	9.9997064405692	17.2026747151298
2020-02-26	56.4960120408137	96.2994726815044	125.804447092039	36.0047834302581	70.1836154539859	178.809519001927	11.8643183676494	26.2012377750883
2020-02-27	61.772366182316	104.448126971921	135.891054312519	40.0188742779093	78.7857185893448	210.42428376161	13.8547554746332	35.9773499304
2020-02-28	67.2467949560614	112.853944324206	146.256282052356	44.2206052444561	87.8301835940596	244.115844353069	15.9731007194842	46.5586651357996
2020-02-29	72.9120026230111	121.50167323357	156.876510786016	48.6070774877857	97.3152961353356	279.922912934721	18.221437060166	57.9728373460218
2020-03-01	78.7606934441262	130.376062195222	167.728120987962	53.1753921657854	107.239341880378	317.884201664982	20.6018474546423	70.2475205158014
2020-03-02	84.785571680368	139.461859704373	178.787493132658	57.9226504363425	117.600606496393	358.038422702269	23.1164148608767	83.4103685998729
2020-03-03	90.9793415926976	148.743814256235	190.03100769457	62.8459534573442	128.397375650584	400.424288204996	25.767222236833	97.4890355529711
2020-03-04	97.3347074420762	158.206674346018	201.435045148161	67.9424023866777	139.627935010159	445.080510331581	28.5563525404746	112.511175329831
2020-03-05	103.844373489465	167.835188468931	212.975985967896	73.2090983822303	151.290570242321	492.04580124044	31.4858887297653	128.504441885187
2020-03-06	110.501043995825	177.614105120186	224.630210628239	78.6431426018893	163.383567014277	541.358873089988	34.5579137626688	145.496489173773
2020-03-07	117.297423222118	187.528172794994	236.374099603654	84.241636203542	175.905210993232	593.058438038642	37.7745105971486	163.514971150326
2020-03-08	124.226215429304	197.562139988564	248.184033368606	90.0016803450755	188.85378784639	647.183208244817	41.1377621911685	182.587541769578
2020-03-09	131.276014682509	207.695194054426	260.028864010073	95.9174380408019	202.21890251831	703.749321108811	44.6481880866639	202.736586511068
2020-03-10	138.418974263511	217.884277779377	271.847330065084	101.971319730733	215.955437062958	762.682614998441	48.3000541614582	223.963416953542
2020-03-11	145.62313725825	228.080772808535	283.570641683183	108.142797711305	230.00959281165	823.886353523405	52.0860628773465	246.264076200548
2020-03-12	152.856546752668	238.236060787016	295.130009013912	114.411344278955	244.327571095705	887.263800293402	55.9989166961241	269.634607355636
2020-03-13	160.087245832706	248.301523359936	306.456642206816	120.756431730119	258.855573246441	952.71821891813	60.0313180795862	294.071053522355
2020-03-14	167.283277584307	258.228542172411	317.481751411437	127.157532361233	273.539800595175	1020.15287300729	64.1759694895279	319.569457804253
2020-03-15	174.412685093411	267.968498869559	328.13654677732	133.594118468735	288.326454473225	1089.47102617057	68.4255733877444	346.125863304879
2020-03-16	181.444944844591	277.476823449635	338.358277099432	140.043562557106	303.157517529686	1160.54892664109	72.7715332222474	373.724135707151
2020-03-17	188.35526691694	286.72513932345	348.108345754449	146.474837963012	317.958097684763	1233.15476114558	77.2000563859139	402.299431011463
2020-03-18	195.120294788185	295.689118254957	357.354194764471	152.854818231165	332.649084176438	1307.02970103417	81.6960512578376	431.774727797579
2020-03-19	201.716671936051	304.344432008105	366.0632661516	159.150376906275	347.151366242694	1381.91491765701	86.244426217112	462.07300464526
2020-03-20	208.121041838263	312.666752346847	374.203001937935	165.328387533055	361.385833121511	1457.55158236424	90.8300896428306	493.117240134271
2020-03-21	214.310047972545	320.631751035133	381.740844145577	171.355723656217	375.273374050873	1533.68086650599	95.437949914087	524.830412844374
2020-03-22	220.260333816625	328.215099836915	388.644234796628	177.199258820471	388.734878268761	1610.04394143242	100.052915409975	557.135501355332
2020-03-23	225.948542848226	335.392470516143	394.880615913188	182.825866570529	401.691235013158	1686.38197849366	104.659894509587	589.955484246908
2020-03-24	231.351318545074	342.139534836769	400.417429517357	188.202420451102	414.063333522046	1762.43614903985	109.243795592018	623.213340098866
2020-03-25	236.445304384895	348.431964562743	405.222117631237	193.295794006903	425.772063033406	1837.94762442113	113.789527036361	656.832047490967
2020-03-26	241.207143845414	354.245431458018	409.262122276927	198.072860782642	436.738312785221	1912.65757598764	118.28199722171	690.734585002976
2020-03-27	245.613480404355	359.555607286544	412.50488547653	202.500494323032	446.882972015473	1986.30717508953	122.706114527158	724.843931214656
2020-03-28	249.640957539445	364.338163812271	414.917849252144	206.545568172783	456.126929962144	2058.63759307693	127.046787331798	759.083064705768
2020-03-29	253.266218728408	368.568772799153	416.468455625872	210.174955876607	464.391075863216	2129.39000129998	131.288924014724	793.374964056076
2020-03-30	256.471636872748	372.227694577509	417.138142622881	213.3621318533	471.612222106911	2198.28855823489	135.42083941521	827.637673526162
2020-03-31	259.262502569081	375.313543743145	416.964332280606	216.106974018002	477.790873682408	2264.98937086212	139.444474213248	861.769500099877
2020-04-01	261.649835837799	377.829523458237	415.998442639551	218.415961159933	482.943458729124	2329.13153328819	143.365175549011	895.663816441891
2020-04-02	263.644656699295	379.778836884959	414.291891740219	220.295572068318	487.086405386479	2390.35413961962	147.18829056267	929.213995216875
2020-04-03	265.257985173964	381.164687185488	411.896097623112	221.752285532378	490.236141793891	2448.29628396293	150.919166394399	962.313409089499
2020-04-04	266.500841282197	381.990277521999	408.862478328733	222.792580341337	492.409096090777	2502.59706042464	154.563150184369	994.85543072443
2020-04-05	267.384245044389	382.258811056667	405.242451897586	223.422935284418	493.621696416558	2552.89556311129	158.125589072753	1026.73343278634
2020-04-06	267.920969148015	381.977234643755	401.084802682168	223.652770618789	493.894658751842	2598.88143647168	161.611182540851	1057.85100008473
2020-04-07	268.13079694888	381.167469905874	396.427780282951	223.503272473404	493.265850442014	2640.44652632383	165.022039434473	1088.15256600836
2020-04-08	268.03526446987	379.855182157721	391.307000612405	222.998568445162	491.777426673648	2677.53322882803	168.359620940557	1117.59277609086
2020-04-09	267.655907733872	378.066036713993	385.758079582997	222.162786130963	489.47154263332	2710.0839401446	171.625388246041	1146.12627586581
2020-04-10	267.014262763773	375.825698889388	379.816633107194	221.020053127706	486.390353507605	2738.04105643384	174.820802537862	1173.70771086683
2020-04-11	266.131865582459	373.159833998605	373.518277097465	219.594497032291	482.576014483078	2761.34697385606	177.947325002958	1200.29172662752
2020-04-12	265.030252212818	370.094107356339	366.898627466278	217.910245441618	478.070680746314	2779.94408857156	181.006416828267	1225.83296868148
2020-04-13	263.730958677735	366.65418427729	359.993300126099	215.991425952585	472.916507483889	2793.77479674064	183.999539200726	1250.28608256232
2020-04-14	262.255521000099	362.865730076153	352.837910989398	213.862166162092	467.155649882378	2802.78149452362	186.928153307274	1273.60571380364
2020-04-15	260.625475202795	358.754410067628	345.468075968642	211.546593667039	460.830263128357	2806.90657808079	189.793720334848	1295.74650793904
2020-04-16	258.86235730871	354.345889566411	337.9194109763	209.068836064325	453.9825024084	2806.09244357247	192.597701470386	1316.66311050213
2020-04-17	256.987703340732	349.6658338872	330.227531924837	206.45302095085	446.654522909082	2800.28148715895	195.341557900826	1336.31016702651
2020-04-18	255.023049321746	344.739908344693	322.428054726724	203.723275923513	438.88847981698	2789.41610500055	198.026750813105	1354.64232304579
2020-04-19	252.98993127464	339.593778253587	314.556595294426	200.903728579214	430.726528318668	2773.43869325756	200.654741394161	1371.61422409357
2020-04-20	250.908818461985	334.252267618275	306.645614366187	198.016220832643	422.211645732825	2752.35402271541	203.226098852049	1387.18061153016
2020-04-21	248.79591310509	328.736835201928	298.714951983338	195.07345186965	413.390097906539	2726.41636265995	205.737824479291	1401.29661002272
2020-04-22	246.666350664951	323.068098457413	290.781293012985	192.085835193877	404.308972819003	2695.94235700216	208.186027589523	1413.9174400651
2020-04-23	244.53526660256	317.266674837597	282.861322322236	189.063784308967	395.015358449408	2661.248649653	210.566817496386	1424.99832215118
2020-04-24	242.417796378914	311.353181795347	274.971724778195	186.017712718559	385.556342776947	2622.65188452345	212.876303513517	1434.4944767748
2020-04-25	240.329075455005	305.348236783529	267.12918524797	182.958033926297	375.979013780812	2580.46870552447	215.110594954554	1442.36112442983
2020-04-26	238.284239291828	299.27245725501	259.350388598667	179.895161435821	366.330459440195	2535.01575656704	217.265801133136	1448.55348561014
2020-04-27	236.29831091404	293.14637226811	251.651705646171	176.839686745389	356.653371541505	2486.59697793416	219.341180923381	1453.03948281344
2020-04-28	234.385863600951	286.990157302964	244.048251001489	173.802913331727	346.972857100019	2435.46549539698	221.348591441331	1455.83784655292
2020-04-29	232.561358195533	280.823899445161	236.554825224406	170.796322666173	337.309626938233	2381.86173109869	223.303039363507	1456.9800093456
2020-04-30	230.839255540758	274.667685780289	229.18622887471	167.83139622007	327.684391878641	2326.02610718246	225.219531366431	1456.49740370854
2020-05-01	229.234016479599	268.541603393936	221.957262512186	164.919615464757	318.117862743739	2268.19904579149	227.113074126623	1454.42146215877
2020-05-02	227.760101855029	262.465739371691	214.882726696619	162.072461871576	308.630750356021	2208.62096906895	228.998674320606	1450.78361721333
2020-05-03	226.431972510018	256.460180799142	207.977421987797	159.301416911868	299.243765537983	2147.53229915804	230.8913386249	1445.61530138926
2020-05-04	225.26408928754	250.545014761878	201.256148945505	156.617962056972	289.977619112118	2085.17345820193	232.806073716028	1438.94794720359
2020-05-05	224.270913030568	244.740328345488	194.733708129528	154.03357877823	280.853021900923	2021.7848683438	234.75788627051	1430.81298717337
2020-05-06	223.466904582072	239.066208635559	188.424900099654	151.559748546982	271.890684726891	1957.60695172685	236.761782964868	1421.24185381564
2020-05-07	222.866524785027	233.54274271768	182.344525415669	149.20795283457	263.111318412518	1892.88013049426	238.832770475624	1410.26597964743
2020-05-08	222.484234482403	228.19001767744	176.507384637358	146.989673112333	254.5356337803	1827.8448267892	240.985855479299	1397.91679718578
2020-05-09	222.334494517174	223.028120600426	170.928278324507	144.916390851613	246.184341652729	1762.74146275487	243.236044652415	1384.22573894774
2020-05-10	222.431765732312	218.077138572228	165.622007036903	142.99958752375	238.078152852302	1697.81046053445	245.598344671492	1369.22423745034
2020-05-11	222.789547286492	213.357191924624	160.60230601536	141.249786971298	230.235295115121	1633.27628968763	248.089628345661	1352.95161491696
2020-05-12	223.417491601201	208.888533974152	155.87864922481	139.673682521661	222.664063831713	1569.29960944011	250.734233014479	1335.47875239635
2020-05-13	224.324289413631	204.691451283539	151.459445311212	138.277009873457	215.370271306215	1506.02512643412	253.558362150115	1316.8844206436
2020-05-14	225.51863146097	200.786230415514	147.353102920528	137.065504725303	208.359729842762	1443.59754731186	256.588219224736	1297.24739041379
2020-05-15	227.009208480411	197.193157932806	143.568030698716	136.044902775817	201.638251745489	1382.16157871556	259.850007710507	1276.64643246202
2020-05-16	228.804711209142	193.932520398141	140.112637291738	135.220939723615	195.211649318532	1321.86192728743	263.369931079597	1255.16031754336
2020-05-17	230.913830384355	191.024604374247	136.995331345553	134.599351267316	189.085734866026	1262.84329966967	267.174192804171	1232.86781641292
2020-05-18	233.343080193948	188.486583675497	134.223508498587	134.186449278478	183.267078022289	1205.23229701337	271.288049646023	1209.84755392356
2020-05-19	236.090268628651	186.323181122832	131.800512359131	133.99085032043	177.765277742369	1149.08309850499	275.73297152544	1186.17757131926
2020-05-20	239.151027129901	184.536006788839	129.728673527942	134.021747129442	172.590690311496	1094.43177783985	280.529481652337	1161.9357639418
2020-05-21	242.520987139136	183.126670746104	128.010322605775	134.288332441784	167.753672014898	1041.31440871327	285.698103236629	1137.20002713295
2020-05-22	246.195780097794	182.096783067212	126.647790193388	134.799798993725	163.264579137807	989.767064820581	291.259359488228	1112.04825623447
2020-05-23	250.171037447313	181.447953824751	125.643406891536	135.565339521537	159.133767965452	939.825819857098	297.23377361705	1086.55834658815
2020-05-24	254.442390629131	181.181793091304	124.999503300977	136.594146761488	155.371594783062	891.526747518145	303.641868833008	1060.80819353574
2020-05-25	259.005471084684	181.29991093946	124.718410022467	137.89541344985	151.988415875868	844.905921499044	310.504168346017	1034.87569241902
2020-05-26	263.855910255412	181.803917441803	124.802457656761	139.478332322892	148.9945875291	799.999415495117	317.841195365989	1008.83873857976
2020-05-27	268.989339582752	182.695422670919	125.253976804618	141.352096116884	146.400466027987	756.843303201686	325.67347310284	982.775227359725
2020-05-28	274.401390508141	183.976036699395	126.075298066792	143.525897568097	144.216407657759	715.473658314073	334.021524766483	956.763054100691
2020-05-29	280.087694473018	185.647369599817	127.268752044042	146.0089294128	142.452768703646	675.926554527599	342.905873566833	930.880114144426
2020-05-30	286.043882918819	187.71103144477	128.836669337122	148.810384387264	141.119905450877	638.238065537586	352.347042713803	905.204302832699
2020-05-31	292.265587286984	190.16863230684	130.78138054679	151.939455227758	140.228174184684	602.444265039358	362.365555417308	879.813515507282
2020-06-01	298.748465964419	193.020232632478	133.103322381547	155.40481423264	139.785531995	568.568546266672	372.975886110742	854.781164233085
2020-06-02	305.488285119911	196.25969436359	135.795355980875	159.213051948615	139.790339190583	536.583580607031	384.168314121427	830.162727967583
2020-06-03	312.480837867716	199.879329815946	138.848448591998	163.370238484475	140.238556884895	506.449358986374	395.927070000163	806.009202391395
2020-06-04	319.72191732209	203.871451305318	142.253567462144	167.882443949014	141.126146191398	478.12587233064	408.236384297754	782.371583185135
2020-06-05	327.207316597291	208.228371147474	146.001679838538	172.755738451023	142.449068223554	451.57311156577	421.080487565	759.300866029423
2020-06-06	334.932828807575	212.942401658186	150.083752968407	177.996192099296	144.203284094826	426.751067617702	434.443610352704	736.848046604872
2020-06-07	342.894247067197	218.005855153225	154.490754098976	183.609875002624	146.384754918676	403.619731412375	448.309983211667	715.064120592102
2020-06-08	351.087364490414	223.411043948361	159.213650477471	189.6028572698	148.989441808567	382.139093875729	462.663836692691	694.000083671728
2020-06-09	359.507974191482	229.150280359363	164.243409351119	195.981209009616	152.013305877959	362.269145933702	477.489401346579	673.706931524367
2020-06-10	368.151869284659	235.215876702004	169.570997967146	202.751000330865	155.452308240316	343.969878512236	492.770907724131	654.235659830636
2020-06-11	377.014842884199	241.600145292053	175.187383572777	209.91830134234	159.3024100091	327.201282537268	508.492586376149	635.637264271152
2020-06-12	386.09268810436	248.29539844528	181.083533415239	217.489182152833	163.559572297773	311.923348934738	524.638667853436	617.962740526531
2020-06-13	395.381198059398	255.293948477457	187.250414741758	225.469712871136	168.219756219798	298.096068630584	541.193382706794	601.263084277391
2020-06-14	404.876165863569	262.588107704354	193.67899479956	233.865963606042	173.278922888636	285.679432550748	558.140961487023	585.589291204347
2020-06-15	414.570528238415	270.165419684079	200.357458688397	242.679439418209	178.729450566927	274.631705006986	575.453773122699	570.984823355925
2020-06-16	424.445796334613	277.994352944099	207.262862918132	251.893385175757	184.549386114022	264.904243854327	593.05674005349	557.463008252278
2020-06-17	434.480624910129	286.038607254219	214.369481851152	261.486480698673	190.713193538449	256.446680333621	610.862923096837	545.029639781468
2020-06-18	444.653668722926	294.261882384242	221.651589849845	271.437405806942	197.195336848736	249.208645685714	628.785383070181	533.690511831555
2020-06-19	454.943582530968	302.627878103972	229.083461276601	281.72484032055	203.97028005341	243.139771151457	646.737180790963	523.451418290601
2020-06-20	465.329021092218	311.100294183215	236.639370493807	292.327464059483	211.012487161	238.189687971696	664.631377076624	514.318153046668
2020-06-21	475.788639164641	319.642830391775	244.293591863851	303.223956843728	218.296422180033	234.308027387279	682.381032744605	506.296509987817
2020-06-22	486.299432460578	328.221589087609	252.020971927653	314.390945284004	225.793793352228	231.445133271282	699.905916557751	499.384182460696
2020-06-23	496.831760509881	336.812282981287	259.798645940259	325.796843153976	233.465285852061	229.554200025682	717.152629060526	493.546461646301
2020-06-24	507.35432379678	345.39302737153	267.604321335245	337.408011018042	241.268829087197	228.589134684684	734.074478742796	488.740538184215
2020-06-25	517.835822805505	353.94193755706	275.415705546187	349.1908094406	249.162352465305	228.503844282493	750.624774094428	484.923602714019
2020-06-26	528.244958020288	362.4371288366	283.210506006662	361.111598986048	257.103785394049	229.252235853313	766.756823605289	482.052845875298
2020-06-27	538.550429925356	370.856716508872	290.966430150247	373.136740218785	265.051057281096	230.788216431348	782.423935765247	480.085458307633
2020-06-28	548.720939004941	379.178815872599	298.661185410518	385.232593703209	272.962097534114	233.065693050803	797.579419064168	478.978630650607
2020-06-29	558.725185743272	387.381542226501	306.272479221052	397.365520003719	280.794835560767	236.038572745882	812.176581991919	478.689553543804
2020-06-30	568.53187062458	395.443010869301	313.778019015425	409.501879684712	288.507200768722	239.660762550791	826.168733038368	479.175417626805
2020-07-01	578.109694133094	403.341337099722	321.155512227213	421.608033310587	296.057122565646	243.886169499733	839.509180693381	480.393413539193
2020-07-02	587.427356753045	411.054636216485	328.382666289995	433.650341445743	303.402530359205	248.668700626913	852.151233446826	482.300731920551
2020-07-03	596.453558968662	418.561023518313	335.437188637345	445.595164654577	310.501353557065	253.962262966536	864.04819978857	484.854563410462
2020-07-04	605.157001264176	425.838614303927	342.296786702841	457.408863501488	317.311521566892	259.720763552806	875.153388208478	488.012098648507
2020-07-05	613.506384123816	432.86552387205	348.939167920059	469.057798550875	323.790963796354	265.898109419927	885.42010719642	491.730528274271
2020-07-06	621.469953936705	439.620118143317	355.341399021199	480.504097243138	329.90020733708	272.451730234988	894.807432358792	495.962283595562
2020-07-07	629.01414071153	446.081765526007	361.477983932951	491.692954522688	335.610170016551	279.353146196603	903.297507768116	500.640758593097
2020-07-08	636.10492036187	452.230085050315	367.32278588063	502.565332209938	340.894367346213	286.577400136273	910.878244613442	505.694587915819
2020-07-09	642.708268801305	458.044695746432	372.84966808955	513.062192125302	345.726314837512	294.099534885497	917.537554083821	511.05240621267
2020-07-10	648.790161943414	463.505216644554	378.032493785024	523.124496089193	350.079528001893	301.894593275774	923.263347368307	516.642848132594
2020-07-11	654.316575701777	468.591266774872	382.845126192366	532.693205922026	353.927522350802	309.937618138604	928.043535655948	522.394548324533
2020-07-12	659.253485989972	473.28246516758	387.261428536891	541.709283444211	357.243813395684	318.203652305485	931.866030135799	528.236141437432
2020-07-13	663.57377008658	477.562670622918	391.259806828081	550.121079103007	360.011387687999	326.667889391997	934.726379040938	534.102584823078
2020-07-14	667.277910730177	481.432701021317	394.836838212097	557.906497853035	362.251115939271	335.306126150034	936.650678780556	539.954126644643
2020-07-15	670.37329202434	484.897614013254	397.99364261927	565.050833275762	363.993339901036	344.09431011557	937.672662807874	545.757337768141
2020-07-16	672.867298072646	487.962467249206	400.731339979929	571.539378952655	365.268401324832	353.008388824578	937.826064576111	551.478789059591
2020-07-17	674.767312978672	490.632318379651	403.051050224404	577.357428465177	366.106641962195	362.024309813033	937.144617538488	557.085051385007
2020-07-18	676.080720845995	492.912225055066	404.953893283025	582.490275394796	366.538403564665	371.118020616909	935.662055148225	562.542695610406
2020-07-19	676.814905778192	494.807244925929	406.440989086122	586.923213322977	366.594027883778	380.265468772178	933.412110858541	567.818292601804
2020-07-20	676.977251878839	496.322435642717	407.513457564025	590.641535831186	366.303856671071	389.442601814816	930.428518122657	572.878413225217
2020-07-21	676.575143251514	497.462854855907	408.172418647064	593.630536500889	365.698231678082	398.625367280796	926.745010393792	577.689628346662
2020-07-22	675.615963999793	498.233560215978	408.418992265569	595.875508913551	364.807494656348	407.789712706092	922.395321125167	582.218508832155
2020-07-23	674.107098227254	498.639609373406	408.25429834987	597.361746650639	363.661987357408	416.911585626678	917.413183770001	586.431625547712
2020-07-24	672.055930037472	498.686059978669	407.679456830297	598.074543293618	362.292051532797	425.966933578528	911.832331781514	590.295549359348
2020-07-25	669.469843534026	498.377969682245	406.69558763718	597.999192423953	360.728028934054	434.931704097615	905.686498612928	593.776851133082
2020-07-26	666.356222820492	497.720396134611	405.303810700849	597.120987623112	359.000261312716	443.781844719913	899.00941771746	596.842101734927
2020-07-27	662.725951440925	496.719538734765	403.509000137014	595.434414990854	357.136287061603	452.493122423362	891.838356322687	599.463761291188
2020-07-28	658.603910701289	495.386163875788	401.331046802909	592.970730700122	355.152431138659	461.040581953758	884.224716753608	601.63784696931
2020-07-29	654.018481348028	493.732179699284	398.793595741147	589.770383442152	353.062215143113	469.399087498866	876.223435109576	603.366265197028
2020-07-30	648.998044127584	491.769494346853	395.920291994342	585.873821908181	350.879160674193	477.543503246447	867.889447489944	604.650922402073
2020-07-31	643.5709797864	489.510015960099	392.734780605108	581.321494789447	348.616789331125	485.448693384263	859.277689994069	605.49372501218
2020-08-01	637.765669070919	486.965652680624	389.260706616058	576.153850777186	346.288622713138	493.089522100079	850.443098721302	605.89657945508
2020-08-02	631.610492727584	484.14831265003	385.521715069806	570.411338562635	343.908182419458	500.440853581656	841.440609770998	605.861392158508
2020-08-03	625.133667634409	481.069132880019	381.540412523106	564.134523845208	341.491404598812	507.481387714731	832.320844202654	605.392456928457
2020-08-04	618.362755195689	477.736165862702	377.335251589275	557.364440357026	339.063883597908	514.20516717693	823.117162916337	604.503617083965
2020-08-05	611.325152947292	474.156692960287	372.923646395772	550.142238838386	336.653628312957	520.610070343854	813.858611772259	603.211103322327
2020-08-06	604.048258425085	470.337995534983	368.323011070052	542.509070029586	334.288647640164	526.693975591104	804.57423663063	601.531146340843
2020-08-07	596.559469164935	466.287354949	363.550759739574	534.506084670924	331.99695047574	532.45476129428	795.293083351661	599.479976836811
2020-08-08	588.88618270271	462.012052564548	358.624306531795	526.174433502696	329.806545715891	537.890305828983	786.044197795561	597.073825507527
2020-08-09	581.055796574276	457.519369743835	353.561065574172	517.555267265201	327.745442256825	542.998487570813	776.856625822543	594.328923050289
2020-08-10	573.095708315501	452.816587849072	348.378450994164	508.689736698735	325.84164899475	547.777184895371	767.759413292817	591.261500162395
2020-08-11	565.033315462252	447.910988242468	343.093876919227	499.618992543598	324.123174825875	552.224276178257	758.781606066593	587.887787541143
2020-08-12	556.896015550396	442.809852286231	337.724757476819	490.384185540085	322.618028646407	556.337639795071	749.952250004081	584.22401588383
2020-08-13	548.7112061158	437.520461342573	332.288506794398	481.026466428495	321.354219352554	560.115154121415	741.300390965494	580.286415887755
2020-08-14	540.506284694332	432.050096773701	326.80253899942	471.586985949126	320.359755840524	563.554697532889	732.85507481104	576.091218250214
2020-08-15	532.308648821858	426.406039941826	321.284268219344	462.106894842274	319.662647006526	566.654148405092	724.645347400932	571.654653668505
2020-08-16	524.145696034245	420.595572209157	315.751108581627	452.627343848237	319.290901746767	569.411385113626	716.700254595379	566.992952839927
2020-08-17	516.044329423187	414.629643586634	310.220869315763	443.189213643602	319.271001632946	571.83095843954	709.040915512376	562.124658508274
2020-08-18	508.029474303675	408.533878680121	304.712940059389	433.832304650108	319.623318938731	573.944108785674	701.65674230105	557.077561603335
2020-08-19	500.125561546529	402.337570744212	299.247105552182	424.596147225785	320.36669861328	575.788748960319	694.529220368311	551.881765101396
2020-08-20	492.357022022566	396.070013033501	293.843150533815	415.520271728662	321.519985605753	577.402791771764	687.639835121071	546.567371978744
2020-08-21	484.748286602605	389.760498802584	288.520859743964	406.644208516767	323.102024865306	578.824150028299	680.970071966241	541.164485211664
2020-08-22	477.323786157463	383.438321306053	283.300017922303	398.007487948129	325.1316613411	580.090736538213	674.50141631073	535.703207776443
2020-08-23	470.107951557959	377.132773798504	278.200409808507	389.649640380778	327.627739982293	581.240464109797	668.21535356145	530.213642649367
2020-08-24	463.124017954912	370.873130433956	273.242468326061	381.606784592864	330.608521889145	582.309915687589	662.094736280533	524.724409884297
2020-08-25	456.390437619139	364.68858896413	268.449219133696	373.901393043036	334.089932766321	583.330354761123	656.127885650994	519.258197845396
2020-08-26	449.924467101459	358.608328040169	263.844336073952	366.552526610062	338.087314469591	584.331714956183	650.30449001107	513.836211974403
2020-08-27	443.743362952691	352.66152631322	259.45149298937	359.579246172712	342.616008854722	585.343929898551	644.614237698999	508.479657713055
2020-08-28	437.864381723654	346.877362434427	255.29436372249	353.000612609755	347.691357777482	586.39693321401	639.046817053017	503.209740503089
2020-08-29	432.304779965165	341.285015054936	251.396622115852	346.835686799962	353.328703093638	587.520658528343	633.591916411361	498.047665786245
2020-08-30	427.081814228044	335.913662825892	247.781942011999	341.103529622101	359.543386658959	588.745039467335	628.239224112268	493.014639004259
2020-08-31	422.212741063108	330.79248439844	244.47399725347	335.823201954943	366.350750329212	590.100009656767	622.978428493976	488.131865598871
2020-09-01	417.714817021178	325.950658423726	241.496461682806	331.013764677258	373.766135960166	591.615502722422	617.79921789472	483.420551011817
2020-09-02	413.60529865307	321.417363552893	238.873009142547	326.694278667814	381.804885407587	593.321452290085	612.691280652738	478.901900684836
2020-09-03	409.901442509604	317.221778437088	236.627313475234	322.883804805382	390.482340527245	595.247791985538	607.644305106268	474.597120059667
2020-09-04	406.620505141598	313.393081727456	234.783048523409	319.60140396873	399.813843174906	597.424455434564	602.647979593544	470.527414578045
2020-09-05	403.779743099871	309.960452075142	233.36388812961	316.866137036629	409.814735206339	599.881376262945	597.691992452806	466.713989681711
2020-09-06	401.396412935242	306.95306813129	232.393506136381	314.697064887849	420.500358477312	602.648488096467	592.76603202229	463.178050812402
2020-09-07	399.485103860052	304.398657495659	231.894331859354	313.110617752106	431.885972778986	605.755064439674	587.863024699251	459.936813656968
2020-09-08	398.049735732742	302.319143562453	231.883816506545	312.112703262906	443.986509644103	609.227738312174	582.98884911702	456.991534882708
2020-09-09	397.091561073275	300.734998674492	232.378166759061	311.706598404704	456.816818540799	613.092482612334	578.152621967946	454.339481402036
2020-09-10	396.611832401614	299.666695174592	233.393589298012	311.895580161953	470.39174893721	617.375270238525	573.363459944377	451.977920127363
2020-09-11	396.611802237723	299.134705405571	234.946290804506	312.682925519106	484.72615030147	622.102074089116	568.630479738664	449.904117971101
2020-09-12	397.092723101566	299.159501710247	237.052477959651	314.071911460617	499.834872101715	627.298867062476	563.962798043156	448.115341845663
2020-09-13	398.055847513106	299.761556431438	239.728357444556	316.06581497094	515.732763806082	632.991622056975	559.369531550201	446.60885866346
2020-09-14	399.504277735237	300.959800125986	242.98921651633	318.668011214641	532.433318765035	639.20744962988	554.86286908264	445.38589234464
2020-09-15	401.448515002582	302.766996206829	246.846664736087	321.882268076743	549.944605858351	645.978010974049	550.467287985287	444.463494840291
2020-09-16	403.900910292691	305.194366300928	251.311392240944	325.712451622378	568.273337848138	653.33610494124	546.210337733445	443.862675109235
2020-09-17	406.873814583116	308.253132035245	256.394089168016	330.162427916682	587.426227496504	661.314530383209	542.11956780242	443.604442110295
2020-09-18	410.379578851411	311.954515036743	262.105445654418	335.236063024788	607.409987565556	669.946086151712	538.222527667514	443.709804802294
2020-09-19	414.430554075125	316.309736932382	268.456151837265	340.937223011832	628.2313308174	679.263571098507	534.546766804032	444.199772144055
2020-09-20	419.039091231813	321.330019349125	275.456897853674	347.269773942947	649.896970014145	689.29978407535	531.11983468728	445.0953530944
2020-09-21	424.217541299025	327.026583913933	283.118373840759	354.237581883269	672.413617917897	700.087523933997	527.969280792561	446.417556612153
2020-09-22	429.978255254314	333.410652253769	291.451269935636	361.84451289793	695.787987290763	711.659589526206	525.12265459518	448.187391656136
2020-09-23	436.333584075232	340.493445995594	300.46627627542	370.094433052067	720.02679089485	724.048779703733	522.607505570441	450.425867185171
2020-09-24	443.29587873933	348.286186766371	310.174082997228	378.991208410812	745.136741492267	737.287893318334	520.451383193649	453.153992158082
2020-09-25	450.877490224162	356.80009619306	320.585380238174	388.538705039301	771.12455184512	751.409729221767	518.681836940107	456.392775533692
2020-09-26	459.090769507278	366.046395902624	331.710858135374	398.740789002669	797.996934715517	766.447086265787	517.326416285121	460.163226270823
2020-09-27	467.948067566231	376.036307522024	343.561206825944	409.601326366048	825.760602865564	782.432763302153	516.412670703995	464.486353328298
2020-09-28	477.463979170131	386.78186181553	356.145228276089	421.125499418366	854.418367216644	799.398419035356	515.974787241503	469.382029065844
2020-09-29	487.662074254327	398.298326096636	369.464171768382	433.323755343722	883.957431327243	817.371151580837	516.073503220299	474.865579446804
2020-09-30	498.568166545724	410.601776816147	383.517398414486	446.207857550005	914.361096915123	836.376918906773	516.776193532507	480.951193835426
2020-10-01	510.208069771228	423.708290424864	398.304269326064	459.789569445107	945.612665698045	856.44167898134	518.150233070252	487.653061595957
2020-10-02	522.607597657746	437.63394337359	413.824145614777	474.080654436917	977.69543939377	877.591389772716	520.262996725656	494.985372092645
2020-10-03	535.792563932184	452.394812113127	430.07638839229	489.092875933326	1010.59271972006	899.852009249076	523.181859390845	502.962314689738
2020-10-04	549.788782321447	468.006973094278	447.060358770263	504.837997342225	1044.28780839467	923.249495378596	526.974195957942	511.598078751482
2020-10-05	564.622066552443	484.486502767847	464.775417860362	521.327782071503	1078.76400713537	947.809806129456	531.707381319071	520.906853642126
2020-10-06	580.318230352077	501.849477584636	483.220926774249	538.573993529053	1114.00461765992	973.55889946983	537.448790366356	530.902828725917
2020-10-07	596.903087447255	520.111973995446	502.396246623586	556.588395122763	1149.99294168608	1000.5227333679	544.265797991922	541.600193367102
2020-10-08	614.402451564884	539.290068451082	522.300738520035	575.382750260525	1186.71228093161	1028.72726579183	552.225779087892	553.013136929929
2020-10-09	632.842136431869	559.399837402345	542.93376357526	594.968822350228	1224.14593711427	1058.19845470981	561.396108546389	565.155848778645
2020-10-10	652.247955775118	580.457357300038	564.294682900925	615.358374799764	1262.27721195182	1088.96225809001	571.844161259539	578.042518277498
2020-10-11	672.645723321536	602.478704594964	586.382857608691	636.563171017023	1301.08940716203	1121.0446339006	583.637312119465	591.687334790736
2020-10-12	694.061077398741	625.47814302353	609.200432380737	658.59648992566	1340.56303211479	1154.46124055153	596.84627263058	606.108022494054
2020-10-13	716.518954737196	649.462685464554	632.760686181307	681.477672512382	1380.6674267886	1189.18653821972	611.555100746452	621.336444808946
2020-10-14	740.044116668074	674.437532082459	657.079681545157	705.227575279662	1421.36913881405	1225.18468752386	627.851191032939	637.407999968352
2020-10-15	764.661324522551	700.40788304167	682.173481007049	729.867054729975	1462.63471582179	1262.41984908266	645.821938055897	654.358086205215
2020-10-16	790.395339631801	727.378938506609	708.058147101739	755.416967365791	1504.43070544242	1300.85618351479	665.554736381184	672.222101752475
2020-10-17	817.270923326999	755.355898641699	734.749742363987	781.898169689585	1546.72365530656	1340.45785143895	687.136980574657	691.035444843074
2020-10-18	845.312836939318	784.343963611364	762.264329328551	809.331518203828	1589.48011304484	1381.18901347383	710.656065202172	710.833513709953
2020-10-19	874.532442660541	814.334940398245	790.606894268793	837.727202299307	1632.66135500375	1423.01797153019	736.196355003286	731.64293005246
2020-10-20	904.887506124879	845.267063257853	819.738118412489	867.052742920064	1676.20757239328	1465.92959268703	763.830095412347	753.455209435576
2020-10-21	936.322393827155	877.065173263924	849.607606726019	897.26499389846	1720.0536851393	1509.91288531543	793.626502037403	776.253090890687
2020-10-22	968.781472262189	909.654111490187	880.164964175762	928.320809066849	1764.13461316767	1554.95685778647	825.654790486502	800.01931344918
2020-10-23	1002.2091079248	942.958719010374	911.359795728097	960.177042257591	1808.38527640425	1601.05051847123	859.984176367691	824.736616142442
2020-10-24	1036.54966730981	976.903836898216	943.141706349404	992.790547303041	1852.74059477491	1648.18287574077	896.683875289018	850.387738001858
2020-10-25	1071.74751691203	1011.41430622744	975.46030100606	1026.11817803556	1897.13548820552	1696.34293796618	935.823102858528	876.955418058816
2020-10-26	1107.7470232263	1046.41496807179	1008.26518466445	1060.1167882875	1941.50487662193	1745.51971351853	977.471074684272	904.422395344704
2020-10-27	1144.49255274742	1081.83066350499	1041.50596229094	1094.74323189122	1985.78367995002	1795.7022107689	1021.6970063743	932.771408890908
2020-10-28	1181.92847197023	1117.58623360077	1075.13223885193	1129.95436267908	2029.90681811564	1846.87943808836	1068.57011353665	961.985197728813
2020-10-29	1219.99914738953	1153.60651943286	1109.09361931378	1165.70703448344	2073.80921104467	1899.04040384799	1118.15961177937	992.046500889809
2020-10-30	1258.64894550016	1189.816362075	1143.33970864288	1201.95810113665	2117.42577866296	1952.17411641886	1170.53471671052	1022.93805740528
2020-10-31	1297.82223279692	1226.14060260091	1177.82011180561	1238.66441647107	2160.69144089638	2006.26958417205	1225.76464393814	1054.64260630661
2020-11-01	1337.46337577464	1262.50408208434	1212.48443376834	1275.78283431906	2203.5411176708	2061.31581547864	1283.91860907027	1087.1428866252
2020-11-02	1377.50539396087	1298.82582863062	1247.27845448791	1313.25876780518	2245.88803354526	2117.3028699692	1345.05299039405	1120.41307571115
2020-11-03	1417.835919014	1335.00161847163	1282.13265388289	1350.99186722281	2287.55863161156	2174.22501231236	1409.17281691288	1154.39310418952
2020-11-04	1458.33123562518	1370.92141487085	1316.97368686235	1388.87034215752	2328.35765959468	2232.07755843621	1476.27028030925	1189.01434100411
2020-11-05	1498.86762848553	1406.47518109176	1351.72820833531	1426.78240219491	2368.08986521958	2290.85582426887	1546.33757226566	1224.20815509869
2020-11-06	1539.32138228617	1441.55288039785	1386.32287321083	1464.61625692056	2406.55999621124	2350.55512573846	1619.3668844646	1259.90591541705
2020-11-07	1579.56878171825	1476.04447605259	1420.68433639793	1502.26011592004	2443.57280029465	2411.17077877309	1695.35040858856	1296.03899090299
2020-11-08	1619.48611147288	1509.83993131948	1454.73925280567	1539.60218877895	2478.93302519477	2472.69809930088	1774.28033632002	1332.53875050028
2020-11-09	1658.95729233368	1542.8371806169	1488.41686463962	1576.5382340539	2512.46794587136	2535.13062624942	1856.13099300404	1369.3374196855
2020-11-10	1697.89678945412	1574.96604298286	1521.65676329148	1612.99420618571	2544.09494622327	2598.45479054431	1940.8052386359	1406.37065006641
2020-11-11	1736.22670408014	1606.16430861025	1554.40112744952	1648.90360858626	2573.75393738415	2662.65524611062	2028.18806687344	1443.57494978354
2020-11-12	1773.86913745772	1636.369767692	1586.59213580197	1684.19994466741	2601.38483048762	2727.71664687342	2118.1644713745	1480.88682697743
2020-11-13	1810.74619083279	1665.52021042101	1618.17196703709	1718.816717841	2626.92753666732	2793.62364675779	2210.61944579692	1518.24278978863
2020-11-14	1846.7799654513	1693.55342699018	1649.08279984311	1752.68743151893	2650.32196705688	2860.3608996888	2305.43798379854	1555.57934635768
2020-11-15	1881.89256255922	1720.40720759242	1679.2668129083	1785.74558911303	2671.50803278993	2927.91305959153	2402.50507903721	1592.83300482511
2020-11-16	1916.00608340248	1746.01934242064	1708.66618492089	1817.92469403519	2690.42564500012	2996.26478039105	2501.70572517077	1629.94027333147
2020-11-17	1949.04262922705	1770.32762166774	1737.22309456913	1849.15824969726	2707.01471482108	3065.40071601244	2602.92491585705	1666.8376600173
2020-11-18	1980.92430127887	1793.26983552664	1764.87972054128	1879.3797595111	2721.21515338643	3135.30552038077	2706.04764475389	1703.46167302314
2020-11-19	2011.57320080389	1814.78377419024	1791.57824152558	1908.52272688859	2732.96687182981	3205.96384742112	2810.95890551915	1739.74882048952
2020-11-20	2040.91142904807	1834.80722785145	1817.26083621027	1936.52065524158	2742.20978128487	3277.36035105857	2917.54369181066	1775.635610557
2020-11-21	2068.86108725736	1853.27798670317	1841.86968328361	1963.30704798194	2748.88379288522	3349.47968521818	3025.68699728625	1811.0585513661
2020-11-22	2095.34427667771	1870.13384093832	1865.34696143383	1988.81540852153	2752.92881776451	3422.30650382503	3135.27381560378	1845.95415105738
2020-11-23	2120.28967967125	1885.32440909474	1887.63432984339	2012.9812067904	2754.31428650234	3495.77968281718	3246.1797265314	1880.25949128769
2020-11-24	2143.65230306486	1898.84662309002	1908.67136967148	2035.7477787913	2753.12770746222	3569.65498618451	3358.24265427857	1913.91394777922
2020-11-25	2165.39373480159	1910.7092431867	1928.3971425715	2057.06042704516	2749.48610845362	3643.64239992991	3471.29110916506	1946.85746977046
2020-11-26	2185.4755628245	1920.92102964731	1946.75071019684	2076.86445407293	2743.50651728602	3717.45191005627	3585.15360151066	1979.03000649992
2020-11-27	2203.85937507663	1929.4907427344	1963.6711342009	2095.10516239552	2735.30596176889	3790.79350256644	3699.65864163512	2010.37150720608
2020-11-28	2220.50675950105	1936.42714271049	1979.09747623706	2111.72785453389	2725.0014697117	3863.37716346331	3814.63473985823	2040.82192112747
2020-11-29	2235.3793040408	1941.73898983812	1992.96879795872	2126.67783300896	2712.71006892394	3934.91287874976	3929.91040649976	2070.32119750256
2020-11-30	2248.4550259364	1945.44463888588	2005.24008980687	2139.92108568332	2698.54768355361	4005.13989651475	4045.29591118654	2098.81977078743
2020-12-01	2259.77765961815	1947.60082264656	2015.9300573728	2151.5063417862	2682.62582310284	4073.91451319154	4160.52856077354	2126.31001630837
2020-12-02	2269.4073688138	1948.273868419	2025.0733350354	2161.50301588846	2665.05489341229	4141.12228729952	4275.32742142278	2152.79479460922
2020-12-03	2277.40431725111	1947.53010350205	2032.70455717356	2169.98052256098	2645.94530032263	4206.64877735803	4389.41155929628	2178.27696623385
2020-12-04	2283.82866865784	1945.43585519455	2038.85835816618	2177.00827637464	2625.40744967451	4270.37954188645	4502.50004055608	2202.7593917261
2020-12-05	2288.74058676173	1942.05745079534	2043.56937239213	2182.6556919003	2603.55174730859	4332.20013940413	4614.3119313642	2226.24493162982
2020-12-06	2292.20023529056	1937.46121760328	2046.87223423031	2186.99218370885	2580.48859906554	4391.99612843045	4724.56629788265	2248.73644648887
2020-12-07	2294.26777797206	1931.7134829172	2048.8015780596	2190.08716637116	2556.32841078602	4449.65306748475	4832.98220627346	2270.23679684711
2020-12-08	2295.003378534	1924.88057403595	2049.3920382589	2192.0100544581	2531.18158831068	4505.05651508641	4939.27872269866	2290.74884324837
2020-12-09	2294.46720070413	1917.02881825838	2048.67824920709	2192.83026254055	2505.1585374802	4558.09202975478	5043.17491332026	2310.27544623651
2020-12-10	2292.71940821021	1908.22454288332	2046.69484528307	2192.61720518938	2478.36966413523	4608.64517000924	5144.38984430029	2328.81946635539
2020-12-11	2289.82016478	1898.53407520962	2043.47646086571	2191.44029697546	2450.92537411643	4656.60149436914	5242.64258180078	2346.38376414886
2020-12-12	2285.82963414124	1888.02374253613	2039.05773033391	2189.36895246967	2422.93607326447	4701.84656135384	5337.65219198374	2362.97120016077
2020-12-13	2280.8079800217	1876.75987216168	2033.47328806656	2186.47258624289	2394.51216742	4744.26592948272	5429.1377410112	2378.58463493497
2020-12-14	2274.83005796164	1864.82522807217	2026.76992031827	2182.83413553542	2365.77549844478	4783.77318942835	5516.81935103695	2393.23368559482
2020-12-15	2268.02949075141	1852.36832100164	2019.04302084655	2178.59062826532	2336.89365228493	4820.39406047627	5600.42136818183	2406.95499558168
2020-12-16	2260.55459299385	1839.55409837117	2010.40013528465	2173.89261502007	2308.04565090767	4854.18229406521	5679.66919455844	2419.79196491644
2020-12-17	2252.55367929184	1826.54750760185	2000.9488092658	2168.89064638717	2279.41051628022	4885.19164163394	5754.28823227939	2431.78799361996
2020-12-18	2244.17506424821	1813.51349611477	1990.79658842323	2163.73527295411	2251.16727036978	4913.47585462119	5824.0038834573	2442.98648171312
2020-12-19	2235.56706246584	1800.61701133101	1980.0510183902	2158.57704530836	2223.49493514358	4939.08868446572	5888.54155020475	2453.4308292168
2020-12-20	2226.87798854756	1788.02300067165	1968.81964479994	2153.56651403743	2196.57253256882	4962.08388260627	5947.62663463436	2463.16443615187
2020-12-21	2218.21634261426	1775.85292016082	1957.18344737349	2148.81434798794	2170.54199823473	4982.48684343813	6001.00920197829	2472.21263932469
2020-12-22	2209.53136685891	1764.05426023478	1945.11714218312	2144.27168904306	2145.39692221846	5000.20953318264	6048.53796994686	2480.52852268359
2020-12-23	2200.73248899248	1752.53101993285	1932.56887938889	2139.84979734512	2121.09380821917	5015.13556101768	6090.08631936996	2488.0471069624
2020-12-24	2191.72913672596	1741.18719829432	1919.48680915089	2135.45993303643	2097.58915993603	5027.14853612114	6125.52763107747	2494.70341289492
2020-12-25	2182.43073777034	1729.92679435851	1905.81908162918	2131.0133562593	2074.83948106818	5036.1320676709	6154.73528589928	2500.43246121499
2020-12-26	2172.74671983661	1718.65380716471	1891.51384698383	2126.42132715607	2052.8012753148	5041.96976484483	6177.58266466525	2505.16927265641
2020-12-27	2162.58651063574	1707.27223575223	1876.51925537491	2121.59510586903	2031.43104637503	5044.54523682081	6193.94314820529	2508.84886795302
2020-12-28	2151.85953787872	1695.68607916037	1860.7834569625	2116.44595254051	2010.68529794804	5043.74209277674	6203.69011734926	2511.40626783862
2020-12-29	2140.47522927655	1683.79933642845	1844.25460190666	2110.88512731283	1990.52053373298	5039.44394189047	6206.69695292705	2512.77649304704
2020-12-30	2128.34301254019	1671.51600659577	1826.88084036747	2104.8238903283	1970.89325742902	5031.53439333991	6202.83703576854	2512.89456431209
2020-12-31	2115.37231538065	1658.74008870163	1808.610322505	2098.17350172924	1951.75997273531	5019.89705630292	6191.98374670361	2511.6955023676
2021-01-01	2101.4725655089	1645.37558178534	1789.39119847931	2090.84522165797	1933.07718335102	5004.41553995738	6174.01046656215	2509.11432794738
2021-01-02	2086.55319063592	1631.3264848862	1769.17161845048	2082.7503102568	1914.80139297529	4984.97345348118	6148.79057617403	2505.08606178526
2021-01-03	2070.52361847271	1616.49679704351	1747.89973257859	2073.80002766805	1896.88910530729	4961.45440605219	6116.19745636914	2499.54572461506
2021-01-04	2053.31165585396	1600.80727061454	1725.54446381434	2063.9188173502	1879.30259856925	4933.77637362034	6076.16894967073	2492.43871276428
2021-01-05	2034.91862610917	1584.2456712283	1702.1578262711	2053.08385602637	1862.02724907575	4901.99479922366	6028.90074537558	2483.7519249353
2021-01-06	2015.36423169156	1566.81651783179	1677.81260685286	2041.28550373583	1845.05420766442	4866.19949267225	5974.65299447383	2473.48263542414
2021-01-07	1994.66817505436	1548.52432937196	1652.58159246361	2028.51412051787	1828.37462517291	4826.4802637762	5913.68584795561	2461.62811852686
2021-01-08	1972.85015865077	1529.37362479581	1626.53757000736	2014.76006641177	1811.97965243886	4782.92692234559	5846.25945681108	2448.18564853951
2021-01-09	1949.92988493403	1509.3689230503	1599.75332638811	2000.0137014568	1795.86044029991	4735.6292781905	5772.63397203038	2433.15249975814
2021-01-10	1925.92705635733	1488.51474308243	1572.30164850985	1984.26538569224	1780.00813959371	4684.67714112102	5693.06954460366	2416.5259464788
2021-01-11	1900.86974892247	1466.82564605048	1544.25527280274	1967.51490417152	1764.40859325955	4630.1833706323	5607.84791657198	2398.31750578177
2021-01-12	1874.81953282551	1444.35636195811	1515.68673380148	1949.7997420046	1749.02641264335	4572.35302495963	5517.33719418012	2378.59566588424
2021-01-13	1847.84635181105	1421.17166302027	1486.66851556695	1931.16680931557	1733.82090119266	4511.41421202337	5421.92707472377	2357.44315778763
2021-01-14	1820.02014962373	1397.33632145195	1457.27310216001	1911.66301622854	1718.75136235506	4447.59503974389	5322.00725549863	2334.94271249337
2021-01-15	1791.41087000815	1372.9151094681	1427.57297764154	1891.33527286762	1703.77709957811	4381.12361604155	5217.96743380041	2311.17706100287
2021-01-16	1762.08845670895	1347.9727992837	1397.64062607239	1870.2304893569	1688.85741630937	4312.22804883671	5110.1973069248	2286.22893431757
2021-01-17	1732.12285347074	1322.57416311372	1367.54853151344	1848.39557582049	1673.95161599641	4241.13644604972	4999.0865721675	2260.18106343889
2021-01-18	1701.58400403813	1296.78397317312	1337.36917802555	1825.87744238249	1659.0190020868	4168.07691560094	4885.02492682422	2233.11617936825
2021-01-19	1670.54185215576	1270.66700167688	1307.17504966958	1802.72299916699	1644.01887802809	4093.27756541074	4768.40206819064	2205.11701310706
2021-01-20	1639.06634156824	1244.28802083996	1277.03863050642	1778.97915629811	1628.91054726785	4016.96650339947	4649.60769356247	2176.26629565676
2021-01-21	1607.22741602019	1217.71180287733	1247.03240459691	1754.69282389995	1613.65331325366	3939.3718374875	4529.03150023542	2146.64675801877
2021-01-22	1575.09501925623	1191.00312000397	1217.22885600193	1729.9109120966	1598.20647943307	3860.72167559518	4407.06318550517	2116.34113119452
2021-01-23	1542.73909502097	1164.22674443483	1187.70046878235	1704.68033101217	1582.52934925364	3781.24412564287	4284.09244666743	2085.43214618541
2021-01-24	1510.22958705905	1137.44744838489	1158.51972699902	1679.04799077076	1566.58122616295	3701.16729555093	4160.50898101788	2054.00253399288
2021-01-25	1477.63846055283	1110.73085820762	1129.75227997874	1653.06784479277	1550.33204003092	3620.7229100897	4036.68565958655	2022.14199169188
2021-01-26	1445.04576643566	1084.14601681049	1101.4364381119	1626.82201968378	1533.79422641696	3540.15716142943	3912.92804834068	1989.96808065143
2021-01-27	1412.53357707865	1057.76282123948	1073.60367705482	1600.39968534569	1516.99084730282	3459.71985859031	3789.5248869818	1957.60532831411
2021-01-28	1380.18396485292	1031.65116854056	1046.28547246382	1573.89001168036	1499.94496467029	3379.66081059259	3666.76491521148	1925.17826212247
2021-01-29	1348.07900212957	1005.88095575969	1019.51329999521	1547.38216858969	1482.67964050111	3300.22982645647	3544.93687273127	1892.81140951907
2021-01-30	1316.3007612797	980.522079942866	993.318635305311	1520.96532597555	1465.21793677706	3221.67671520217	3424.32949924271	1860.62929794648
2021-01-31	1284.93131467442	955.644438136045	967.732954050441	1494.72865373983	1447.58291547991	3144.25128584991	3305.23153444735	1828.75645484725
2021-02-01	1254.04594999481	931.312065216973	942.783916482951	1468.75519916018	1429.81198201626	3068.17934981604	3187.90104468217	1797.30702867761
2021-02-02	1223.69281616175	907.565547390452	918.483921239338	1443.10351901733	1411.99991549217	2993.59072810145	3072.47340282591	1766.35365194838
2021-02-03	1193.91327740611	884.439608693047	894.84155155213	1417.82604746776	1394.25583843849	2920.59124410314	2959.05330839267	1735.95857818406
2021-02-04	1164.74869795875	861.968973161329	871.865390653862	1392.97521866795	1376.68887338613	2849.28672121811	2847.74546089662	1706.18406090914
2021-02-05	1136.24044205052	840.188364831866	849.564021777066	1368.60346677441	1359.40814286596	2779.78298284338	2738.65455985189	1677.0923536481
2021-02-06	1108.42987391228	819.132507741227	827.946028154272	1344.76322594362	1342.52276940886	2712.18585237595	2631.88530477264	1648.74570992544
2021-02-07	1081.35835777489	798.836125925979	807.019993018014	1321.50693033208	1326.14187554572	2646.60115321285	2527.542395173	1621.20638326565
2021-02-08	1055.06725786921	779.333943422692	786.794499600823	1298.88701409626	1310.37458380743	2583.13470875107	2425.73053056711	1594.53662719322
2021-02-09	1029.59793842609	760.660684267933	767.278131135231	1276.95591139267	1295.33001672485	2521.89234238762	2326.55441046913	1568.79869523264
2021-02-10	1004.9917636764	742.851072498272	748.479470853771	1255.76605637778	1281.11729682888	2462.97987751952	2230.11873439319	1544.0548409084
2021-02-11	981.290097850994	725.939832150276	730.407101988973	1235.3698832081	1267.84554665041	2406.50313754378	2136.52820185344	1520.36731774499
2021-02-12	958.534305180729	709.961687260513	713.06960777337	1215.81982604011	1255.6238887203	2352.5679458574	2045.88751236403	1497.79837926689
2021-02-13	936.765749896465	694.951361865555	696.475571439496	1197.1683190303	1244.56144556945	2301.2801258574	1958.30136543909	1476.41027899861
2021-02-14	916.025796229056	680.943580001965	680.633576219879	1179.46779633517	1234.76733972874	2252.74550094077	1873.87446059276	1456.26527046463
2021-02-15	896.349468510136	667.968331991032	665.553736173462	1162.76465228391	1226.34531302252	2207.04353819243	1792.68560799471	1437.40662961003
2021-02-16	877.746431474419	656.036673292909	651.252288664829	1147.08112189661	1219.37758444908	2164.14827944879	1714.71006043664	1419.80172206231
2021-02-17	860.220009957392	645.154925652468	637.747001884971	1132.43340036608	1213.94099230017	2124.00741023418	1639.89718136578	1403.39893586952
2021-02-18	843.773528794543	635.329410814579	625.05564402488	1118.83768288512	1210.11237486755	2086.56861607291	1568.19633422934	1388.14665907976
2021-02-19	828.410312821359	626.566450524114	613.195983275548	1106.31016464653	1207.96857044295	2051.7795824893	1499.55688247456	1373.99327974109
2021-02-20	814.133686873327	618.872366525945	602.185787827968	1094.86704084311	1207.58641731815	2019.58799500767	1433.92818954864	1360.8871859016
2021-02-21	800.946975785935	612.253480564942	592.04282587313	1084.52450666767	1209.04275378489	1989.94153915232	1371.25961889882	1348.77676560936
2021-02-22	788.853504394669	606.716114385977	582.784865602029	1075.29875731301	1212.41441813493	1962.78790044758	1311.50053397232	1337.61040691245
2021-02-23	777.856597535017	602.266589733921	574.429675205655	1067.20598797193	1217.77824866002	1938.07476441777	1254.60029821635	1327.33649785894
2021-02-24	767.959580042467	598.911228353645	566.995022875002	1060.26239383723	1225.21108365192	1915.74981658719	1200.50827507815	1317.90342649691
2021-02-25	759.165776752504	596.65635199002	560.49867680106	1054.48417010172	1234.78976140237	1895.76074248017	1149.17382800492	1309.25958087444
2021-02-26	751.478512500617	595.508282387919	554.958405174821	1049.88751195819	1246.59112020314	1878.05522762103	1100.5463204439	1301.3533490396
2021-02-27	744.901112122292	595.473341292211	550.39197618728	1046.48861459946	1260.69199834597	1862.58095753407	1054.57511584231	1294.13311904048
2021-02-28	739.436900453017	596.557850447768	546.817158029426	1044.30367321832	1277.16923412263	1849.28561774361	1011.20957764736	1287.54727892514
2021-03-01	735.085939258283	598.76176859756	544.250335206511	1043.34395763734	1296.08364230692	1838.11032830526	970.390936423149	1281.54119870185
2021-03-02	731.8352380236	602.059602476954	542.70235748082	1043.60103619817	1317.4319436009	1828.96994739971	932.027891201257	1276.04817621957
2021-03-03	729.66854316448	606.419495819414	542.182690928898	1045.06155187223	1341.19483518869	1821.77276773895	896.021008130126	1270.99849128747
2021-03-04	728.569601096438	611.809592358405	542.700801627289	1047.71214763091	1367.3530142544	1816.42708203497	862.270853358203	1266.32242371469
2021-03-05	728.522158234985	618.198035827393	544.266155652535	1051.53946644563	1395.88717798216	1812.84118299976	830.677993033933	1261.95025331039
2021-03-06	729.509960995637	625.552969959841	546.888219081182	1056.53015128781	1426.77802355609	1810.92336334529	801.142993305764	1257.81225988372
2021-03-07	731.516755793905	633.842538489216	550.576457989774	1062.67084512886	1460.00624816029	1810.58191578355	773.566420322138	1253.83872324384
2021-03-08	734.521817118686	643.0304898303	555.331325704635	1069.9418291722	1495.5196674434	1811.71358820507	747.851817321656	1249.9679470376
2021-03-09	738.486531752409	653.062991123149	561.117224551221	1078.29793754931	1533.13457091209	1814.16894921452	723.914635903535	1246.17033026266
2021-03-10	743.367814550883	663.881814189136	567.889544104767	1087.68764262368	1572.63436653754	1817.78702259513	701.673304757143	1242.42429575437
2021-03-11	749.12258036992	675.428730849634	575.603673940509	1098.0594167588	1613.80246229094	1822.40683213011	681.046252571849	1238.70826634809
2021-03-12	755.707744065331	687.645512926018	584.215003633681	1109.36173231817	1656.42226614346	1827.86740160267	661.951908037023	1235.00066487917
2021-03-13	763.080220492926	700.473932239661	593.678922759521	1121.54306166527	1700.27718606629	1834.00775479604	644.308699842035	1231.27991418298
2021-03-14	771.196924508516	713.855760611936	603.950820893264	1134.55187716359	1745.15063003061	1840.66691549344	628.035056676253	1227.52443709486
2021-03-15	780.014770967913	727.732769864217	614.986087610145	1148.33665117664	1790.8260060076	1847.68390747807	613.049407229047	1223.71265645018
2021-03-16	789.490674726926	742.046731817879	626.740112485401	1162.84585606789	1837.08672196845	1854.89775453316	599.270180189786	1219.82299508428
2021-03-17	799.581550641367	756.739418294292	639.168285094266	1178.02796420084	1883.71618588432	1862.14748044192	586.61580424784	1215.83387583254
2021-03-18	810.244313567047	771.752601114833	652.225995011977	1193.83144793898	1930.49780572642	1869.27210898758	575.004708092577	1211.72372153029
2021-03-19	821.435878359776	787.028052100874	665.86863181377	1210.2047796458	1977.21498946591	1876.11066395335	564.355320413366	1207.4709550129
2021-03-20	833.113159875366	802.507543073789	680.05158507488	1227.0964316848	2023.65114507399	1882.50216912244	554.586069899578	1203.05399911573
2021-03-21	845.233072969627	818.132845854952	694.730244370543	1244.45487641946	2069.58968052183	1888.28564827808	545.615385240581	1198.45127667413
2021-03-22	857.750146141599	833.845788088403	709.853694392445	1262.22699300758	2114.79161017383	1893.29988725411	537.363271074981	1193.63798830822
2021-03-23	870.609362463241	849.588420708858	725.345800298073	1280.35328778409	2158.92837396723	1897.38272008696	529.756035838323	1188.57644577724
2021-03-24	883.753318649739	865.302850473697	741.124122361364	1298.77267387825	2201.64901823249	1900.37174286365	522.721563915392	1183.22573862518
2021-03-25	897.124611416282	880.931184140302	757.106220856255	1317.4240644193	2242.60258930007	1902.10455167123	516.187739690969	1177.54495639602
2021-03-26	910.665837478056	896.415528466055	773.209656056685	1336.24637253649	2281.43813350043	1902.41874259675	510.082447549838	1171.49318863378
2021-03-27	924.319593550249	911.697990208338	789.351988236589	1355.17851135907	2317.80469716402	1901.15191172725	504.333571876781	1165.02952488243
2021-03-28	938.028476348047	926.720676124531	805.450777669904	1374.15939401628	2351.35132662131	1898.14165514977	498.868997056581	1158.11305468598
2021-03-29	951.73640674091	941.428291466732	821.428338222072	1393.12936639302	2381.7687809146	1893.25785599144	493.624591876955	1150.70886326149
2021-03-30	965.392602215377	955.775935465882	837.225998124548	1412.03450539679	2408.91466993368	1886.49954553969	488.568162737357	1142.80601851826
2021-03-31	978.947604412258	969.721305847638	852.789839200286	1430.82232069075	2432.68831628016	1877.89804212202	483.675500440179	1134.39958403867
2021-04-01	992.351954972363	983.222100337659	868.065943272245	1449.44032193807	2452.98904255568	1867.48466406595	478.92239578781	1125.48462340509
2021-04-02	1005.5561955365	996.236016661598	883.000392163382	1467.8360188019	2469.71617136185	1855.29072969899	474.284639582641	1116.05620019991
2021-04-03	1018.51086774549	1008.72075254512	897.539267696653	1485.9569209454	2482.76902530032	1841.34755734865	469.738022627061	1106.10937800549
2021-04-04	1031.16651324013	1020.63400571387	911.628651695015	1503.75053803173	2492.0469269727	1825.68646534244	465.25833572346	1095.63922040421
2021-04-05	1043.47367366123	1031.93347389351	925.214625981427	1521.16437972404	2497.44919898063	1808.33877200787	460.821369674228	1084.64079097845
2021-04-06	1055.38289064961	1042.57685480969	938.243272378844	1538.1459556855	2498.87516392573	1789.33579567245	456.402915281756	1073.10915331057
2021-04-07	1066.84470584607	1052.52184618808	950.660672710224	1554.64277557926	2496.22414440963	1768.70885466369	451.978763348433	1061.03937098296
2021-04-08	1077.80966089143	1061.72614575433	962.412908798523	1570.60234906849	2489.39546303396	1746.4892673091	447.524704676649	1048.42650757799
2021-04-09	1088.2282974265	1070.1474512341	973.446062466699	1585.97218581633	2478.28844240035	1722.70835193619	443.016530068795	1035.26562667803
2021-04-10	1098.05115709208	1077.74346035305	983.706215537709	1600.69979548595	2462.80240511042	1697.39742687248	438.430030327259	1021.55179186546
2021-04-11	1107.22878152899	1084.47187083682	993.13944983451	1614.73268774051	2442.8366737658	1670.58781044547	433.740996254433	1007.28006672265
2021-04-12	1115.71449904866	1090.29210803305	1001.69739362601	1628.0148211574	2418.36062293754	1642.32729307104	428.933317247133	992.452706362493
2021-04-13	1123.472784645	1095.17050777727	1009.35386096489	1640.47594997092	2389.62383507435	1612.72955351858	424.023277079884	977.100732019883
2021-04-14	1130.47089998257	1099.07513352696	1016.0882123498	1652.04227732959	2356.94594459437	1581.92474264583	419.035258121637	961.262356460239
2021-04-15	1136.6761067259	1101.97404873962	1021.87980827937	1662.64000638195	2320.64658591574	1550.04301131055	413.993642741345	944.975792448974
2021-04-16	1142.05566653953	1103.83531687276	1026.70800925224	1672.19534027653	2281.04539345658	1517.21451037049	408.922813307958	928.279252751501
2021-04-17	1146.576841088	1104.62700138385	1030.55217576705	1680.63448216186	2238.46200163504	1483.5693906834	403.847152190429	911.210950133235
2021-04-18	1150.20689203586	1104.3171657304	1033.39166832245	1687.88363518647	2193.21604486925	1449.23780310703	398.791041757709	893.809097359588
2021-04-19	1152.91881366161	1102.88122246263	1035.21037465299	1693.87801116021	2145.60805154192	1414.339602311	393.771710452038	876.109621956579
2021-04-20	1154.70853069957	1100.32398050163	1036.01029143698	1698.58885653814	2095.86212589404	1378.95345821236	388.777771008802	858.139310492635
2021-04-21	1155.57770049802	1096.65759786122	1035.79794258865	1701.99642643666	2044.18326613115	1343.14774454006	383.790682236677	839.922664296789
2021-04-22	1155.52798040527	1091.89423255523	1034.57985202222	1704.08097597216	1990.77647045882	1306.99083502301	378.791902944338	821.484184698074
2021-04-23	1154.56102776958	1086.04604259747	1032.36254365193	1704.82276026101	1935.84673708261	1270.55110339014	373.762891940462	802.848373025521
2021-04-24	1152.67849993925	1079.12518600176	1029.15254139201	1704.2020344196	1879.59906420808	1233.89692337038	368.685108033722	784.039730608165
2021-04-25	1149.88205426256	1071.14382078193	1024.95636915668	1702.19905356433	1822.23845004078	1197.09666869266	363.540010032794	765.082758775037
2021-04-26	1146.1733480878	1062.1141049518	1019.78055086018	1698.79407281158	1763.96989278627	1160.2187130859	358.309056746353	746.001958855169
2021-04-27	1141.55403876325	1052.04819652518	1013.63161041674	1693.96734727773	1704.99839065011	1123.33143027904	352.973706983075	726.821832177594
2021-04-28	1136.0257836372	1040.9582535159	1006.51607174058	1687.69913207917	1645.52894183787	1086.50319400099	347.515419551634	707.566880071345
2021-04-29	1129.59024005793	1028.85643393778	998.440458745933	1679.96968233229	1585.76654455509	1049.80237798069	341.915653260707	688.261603865455
2021-04-30	1122.24906537373	1015.75489580464	989.411295347032	1670.75925315348	1525.91619700733	1013.29735594706	336.155866918968	668.930504888953
2021-05-01	1114.00391693289	1001.66579713029	979.435105458105	1660.04809965911	1466.18289740016	977.056501629026	330.217519335092	649.598084470875
2021-05-02	1104.85645208368	986.601295928563	968.518412993383	1647.81647696559	1406.77164393912	941.148188755522	324.082069317754	630.288843940252
2021-05-03	1094.81657454649	970.585248543869	956.677890735085	1634.05709252011	1347.86925134407	905.635454680148	317.735822705555	611.027069052078
2021-05-04	1083.92717352996	953.688304643001	943.970806937396	1618.81246309321	1289.589800392	870.559991255217	311.184473456795	591.836183265195
2021-05-05	1072.23938461487	935.992812223347	930.464578722493	1602.13755778621	1232.02918837418	835.958153957714	304.438562559697	572.739394464406
2021-05-06	1059.80434338197	917.581119282294	916.226623212551	1584.08734570047	1175.28331258189	801.86629826463	297.508631002486	553.759910534513
2021-05-07	1046.67318541199	898.535573817229	901.324357529745	1564.71679593732	1119.44807030641	768.320779652951	290.405219773387	534.92093936032
2021-05-08	1032.89704628571	878.938523825539	885.825198796253	1544.08087759812	1064.61935883901	735.357953599664	283.138869860625	516.24568882663
2021-05-09	1018.52706158386	858.872317304612	869.796564134249	1522.2345597842	1010.89307547097	703.014175581758	275.720122252423	497.757366818246
2021-05-10	1003.61115684432	838.41502300189	853.302819884672	1499.2321528511	958.354381513394	671.322350106172	268.163603300851	479.478353898534
2021-05-11	988.184417433386	817.627592665025	836.396129263503	1475.12533217115	907.045494356647	640.301577799632	260.500280813357	461.427721345107
2021-05-12	972.278718674493	796.566698791729	819.125604705487	1449.96511437084	856.99789541093	609.96750831882	252.765207961232	443.623713114142
2021-05-13	955.925935891058	775.289013879711	801.540358645367	1423.8025160767	808.243066086441	580.335791320417	244.993437915768	426.084573161818
2021-05-14	939.157944406505	753.85121042668	783.689503517889	1396.68855391523	760.812487793375	551.422076461101	237.220023848259	408.828545444312
2021-05-15	922.006619544256	732.309960930346	765.622151757795	1368.67424451295	714.737641941928	523.242013397553	229.480018929995	391.8738739178
2021-05-16	904.503836627734	710.721937888418	747.387415799831	1339.81060449637	670.050009942298	495.811251786454	221.80847633227	375.238802538459
2021-05-17	886.681470980361	689.143813798605	729.034408078741	1310.148650492	626.781073204681	469.145441284482	214.240449226374	358.941575262468
2021-05-18	868.57139792556	667.632261158617	710.612241029267	1279.73939912636	584.962313139272	443.260231548317	206.810990783602	343.000436046002
2021-05-19	850.205492786753	646.243952466163	692.170027086156	1248.63386702595	544.62521115627	418.17127223464	199.555154175244	327.43362884524
2021-05-20	831.615630887363	625.035560218953	673.756878684151	1216.88307081729	505.801248665869	393.894213000131	192.507992572593	312.259397616358
2021-05-21	812.833687550814	604.063756914697	655.421908257997	1184.53802712689	468.521907078269	370.44470350147	185.704559146941	297.495986315535
2021-05-22	793.891538100526	583.385215051102	637.214228242435	1151.64975258126	432.818667803661	347.838393395335	179.17990706958	283.161638898945
2021-05-23	774.821057859922	563.056607125879	619.182951072212	1118.26926380691	398.723012252244	326.090932338407	172.969089511803	269.274599322767
2021-05-24	755.657921996065	543.130310470531	601.376852906543	1084.45880468279	366.257248018852	305.215423244952	167.10672667525	255.84959330685
2021-05-25	736.453005050586	523.641521751739	583.843364802525	1050.32552809753	335.406987436866	285.214782059581	161.625706882964	242.887273625727
2021-05-26	717.260981408752	504.621142469979	566.62958154173	1015.98781419221	306.148669024305	266.089377984488	156.558485488336	230.384774817606
2021-05-27	698.136525455833	486.100074125725	549.782597905726	981.564043107895	278.458731299188	247.839580221871	151.937517844755	218.339231420693
2021-05-28	679.134311577099	468.109218219452	533.349508676085	947.172594985662	252.313612779534	230.465757973926	147.795259305614	206.747777973194
2021-05-29	660.309014157818	450.679476251636	517.377408634376	912.93184996658	227.68975198336	213.968280442849	144.164165224304	195.607549013315
2021-05-30	641.71530758326	433.841749722752	501.913392562168	878.96018819172	204.563587428686	198.347516830835	141.076690954215	184.915679079263
2021-05-31	623.407719336603	417.62513563615	487.003389506673	845.372055197565	182.909320938374	183.604109072983	138.568182809103	174.672785597211
2021-06-01	605.440189292652	402.051513006687	472.68866557767	812.266158102242	162.692207554658	169.739790035994	136.685550944185	164.893417545205
2021-06-02	587.866510424119	387.140956352089	459.009321150576	779.737269419288	143.875265624611	156.756565319467	135.478596475044	155.595606789254
2021-06-03	570.740475703719	372.913540190089	446.00545660081	747.880161662242	126.421513495313	144.656440523006	134.99712051726	146.797385195371
2021-06-04	554.115878104165	359.389339038417	433.717172303792	716.789607344644	110.293969513839	133.441421246211	135.290924186417	138.516784629568
2021-06-05	538.04651059817	346.588427414803	422.18456863494	686.560378980032	95.4556520272659	123.113513088684	136.409808598095	130.771836957857
2021-06-06	522.586166158448	334.530879836978	411.447745969674	657.287249081944	81.8695793826702	113.674721650027	138.403574867878	123.58057404625
2021-06-07	507.788637757713	323.236770822671	401.546804683413	629.064990163919	69.4987699271283	105.127052529842	141.322024111346	116.961027760758
2021-06-08	493.707718368677	312.726174889612	392.521845151575	601.988374739496	58.3062420077167	97.4725113277299	145.214957444082	110.931229967393
2021-06-09	480.397200964055	303.019166555533	384.41296774958	576.152175322214	48.255013971512	90.7131036432926	150.132175981667	105.509212532167
2021-06-10	467.910878516559	294.135820338163	377.260272852847	551.65116442561	39.3081041655906	84.8508350761316	156.123480839685	100.713007321092
2021-06-11	456.302543998903	286.096210755233	371.103860836794	528.580114563224	31.428530937029	79.8877112258486	163.238673133715	96.5606462001801
2021-06-12	445.625990383802	278.920412324474	365.983832076842	507.033798248595	24.5793126329041	75.8257376920453	171.527553979341	93.0701610354426
2021-06-13	435.935010643966	272.628499563613	361.940286948407	487.10698799526	18.7234676002914	72.6669200743229	181.039924492145	90.2595836928909
2021-06-14	427.2826179745	267.241153650138	359.010548019489	468.885701912439	13.826989235243	70.4140247550546	191.824567496417	88.1473317632414
2021-06-15	419.718706460058	262.78148240055	357.220826628401	452.420940492076	9.86777112971003	69.0728612476988	203.926192651287	86.7533657360267
2021-06-16	413.292390407686	259.273200291106	356.594556306036	437.754949821794	6.82668192461875	68.6499998484851	217.388491324593	86.0980318254832
2021-06-17	408.052784124428	256.740021798064	357.155170583285	424.929975989219	4.68459026089537	69.1520108536432	232.255154884173	86.2016762458476
2021-06-18	404.04900191733	255.20566139768	358.92610299104	413.988265081974	3.42236477946609	70.5854645594029	248.569874697865	87.0846452113567
2021-06-19	401.330158093435	254.693833566211	361.930787060195	404.972063187683	3.02087412125714	72.9569312619938	266.376342133508	88.7672849362469
2021-06-20	399.945366959788	255.228252779915	366.192656321641	397.923616393972	3.46098692719472	76.2729812576456	285.71824855894	91.269941634755
2021-06-21	399.943742823434	256.832633515047	371.735144306271	392.885170788463	4.72357183820505	80.540184842588	306.639285341999	94.6129615211176
2021-06-22	401.374399991418	259.530690247866	378.581684544977	389.898972458782	6.78949749521416	85.7651123130502	329.183143850521	98.8166908095711
2021-06-23	404.286452770784	263.346137454627	386.755710568651	389.007267492552	9.63963253914857	91.9543339652629	353.393515452349	103.901475714352
2021-06-24	408.729015468577	268.302689611589	396.280655908185	390.252301977398	13.2548456109344	99.1144200954551	379.314091515319	109.887662449698
2021-06-25	414.751202391841	274.424061195007	407.179954094472	393.676322000944	17.6160053514978	107.251940999857	406.988563407269	116.795597229845
2021-06-26	422.402127847622	281.73396668114	419.477038658405	399.321573650814	22.703980401765	116.373466974697	436.460622496038	124.64562626903
2021-06-27	431.730906142964	290.256120546243	433.195343130874	407.230303014632	28.4996394026622	126.485568316207	467.773960149463	133.458095781488
2021-06-28	442.78282249791	300.013266483148	448.353711608044	417.440200642429	34.9869762145119	137.593714913785	500.963242251422	143.252889970886
2021-06-29	455.587845784495	311.024265050976	464.952630447154	429.970734933857	42.1624855752218	149.698975029511	536.027032749949	154.048044998596
2021-06-30	470.172115787753	323.307006025424	482.987996570716	444.836818750972	50.0257874420959	162.801316518637	572.954870109116	165.861135015423
2021-07-01	486.561772292717	336.879379182187	502.455706901242	462.053364955833	58.576501772438	176.900707236412	611.736292792995	178.709734172167
2021-07-02	504.782955084422	351.759274296962	523.351658361242	481.635286410497	67.814248523552	191.997115038086	652.36083926566	192.611416619631
2021-07-03	524.861803947899	367.964581145444	545.671747873227	503.59749597702	77.7386476527412	208.090507778909	694.818047991179	207.583756508617
2021-07-04	546.824458668184	385.513189503329	569.411872359711	527.954906517463	88.349319117311	225.180853314133	739.097457433632	223.644327989929
2021-07-05	570.68828634731	404.415262143988	594.559471874421	554.71233774723	99.6441725421138	243.261419316984	785.170993325221	240.805066133465
2021-07-06	596.435563355307	424.650053831486	621.068158995961	583.834236795115	111.614276222201	262.298672732592	832.940130470685	259.055349685511
2021-07-07	624.039793379205	446.189092327565	648.883089434151	615.274957643261	124.248988120171	282.252380324065	882.288730942895	278.378918311452
2021-07-08	653.474480106033	469.003905393964	677.949418898811	648.988854273808	137.537666198625	303.082308854509	933.100656814722	298.75951167667
2021-07-09	684.713127222822	493.066020792425	708.212303099764	684.930280668901	151.469668420164	324.748225087031	985.259770159037	320.180869446549
2021-07-10	717.729238416601	518.346966284687	739.616897746829	723.05359081068	166.034352747386	347.209895784739	1038.64993304871	342.626731286472
2021-07-11	752.4963173744	544.818269632491	772.108358549827	763.313138681288	181.221077142892	370.42708771074	1093.15500755662	366.080836861823
2021-07-12	788.987867783249	572.451458597578	805.631841218579	805.663278262867	197.019199569282	394.35956762814	1148.65885575563	390.526925837985
2021-07-13	827.177393330178	601.218060941688	840.132501462906	850.05836353756	213.418077989157	418.967102300047	1205.04533971862	415.948737880342
2021-07-14	867.038397702214	631.08960442656	875.555494992627	896.452748487504	230.407070365114	444.209458489565	1262.19832151845	442.330012654275
2021-07-15	908.544384586393	662.037616813937	911.845977517566	944.800787094849	247.975534659756	470.046402959807	1320.001663228	469.654489825171
2021-07-16	951.66885766974	694.033625865559	948.949104747542	995.056833341733	266.112828835682	496.437702473875	1378.33922692014	497.905909058412
2021-07-17	996.385320639287	727.049159343167	986.810032392377	1047.1752412103	284.808310855493	523.343123794879	1437.09487466774	527.068010019381
2021-07-18	1042.66727718206	761.0557450085	1025.37391616189	1101.11036468269	304.051338681788	550.722433685924	1496.15246854368	557.124532373462
2021-07-19	1090.47664590115	796.012263201134	1064.58876450274	1156.80252909484	323.828532092959	578.530781573574	1555.37386589875	588.054328195064
2021-07-20	1139.7290050638	831.827004571986	1104.41399680894	1214.13594519785	344.115558130566	606.704847538215	1614.53290519551	619.816699194704
2021-07-21	1190.32834785333	868.395612349806	1144.81188521132	1272.98079509663	364.885345651962	635.176694323689	1673.38142017444	652.366059491924
2021-07-22	1242.17866745306	905.613729763346	1185.74470184074	1333.20726089608	386.110823514499	663.878384673838	1731.67124457602	685.656823206265
2021-07-23	1295.1839570463	943.377000041357	1227.17471882804	1394.68552470109	407.764920575529	692.741981332505	1789.15421214075	719.643404457272
2021-07-24	1349.24820981635	981.581066412591	1269.06420830406	1457.28576861657	429.820565692403	721.699547043531	1845.58215660909	754.280217364484
2021-07-25	1404.27541894653	1020.1215721058	1311.37544239964	1520.87817474741	452.250687722474	750.683144550758	1900.70691172153	789.521676047443
2021-07-26	1460.15961098885	1058.89019907866	1354.05766059175	1585.32364508949	475.02689105959	779.628375322909	1954.30108738736	825.315826228992
2021-07-27	1516.7549459701	1097.76278420459	1397.00797174176	1650.44596120256	498.115482243577	808.484995728222	2006.22039819103	861.585240045152
2021-07-28	1573.90561728575	1136.61120308591	1440.11045205714	1716.05962453736	521.481443350758	837.206300859812	2056.34133488581	898.246121235242
2021-07-29	1631.4558183313	1175.30733132498	1483.24917774538	1781.97913654459	545.089756457454	865.745585810797	2104.54038822495	935.214673538583
2021-07-30	1689.24974250222	1213.72304452412	1526.30822501396	1848.018998675	568.905403639988	894.056145674295	2150.6940489617	972.407100694493
2021-07-31	1747.131583194	1251.73021828567	1569.17167007036	1913.9937123793	592.893366974681	922.091275543421	2194.67880784933	1009.73960644229
2021-08-01	1804.94553380213	1289.20072821198	1611.72358912207	1979.71777910823	617.018628537856	949.804270511293	2236.3711556411	1047.1283945213
2021-08-02	1862.53578772208	1326.00644990537	1653.84805837656	2045.00570031251	641.246170405834	977.148425671027	2275.64758309025	1084.48966867084
2021-08-03	1919.74653834935	1362.01925896819	1695.42915404132	2109.67197744286	665.540974654938	1004.07703611574	2312.38458095006	1121.73963263022
2021-08-04	1976.42197907941	1397.11103100277	1736.35095232382	2173.53111195001	689.86802336149	1030.54339693855	2346.45863997377	1158.79449013878
2021-08-05	2032.40630330774	1431.15364161146	1776.49752943156	2236.39760528469	714.192298601809	1056.50080323258	2377.74625091465	1195.57044493581
2021-08-06	2087.54370442985	1464.01896639658	1815.75296157201	2298.08595889762	738.478782452221	1081.90255009093	2406.12390452595	1231.98370076066
2021-08-07	2141.67837584119	1495.57888096049	1854.00132495266	2358.41067423953	762.692456989048	1106.70193260674	2431.46809156093	1267.95046135264
2021-08-08	2194.65451093727	1525.7052609055	1891.12669578098	2417.18625276115	786.79830428861	1130.8522458731	2453.65530277285	1303.38693045106
2021-08-09	2246.32813168438	1554.2907411183	1927.02142503478	2474.24353080628	810.766626472235	1154.3137096407	2472.58882771582	1338.21573828691
2021-08-10	2296.60257433213	1581.31099362281	1961.61096277317	2529.47868429099	834.589005841277	1177.07424229035	2488.27915114738	1372.38522105787
2021-08-11	2345.39300370092	1606.76244972732	1994.82903382558	2582.80422402445	858.262344742093	1199.12868686043	2500.76355662592	1405.85014145327
2021-08-12	2392.61458461117	1630.64154074008	2026.60936302144	2634.13266081582	881.783545521042	1220.47188638933	2510.07932770985	1438.56526216244
2021-08-13	2438.18248188331	1652.94469796938	2056.88567519017	2683.37650547426	905.149510524482	1241.09868391542	2516.26374795754	1470.48534587474
2021-08-14	2482.01186033774	1673.66835272347	2085.5916951612	2730.44826880892	928.357142098771	1261.00392247708	2519.35410092739	1501.56515527948
2021-08-15	2524.01788479488	1692.80893631063	2112.66114776397	2775.26046162896	951.403342590266	1280.18244511268	2519.3876701778	1531.75945306601
2021-08-16	2564.12663474585	1710.36857296534	2138.04267852815	2817.7400192721	974.283664919153	1298.62853860184	2516.41415948261	1561.02717845483
2021-08-17	2602.30784836452	1726.37215862691	2161.74461578437	2857.8715751903	996.988264300902	1316.33426468914	2510.53295347743	1589.34397679113
2021-08-18	2638.54217849548	1740.85028216086	2183.79020856349	2895.65418736406	1019.50594652481	1333.29112886038	2501.85585701333	1616.68966995125
2021-08-19	2672.81027798331	1753.83353243273	2204.2027058964	2931.08691377391	1041.82551738018	1349.49063660139	2490.49467494138	1643.04407981152
2021-08-20	2705.09279967258	1765.35249830802	2223.00535681396	2964.16881240035	1063.93578265631	1364.92429339797	2476.56121211263	1668.38702824831
2021-08-21	2735.37039640787	1775.43776865227	2240.22141034705	2994.8989412239	1085.82554814248	1379.58360473594	2460.16727337816	1692.69833713795
2021-08-22	2763.62372103376	1784.119932331	2255.87411552653	3023.27635822507	1107.48361962801	1393.46007610111	2441.42466358902	1715.95782835679
2021-08-23	2789.83342639483	1791.42957820973	2269.98672138329	3049.30012138438	1128.89880290219	1406.5452129793	2420.44518759628	1738.14532378117
2021-08-24	2813.98016533566	1797.39729515398	2282.5824769482	3072.96928868234	1150.05990375431	1418.83052085632	2397.340650251	1759.24064528744
2021-08-25	2836.04459070082	1802.05367202929	2293.68463125211	3094.28291809946	1170.95572797368	1430.30750521798	2372.22285640426	1779.22361475195
2021-08-26	2856.00735533489	1805.42929770117	2303.31643332592	3113.24006761626	1191.57508134958	1440.9676715501	2345.2036109071	1798.07405405104
2021-08-27	2873.84911208246	1807.55476103514	2311.50113220049	3129.83979521325	1211.90676967132	1450.80252533849	2316.39471861061	1815.77178506105
2021-08-28	2889.5505137881	1808.46065089674	2318.2619769067	3144.08115887095	1231.9395987282	1459.80357206896	2285.90798436583	1832.29662965834
2021-08-29	2903.09221329639	1808.17755615148	2323.62221647541	3155.96321656987	1251.66237430951	1467.96231722733	2253.85521302384	1847.62840971924
2021-08-30	2914.46861069109	1806.74238149251	2327.61098077991	3165.50519979045	1271.0672905289	1475.2674692537	2220.36188482303	1861.74326901334
2021-08-31	2923.72909501275	1804.21729492349	2330.28092306316	3172.80703401286	1290.16009479741	1481.69654840534	2185.60818155113	1874.60263888313
2021-09-01	2930.93680254107	1800.67078027568	2331.69057741052	3177.98881821719	1308.94992285043	1487.2242778938	2149.7879603832	1886.16427256434
2021-09-02	2936.15486955578	1796.17132138038	2331.89847790736	3181.17065138355	1327.44591042336	1491.82538093063	2113.09507849428	1896.38592329268
2021-09-03	2939.44643233661	1790.78740206885	2330.96315863905	3182.47263249203	1345.65719325158	1495.4745807274	2075.72339305944	1905.2253443039
2021-09-04	2940.87462716327	1784.58750617236	2328.94315369095	3182.01486052273	1363.59290707049	1498.14660049565	2037.86676125373	1912.64028883372
2021-09-05	2940.50259031548	1777.64011752221	2325.89699714843	3179.91743445574	1381.26218761548	1499.81616344695	1999.71904025222	1918.58851011786
2021-09-06	2938.39395111216	1770.00980117388	2321.88248551443	3176.29177017339	1398.67292327816	1500.4649821013	1961.45711070708	1923.03208905995
2021-09-07	2934.61431102905	1761.74544707975	2316.95446496224	3171.21455116687	1415.82801307509	1500.10272621253	1923.18994717898	1925.95041723523
2021-09-08	2929.22976458108	1752.89202641643	2311.16704408268	3164.7537778296	1432.72910867902	1498.74605484291	1885.00954770569	1927.32721388684
2021-09-09	2922.30640628317	1743.49451036052	2304.57433146661	3156.97745055499	1449.37786176274	1496.41162705472	1847.00791032502	1927.14619825791
2021-09-10	2913.91033065026	1733.59787008862	2297.23043570489	3147.95356973646	1465.77592399902	1493.11610191024	1809.27703307474	1925.39108959158
2021-09-11	2904.10763219728	1723.24707677733	2289.18946538835	3137.75013576744	1481.92494706062	1488.87613847174	1771.90891399263	1922.04560713098
2021-09-12	2892.96440543915	1712.48710160325	2280.50552910785	3126.43514904133	1497.82658262031	1483.70839580151	1734.9955511165	1917.09347011926
2021-09-13	2880.54674489081	1701.36291574298	2271.23273545424	3114.07660995156	1513.48248235087	1477.62953296182	1698.62894248412	1910.51839779956
2021-09-14	2866.9207450672	1689.91949037312	2261.42519301836	3100.74251889154	1528.89429792508	1470.65620901494	1662.90108613328	1902.304109415
2021-09-15	2852.15250048323	1678.20179667029	2251.13701039106	3086.5008762547	1544.06368101569	1462.80508302316	1627.90398010177	1892.43432420873
2021-09-16	2836.30810565385	1666.25480581107	2240.42229616319	3071.41968243445	1558.99228329548	1454.09281404876	1593.72962242736	1880.89276142389
2021-09-17	2819.45365509397	1654.12348897206	2229.33515892561	3055.5669378242	1573.68175643723	1444.536061154	1560.47001114786	1867.6631403036
2021-09-18	2801.65524331854	1641.85281732988	2217.92970726914	3039.01064281737	1588.13375211369	1434.15148340117	1528.21714430105	1852.72918009102
2021-09-19	2782.97896484248	1629.48776206112	2206.26004978466	3021.8187978074	1602.34992199766	1422.95573985255	1497.0630199247	1836.07460002927
2021-09-20	2763.48969588601	1617.06915631208	2194.38434794683	3004.04938978605	1616.32478591999	1410.97775933013	1467.07773561783	1817.69883703669
2021-09-21	2743.24743949044	1604.62128110787	2182.37697476565	2985.72035213865	1630.02433634397	1398.29554969477	1438.24378722428	1797.66419873236
2021-09-22	2722.3109804024	1592.16427944329	2170.31635613495	2966.83960484888	1643.40743389097	1384.99938856707	1410.52177014915	1776.04871041059
2021-09-23	2700.73910336848	1579.71829431315	2158.28091794857	2947.41506790041	1656.43293918239	1371.17955356761	1383.8722797975	1752.93039736564
2021-09-24	2678.5905931353	1567.30346871226	2146.34908610033	2927.45466127694	1669.05971283959	1356.92632231696	1358.25591157441	1728.38728489182
2021-09-25	2655.92423444945	1554.93994563541	2134.59928648407	2906.96630496214	1681.24661548397	1342.32997243572	1333.63326088495	1702.4973982834
2021-09-26	2632.79881205755	1542.64786807742	2123.10994499361	2885.9579189397	1692.95250773689	1327.48078154448	1309.9649231342	1675.33876283467
2021-09-27	2609.26876725519	1530.44318103549	2111.95090382948	2864.4389698122	1704.14040974153	1312.45737869769	1287.21480270051	1646.99322006084
2021-09-28	2585.37116753386	1518.32503751648	2101.15767041897	2842.42511065784	1714.78997972818	1297.29179868538	1265.36003985527	1617.55787636081
2021-09-29	2561.13873693404	1506.28839252963	2090.75716849607	2819.93354117373	1724.8850354489	1282.00442773144	1244.38108384316	1587.13365435438
2021-09-30	2536.60419949621	1494.3282010842	2080.77632179478	2796.98146105697	1734.40939465575	1266.61565205978	1224.25838390886	1555.82147666136
2021-10-01	2511.80027926084	1482.43941818944	2071.24205404909	2773.58607000466	1743.34687510083	1251.14585789428	1204.97238929704	1523.72226590156
2021-10-02	2486.75970026842	1470.6169988546	2062.18128899299	2749.7645677139	1751.68129453618	1235.61543145886	1186.50354925238	1490.9369446948
2021-10-03	2461.51518655942	1458.85589808893	2053.62095036046	2725.5341538818	1759.39647071389	1220.0447589774	1168.83231301954	1457.56643566089
2021-10-04	2436.09946217431	1447.15107090169	2045.5879618855	2700.91202820546	1766.47622138601	1204.45422667381	1151.93912984321	1423.71166141964
2021-10-05	2410.54525115358	1435.49747230213	2038.1092473021	2675.91539038198	1772.90436430463	1188.86422077198	1135.80444896805	1389.47354459087
2021-10-06	2384.88527753771	1423.89005729949	2031.21173034426	2650.56144010846	1778.66471722181	1173.29512749582	1120.40871963875	1354.95300779437
2021-10-07	2359.15226536716	1412.32378090304	2024.92233474595	2624.867377082	1783.74109788962	1157.76733306922	1105.73239109997	1320.25097364997
2021-10-08	2333.37893868243	1400.79359812203	2019.26798424118	2598.85040099972	1788.11732406013	1142.30122371609	1091.7559125964	1285.46836477748
2021-10-09	2307.59802152398	1389.2944639657	2014.27560256393	2572.52771155871	1791.77721348541	1126.91718566031	1078.45973337269	1250.70610379671
2021-10-10	2281.84223793229	1377.8213334433	2009.9721134482	2545.91650845607	1794.70458391753	1111.63560512579	1065.82430267354	1216.06511332746
2021-10-11	2256.13822486635	1366.36994269369	2006.37076117837	2519.03395193266	1796.89598858426	1096.47189883421	1053.82587075231	1181.62806695297
2021-10-12	2230.48827095915	1354.93915237401	2003.43007224045	2491.89704440432	1798.39892261616	1081.42160549836	1042.42389189718	1147.40464211013
2021-10-13	2204.88857776219	1343.52860427102	2001.09489367083	2464.52274883067	1799.27361661949	1066.4752943288	1031.57362140504	1113.38626719925
2021-10-14	2179.33534682698	1332.13794017145	1999.31007250592	2436.9280281713	1799.58030120052	1051.62353453609	1021.23031457277	1079.56437062062
2021-10-15	2153.82477970502	1320.76680186207	1998.02045578211	2409.12984538582	1799.3792069655	1036.85689533082	1011.34922669724	1045.93038077455
2021-10-16	2128.35307794781	1309.4148311296	1997.17089053581	2381.14516343382	1798.73056452069	1022.16594592354	1001.88561307534	1012.47572606135
2021-10-17	2102.91644310685	1298.08166976081	1996.70622380342	2352.99094527491	1797.69460447236	1007.54125552482	992.794729003959	979.191834881334
2021-10-18	2077.51107673363	1286.76695954244	1996.57130262133	2324.6841538687	1796.33155742677	992.973393345235	984.031829779966	946.070135634794
2021-10-19	2052.13318037968	1275.47034226122	1996.71097402595	2296.24175217478	1794.70165399017	978.452928595346	975.552170700247	913.102056722044
2021-10-20	2026.77895559648	1264.19145970392	1997.07008505368	2267.68070315275	1792.86512476884	963.97043048572	967.311007061683	880.279026543383
2021-10-21	2001.44460393553	1252.92995365727	1997.59348274091	2239.01796976223	1790.88220036902	949.516468226926	959.263594161155	847.592473499121
2021-10-22	1976.12632694834	1241.68546590803	1998.22601412405	2210.2705149628	1788.81311139698	935.081611029532	951.365187295545	815.033825989562
2021-10-23	1950.82032618642	1230.45763824293	1998.91252623949	2181.45530171408	1786.71808845899	920.656428104104	943.571041761735	782.594512415013
2021-10-24	1925.52280320125	1219.24611244873	1999.59786612365	2152.58929297567	1784.6573621613	906.231488661211	935.836412856606	750.265961175779
