date	state	King	Snohomish	Pierce	Ann Arbor	Boston	San Diego	DC
2020-01-26	0	0	0	0	0	0	0	0
2020-01-27	0	0	0	0	0	0	0	0
2020-01-28	0	0	0	0	0	0	0	0
2020-01-29	0	0	0	0	0	0	0	0
2020-01-30	0	0	0	0	0	0	0	0
2020-01-31	0	0	0	0	0	0	0	0
2020-02-01	0	0	0	0	0	0	0	0
2020-02-02	0	0	0	0	0	0	0	0
2020-02-03	0	0	0	0	0	0	0	0
2020-02-04	0	0	0	0	0	0	0	0
2020-02-05	0	0	0	0	0	0	0	0
2020-02-06	0	0	0	0	0	0	0	0
2020-02-07	0	0	0	0	0	0	0	0
2020-02-08	0	0	0	0	0	0	0	0
2020-02-09	0	0.191629586201109	0	0	0	0	0	0
2020-02-10	0	0.489509537289782	0	0	0	0	0	0
2020-02-11	0.0621053002863165	0.799035634364056	0	0	0	0	0	0
2020-02-12	0.204993127737766	1.12110817569667	0.129691056423521	0	0	0	0	0
2020-02-13	0.355149223432219	1.45662745956036	0.313967098611755	0	0	0	0	0
2020-02-14	0.513082778245436	1.80649378422787	0.508321107255693	0	0	0	0	0
2020-02-15	0.679302983053177	2.17160744797193	0.71341808975654	0	0	0	0	0
2020-02-16	0.854319028731205	2.55286874906528	0.929923053515498	0	0	0	0	0
2020-02-17	1.03863786219286	2.95111995477147	1.15851439445133	0	0	0	0	0
2020-02-18	1.23275745450179	3.36697120831722	1.39992406255308	0	0	0	0	0
2020-02-19	1.43717353275925	3.80097462192006	1.65489739632733	0.00952428625921048	0	0	0	0
2020-02-20	1.65238182406646	4.25368230779752	1.92417973428069	0.0765695818526296	0	0	0	0
2020-02-21	1.87887805552467	4.72564637816714	2.20851641491974	0.149577398845995	0	0	0	0
2020-02-22	2.1171579542351	5.21741894524645	2.50865277675108	0.228950630206769	0	0	0	0
2020-02-23	2.367717247299	5.72955212125298	2.8253341582813	0.315092168902417	0	0	0	0
2020-02-24	2.630920111498	6.26235030599411	3.15911305786965	0.408363790901614	0	0	0	0
2020-02-25	2.90660452233525	6.81512704963669	3.50977061328587	0.508962804177908	0	0	0	0
2020-02-26	3.19447690499432	7.38694818993741	3.87689512215236	0.617045399706056	0.101628344302906	0	0	0
2020-02-27	3.49424368465877	7.97687956465297	4.26007488209153	0.732767768460818	0.318643452110443	0	0.0384096949984734	0
2020-02-28	3.80561128651215	8.58398701154007	4.65889819072576	0.856286101416954	0.556269743399152	0	0.091430396071809	0
2020-02-29	4.12828613573803	9.2073363683554	5.07295334567746	0.987756589549224	0.815403602311373	0	0.149436522601109	0
2020-03-01	4.46197465751995	9.84599347285565	5.50182864456901	1.12733542383239	1.09694141298944	0	0.212646142079219	0
2020-03-02	4.80638327704148	10.4990241627975	5.94511238502281	1.2751787952412	1.4017795595757	0	0.281277321998988	0.204745759466411
2020-03-03	5.16121841948618	11.1654942759377	6.40239286466126	1.43144289475043	1.73081442621249	0.928401329755913	0.355548129853263	0.6897643576211
2020-03-04	5.52618651003759	11.844469650033	6.87325838110677	1.59628391333483	2.08494239704215	1.96217842584714	0.435676633134891	1.22187292101582
2020-03-05	5.90099397387929	12.5350161228399	7.35729723198171	1.76985804196917	2.465059856207	3.0935948998352	0.52188089933672	1.80319676742814
2020-03-06	6.28534723619481	13.2361995321153	7.85409771490849	1.95232147162819	2.87206318784941	4.32691944425296	0.614378995951596	2.43586121463565
2020-03-07	6.67895272216774	13.9470857156158	8.3632481275095	2.14383039328667	3.3068487761117	5.66642075163327	0.713388990472369	3.12199158041592
2020-03-08	7.08151685698162	14.666740511098	8.88433676740715	2.34454099791936	3.77031300513621	7.11636751450897	0.819128950391883	3.86371318254653
2020-03-09	7.49256520178743	15.3939241529885	9.41668979566618	2.55452105984888	4.26325164286348	8.68113319506303	0.931796230539298	4.66316121052759
2020-03-10	7.9108998616059	16.1261744623923	9.95858482712085	2.77348468678933	4.78605799242693	10.3655103340788	1.05150533508901	5.52251034074936
2020-03-11	8.33514207742517	16.8607236570842	10.5080373400478	3.00105756980268	5.33902474075813	12.1743962419899	1.17835005555174	6.44394512132465
2020-03-12	8.76391309023337	17.594803954839	11.0630628127235	3.23686539995087	5.92244457478869	14.1126882292296	1.31242418343818	7.42965010036624
2020-03-13	9.19583414101865	18.3256475734316	11.6216767234248	3.48053386829587	6.53661018145021	16.1852836062316	1.45382151025905	8.48180982598692
2020-03-14	9.62952647076916	19.0504867306367	12.181894550428	3.73168866589964	7.18181424767429	18.3970796834293	1.60263582752505	9.6026088462995
2020-03-15	10.063611320473	19.7665536442292	12.74173177201	3.98995548382414	7.85834946039253	20.7529737712562	1.75896092674691	10.7942317094168
2020-03-16	10.4966232752139	20.4711141388997	13.2990550433554	4.25484271257926	8.56614198936503	23.2563474241796	1.92280738228151	12.0581566579118
2020-03-17	10.9267502964575	21.1615684670025	13.8511357272814	4.5253895404667	9.3036519356659	25.9045191728024	2.09385289987053	13.3930367121983
2020-03-18	11.3520936897649	21.8353504878077	14.3950963635134	4.80051785523607	10.0689728831977	28.6932917917611	2.27169196810182	14.7968185871507
2020-03-19	11.7707547606974	22.4898940605853	14.9280594917768	5.079149544637	10.8601984158631	31.6184680556926	2.45591907556325	16.267448997643
2020-03-20	12.1808348148162	23.1226330446056	15.4471476517968	5.36020649641912	11.6754221175647	34.6758507392333	2.64612871084267	17.8028746585494
2020-03-21	12.5804351576823	23.7310012991387	15.9494833832989	5.64261059833204	12.5127375722051	37.8612426170199	2.84191536252794	19.4010422847439
2020-03-22	12.967657094857	24.3124326834545	16.4321892260084	5.92528373812541	13.3702383636868	41.1704464636892	3.04287351920692	21.0598985911009
2020-03-23	13.3406019319015	24.8643610568233	16.8923877196506	6.20714780354883	14.2460180759126	44.5992650538777	3.24859766946747	22.7773902924943
2020-03-24	13.6973709743769	25.3842202785152	17.3272014039509	6.48712468235193	15.1381702927849	48.1435011622222	3.45868230189745	24.5514641037984
2020-03-25	14.0360655278445	25.8694442078003	17.7337528186346	6.76413626228435	16.0447885982064	51.7989575633592	3.67272190508471	26.3800667398873
2020-03-26	14.3547868978653	26.3174667039487	18.1091645034272	7.0371044310957	16.9639665760798	55.5614370319255	3.89031096761713	28.2611449156351
2020-03-27	14.6516363900007	26.7257216262305	18.4505589980539	7.30495107653561	17.8937978103076	59.4267423425576	4.11104397808255	30.1926453459159
2020-03-28	14.9247153098117	27.0916428339158	18.7550588422401	7.5665980863537	18.8323758847923	63.3906762698923	4.33451542506883	32.1725147456041
2020-03-29	15.1721249628596	27.4126641862748	19.0197865757112	7.8209673482996	19.7777943834367	67.4490415885661	4.56031979716384	34.1986998295735
2020-03-30	15.392347698697	27.6867600681298	19.2425542958804	8.0670048258075	20.7278470406164	71.5954251240423	4.7879804314723	36.2684813427685
2020-03-31	15.5853900428425	27.9140669665127	19.4239323309129	8.30375278504983	21.6791281925991	75.8145499050897	5.01673605916644	38.376476150413
2020-04-01	15.7516395648064	28.0952618940076	19.5651805666617	8.53027756788362	22.6279323261257	80.0889230113037	5.24575425993536	40.5166351478008
2020-04-02	15.8914838340988	28.2310218631985	19.66755888898	8.74564551616586	23.5705539279371	84.4010515222796	5.47420261346814	42.6829092302261
2020-04-03	16.0053104202299	28.3220238866696	19.7323271837207	8.94892297175356	24.503287484774	88.733442517613	5.70124869945389	44.8692492929826
2020-04-04	16.0935068927097	28.3689449770049	19.7607453367369	9.13917627650373	25.4224274833774	93.0686030768991	5.9260600975817	47.0696062313644
2020-04-05	16.1564608210485	28.3724621467886	19.7540732338818	9.31547177227339	26.324268410488	97.3890402797334	6.14780438754066	49.2779309406655
2020-04-06	16.1946670102677	28.3334326036826	19.7136913365991	9.47703623839767	27.2051251160132	101.676817445999	6.36572649401278	51.4878680657075
2020-04-07	16.2090492074335	28.25343433566	19.641462408696	9.62373820412438	28.0613939025263	105.912222856727	6.5793807216517	53.6918372494236
2020-04-08	16.2006383951234	28.1342255257717	19.5393697895704	9.75560663617943	28.889491435767	110.075101033238	6.78839872010395	55.8819518842745
2020-04-09	16.170465555915	27.9775643570686	19.4093968186203	9.87267050128875	29.6858343814752	114.14529649685	6.99241213901609	58.0503253627212
2020-04-10	16.1195616723856	27.7852090126017	19.2535268352435	9.97495876617828	30.4468394053905	118.102653768885	7.19105262803465	60.1890710772245
2020-04-11	16.048957727113	27.558917675422	19.0737431788379	10.062500397574	31.1689231732528	121.92701737066	7.38395183680618	62.2903024202452
2020-04-12	15.9596847026744	27.3004485285802	18.8720291888015	10.1353243622017	31.8485023508019	125.598231823496	7.57074141497723	64.3461327842442
2020-04-13	15.8527735816475	27.0115597551275	18.6503682045322	10.1934596267874	32.4819936037775	129.096141648713	7.75105301219432	66.3486755616824
2020-04-14	15.7292553466098	26.6940095381146	18.4107435654279	10.2369351580571	33.0658135979195	132.400591367628	7.92451827810402	68.2900441450206
2020-04-15	15.5901609801387	26.3495560605926	18.1551386108865	10.2657799227367	33.5963789989675	135.491425501563	8.09076886235286	70.1623519267196
2020-04-16	15.4365214648117	25.9799575056124	17.885536680306	10.280022887552	34.0701064726613	138.348488571837	8.24943641458739	71.9577122992404
2020-04-17	15.2693677832065	25.5869720562248	17.6039211130842	10.279693019229	34.4834126847408	140.951625099769	8.40015258445415	73.6682386550438
2020-04-18	15.0897309179003	25.1723578954809	17.3122752486191	10.2648192844937	34.8327143009457	143.280679606678	8.54254902159968	75.2860443865906
2020-04-19	14.8986418514709	24.7378732064315	17.0125824263086	10.235430650072	35.1144279870158	145.315496613885	8.67625737567053	76.8032428863416
2020-04-20	14.6971189620403	24.2852925643314	16.7068199995679	10.1917688661541	35.3256391591045	147.039339020349	8.80102316618471	78.2126631425301
2020-04-21	14.4861302099097	23.8164561132507	16.3969413778814	10.1349268167874	35.4661082350201	148.449143235592	8.9170473921461	79.5099965264779
2020-04-22	14.2666309509247	23.3332203894634	16.0848939847511	10.0662101694834	35.5362643829844	149.545264046779	9.02464492243005	80.6916500052793
2020-04-23	14.0395765409311	22.8374419292433	15.7726252436785	9.98692459175395	35.5365367712192	150.328056241071	9.12413062591191	81.7540305460286
2020-04-24	13.8059223357747	22.3309772688643	15.4620825781655	9.89837575111055	35.4673545679465	150.797874605632	9.21581937146704	82.69354511582
2020-04-25	13.5666236913011	21.8156829446004	15.1552134117139	9.80186931506488	35.329146941388	150.955073927625	9.30002602797078	83.5066006817477
2020-04-26	13.3226359633563	21.2934154927255	14.8539651678254	9.6987109511286	35.1223430597657	150.800008994214	9.37706546429848	84.189604210906
2020-04-27	13.0748454049868	20.7659115163481	14.5599320557807	9.59002109151926	34.8479541135584	150.335768418165	9.44718637660975	84.7400262501768
2020-04-28	12.8238618580434	20.234427885915	14.2732954279757	9.47617922727806	34.5093193822725	149.576376114672	9.51037277020118	85.1595916655934
2020-04-29	12.5702260615779	19.7001015387077	13.9938834225853	9.35737961415211	34.1103601676713	148.538589824532	9.56654247765365	85.4510889029765
2020-04-30	12.3144787546419	19.1640694120075	13.7215241777845	9.23381650788855	33.6549977715184	147.23916728854	9.61561333154799	85.617306408147
2020-05-01	12.0571606762872	18.6274684430958	13.456045831748	9.10568416423448	33.147153495577	145.694866247495	9.65750316446506	85.6610326269259
2020-05-02	11.7988125655655	18.0914355692541	13.1972765226507	8.97317683893701	32.5907486416105	143.922444442194	9.69212980898572	85.5850560051339
2020-05-03	11.5399751615286	17.5571077277638	12.9450443886675	8.83648878774328	31.9897045113824	141.938659613433	9.71941109769082	85.392164988592
2020-05-04	11.2811892032281	17.0256218559063	12.6991775679732	8.69581426640039	31.3479424066559	139.76026950201	9.73926486316122	85.085148023121
2020-05-05	11.0229954297157	16.498114890963	12.4595041987427	8.55134753065546	30.6693836291945	137.404031848721	9.75160893797777	84.6667935545419
2020-05-06	10.7659345800433	15.9757237702153	12.2258524191509	8.40328283625561	29.9579494807616	134.886704394365	9.75636115472133	84.1398900286755
2020-05-07	10.5105473932625	15.4595854309446	11.9980503673726	8.25181443894795	29.2175612631205	132.225044879738	9.75343934597274	83.5072258913427
2020-05-08	10.257374608425	14.9508368104324	11.7759261815828	8.09713659447961	28.4521402780346	129.435811045637	9.74276134431288	82.7715895883643
2020-05-09	10.0069569645826	14.45061484596	11.5593079999561	7.9394435585977	27.6656078272673	126.535760632859	9.72424498232258	81.9357695655613
2020-05-10	9.75983520078702	13.9600564748089	11.3480239606676	7.77892958704933	26.861885212582	123.541651382201	9.69780809258271	81.0025542687545
2020-05-11	9.51655946506052	13.4801480817138	11.1417509780542	7.61592606166201	26.0446144290535	120.470053713056	9.66348057127033	79.9754862754891
2020-05-12	9.2777175413079	13.0112738412232	10.9395610711017	7.45131286858475	25.216320245003	117.336788759196	9.62174056894741	78.861124690208
2020-05-13	9.04390662240452	12.5536673753385	10.7403750349579	7.28610702004692	24.3792481220628	114.157490332987	9.5731782997721	77.6667827490785
2020-05-14	8.81572390122574	12.1075623060616	10.5431136647708	7.12132552827794	23.5356435218654	110.947792246799	9.51838397790259	76.3997736882675
2020-05-15	8.59376657064695	11.673192255394	10.3466977556882	6.9579854055072	22.6877519060435	107.723328312997	9.45794781749703	75.0674107439425
2020-05-16	8.37863182354349	11.2507908453376	10.150048102858	6.79710366396407	21.8378187362295	104.49973234395	9.39246003271359	73.6770071522706
2020-05-17	8.17091685279075	10.840591697894	9.95208550142802	6.63969731587797	20.9880894740558	101.292638152024	9.32251083771046	72.2358761494189
2020-05-18	7.97113229301577	10.4427821478959	9.75202610027839	6.48664840159769	20.1407811310238	98.1155999838959	9.24870684336366	70.7509754589445
2020-05-19	7.77944254585234	10.0573643815001	9.55026746321762	6.3382990739497	19.2979969181096	94.9738538234703	9.1717202474207	69.227840753963
2020-05-20	7.59592545468592	9.68429429769444	9.34750250778641	6.19485651387991	18.4618115961581	91.8705560889619	9.09223964434696	67.67165219498
2020-05-21	7.42065886290199	9.32352779546685	9.14442415152546	6.05652790233419	17.6342999260141	88.8088631985844	9.01095362860782	66.087589942501
2020-05-22	7.25372061388602	8.97502077380515	8.94172531197545	5.92352042025845	16.8175366685226	85.7919315705519	8.92855079466866	64.4808341570317
2020-05-23	7.09518855102348	8.6387291316972	8.7400989066771	5.79604124859858	16.0135965845283	82.8229176230785	8.84571973699485	62.8565649990774
2020-05-24	6.94514051769984	8.31460876813084	8.54023785317108	5.67429756830045	15.2245544348763	79.9049777743779	8.76314905005176	61.2199626291437
2020-05-25	6.80365435730057	8.00261558209394	8.3428350689981	5.55849656030997	14.4524849804113	77.0412684426642	8.68152732830479	59.5762072077361
2020-05-26	6.67080791321115	7.70270547257435	8.14858347169885	5.44884540557303	13.6994629819783	74.2349460461514	8.60154316621929	57.9304788953602
2020-05-27	6.54667902881704	7.41483433855993	7.95817597881402	5.34555128503552	12.967563200422	71.4891670030535	8.52388515826066	56.2879578525215
2020-05-28	6.43134554750371	7.13895807903853	7.77230550788431	5.24882137964332	12.2588603965876	68.8070877315843	8.44924189889426	54.6538242397255
2020-05-29	6.32488531265663	6.875032592998	7.59166497645042	5.15886287034233	11.5754293313196	66.1918646499579	8.37830198258548	53.0332582174777
2020-05-30	6.22737616766128	6.62301377942619	7.41694730205304	5.07588293807845	10.9193447654632	63.6466541763883	8.31175400379969	51.4314399462837
2020-05-31	6.13889595590313	6.38285753731098	7.24884540223287	5.00008876379755	10.2926814598631	61.1746127290893	8.25028655700227	49.8535495866489
2020-06-01	6.05948603435221	6.15450691750477	7.08792491825259	4.93164190745173	9.69707033909448	58.7782274639762	8.19451202823334	48.3039236734398
2020-06-02	5.98904181431686	5.93785357831822	6.93424238626288	4.87052144501783	9.13236698265387	56.4573084877685	8.14473796983203	46.7835242389666
2020-06-03	5.92742222068997	5.7327763299266	6.78772706613641	4.81666083147892	8.59798313376799	54.2109966448871	8.1011957257122	45.2924696899002
2020-06-04	5.87448617836444	5.53915398250512	6.64830821774583	4.76999352181802	8.09333053566356	52.0384327797527	8.06411663978772	43.8308784329117
2020-06-05	5.83009261223317	5.35686534622902	6.51591510096383	4.7304529710182	7.61782093156735	49.9387577367863	8.03373205597246	42.3988688746722
2020-06-06	5.79410044718906	5.18578923127353	6.39047697566305	4.69797263406249	7.1708660647061	47.9111123604084	8.0102733181803	40.9965594218527
2020-06-07	5.766368608125	5.0258044478139	6.27192310171617	4.67248596593394	6.75187767830656	45.9546374950399	7.99397177032509	39.6240684811241
2020-06-08	5.7467560199339	4.87678980602536	6.16018273899586	4.65392642161561	6.36026751559548	44.0684739851017	7.98505875632072	38.2815144591576
2020-06-09	5.73512160750865	4.73862411608315	6.05518514737478	4.64222745609053	5.99544731979959	42.2517626750145	7.98376562008103	36.9690157626241
2020-06-10	5.73132429574215	4.61118618816249	5.95685958672561	4.63732252434176	5.65682883414566	40.5036444091991	7.99032370551992	35.6866907981948
2020-06-11	5.73522300952729	4.49435483243863	5.86513531692099	4.63914508135234	5.34382380186043	38.8232600320764	8.00496435655125	34.4346579725406
2020-06-12	5.74667667375699	4.3880088590868	5.77994159783361	4.64762858210532	5.05584396617065	37.209750388067	8.02791891708888	33.2130356923326
2020-06-13	5.76554421332413	4.29202707828224	5.70120768933613	4.66270648158374	4.79230107030306	35.6622563215918	8.05941873104668	32.0219423642418
2020-06-14	5.79168455312161	4.20628830020019	5.62886285130121	4.68431223477065	4.55260685748441	34.1799186770717	8.09969514233852	30.8614963949393
2020-06-15	5.8249482103339	4.13065836756138	5.56271712063294	4.7122801255798	4.33603981164548	32.7617132341588	8.14889944072448	29.7318361193266
2020-06-16	5.86515207131176	4.06495125326865	5.5021036423611	4.7460477536477	4.1413453795331	31.4059555134321	8.2068626993494	28.6331795852275
2020-06-17	5.91210461469752	4.00896796277032	5.44623633854688	4.78495354754155	3.96713574859815	30.1107959707018	8.27333593720436	27.5657647686965
2020-06-18	5.96561431913351	3.96250950151472	5.39432913125149	4.82833593582858	3.8120231062915	28.8743850617781	8.34807017328039	26.5298296457878
2020-06-19	6.02548966326205	3.92537687495018	5.3455959425361	4.87553334707599	3.67461964006401	27.6948732424716	8.43081642656857	25.5256121925558
2020-06-20	6.09153912572548	3.89737108852504	5.29925069446193	4.92588420985099	3.55353753736655	26.5704109685923	8.52132571605994	24.5533503850549
2020-06-21	6.16357118516611	3.87829314768762	5.25450730909017	4.97872695272079	3.44738898565	25.4991486959507	8.61934906074557	23.6132821993394
2020-06-22	6.24136424548337	3.86791108779467	5.21072594333591	5.03354104872092	3.35486638568392	24.4794426127447	8.72454735360231	22.7055123600972
2020-06-23	6.32457641160505	3.86586106383659	5.16785169352987	5.0903701487602	3.27498299151273	23.5104718367231	8.83622098355024	21.8296125865499
2020-06-24	6.412835713716	3.87174626071217	5.12597589085668	5.14939894821576	3.20683227049956	22.5916212180222	8.95358021349523	20.9850213465527
2020-06-25	6.50577018200112	3.88516986332023	5.08518986650094	5.21081214246472	3.14950769000753	21.7222756067786	9.07583530634316	20.1711771079605
2020-06-26	6.60300784664526	3.90573505655958	5.04558495164729	5.27479442688422	3.10210271739975	20.9018198531286	9.20219652499991	19.3875183386286
2020-06-27	6.70417673783329	3.93304502532902	5.00725247748033	5.34153049685138	3.06371082003936	20.1296388072086	9.33187413237134	18.6334835064121
2020-06-28	6.80890488575009	3.96670295452736	4.97028377518469	5.41120504774335	3.03342546528947	19.405117319155	9.46407839136333	17.9085110791661
2020-06-29	6.91682032058054	4.00631202905342	4.934770175945	5.48400277493725	3.01034012051321	18.7276402391043	9.59801956488177	17.2120395247457
2020-06-30	7.0275510725095	4.05147543380598	4.90080301094586	5.56010837381021	2.99354825307369	18.096592417193	9.73290791583252	16.5435073110059
2020-07-01	7.14072517172184	4.10179635368387	4.86847361137189	5.63970653973936	2.98214333033405	17.5113587035573	9.86795370712146	15.9023529058021
2020-07-02	7.25597064840243	4.1568779735859	4.83787330840773	5.72298196810184	2.9752188196574	16.9713239483337	10.0023672016545	15.2880147769891
2020-07-03	7.37291553273616	4.21632347841086	4.80909343323797	5.81011935427477	2.97186818840686	16.4758730016586	10.1353586623374	14.6999313924222
2020-07-04	7.49118785490788	4.27973605305757	4.78222531704726	5.90130339363528	2.97118490394557	16.0243907136685	10.2661383520762	14.1375412199565
2020-07-05	7.61041564510248	4.34671888242483	4.75736029102019	5.99671878156052	2.97226243363663	15.6162619344998	10.3939165337766	13.6002827274471
2020-07-06	7.73023837132053	4.41692598005711	4.73460783530569	6.09656893654041	2.97432401415041	15.250415966421	10.5178545286046	13.0875732979153
2020-07-07	7.85034125282545	4.49021467408152	4.71415002590982	6.20113216951607	2.97711195938615	14.9239599202297	10.6369178907659	12.5987459750474
2020-07-08	7.9704209466964	4.56649312127082	4.69618708780293	6.31070551454144	2.98049835255035	14.6335453588554	10.7500232327261	12.1331127176959
2020-07-09	8.09017411001251	4.64566947839776	4.68091924595538	6.42558600567043	2.98435527684949	14.3758238452278	10.856087166951	11.6899854847133
2020-07-10	8.20929739985291	4.72765190223513	4.66854672533752	6.546070676957	2.98855481549005	14.1474469422765	10.9540263059063	11.2686762349519
2020-07-11	8.32748747329676	4.81234854955567	4.65926975091971	6.67245656245506	2.99296905167853	13.9450662129312	11.0427572620577	10.8684969272645
2020-07-12	8.44444098742317	4.89966757713216	4.65328854767229	6.80504069621854	2.99747006862141	13.7653332201215	11.1211966478708	10.4887595205034
2020-07-13	8.55980441385968	4.98942680780029	4.65070264762373	6.9439335550245	3.00189807361541	13.605262793037	11.1885087288332	10.1288419593053
2020-07-14	8.67302348242731	5.08108272864751	4.65120881103484	7.08849938654256	3.00596577031816	13.4633228259071	11.2448483825193	9.78838613144451
2020-07-15	8.78349373749547	5.17400149282419	4.65440310522455	7.23791588116543	3.00935398647753	13.3383444792214	11.2906181395254	9.46709991047925
2020-07-16	8.89061072343357	5.26754925348073	4.65988159751179	7.39136072928588	3.0117435498414	13.2291589134691	11.3262205304477	9.1646911699679
2020-07-17	8.99376998461102	5.3610921637675	4.66724035521548	7.54801162129664	3.01281528815764	13.1345972891398	11.3520580858825	8.88086778346885
2020-07-18	9.09236706539722	5.45399637683488	4.67607544565454	7.70704624759045	3.01225002917411	13.0534907667229	11.3685333364259	8.61533762454046
2020-07-19	9.18579751016159	5.54562804583326	4.6859829361479	7.86764229856004	3.00972860063869	12.9846705067078	11.3760488126743	8.3678085667411
2020-07-20	9.27345686327353	5.635353323913	4.69655889401449	8.02897746459816	3.00493183029924	12.9269676695839	11.3750070452239	8.13798848362915
2020-07-21	9.35474066910245	5.72253836422452	4.70739938657321	8.19022943609754	2.99754054590364	12.8792134158407	11.3658105646709	7.92558524876297
2020-07-22	9.42904447201776	5.80654931991816	4.718100481143	8.35057590345094	2.98723557519975	12.8402389059675	11.3488619016115	7.73030673570094
2020-07-23	9.49576381638887	5.88675234414433	4.72825824504279	8.50919455705108	2.97369774593545	12.8088753004539	11.3245635866421	7.55186081800142
2020-07-24	9.55429424658518	5.9625135900534	4.73746874559149	8.6652630872907	2.95660788585861	12.7839537597892	11.2933181503588	7.38995536922277
2020-07-25	9.6040313069761	6.03319921079576	4.74532805010803	8.81795918456254	2.93564682271709	12.7643054444629	11.2555281233578	7.24429826292339
2020-07-26	9.64437054193106	6.09817535952178	4.75143222591134	8.96646053925936	2.91049538425876	12.7487615149644	11.2115960362356	7.11459737266163
2020-07-27	9.67480358947397	6.15683444458723	4.75536474003704	9.10991762340278	2.88090799496438	12.7362555892093	11.1619710536327	7.00038334697101
2020-07-28	9.69520646224689	6.20867389516941	4.75665865838759	9.2473720355301	2.84693346624617	12.7261311148186	11.107288876368	6.90047793428559
2020-07-29	9.70555126654642	6.25321739565102	4.75483444658218	9.37783815580748	2.80869420624925	12.7178339968393	11.048231839305	6.81352565801459
2020-07-30	9.70581010866912	6.28998863041474	4.74941257023997	9.50033036440112	2.76631262311873	12.7108101403185	10.9854822773069	6.73817104156724
2020-07-31	9.6959550949116	6.31851128384326	4.73991349498012	9.61386304147718	2.71991112499973	12.7045054503034	10.9197225252372	6.67305860835274
2020-08-01	9.67595833157042	6.33830904031928	4.72585768642182	9.71745056720187	2.66961212003734	12.6983658318409	10.8516349179592	6.61683288178032
2020-08-02	9.64579192494217	6.34890558422547	4.70676561018423	9.81010732174135	2.61553801637669	12.6918371899782	10.7819017903363	6.56813838525918
2020-08-03	9.60553100896047	6.34997881795392	4.68226254821053	9.89106963375177	2.55782523458675	12.68438242023	10.7110914470145	6.52575656415736
2020-08-04	9.55566282810701	6.34182351593425	4.6523930477399	9.96046162584902	2.49666624493194	12.6755323799807	10.6393160717707	6.48901655167812
2020-08-05	9.49677765450052	6.32488867060546	4.61730647233554	10.018629369139	2.43226753010055	12.6648349170825	10.5665738181644	6.45738440298355
2020-08-06	9.42946576025975	6.29962327440655	4.57715218556065	10.0659189347275	2.36483557278086	12.6518378793874	10.4928628397551	6.43032617323573
2020-08-07	9.35431741750341	6.26647631977655	4.53207955097841	10.1026763937204	2.29457685566117	12.6360891147476	10.4181812901022	6.40730791759674
2020-08-08	9.27192289835024	6.22589679915445	4.48223793215202	10.1292478172236	2.22169786142974	12.6171364710151	10.3425273227655	6.38779569122866
2020-08-09	9.18287247491896	6.17833370497927	4.42777669264468	10.145979276343	2.14640507277488	12.5945277960421	10.2658990913042	6.37125554929358
2020-08-10	9.08775641932831	6.12423602969001	4.36884519601957	10.1532168421843	2.06890497238487	12.5678109376806	10.1882947492781	6.35715354695357
2020-08-11	8.98716500369701	6.06405276572567	4.3055928058399	10.1513065858535	1.989404042948	12.5365337437827	10.1097124502465	6.34495573937072
2020-08-12	8.88168850014381	5.99823290552527	4.23816888566885	10.1405945784564	1.90810876715254	12.5002440622004	10.0301503477691	6.33412818170711
2020-08-13	8.77191718078741	5.92722544152781	4.16672279906962	10.1214268910989	1.82522562768679	12.458489740786	9.94960659540522	6.32413692912482
2020-08-14	8.65844131774656	5.85147936617231	4.0914039096054	10.0941495948868	1.74096110723903	12.4108186273914	9.86807934671452	6.31444803678594
2020-08-15	8.54185118313999	5.77144367189775	4.01236158083939	10.059108760926	1.65552168849755	12.3567785698687	9.78556675525647	6.30452755985254
2020-08-16	8.42273704908643	5.68756735114317	3.92974517633477	10.0166504603224	1.56911385415063	12.2959174160701	9.7020669745906	6.29384155348671
2020-08-17	8.30168657668382	5.60031867702786	3.84385522203085	9.96714044358404	1.4820185449662	12.2279165999687	9.61766353880407	6.28203028492871
2020-08-18	8.17927698294698	5.51024304539238	3.75559689337134	9.9110231788281	1.39481453403069	12.1529919000219	9.5327815040946	6.26943086973159
2020-08-19	8.05608287386994	5.41790513275757	3.66602652817604	9.84876281357399	1.30815505251019	12.0714926808082	9.44793130718759	6.25655463552657
2020-08-20	7.93267885544674	5.32386961564429	3.57620046426476	9.78082349534115	1.22269333157077	11.983768306906	9.36362338480843	6.24391290994487
2020-08-21	7.80963953367142	5.2287011705734	3.48717503945732	9.70766937164898	1.13908260237851	11.8901681428938	9.28036817368249	6.23201702061773
2020-08-22	7.687539514538	5.13296447406574	3.40000659157353	9.62976459001691	1.05797609609949	11.7910415533501	9.19867611053515	6.22137829517635
2020-08-23	7.56695340404053	5.03722420264216	3.31575145843319	9.54757329796434	0.980027043899785	11.6867379028534	9.11905763209181	6.21250806125198
2020-08-24	7.448404252661	4.94200028334699	3.235310389101	9.46152907387587	0.905780944721596	11.5776947305768	9.0418640109153	6.20579152066496
2020-08-25	7.33220888883326	4.84763364531845	3.15896177762113	9.37194321959676	0.835352368611627	11.4647022740719	8.96680986291829	6.20110937199216
2020-08-26	7.21863258547915	4.75442046821821	3.08682842928263	9.27909646783747	0.768748153392708	11.3486389454851	8.8934506398509	6.19821618799958
2020-08-27	7.10794061552048	4.66265693170796	3.01903314937457	9.18326955130843	0.705975136887668	11.2303831569627	8.82134179346328	6.19686654145322
2020-08-28	7.00039825187907	4.57263921544938	2.955698743186	9.08474320272007	0.647040156919331	11.110813320651	8.75003877550553	6.19681500511909
2020-08-29	6.89627076747675	4.48466349910415	2.89694801600597	8.98379815478285	0.59195005131053	10.9908078486964	8.6790970377278	6.19781615176316
2020-08-30	6.79582343523533	4.39902596233397	2.84290377312353	8.88071514020721	0.540711657884091	10.8712451532451	8.6080720318802	6.19962455415145
2020-08-31	6.69932152807663	4.3160227848005	2.79368881982774	8.77577489170359	0.493331814462842	10.7530036464435	8.53651920971287	6.20199478504995
2020-09-01	6.60703031892249	4.23595014616544	2.74942596140766	8.66925814198243	0.449817358869615	10.6369617404379	8.46399402297593	6.20468141722467
2020-09-02	6.51921508069471	4.15910422609047	2.71023800315234	8.56144562375417	0.410175128927234	10.5239978473747	8.39005192341951	6.20743902344159
2020-09-03	6.43614108631513	4.08578120423727	2.67624775035083	8.45261806972926	0.37441196245853	10.4149903794001	8.31424836279374	6.21002217646673
2020-09-04	6.35807360870556	4.01627726026752	2.64757800829218	8.34305621261814	0.34253469728633	10.3108177486605	8.23613879284874	6.21218544906607
2020-09-05	6.28527792078782	3.95088857384291	2.62435158226546	8.23304078513124	0.314550171233463	10.2123583673021	8.15527866533465	6.21368341400561
2020-09-06	6.21801929548373	3.88991132462512	2.60669127755972	8.12285251997902	0.290465222122757	10.1204906474714	8.07122343200158	6.21427064405136
2020-09-07	6.15648540630972	3.83360021035373	2.59468699049028	8.01276443747219	0.270179082318876	10.0358344781582	7.98365072341062	6.21378763882584
2020-09-08	6.10055352916051	3.78204400107984	2.58829698147753	7.90301870832256	0.253160562353814	9.95797565572695	7.89272688536659	6.21241860537774
2020-09-09	6.05002334052546	3.73528998493246	2.58744660196815	7.79384979084222	0.238770867301405	9.88624145338552	7.7987404424853	6.21043367761225
2020-09-10	6.0046945168939	3.69338545004059	2.59206120340878	7.68549214334328	0.226371202235479	9.81995914434191	7.70197991938251	6.20810298943458
2020-09-11	5.96436673475518	3.65637768453324	2.6020661372461	7.5781802241378	0.215322772229868	9.75845600180408	7.60273384067402	6.20569667474994
2020-09-12	5.92883967059862	3.62431397653941	2.61738675492677	7.4721484915379	0.204986782358402	9.70105929898	7.50129073097562	6.20348486746353
2020-09-13	5.89791300091357	3.59724161418811	2.63794840789746	7.36763140385565	0.194724437694913	9.64709630907761	7.39793911490308	6.20173770148057
2020-09-14	5.8714176405369	3.57515181289767	2.66371037916255	7.26491827976428	0.1840693676308	9.5961089543859	7.2929987811095	6.20064528189829
2020-09-15	5.84930945769552	3.55781149724386	2.69476767795737	7.16451787938153	0.173244898827735	9.54849775351794	7.18691457439721	6.20007759858207
2020-09-16	5.83157555896388	3.54493151909178	2.73124924507498	7.06699382318628	0.162646782264956	9.5048778741678	7.08016260360585	6.19982461258931
2020-09-17	5.81820305091645	3.53622273030653	2.77328402130842	6.97290973165739	0.152670768921704	9.46586448402957	6.97321897757505	6.19967628497741
2020-09-18	5.80917904012767	3.5313959827532	2.82100094745076	6.88282922527374	0.143712609777218	9.43207275079734	6.86655980514445	6.19942257680379
2020-09-19	5.80449063317199	3.5301621282969	2.87452896429503	6.79731592451419	0.136168055810738	9.40411784216518	6.76066119515368	6.19885344912584
2020-09-20	5.80412493662385	3.53223201880273	2.93399701263431	6.71693344985763	0.130432858001503	9.38261492582718	6.65599925644238	6.19775886300097
2020-09-21	5.80806905705771	3.53731650613579	2.99953403326163	6.64224542178293	0.126902767328752	9.36817916947743	6.55305009785019	6.19592877948659
2020-09-22	5.81631010104803	3.54512644216118	3.07126896697006	6.57381546076896	0.125973534771726	9.36142574081	6.45228982821675	6.19315315964009
2020-09-23	5.82883517516924	3.555372678744	3.14933075455264	6.51220718729458	0.128040911309663	9.36296980751898	6.35419455638168	6.1892219645189
2020-09-24	5.8456313859958	3.56776606774935	3.23384833680244	6.45798422183868	0.133500647921804	9.37342653729846	6.25924039118463	6.1839251551804
2020-09-25	5.86668584010216	3.58201746104234	3.3249506545125	6.41171018488013	0.142748495587387	9.39341109784251	6.16790344146523	6.17705269268202
2020-09-26	5.89198564406277	3.59783771048805	3.42276664847587	6.3739486968978	0.156180205285652	9.42353865684522	6.08065981606312	6.16839453808114
2020-09-27	5.92151790445209	3.61493766795161	3.52742525948562	6.34526337837055	0.17419152799584	9.46442438200067	5.99798562381793	6.15774065243518
2020-09-28	5.95528412667091	3.6330914391688	3.63903389182805	6.3261101345819	0.197208678874112	9.51654355817764	5.92019697246336	6.14499842066493
2020-09-29	5.99334341142552	3.65232614535825	3.75761380376252	6.31651401003388	0.225779729784329	9.57981193894374	5.8469699653093	6.13054492314471
2020-09-30	6.03576925824856	3.67273216160927	3.88316471704164	6.31639233403313	0.260483216767274	9.65400539504122	5.77782070455968	6.11487466411224
2020-10-01	6.08263516667267	3.6943998630112	4.01568635341804	6.32566243588632	0.301897675863732	9.73889979721239	5.71226529241847	6.09848214780524
2020-10-02	6.13401463623048	3.71741962465336	4.15517843464432	6.34424164490011	0.350601643114484	9.83427101619952	5.6498198310896	6.08186187846143
2020-10-03	6.18998116645465	3.74188182162506	4.30164068247311	6.37204729038114	0.407173654560315	9.93989492274491	5.59000042277702	6.06550836031851
2020-10-04	6.25060825687778	3.76787682901563	4.45507281865702	6.40899670163609	0.472192246242005	10.0555473875908	5.53232316968468	6.04991609761421
2020-10-05	6.31596940703255	3.79549502191439	4.61547456494866	6.45500720797161	0.546235954200343	10.1810042814796	5.47630417401652	6.03557959458623
2020-10-06	6.38613811645158	3.82482677541067	4.78284564310066	6.50999613869436	0.629883314476109	10.3160414751535	5.42145953797649	6.0229933554723
2020-10-07	6.46118788466751	3.85596246459378	4.95718577486562	6.57388082311099	0.723712863110088	10.4604348393547	5.36730536376853	6.01265188451012
2020-10-08	6.54119221121298	3.88899246455305	5.13849468199617	6.64657859052816	0.828303136143063	10.6139602448257	5.31335775359659	6.00504968593742
2020-10-09	6.62622459562062	3.92400715037781	5.32677208624492	6.72800677025253	0.944232669615812	10.7763935623086	5.25913280966461	6.00068126399191
2020-10-10	6.71635853742309	3.96109689715736	5.52201770936448	6.81808269159077	1.07207999956913	10.9475106625457	5.20414663417655	6.0000411229113
2020-10-11	6.81166753615301	4.00035207998105	5.72423127310748	6.91672368384951	1.21242366204379	11.1270874162794	5.14791532933634	6.00362376693331
2020-10-12	6.91217461296357	4.04188506611253	5.93337250764908	7.02380402687309	1.36577556213039	11.3148210709234	5.09032465851652	6.01205756727571
2020-10-13	7.01770087549004	4.08589619151285	6.14924117685468	7.13902580265646	1.5323810811188	11.5100943805776	5.03273902976395	6.02650636307645
2020-10-14	7.12801695298827	4.13260778431741	6.37159705301221	7.2620480437322	1.71241896934866	11.712211476013	4.9768925122941	6.04826786045357
2020-10-15	7.24289347471408	4.18224217266159	6.60019990840963	7.39252978263293	1.90606797715965	11.9204764880012	4.9245191753224	6.07863976552509
2020-10-16	7.3621010699233	4.2350216846808	6.83480951533487	7.53013005189127	2.11350685489145	12.1341935473132	4.87735308806433	6.11891978440901
2020-10-17	7.48541036787176	4.29116864851042	7.07518564607589	7.6745078840398	2.33491435288372	12.3526667847204	4.83712831973532	6.17040562322336
2020-10-18	7.61259199781528	4.35090539228585	7.32108807292063	7.82532231161115	2.57046922147612	12.5752003309941	4.80557893955083	6.23439498808615
2020-10-19	7.74346184897024	4.41447715678618	7.57234597848661	7.98219055823502	2.82037697561422	12.8012701840428	4.78427335267156	6.31197245058752
2020-10-20	7.87801685039512	4.4822208333653	7.82906618670965	8.14456261192963	3.08495018866719	13.0310398103238	4.77411730803915	6.40337004420598
2020-10-21	8.01629919110897	4.55449622602081	8.09142493185518	8.3118466518103	3.36452819861011	13.2648445434321	4.77585089054051	6.50860666789219
2020-10-22	8.15835106013082	4.63166313875031	8.3595984481886	8.48345085699237	3.65945034341806	13.5030197169622	4.79021418506252	6.62770122059675
2020-10-23	8.30421464647972	4.7140813755514	8.63376296997532	8.65878340659114	3.9700559610661	13.7459006645089	4.81794727649207	6.76067260127033
2020-10-24	8.45393213917469	4.80211074042166	8.91409473148074	8.83725247972194	4.29668438952931	13.9938227196668	4.85979024971607	6.90753970886353
2020-10-25	8.60754572723476	4.89611103735869	9.20076996697027	9.01826625550009	4.63967496678275	14.2471212160308	4.91648318962139	7.06832144232701
2020-10-26	8.76509759967898	4.99644207036009	9.49396491070932	9.20123291304094	4.99936703080151	14.5061314871954	4.98876618109494	7.24303670061139
2020-10-27	8.92662994552639	5.10346364342345	9.79385579696332	9.38556063145979	5.37609991956066	14.7711888667555	5.07737930902361	7.43170438266731
2020-10-28	9.09218495379601	5.21753556054638	10.1006188599976	9.57065758987196	5.77021297103527	15.0426286883058	5.18306265829429	7.6343433874454
2020-10-29	9.26180481350689	5.33901762572645	10.4144303340777	9.75593196739279	6.18204552320042	15.3207862854408	5.30655631379387	7.8509726138963
2020-10-30	9.43553171367806	5.46826964296128	10.7354664534689	9.9407919431376	6.61193691403117	15.6059969917554	5.44860036040925	8.08161096097064
2020-10-31	9.61340784332855	5.60565141624845	11.0639034524367	10.1246456962217	7.06022648150258	15.8985961408443	5.60993488302731	8.32627732761904
2020-11-01	9.7954753914774	5.75152274958557	11.3999175652465	10.3069014057604	7.52725356358976	16.1989190663022	5.79129996653495	8.58499061279215
2020-11-02	9.98174598436094	5.90614817762338	11.7435980553405	10.4870203779135	8.01326120083227	16.5072802934915	5.99345805559788	8.85780393982124
2020-11-03	10.1721089970847	6.06941115762533	12.0946863028684	10.6646764270183	8.51810724402771	16.8239111148461	6.21726103399703	9.14490732956002
2020-11-04	10.3664232419713	6.24109987750799	12.4528367171566	10.8395964944564	9.04155324653817	17.1490220145676	6.46358314529213	9.44652502724288
2020-11-05	10.5645475313437	6.42100252518796	12.8177037075316	11.0115075216095	9.58336076172573	17.4828234768574	6.73329863304291	9.76288127810415
2020-11-06	10.7663406775245	6.60890728858183	13.1889416833199	11.1801364498595	10.1432913429525	17.8255259859171	7.02728174080914	10.0942003273782
2020-11-07	10.9716614928366	6.80460235560619	13.566205053848	11.3452102205879	10.7211065435807	18.1773400259484	7.34640671215055	10.4407064202995
2020-11-08	11.1803687896027	7.00787591417763	13.9491482284424	11.5064557751766	11.3165679169722	18.5384760811527	7.69154779062687	10.8026238021022
2020-11-09	11.3923121358148	7.21846394528121	14.3373100816608	11.6636995949277	11.9293024357852	18.9090674461346	8.06351192692352	11.180097062238
2020-11-10	11.607304122141	7.43589360217584	14.7297673489863	11.817166320826	12.5583987498615	19.2889386571102	8.46283690022858	11.5729521670272
2020-11-11	11.8251480949188	7.65963983118893	15.1254812311335	11.9671801337769	13.2028109283388	19.6778370606985	8.88999319685581	11.9809354270074
2020-11-12	12.0456474004857	7.88917757864786	15.5234129288166	12.1140652146857	13.861493040355	20.0755100035186	9.34545130311899	12.4037931527158
2020-11-13	12.268605385179	8.12398179088001	15.9225236427501	12.2581457444576	14.5333991550477	20.4817048321895	9.82968170533185	12.8412716546902
2020-11-14	12.493825395336	8.36352741421277	16.3217745736484	12.3997459039981	15.2174833415547	20.8961688933303	10.3431548898082	13.293117243468
2020-11-15	12.7211107772943	8.60728939497354	16.7201269222259	12.5391898742124	15.9126996690138	21.31864953356	10.8863413428617	13.7590762295866
2020-11-16	12.9502648773913	8.85474267948969	17.1165418891971	12.6768018360058	16.6180022065628	21.7488940994976	11.4597115508061	14.2388949235837
2020-11-17	13.1810910419642	9.10536221408862	17.5099806752762	12.8129059702837	17.3323450233394	22.1866499377623	12.0637359999553	14.7323196359966
2020-11-18	13.4133926173506	9.35862294509772	17.8994044811778	12.9478264579514	18.0546821884813	22.631664394973	12.698885176623	15.239096677363
2020-11-19	13.6469729498879	9.61399981884438	18.2837745076163	13.0818874799142	18.7839677711264	23.0836848177488	13.365629567123	15.7589723582202
2020-11-20	13.8816353859134	9.87096778165598	18.6620519553061	13.2154132170775	19.5191558404125	23.5424585527087	14.0644396577689	16.2916929891058
2020-11-21	14.1171832717645	10.1290017798599	19.0331980249615	13.3487278503465	20.2592004654771	24.0077329464719	14.7957859348745	16.8370048805573
2020-11-22	14.3534199537787	10.3875767597835	19.396173917297	13.4821555606266	21.0030557154582	24.4792553456572	15.5601388847537	17.3946543431123
2020-11-23	14.5902654580788	10.6461830524186	19.7502730064132	13.6162677061155	21.749397193789	24.9566668805222	16.3578026476765	17.9642712980352
2020-11-24	14.8281065299297	10.9043725274138	20.096117359955	13.7526243541802	22.495786641085	25.4391838158776	17.1884159797377	18.5450201094995
2020-11-25	15.0674465943817	11.1617124390824	20.4346612189537	13.8930327494802	23.2395073322573	25.9259162001725	18.0514512909888	19.1359487524055
2020-11-26	15.3087890764852	11.4177700417373	20.7668588244404	14.0393001366748	23.9778425422167	26.4159740818561	18.946380991481	19.7361052016534
2020-11-27	15.5526374012904	11.6721125896918	21.0936644174462	14.1932337604236	24.7080755458745	26.9084675093773	19.8726774912654	20.3445374321439
2020-11-28	15.7994949938477	11.9243073372588	21.4160322390025	14.3566408653858	25.4274896181415	27.4025065311855	20.8298132003936	20.9602934187771
2020-11-29	16.0498652792075	12.1739215387516	21.7349165301402	14.5313286962211	26.1333680339288	27.8972011957297	21.8172605289166	21.5824211364536
2020-11-30	16.3041988156142	12.4207215877481	22.0511933166002	14.7189121341001	26.8230242474682	28.392032752327	22.8343251526839	22.210014436082
2020-12-01	16.5627346940891	12.6652704348867	22.3654257629611	14.9202366062392	27.493892430274	28.8879672537673	23.8796458107375	22.8423506726044
2020-12-02	16.8256591388475	12.9083301700705	22.6780988185113	15.135955176366	28.1434369331815	29.3863419537081	24.9516945079175	23.4787530769711
2020-12-03	17.093158374105	13.1506628832028	22.9896974325392	15.3667209082084	28.7691221070259	29.8884941058074	26.0489432490639	24.1185448801324
2020-12-04	17.365418624077	13.3930306641869	23.3007065543329	15.613186865494	29.3684123026422	30.3957609637229	27.169864039017	24.7610493130388
2020-12-05	17.6426261129788	13.6361956029258	23.6116111331809	15.8760061119505	29.9387718708658	30.9094797811123	28.3129288826168	25.4055896066405
2020-12-06	17.924967065026	13.880919789323	23.9228961183713	16.1558317113057	30.4776651625317	31.4309878116334	29.4766097847034	26.0514889918879
2020-12-07	18.2126277044339	14.1279653132816	24.2350464591925	16.4533167272872	30.9825565284751	31.961622308944	30.6593787501169	26.6980706997314
2020-12-08	18.5057942554179	14.3780942647048	24.5485471049329	16.7691142236228	31.4509103195312	32.5027205267018	31.8597077836975	27.3446579611213
2020-12-09	18.8046529421935	14.632068733496	24.8638830048806	17.1038772640401	31.8801908865353	33.0556197185647	33.0760688902852	27.9905740070081
2020-12-10	19.1093899889762	14.8906508095582	25.1815391083241	17.4582589122669	32.2678625803223	33.6216571381903	34.3069340747202	28.6351420683419
2020-12-11	19.4201916199813	15.1546025827948	25.5020003645515	17.8329122320309	32.6113897517276	34.2021700392365	35.5507753418425	29.2776853760732
2020-12-12	19.7372440594242	15.4246861431089	25.8257517228513	18.2284902870597	32.9082367515864	34.7984956753609	36.8060646964923	29.9175271611524
2020-12-13	20.0607335315204	15.7016635804039	26.1532781325117	18.6456461410812	33.1558679307337	35.4119713002215	38.0712741435098	30.5539906545297
2020-12-14	20.3906074289589	15.985898494286	26.4846228850026	19.0844740032843	33.3523335805385	36.0434000027691	39.3448652216218	31.1861552646579
2020-12-15	20.7258578183227	16.2761605231734	26.8180626405202	19.5428326647029	33.4980277545051	36.6914482131275	40.6252576051037	31.8121251099986
2020-12-16	21.0652379346685	16.5708208151877	27.1514324014423	20.0180220618324	33.5939304466714	37.3542481967138	41.9108605021172	32.4297604865159
2020-12-17	21.4075010130527	16.86825051845	27.4825671701467	20.507342131168	33.6410216510753	38.0299322189448	43.2000831208245	33.0369216901738
2020-12-18	21.7514002885321	17.1668207810819	27.8093019490111	21.0080928092051	33.640281361755	38.7166325452376	44.4913346693875	33.6314690169363
2020-12-19	22.0956889961633	17.4649027512046	28.1294717404135	21.5175740324389	33.5926895727482	39.4124814410091	45.7830243559683	34.2112627627674
2020-12-20	22.4391203710028	17.7608675769395	28.4409115467315	22.0330857373646	33.4992262780931	40.1156111716764	47.0735613887288	34.7741632236312
2020-12-21	22.7803990395053	18.0531367988143	28.7415031919753	22.5518972563759	33.3609824392757	40.8240605361701	48.3610640088276	35.3184568629762
2020-12-22	23.1180351937178	18.3403335269816	29.0293157866844	23.0711555054594	33.179492887574	41.5354944674757	49.6424865894092	35.8441348141896
2020-12-23	23.4504904170854	18.6211312640005	29.3024652630307	23.5879767965001	32.9564034217144	42.2474844320926	50.9144925366145	36.3516143781431
2020-12-24	23.7762262930532	18.8942035124299	29.5590675531859	24.0994774413831	32.6933598404229	42.9576018965198	52.1737452565846	36.8413128557084
2020-12-25	24.0937044050661	19.1582237748287	29.7972385893219	24.6027737519933	32.3920079424258	43.6634183272567	53.4169081554604	37.3136475477573
2020-12-26	24.4013863365693	19.411865553756	30.0150943036106	25.0949820402157	32.0539935264493	44.3625051908025	54.640644639383	37.7690357551613
2020-12-27	24.6977336710078	19.6538023517706	30.2107506282237	25.5732186179353	31.6809623912196	45.0524339536564	55.8416181144931	38.2078947787924
2020-12-28	24.9812079918267	19.8827076714317	30.3823234953332	26.034599797037	31.2745603354628	45.7307760823176	57.016491986932	38.6306419195221
2020-12-29	25.250270882471	20.0972550152981	30.5279288371107	26.476241889406	30.8364331579052	46.3951030432855	58.1619296628404	39.0376944782222
2020-12-30	25.5033839263857	20.2961178859289	30.6456825857283	26.895261206927	30.368226657273	47.0429863030591	59.2745945483595	39.4294697557644
2020-12-31	25.7390087070161	20.4779697858829	30.7337006733576	27.2887740614852	29.8715866322923	47.6719973281378	60.3511500496301	39.8063850530204
2021-01-01	25.955606807807	20.6414842177192	30.7900990321706	27.6538967649656	29.3481588816895	48.2797075850207	61.3882595727933	40.1688576708619
2021-01-02	26.1516398122036	20.7853346839968	30.8129935943391	27.987745629253	28.7995892041905	48.8636885402072	62.38258652399	40.5173049101607
2021-01-03	26.325569303651	20.9081946872746	30.8005002920348	28.2874369662326	28.2275233985217	49.4215116601965	63.3307943093614	40.8521440717885
2021-01-04	26.4762566743463	21.0091385144526	30.7513194411505	28.5507979279978	27.6339233389394	49.9506191254924	64.2296592756859	41.1736237954448
2021-01-05	26.6041625514955	21.0888435897951	30.6664888924615	28.7784990274763	27.0220152018213	50.4479359726182	65.0764095322934	41.4813180761408
2021-01-06	26.7101473710569	21.1483881219074	30.5476308804642	28.9719216178044	26.3953412390752	50.9102579521015	65.8683861291513	41.7746322477154
2021-01-07	26.7950715689886	21.1888503193949	30.3963676396549	29.1324470521181	25.7574437026088	51.3343808144701	66.602930116227	42.0529716440077
2021-01-08	26.8597955812488	21.2113083908629	30.2143214045297	29.2614566835538	25.1118648443299	51.7171003102519	67.2773825434879	42.3157415988565
2021-01-09	26.9051798437956	21.2168405449166	30.003114409585	29.3603318652477	24.4621469161463	52.0552121899746	67.8890844609015	42.5623474461009
2021-01-10	26.9320847925872	21.2065249901615	29.764368889317	29.4304539503359	23.8118321699658	52.3455122041659	68.4353769184352	42.7921945195799
2021-01-11	26.9413170189224	21.1813642802885	29.499644040938	29.4731816437671	23.1641183502027	52.5856257837102	68.9140254278651	43.0045757856472
2021-01-12	26.9334677354619	21.1420583493318	29.2102469125246	29.4897830577393	22.5208251712966	52.7764970809177	69.3244933482018	43.1983347407156
2021-01-13	26.9090743102071	21.0892314764113	28.8974215148695	29.4815036562628	21.8834278401937	52.9198999284551	69.6666685002646	43.3722025137127
2021-01-14	26.8686741111594	21.0235079406469	28.5624118587653	29.4495889033482	21.2534015638402	53.0176081589891	69.9404387048727	43.5249102335662
2021-01-15	26.8128045063201	20.9455120211584	28.2064619550045	29.3952842630059	20.6322215491822	53.0713956051863	70.1456917828454	43.6551890292035
2021-01-16	26.7420028636906	20.8558679970657	27.8308158143799	29.3198351992462	20.0213630031659	53.0830360997134	70.282315555002	43.7617700295524
2021-01-17	26.6568065512722	20.7552001474887	27.4367174476841	29.2244871760795	19.4223011327373	53.0543034752371	70.3501978421617	43.8433843635404
2021-01-18	26.5577529370664	20.6441327515472	27.0254108657096	29.1104856575164	18.8365111448428	52.9869715644242	70.3492264651438	43.898763160095
2021-01-19	26.4453793890744	20.5232900883611	26.5981400792493	28.9790761075671	18.2654682464283	52.8828141999413	70.2792892447675	43.9266375481439
2021-01-20	26.3202232752977	20.3932964370504	26.1561490990955	28.8315039902422	17.7106476444401	52.7436052144552	70.1402740018522	43.9257386566147
2021-01-21	26.1828219637376	20.2547760767348	25.7006819360411	28.6690147695519	17.1735245458243	52.5711184406324	69.932068557217	43.894797614435
2021-01-22	26.0337128223954	20.1083532865343	25.2329826008787	28.4928539095069	16.6555741575271	52.3671277111398	69.6545607316812	43.8325455505323
2021-01-23	25.8734332192725	19.9546523455687	24.7542951044008	28.3042668741174	16.1582716864946	52.1334068586439	69.3076383460642	43.7377135938342
2021-01-24	25.7025205223703	19.7942975329579	24.2658634574001	28.1044991273939	15.6830923396729	51.8717297158115	68.8911892211851	43.6090328732684
2021-01-25	25.5213814928328	19.627917311705	23.7689920283237	27.8948140418525	15.2309150236465	51.5836732251504	68.4056360358684	43.445272723457
2021-01-26	25.3299004643739	19.4561568803455	23.2652266162358	27.6765466240322	14.8002334435525	51.2700267685332	67.853540900959	43.2453553018005
2021-01-27	25.1278311638505	19.2796656212983	22.7561733778553	27.4510497889777	14.3889450041665	50.9313828376733	67.2380007853071	43.0082409713936
2021-01-28	24.9149273181191	19.0990929169821	22.2434384699009	27.2196764517338	13.9949471102638	50.5683339242845	66.5621126577629	42.7328900953316
2021-01-29	24.6909426540366	18.9150881498158	21.7286280490915	26.9837795273452	13.6161371666201	50.1814725200802	65.8289734871763	42.4182630367092
2021-01-30	24.4556308984595	18.7283007022182	21.2133482721457	26.7447119308566	13.2504125780107	49.7713911167742	65.0416802423976	42.0633201586216
2021-01-31	24.2087457782445	18.539379956608	20.6992052957823	26.5038265773128	12.8956707492111	49.3386822060801	64.203329892277	41.6670218241637
2021-02-01	23.9501273840127	18.3487935025717	20.1875501433287	26.262207472273	12.5500681816837	48.8840519661046	63.3169882763569	41.229018686279
2021-02-02	23.6799612614422	18.1562817583664	19.6787133045462	26.0198629833553	12.2127977636385	48.4086613205279	62.3855967169502	40.7517225573057
2021-02-03	23.3985193199754	17.9614033494168	19.1727701358045	25.776532568692	11.8833114799723	47.9137848794231	61.4120654070619	40.2382355394303
2021-02-04	23.1060734690547	17.7637169011477	18.6697959934736	25.5319556864157	11.5610613155822	47.4006972528634	60.3993045396972	39.6916597348395
2021-02-05	22.8028956181225	17.5627810389838	18.1698662339233	25.285871794659	11.2454992553649	46.8706730509223	59.3502243078612	39.11509724572
2021-02-06	22.4892576766213	17.3581543883498	17.6730562135235	25.0380203515542	10.9360772842174	46.3249868836727	58.2677349045592	38.5116501742585
2021-02-07	22.1654315539936	17.1493955746706	17.179441288644	24.788140815234	10.6322473870366	45.7649133611881	57.1547465227963	37.8844206226417
2021-02-08	21.8316891596816	16.9360632233707	16.6890968156546	24.5359726438309	10.3334615487194	45.1917270935417	56.0141693555776	37.2365106930561
2021-02-09	21.4883024031279	16.7177159598751	16.2020981509253	24.2812552954773	10.0391717541627	44.6067026908066	54.8489135959084	36.5710224876884
2021-02-10	21.1355431937749	16.4939124096084	15.7185206508259	24.0237282283058	9.74882998826331	44.0111147630562	53.6618894367937	35.8910581087253
2021-02-11	20.773683441065	16.2642111979954	15.2384396717262	23.7631309004489	9.46188823591826	43.4062379203637	52.4560070712388	35.1997196583535
2021-02-12	20.4029950544406	16.0281709504608	14.7619305699962	23.499202770039	9.17779848202439	42.7933467728023	51.2341766922488	34.5001092387597
2021-02-13	20.0237499433442	15.7853502924293	14.2890687020056	23.2316832952088	8.89601271147865	42.1737159304453	49.9993084928289	33.7953289521304
2021-02-14	19.6362200172182	15.5353078493258	13.8199294241242	22.9603119340908	8.61598290917788	41.5486200033659	48.7543126659842	33.0884809006524
2021-02-15	19.2408159943916	15.2777717240186	13.3547217338591	22.6849143680729	8.33744428473812	40.9192237992646	47.5020212297999	32.3823099002988
2021-02-16	18.8385038287403	15.0131479291514	12.8941891932655	22.4056611715655	8.06126494665187	40.2862529163516	46.2449535026809	31.6781316221892
2021-02-17	18.4303882830265	14.7420119548114	12.4392090055358	22.1228091422347	7.78859622813076	39.6503231504639	44.9855506281121	30.9769044512298
2021-02-18	18.0175741200126	14.4649392910859	11.9906583738622	21.8366150777462	7.52058946238639	39.012050297439	43.7262537495787	30.2795867723265
2021-02-19	17.601166102461	14.1825054280622	11.5494145014371	21.547335775766	7.25839598263039	38.3720501531141	42.4695040105654	29.5871369703855
2021-02-20	17.1822689931341	13.8952858558275	11.116354591453	21.25522803396	7.00316712207437	37.7309385133265	41.2177425545572	28.9005134303129
2021-02-21	16.7619875547942	13.6038560644692	10.692355847102	20.9605486499942	6.75605421392994	37.0893311739135	39.9734105250391	28.2206745370148
2021-02-22	16.3414265502037	13.3087915440745	10.2782954715766	20.6635544215344	6.51820859140873	36.4478439307123	38.7389490654961	27.5485786753972
2021-02-23	15.921690742125	13.0106677847307	9.87505066806908	20.3645021462465	6.29078158772235	35.8070925795603	37.5167993194131	26.8851842303663
2021-02-24	15.5038848933205	12.7100602765252	9.48349863977183	20.0636486217966	6.07492453608243	35.1676929162948	36.309402430275	26.2314495868282
2021-02-25	15.0891137665524	12.4075445095451	9.10451658987716	19.7612506458504	5.87178876970057	34.530260736753	35.1191995415668	25.5883331296889
2021-02-26	14.6784821245832	12.1036959738778	8.7389817215774	19.457565016074	5.68252562178838	33.8954118367722	33.9486317967734	24.9567932438546
2021-02-27	14.2730947301753	11.7990901596105	8.38777123806493	19.1528485301331	5.5082864255575	33.2637620121897	32.8001403393798	24.3377883142313
2021-02-28	13.874056346091	11.4943025568306	8.05176234253206	18.8473579856939	5.35022251421953	32.6359270588428	31.6761663128709	23.7322767257251
2021-03-01	13.4823827916798	11.1899430847349	7.73160898291756	18.541307629446	5.20934850784145	32.0122765567841	30.5788802464159	23.1412264938881
2021-03-02	13.0987341126397	10.8867593789592	7.42707208614573	18.234741504175	5.08613217391169	31.3921952229276	29.5093702119202	22.5656441568559
2021-03-03	12.7236814112556	10.5855335042487	7.1376893238873	17.9276611016904	4.98090456677403	30.7748215584027	28.4684536669738	22.00654588341
2021-03-04	12.3577957898127	10.2870475253488	6.86299836781298	17.6200679138018	4.89399674077224	30.1592940643387	27.4569480691663	21.4649478423322
2021-03-05	12.001648350596	9.99208350700466	6.60253688959349	17.3119634323185	4.82573975025012	29.5447512418649	26.4756708760876	20.9418662024039
2021-03-06	11.6558101958906	9.70142351396173	6.35584256089957	17.00334914905	4.77646464955144	28.9303315921108	25.5254395453274	20.4383171324069
2021-03-07	11.3208524279814	9.41584961096525	6.1224530534019	16.6942265558059	4.74650249301999	28.3151736162056	24.6070715344753	19.9553168011225
2021-03-08	10.9972808555322	9.13608249334811	5.90192083249387	16.3847519238028	4.73604275879257	27.6986511521603	23.7211887715086	19.4936600743562
2021-03-09	10.6853401127206	8.8625973787935	5.69385753845952	16.0757006418862	4.74470862017814	27.0810793855126	22.8676310659536	19.053256606008
2021-03-10	10.3852095401029	8.59580811557216	5.49788960530557	15.7680028783087	4.77198167427867	26.463008838682	22.046042697724	18.6337947470019
2021-03-11	10.0970684782355	8.33612855195485	5.31364346703869	15.4625888013231	4.81734351819614	25.8449900340879	21.2560679467336	18.2349628482615
2021-03-12	9.82109626767462	8.08397253621232	5.1407455576656	15.1603885791819	4.88027574903252	25.2275734941495	20.497351092896	17.8564492607109
2021-03-13	9.5574722489766	7.83975391661532	4.978822311193	14.862332380138	4.96025996388979	24.6113097412864	19.7695364161249	17.4979423352738
2021-03-14	9.30637576269772	7.60388654143461	4.82750016162757	14.569350372444	5.05677775986993	23.9967492979178	19.0722681963341	17.159130422874
2021-03-15	9.06798614939428	7.37678425894093	4.68640554297604	14.2823727243525	5.16931073407492	23.3844426864633	18.4051907134373	16.8397018744354
2021-03-16	8.84248274962259	7.15886091740504	4.55516488924508	14.0023296041162	5.29734048360673	22.7749404293421	17.7679482473482	16.5393450408819
2021-03-17	8.63004490393894	6.95053036509771	4.43340463444143	13.7301511799879	5.44034860556734	22.1687930489737	17.1601850779805	16.2577482731373
2021-03-18	8.43085195289962	6.75220645028965	4.32075121257174	13.4667676202201	5.59781669705872	21.5665510677774	16.5815454852479	15.9945999221253
2021-03-19	8.24508323706093	6.56430302125164	4.21683105764274	13.2131090930655	5.76922635518287	20.9687650081726	16.0316737490641	15.7495883387699
2021-03-20	8.07291809697917	6.38723392625442	4.12127060366113	12.970105766777	5.95405917704174	20.3759853925788	15.5102141493428	15.5224018739949
2021-03-21	7.91453587321064	6.22141301356876	4.0336962846336	12.738687809607	6.15179675973732	19.7887627434153	15.0168109659978	15.3127288787241
2021-03-22	7.76999444179688	6.06711096518169	3.95378751547949	12.5196056488118	6.36180155186367	19.2076499564038	14.5509368148095	15.1199568021031
2021-03-23	7.63886582072039	5.92402579794547	3.88143563476861	12.3128907476613	6.58295940798321	18.6332094204753	14.1113776550254	14.942269486165
2021-03-24	7.52060056344891	5.79171236242861	3.81658496198343	12.118394828429	6.81403703415043	18.066005897863	13.6967477817595	14.7775498711643
2021-03-25	7.41464922345018	5.66972550919966	3.75917981660639	11.9359696133883	7.05380113641985	17.5066041508004	13.3056614901262	14.6236808973559
2021-03-26	7.32046235419194	5.55762008882716	3.70916451811995	11.7654668248126	7.30101842084595	16.9555689415206	12.9367330752396	14.4785455049943
2021-03-27	7.23749050914192	5.45495095187963	3.66648338600657	11.6067381849753	7.55445559348325	16.4134650322569	12.5885768322139	14.3400266343344
2021-03-28	7.16518424176788	5.36127294892563	3.6310807397487	11.45963541615	7.81287936038623	15.8808571852427	12.2598070561634	14.2060072256308
2021-03-29	7.10301323769668	5.27617227070872	3.60285902283486	11.3239577384174	8.07518553956754	15.3583149606021	11.9490336498938	14.0746394532042
2021-03-30	7.05052371119181	5.19936046867272	3.5815531747778	11.1992943630875	8.34078639687232	14.8464271100232	11.654848946978	13.9451524276383
2021-03-31	7.00728100867586	5.1305804344365	3.56685625909635	11.0851819992779	8.60922331010382	14.3457871830847	11.3758408886807	13.8170444935831
2021-04-01	6.97285047657147	5.06957505961892	3.55846133930935	10.9811573561059	8.88003765706531	13.8569887293655	11.1105974162665	13.6898139956883
2021-04-02	6.94679746130123	5.01608723583885	3.55606147893561	10.8867571426891	9.15277081556005	13.3806252984446	10.8577064709998	13.5629592786037
2021-04-03	6.92868730928776	4.96985985471514	3.55934974149397	10.8015180681449	9.42696416339132	12.9172904399008	10.6157559941453	13.435978686979
2021-04-04	6.91808536695368	4.93063580786667	3.56801919050325	10.7249768415908	9.70215907836237	12.4675777033129	10.3833339269675	13.3083705654641
2021-04-05	6.91455698072158	4.89815798691229	3.58176288948227	10.6566701721441	9.97789693827647	12.0320806382599	10.1590282107311	13.1796332587087
2021-04-06	6.9176674970141	4.87216928347087	3.60027390194987	10.5961347689223	10.2537191209369	11.6113927943206	9.94142678670066	13.0492651113625
2021-04-07	6.92698226225384	4.85241258916127	3.62324529142486	10.542907341043	10.5291670041469	11.2061077210738	9.72911759614068	12.9167644680755
2021-04-08	6.94206662286341	4.83863079560236	3.65037012142608	10.4965245976235	10.8037819657097	10.8168189680986	9.52068858031581	12.7816296734973
2021-04-09	6.96248592526543	4.83056679441301	3.68134145547236	10.4565232477813	11.0771053834286	10.4441200849737	9.31472768049057	12.6433590722778
2021-04-10	6.98780551588251	4.82796347721207	3.71585235708251	10.4224400006338	11.348678635107	10.0886046212779	9.10982283792959	12.5014510090667
2021-04-11	7.01759074113725	4.8305637356184	3.75359588977536	10.3938115652986	11.6180430985479	9.75086612659026	8.90456199389743	12.3554038285138
2021-04-12	7.05138788305007	4.83813473597811	3.79425065550177	10.370081850101	11.8846829490819	9.43130630718577	8.6979025015778	12.20501517377
2021-04-13	7.0886669660325	4.85054074354619	3.83743740994073	10.3503235601987	12.1478535521479	9.12955949612444	8.49027936183102	12.051279881991
2021-04-14	7.12887895009386	4.86767029830486	3.88276244720324	10.3335165999572	12.406753070712	8.84506818316247	8.2824969874365	11.8954920888334
2021-04-15	7.17147479524348	4.88941194023637	3.92983206140031	10.3186408737422	12.6605796677402	8.57727485805607	8.07535979117366	11.7389459299541
2021-04-16	7.21590546149069	4.91565420932295	3.97825254664296	10.3046762859194	12.9085315061986	8.32562201056146	7.86967218582194	11.5829355410098
2021-04-17	7.26162190884482	4.9462856455468	4.0276301970422	10.2906027408542	13.1498067490533	8.08955213043484	7.66623858416076	11.4287550576573
2021-04-18	7.30807509731519	4.98119478889018	4.07757130670903	10.2754001429124	13.3836035592705	7.86850770743241	7.46586339896955	11.2776986155533
2021-04-19	7.35474791052764	5.02024273999083	4.12771314480726	10.2580487293642	13.6091095535013	7.6619062794768	7.26920755531949	11.1308251558765
2021-04-20	7.40125092657405	5.06318084210868	4.17781688071181	10.2375300690989	13.825470163138	7.46906557715619	7.07635802744853	10.9882528418929
2021-04-21	7.44722664716282	5.10973299915916	4.22767465885039	10.2128260639105	14.031820273258	7.2892783792252	6.88725830188646	10.8498646423908
2021-04-22	7.49231757400235	5.1596231150577	4.27707862365072	10.182918615593	14.2272947689388	7.12183746443845	6.70185186516299	10.715543526158
2021-04-23	7.53616620880104	5.21257509371977	4.3258209195405	10.1467896259403	14.4110285352577	6.96603561155053	6.52008220380786	10.5851724619826
2021-04-24	7.57841505326728	5.26831283906079	4.37369369094745	10.1034209967464	14.5821564572922	6.82116559931606	6.34189280435081	10.4586344186528
2021-04-25	7.61870660910947	5.3265602549962	4.42048908229927	10.0517946298054	14.7398134201197	6.68652020648966	6.16722715332158	10.3358123649564
2021-04-26	7.656683378036	5.38704124544146	4.46599923802367	9.99089242691108	14.8831343088176	6.56139221182592	5.99602873724989	10.2165892696816
2021-04-27	7.69198786175529	5.44947971431199	4.51001630254838	9.91969628985756	15.0112540084633	6.44507439407946	5.82824104266549	10.1008481016164
2021-04-28	7.72426256197571	5.51359956552325	4.55233242030109	9.83718812043876	15.1233074041342	6.33685953200488	5.66380755609811	9.98847182954888
2021-04-29	7.75314998040566	5.57912470299067	4.59273973570951	9.74234982044868	15.2184293809079	6.23604040435681	5.50267176407749	9.87934342226701
2021-04-30	7.77829261875355	5.64577903062969	4.63103039320138	9.63416329168129	15.2957548238615	6.14190978988983	5.34477715313336	9.77334584855885
2021-05-01	7.79933297872778	5.71328645235577	4.66699653720438	9.51161043593056	15.3544186180727	6.05376046735857	5.19006720979545	9.67036207721246
2021-05-02	7.81591356203673	5.78137087208433	4.70043031214623	9.37367315499047	15.3935556486189	5.97088521551764	5.0384854205935	9.57027507701587
2021-05-03	7.82769941671128	5.84978936331373	4.73113663919939	9.21933123735255	15.4124358231806	5.89258651469688	4.88997380338318	9.47283458998409
2021-05-04	7.8344457760722	5.91843167787395	4.75897154651533	9.0475560182984	15.4108691398522	5.81820565152713	4.74446850132384	9.37725745104008
2021-05-05	7.83593041976273	5.98722073717786	4.78380383899025	8.85731671980722	15.3888006193308	5.74709361421446	4.60190418890077	9.28262726833376
2021-05-06	7.83193112742611	6.05607946263835	4.80550232152036	8.64758256385817	15.346175282314	5.67860139096496	4.46221554059926	9.18802765001504
2021-05-07	7.82222567870558	6.12493077566831	4.82393579900188	8.4173227724304	15.2829381494992	5.61207996998469	4.32533723090458	9.09254220423386
2021-05-08	7.80659185324438	6.19369759768062	4.83897307633102	8.1655065675031	15.1990342415837	5.54688033947974	4.19120393430204	8.99525453914013
2021-05-09	7.78480743068576	6.26230285008816	4.85048295840398	7.89110317105542	15.0944085792649	5.48235348765618	4.05975032527691	8.89524826288377
2021-05-10	7.7566948077339	6.3306249500941	4.85840248757164	7.5933031966576	14.9691792665008	5.41793931648654	3.93092363564592	8.79173932271982
2021-05-11	7.72225484933674	6.39836429806282	4.86294165600351	7.27218282424397	14.8241567402908	5.35343338300915	3.80472132655145	8.68447302232366
2021-05-12	7.68153303750316	6.46517679014896	4.86437869332376	6.92803962533995	14.6603245208951	5.2887201580288	3.68115341646736	8.57332700447579
2021-05-13	7.63457485424207	6.53071832250718	4.86299182915656	6.56117117147097	14.4786661285737	5.22368411235029	3.56022992386748	8.4581789119567
2021-05-14	7.58142578156234	6.59464479129214	4.85905929312607	6.17187503416242	14.2801650835866	5.1582097167784	3.44196086722566	8.33890638754689
2021-05-15	7.52213130147286	6.65661209265849	4.85285931485647	5.76044878493973	14.0658049061939	5.09218144211792	3.32635626501572	8.21538707402687
2021-05-16	7.45673689598253	6.71627612276088	4.84467012397194	5.3271899953283	13.8365691166556	5.02548375917364	3.21342613571151	8.08749861417711
2021-05-17	7.38528804710022	6.77329277775397	4.83476995009663	4.87239623685354	13.5934412352318	4.95800113875035	3.10318049778686	7.95511865077812
2021-05-18	7.30783023683482	6.82731795379241	4.82343702285472	4.39636508104087	13.3374047821826	4.88961805165283	2.99562936971561	7.8181248266104
2021-05-19	7.22440894719523	6.87800754703086	4.81094957187038	3.8993940994157	13.0694432777679	4.82021896868588	2.89078276997161	7.67639478445444
2021-05-20	7.13506966019032	6.92501745362398	4.79758582676777	3.38178086350344	12.7905402422479	4.74968836065429	2.78865071702868	7.52980616709073
2021-05-21	7.039857857829	6.96800356972641	4.78362401717108	2.84382294482954	12.5016791958826	4.67791069836284	2.68924322936067	7.37823661729978
2021-05-22	6.93881902212014	7.00662179149282	4.76934237270447	2.28581791491933	12.203843658932	4.60477045261632	2.59257032544141	7.22156377786207
2021-05-23	6.83199863507263	7.04052801507785	4.75501912299211	1.70806334529827	11.8980171516561	4.53015209421952	2.49864202374473	7.0596652915581
2021-05-24	6.71964523852773	7.06945492875387	4.74104425772177	1.11188594738623	11.5852214520406	4.45396140647077	2.40745920958897	6.8925598365762
2021-05-25	6.60281961365624	7.09344238926404	4.7282548068356	0.502728992180977	11.2666313689726	4.37618942264254	2.31898623567035	6.72083023273603
2021-05-26	6.48278560146132	7.1126070454692	4.71759956033936	0	10.943459969065	4.29684848850084	2.23317832152961	6.54520033526508
2021-05-27	6.36080704294614	7.12706554623023	4.7100273082388	0	10.6169203189305	4.21595094981168	2.14999068670746	6.36639399939084
2021-05-28	6.23814777911385	7.13693454040798	4.70648684053968	0	10.2882254851818	4.13350915234109	2.06937855074462	6.18513508034081
2021-05-29	6.11607165096764	7.14233067686331	4.70792694724776	0	9.95858853443183	4.04953544185506	1.99129713318182	6.00214743334247
2021-05-30	5.99584249951065	7.14337060445709	4.71529641836878	0	9.62922253329324	3.96404216411962	1.91570165355978	5.81815491362332
2021-05-31	5.87857556397261	7.14014838713449	4.72926013699353	0	9.30124731537253	3.8770991482575	1.84255462144092	5.63383294812246
2021-06-01	5.76479167648938	7.13266774917801	4.74934735855286	0	8.97540978225098	3.78900615681838	1.77184770647447	5.44966325062544
2021-06-02	5.65486306742338	7.12090982995446	4.77480343156266	0	8.65236360250356	3.70012043570864	1.70357986833134	5.26607910662939
2021-06-03	5.54916196713702	7.10485576883068	4.80487370453881	0	8.33276244470525	3.6107992308347	1.63775006668246	5.08351380163147
2021-06-04	5.44806060599271	7.08448670517346	4.83880352599719	0	8.01725997743106	3.52139978810296	1.57435726119877	4.90240062112882
2021-06-05	5.35193121435288	7.05978377834964	4.87583824445368	0	7.70650986925595	3.43227935341981	1.51340041155117	4.72317285061861
2021-06-06	5.26114602257994	7.03072812772603	4.91522320842416	0	7.40116578875493	3.34379517269166	1.4548784774106	4.54626377559797
2021-06-07	5.1760772610363	6.99730089266945	4.95620376642452	0	7.10188140450297	3.2563044918249	1.39879041844798	4.37210668156407
2021-06-08	5.09709716008437	6.95948321254672	4.99802526697064	0	6.80931038507505	3.17016455672594	1.34513519433423	4.20113485401404
2021-06-09	5.02457795008659	6.91725622672465	5.0399330585784	0	6.52410639904618	3.08573261330118	1.29391176474028	4.03378157844504
2021-06-10	4.95889186140535	6.87060107457007	5.08117248976368	0	6.24692311499132	3.00336590745701	1.24511908933705	3.87048014035422
2021-06-11	4.90041112440307	6.81949889544979	5.12098890904237	0	5.97841420148547	2.92342168509984	1.19875612779547	3.71166382523873
2021-06-12	4.84950796944217	6.76393082873063	5.15862766493034	0	5.71923332710363	2.84625719213608	1.15482183978647	3.55776591859573
2021-06-13	4.80655462688506	6.70387801377941	5.19333410594348	0	5.47003416042074	2.77222967447211	1.11331518498095	3.40921970592234
2021-06-14	4.77175865695859	6.63932270592365	5.22448570487779	0	5.23132159063819	2.70163041002964	1.07424841813629	3.26641163544262
2021-06-15	4.74466893934734	6.57025162433372	5.25198843164975	0	5.00300538946281	2.63448680479154	1.0376869743556	3.12954080628814
2021-06-16	4.72466968360032	6.49665260414068	5.27588038045596	0	4.78484654922781	2.57076029675598	1.00370958382841	2.99875948031734
2021-06-17	4.71114509926653	6.41851348047559	5.29619964549302	0	4.5766060622664	2.51041232392116	0.972394976744287	2.87421991938868
2021-06-18	4.703479395895	6.33582208846951	5.31298432095753	0	4.3780449209118	2.45340432428523	0.943821883292764	2.75607438536062
2021-06-19	4.70105678303471	6.24856626325353	5.32627250104609	0	4.18892411749722	2.39969773584638	0.91806903366339	2.64447514009161
2021-06-20	4.7032614702347	6.15673383995869	5.3361022799553	0	4.00900464435586	2.34925399660277	0.895215158045712	2.53957444544011
2021-06-21	4.70947766704395	6.06031265371606	5.34251175188176	0	3.83804749382095	2.3020345445526	0.875338986629274	2.44152456326456
2021-06-22	4.7190895830115	5.95929053965672	5.34553901102207	0	3.67581365822569	2.25800081769402	0.858519249603626	2.35047775542344
2021-06-23	4.73148142768634	5.85365533291172	5.34522215157283	0	3.52206412990328	2.21711425402521	0.844834677158309	2.26658628377518
2021-06-24	4.74603741061748	5.74339486861213	5.34159926773063	0	3.37655990118694	2.17933629154436	0.834363999482872	2.19000241017824
2021-06-25	4.76214174135393	5.62849698188902	5.33470845369209	0	3.23906196440989	2.14462836824963	0.827185946766861	2.12087839649108
2021-06-26	4.77917862944471	5.50894950787344	5.3245878036538	0	3.10933131190533	2.1129519221392	0.823379249199821	2.05936650457215
2021-06-27	4.79653228443883	5.38474028169648	5.31127541181236	0	2.98712893600647	2.08426839121124	0.823022636971299	2.0056189962799
2021-06-28	4.81377544293724	5.25604297183737	5.29488982677454	0	2.87220745088959	2.05854985883452	0.826216366832734	1.95965164611056
2021-06-29	4.8312349497487	5.12377458016816	5.27587141478782	0	2.76428595810316	2.03581098986014	0.833146801783136	1.9209342791114
2021-06-30	4.84942617673395	4.98903794190907	5.25474099650986	0	2.66307518103875	2.0160770945098	0.844021831383408	1.88880023296745
2021-07-01	4.8688644957537	4.85293589228032	5.23201939259831	0	2.56828584308791	1.99937348300519	0.859049345194455	1.86258284536374
2021-07-02	4.89006527866866	4.71657126650214	5.20822742371082	0	2.47962866764216	1.98572546556802	0.878437232777179	1.84161545398531
2021-07-03	4.91354389733956	4.58104689979475	5.18388591050506	0	2.39681437809308	1.97515835241996	0.902393383692481	1.8252313965172
2021-07-04	4.93981572362711	4.44746562737837	5.15951567363866	0.213920573497416	2.3195536978322	1.96769745378272	0.931125687501269	1.81276401064444
2021-07-05	4.96942299732631	4.31685449211833	5.13563230528638	0.539909631528928	2.24756007586116	1.96335743815272	0.964820136472937	1.80365102068444
2021-07-06	5.00301542996926	4.18993736746037	5.11273048369133	0.853961213246011	2.18055786362191	1.96211040712526	1.00357513371084	1.7977476974841
2021-07-07	5.04126960102233	4.06736233449534	5.09129965861372	1.15661631042842	2.1182741381665	1.96391782057037	1.04746718502685	1.7950136985227
2021-07-08	5.08486208995189	3.94977747431409	5.07182927981375	1.4484159148559	2.06043597654699	1.9687411383581	1.09657279623279	1.79540868127951
2021-07-09	5.13446947622433	3.83783086800746	5.05480879705163	1.7299010183082	2.00677045581541	1.97654182035847	1.15096847314054	1.7988923032338
2021-07-10	5.19076833930601	3.7321705966663	5.04072766008756	2.00161261256509	1.95700465302381	1.98728132644152	1.21073072156194	1.80542422186486
2021-07-11	5.25443525866331	3.63344474138146	5.03007531868175	2.2640916894063	1.91086564522424	2.00092111647728	1.27593604730884	1.81496409465196
2021-07-12	5.32614681376261	3.54230138324378	5.02334122259442	2.5178792406116	1.86808050946874	2.01742265033578	1.3466609561931	1.82747157907437
2021-07-13	5.40657958407029	3.45938860334411	5.02101482158575	2.76351625796073	1.82837632280936	2.03674738788706	1.42298195402657	1.84290633261138
2021-07-14	5.4964101490527	3.3853544827733	5.02358556541596	3.00154373323344	1.79148016229814	2.05885678900115	1.50497554662109	1.86122801274224
2021-07-15	5.59631508817624	3.32084710262218	5.03154290384525	3.2325026582095	1.75711910498713	2.08371231354808	1.59271823978854	1.88239627694625
2021-07-16	5.70697098090727	3.26651454398162	5.04537628663383	3.45693402466865	1.72502022792838	2.11127542139788	1.68628653934076	1.90637078270268
2021-07-17	5.82905440671218	3.22300488794245	5.06557516354191	3.67537882439064	1.69491060817393	2.1415075724206	1.78575695108959	1.93311118749079
2021-07-18	5.96324194505733	3.19096621559552	5.09262898432969	3.88837804915523	1.66651732277582	2.17437022648626	1.89120598084691	1.96257714878987
2021-07-19	6.11022439616511	3.17098593106673	5.1269222140146	4.09669470686184	1.6396498273297	2.20977025840369	2.00270349100284	1.9947402071172
2021-07-20	6.27074944328188	3.1634087306222	5.16841937864293	4.30197986988851	1.61444709160556	2.2473962027369	2.12029277026072	2.02961943514205
2021-07-21	6.44557899041	3.16851863356309	5.2169800195182	4.50610662673298	1.591130463917	2.28688200898871	2.24401046390217	2.06724578857171
2021-07-22	6.63547494155184	3.18659965919058	5.27246367794393	4.71094806589297	1.56992129257761	2.32786162666193	2.37389321720881	2.10765022311345
2021-07-23	6.84119920070978	3.21793582680582	5.33472989522362	4.91837727586622	1.55104092590098	2.36996900525937	2.50997767546225	2.15086369447456
2021-07-24	7.06351367188618	3.26281115570999	5.40363821266081	5.13026734515043	1.5347107122007	2.41283809428383	2.65230048394413	2.19691715836233
2021-07-25	7.30318025908339	3.32150966520425	5.47904817155899	5.34849136224333	1.52115199979037	2.45610284323814	2.80089828793604	2.24584157048403
2021-07-26	7.56082226985691	3.39419075004462	5.56082095418413	5.57470197067006	1.51052092563034	2.49946875466779	2.95576973501391	2.29765310511315
2021-07-27	7.83650862597455	3.4805153068065	5.64882430665191	5.80967003406528	1.50271278126793	2.5429275432891	3.11676148193073	2.35230881078806
2021-07-28	8.13016965275724	3.5800196075201	5.74292761604046	6.05394597109105	1.49755764689726	2.58654247686106	3.2836821877338	2.40975095461332
2021-07-29	8.4417356755259	3.69223992421569	5.84300026942789	6.30808020040944	1.4948856027124	2.63037682314267	3.45634051147039	2.46992180369348
2021-07-30	8.77113701960147	3.81671252892349	5.94891165389234	6.5726231406825	1.49452672890746	2.67449384989293	3.63454511218779	2.53276362513312
2021-07-31	9.11830401030486	3.95297369367374	6.06053115651191	6.84812521057233	1.49631110567654	2.71895682487083	3.8181046489333	2.59821868603681
2021-08-01	9.483166972957	4.10055969049668	6.17772816436474	7.13513682874095	1.50006881321372	2.76382901583539	4.00682778075419	2.6662292535091
2021-08-02	9.86565623287882	4.25900679142254	6.30037206452895	7.43420841385046	1.5056299317131	2.8091736905456	4.20052316669775	2.73673759465456
2021-08-03	10.2657021153912	4.42785126848157	6.42833224408266	7.74589038456291	1.51282454136878	2.85505411676046	4.39899946581127	2.80968597657776
2021-08-04	10.6832349458152	4.606629393704	6.56147809010399	8.07073315954036	1.52148272237484	2.90153356223897	4.60206533714203	2.88501666638326
2021-08-05	11.1181850494716	4.79487743912006	6.69967898967106	8.40928715744485	1.53143455492539	2.94867529474012	4.8095294397373	2.96267193117562
2021-08-06	11.5704827516813	4.99213167676001	6.842804329862	8.76210279693851	1.54251011921451	2.99654258202293	5.02120043264441	3.04259403805943
2021-08-07	12.0400583777654	5.19792837865408	6.99072349775494	9.12973049668337	1.55453949543631	3.04519869184638	5.23688697491062	3.12472525413923
2021-08-08	12.5268422530448	5.41180381683249	7.14330588042798	9.51272067534149	1.56735276378487	3.09470689196949	5.45639772558322	3.20900784651959
2021-08-09	13.0305882660757	5.63318514290207	7.30039965901165	9.91124090112164	1.58086208793611	3.14515273048306	5.6794773495704	3.29525786056574
2021-08-10	13.5503445583568	5.86106302677587	7.461768190846	10.3239273404194	1.59530796549318	3.19671087680517	5.90561453522405	3.38278645468547
2021-08-11	14.0849828346219	6.09431901794353	7.62715362732346	10.7490333091769	1.61101297754104	3.24957828068571	6.13423397675694	3.47077856554726
2021-08-12	14.633374799605	6.33183466589468	7.79629811983649	11.1848121233365	1.62829970516468	3.30395189187458	6.36476036838188	3.55841912981956
2021-08-13	15.19439215804	6.57249152011895	7.96894381977752	11.6295170988405	1.64749072944905	3.36002866012168	6.59661840431164	3.64489308417084
2021-08-14	15.7669066146609	6.81517113010599	8.14483287853899	12.081401551631	1.66890863147912	3.41800553517689	6.82923277875901	3.72938536526956
2021-08-15	16.3497898742015	7.0587550453454	8.32370744751334	12.5387187976503	1.69287599233987	3.4780794667901	7.06202818593676	3.81108090978418
2021-08-16	16.9418971650846	7.30222056052518	8.50530033510328	12.9997653866047	1.71968701877384	3.54042456493555	7.29446460612387	3.88931876372324
2021-08-17	17.5420178104881	7.5449279511266	8.68930697775251	13.4630108032568	1.74952242015381	3.60512358048485	7.52614316386385	3.96405441045565
2021-08-18	18.1489246572784	7.78633323782927	8.87541346891499	13.9269677661332	1.78253453151016	3.67223642453394	7.75670026976637	4.03539744269037
2021-08-19	18.761390552322	8.02589244131279	9.06330590204468	14.3901489937603	1.81887568787326	3.74182300817875	7.98577233444111	4.10345745313639
2021-08-20	19.3781883424856	8.26306158225679	9.25267037059553	14.8510672046649	1.85869822427346	3.81394324251522	8.21299576849776	4.16834403450269
2021-08-21	19.9980908746357	8.49729668134087	9.44319296802151	15.3082351173734	1.90215447574115	3.88865703863931	8.43800698254599	4.23016677949823
2021-08-22	20.6198709956389	8.72805375924465	9.63455978777658	15.7601654504126	1.94939677730668	3.96602430764696	8.66044238719548	4.289035280832
2021-08-23	21.2423015523616	8.95478883664773	9.82645692331469	16.2053709223089	2.00057746400041	4.04610496063409	8.87993839305591	4.34505913121298
2021-08-24	21.8641553916706	9.17695793422972	10.0185704680898	16.642364251589	2.05584887085273	4.12895890869666	9.09613141073695	4.39834792335014
2021-08-25	22.4842053604322	9.39401707267024	10.2105865155559	17.0696581567794	2.11536333289399	4.21464606293062	9.30865785084829	4.44901124995245
2021-08-26	23.101224305513	9.60542227264889	10.4021911591669	17.4857653564067	2.17927318515456	4.30322633443188	9.51715412399959	4.49715870372891
2021-08-27	23.7139850737797	9.8106295548453	10.5930704923768	17.8891985689975	2.24773076266481	4.39475963429642	9.72125664080055	4.54289987738848
2021-08-28	24.3212605120988	10.0090949399391	10.7829106086395	18.2784705130785	2.3208884004551	4.48930587362015	9.92060181186085	4.58634436364015
2021-08-29	24.9218234673368	10.2002744486098	10.9713976014091	18.6520939071762	2.3988984335558	4.58692496349904	10.1148260477902	4.62760175519288
2021-08-30	25.5143568273225	10.3836853281952	11.1582654036736	19.0089242032831	2.48197460021562	4.68768073216916	10.3035326084075	4.66681479757415
2021-08-31	26.0971836437338	10.5590897326649	11.3434393065577	19.3491877872557	2.57057625155666	4.79165267642717	10.4861921503691	4.70425884758534
2021-09-01	26.6685370092107	10.7263110426468	11.5268924407206	19.6734537784165	2.66522414191933	4.89892421020988	10.6622421795406	4.74024241484632
2021-09-02	27.2266500163932	10.8851726387686	11.708597936821	19.982291296088	2.76643902564408	5.00957874745408	10.8311202017875	4.77507400897696
2021-09-03	27.7697557579215	11.0354979016581	11.888528925518	20.2762694595927	2.87474165707133	5.12369970209659	10.9922637229755	4.80906213959715
2021-09-04	28.2960873264356	11.1771102119431	12.0666585374705	20.5559573882529	2.99065279054153	5.24137048807421	11.1451102489702	4.84251531632675
2021-09-05	28.8038778145755	11.3098329502513	12.2429599033374	20.8219242013912	3.11469318039509	5.36267451932373	11.2890972856372	4.87574204878563
2021-09-06	29.2915267008148	11.4335827770133	12.4174117759472	21.0746345040957	3.2471782432421	5.48760836242231	11.4237266877775	4.90897303274146
2021-09-07	29.7580990069608	11.5486494718698	12.5900153968062	21.3141348445175	3.38760204477131	5.61582119450848	11.5487577059341	4.94212770855307
2021-09-08	30.2028261406542	11.6554160942643	12.7607776295904	21.5403672565731	3.53525331294108	5.74687534536112	11.6640139395854	4.97504770272708
2021-09-09	30.6249395095356	11.7542657036405	12.9297053379757	21.7532737741793	3.68942077570981	5.88033314475909	11.76931898821	5.00757464177013
2021-09-10	31.0236705212459	11.8455813594418	13.0968053856379	21.9527964312529	3.84939316103588	6.01575692248127	11.8644964512862	5.03955015218882
2021-09-11	31.3982505834257	11.9297461211118	13.2620846362529	22.1388772617104	4.01445919687767	6.15270900830653	11.9493699282925	5.07081586048979
2021-09-12	31.7479111037157	12.0071430480939	13.4255499534967	22.3114582994687	4.18390761119356	6.29075173201375	12.0237630187074	5.10121339317966
2021-09-13	32.0718834897567	12.0781551998317	13.5872082010451	22.4704815784442	4.35702713194195	6.4294474233818	12.0874993220093	5.13058437676506
2021-09-14	32.3693991491894	12.1431656357686	13.747066242574	22.6158891325539	4.5331064870812	6.56835841218956	12.1404024376766	5.1587704377526
2021-09-15	32.6396894896545	12.2025574153483	13.9051309417593	22.7476229957143	4.71143440456972	6.70704702821589	12.1822959651879	5.18561320264892
2021-09-16	32.8819859187927	12.2567135980142	14.0614091622768	22.8656252018422	4.89129961236587	6.84507560123968	12.2130035040215	5.21095429796063
2021-09-17	33.0955198442447	12.3060172432099	14.2159077678026	22.9698377848542	5.07199083842803	6.98200646103978	12.2323486536559	5.23463535019436
2021-09-18	33.2795226736513	12.3508514103788	14.3686336220124	23.0602027786671	5.25279681071462	7.1174019373951	12.2401550135696	5.25649798585673
2021-09-19	33.4332258146532	12.3915991589645	14.5195935885822	23.1366622171975	5.433006257184	7.25082436008448	12.236246183241	5.27638383145438
2021-09-20	33.5561367087889	12.4286153648938	14.6687802257636	23.1991379293437	5.61200655020305	7.38177664834005	12.2206613280151	5.29411195371094
2021-09-21	33.648866933188	12.4621421700268	14.816128870111	23.24747092393	5.78957963977267	7.50952407920683	12.1943018767027	5.30941118021819
2021-09-22	33.7123040988779	12.4923935327068	14.9615605527544	23.2814820047625	5.96560612030225	7.63327251918308	12.1582848239814	5.32198777878494
2021-09-23	33.7473358168861	12.5195834112772	15.1049963048241	23.300991975647	6.13996658620117	7.75222783476707	12.1137271645286	5.33154801721999
2021-09-24	33.75484969824	12.5439257640813	15.2463571574502	23.3058216403895	6.31254163187882	7.86559589245706	12.0617458930216	5.33779816333213
2021-09-25	33.7357333539671	12.5656345494626	15.3855641417628	23.295791802796	6.4832118517446	7.97258255875132	12.003458004138	5.34044448493017
2021-09-26	33.6908743950947	12.5849237257644	15.522538288892	23.2707232666724	6.65185784020788	8.0723937001481	11.9399804925552	5.33919324982291
2021-09-27	33.6212038968278	12.6019984779542	15.6571828837405	23.2305336616495	6.81846860337641	8.16440468321745	11.8722499764564	5.33386129880558
2021-09-28	33.5278267910813	12.6170288974959	15.7893302263008	23.1755279206579	6.98346679415122	8.24866887481657	11.8004815680477	5.32470776461917
2021-09-29	33.4118914739475	12.6301763024776	15.9187948703381	23.1061078024526	7.14738347713177	8.32540914187444	11.7247100030411	5.31210235299107
2021-09-30	33.274546341519	12.6416020109875	16.0453913696174	23.0226750657892	7.31074971691743	8.39484835132003	11.6449700171486	5.2964147696487
2021-10-01	33.1169397898881	12.6514673411136	16.1689342779038	22.925631469423	7.47409657810762	8.45720937008231	11.5612963460822	5.27801472031948
2021-10-02	32.9402202151472	12.659933610944	16.2892381489624	22.8153787721091	7.63795512530174	8.51271506509027	11.4737237255538	5.2572719107308
2021-10-03	32.7455360133886	12.6671621385668	16.4061175365583	22.6923187326031	7.8028564230992	8.56158830327288	11.3822868912753	5.23455604661008
2021-10-04	32.5340355807049	12.6733142420701	16.5193869944566	22.5568531096601	7.9693315360994	8.60405195155912	11.2870205789587	5.21023683368472
2021-10-05	32.3068673131884	12.678551239542	16.6288610764224	22.4093836620355	8.13791152890176	8.64032887687797	11.187959524316	5.18468397768215
2021-10-06	32.0651796069315	12.6830344490706	16.7343543362207	22.2503121484847	8.30912746610566	8.6706419461584	11.0851384630591	5.15826718432976
2021-10-07	31.8101208580266	12.686925188744	16.8356813276166	22.0800403277629	8.48351041231054	8.69521402632939	10.9785921309	5.13135615935497
2021-10-08	31.5428394625662	12.6903847766502	16.9326566043753	21.8989699586255	8.66159143211578	8.71426798431991	10.8683552635507	5.10432060848519
2021-10-09	31.2644838166426	12.6935745308774	17.0250947202618	21.7075027998277	8.8439015901208	8.72802668705895	10.754462596723	5.07753023744782
2021-10-10	30.9762023163482	12.6966557695137	17.1128102290412	21.506040610125	9.03097195092501	8.73671300147548	10.636948866129	5.05135475197028
2021-10-11	30.6790594753975	12.6997439460104	17.1957170585739	21.2950319519186	9.22317658276963	8.74057985869104	10.5159029642412	5.02609759285204
2021-10-12	30.3737842779933	12.7027710552725	17.2741266331012	21.0751126021945	9.42026156846323	8.74000044659745	10.3916304105743	5.00179714118091
2021-10-13	30.0610218259605	12.7056232275681	17.3484497509596	20.8469651415844	9.62181599445619	8.73537801727907	10.2644908814037	4.97842551311673
2021-10-14	29.741417221124	12.7081865931652	17.4190972104858	20.6112721507201	9.82742894719889	8.7271158228203	10.1348440530048	4.95595482481938
2021-10-15	29.4156155653087	12.7103472823322	17.4864798100165	20.3687162102336	10.0366895131417	8.7156171153055	10.0030496016529	4.93435719244872
2021-10-16	29.0842619603395	12.7119914253372	17.551008347888	20.1199799007566	10.2491867787351	8.70128514681905	9.86946720362334	4.9136047321646
2021-10-17	28.7480015080412	12.7130051524483	17.6130936224372	19.865745802921	10.4645098304294	8.68452316944533	9.73445653519147	4.89366956012689
2021-10-18	28.4074793102387	12.7132745939337	17.6731464320005	19.6066964973587	10.6822477546749	8.66573443526872	9.59837727263264	4.87452379249545
2021-10-19	28.063340468757	12.7126858800616	17.7315775749146	19.3435145647015	10.9019896379221	8.64532219637358	9.46158909222221	4.85613954543015
2021-10-20	27.7162300854208	12.7111251411001	17.7887978495161	19.0768825855812	11.1233245666214	8.62368970484431	9.32445167023551	4.83848893509084
2021-10-21	27.3667932620551	12.7084785073175	17.8452180541415	18.8074831406297	11.3458416272232	8.60124021276527	9.18732468294788	4.8215440776374
2021-10-22	27.0156751004848	12.7046321089818	17.9012489871275	18.5359988104789	11.5691299061777	8.57837697222085	9.05056780663469	4.80527708922967
2021-10-23	26.6635207025348	12.6994720763612	17.9573014468106	18.2631121757605	11.7927784899355	8.55550323529541	8.91454071757127	4.78966008602753
2021-10-24	26.3109751700299	12.6928845397239	18.0137862315275	17.9895058171065	12.0163764649469	8.53302225407334	8.77960309203297	4.77466518419084
