date	state	King	Snohomish	Pierce	Ann Arbor	Boston	San Diego	DC
2020-01-26	0	0	0	0	0	0	0	0
2020-01-27	0	0	0	0	0	0	0	0
2020-01-28	0	0	0	0	0	0	0	0
2020-01-29	0	0	0	0	0	0	0	0
2020-01-30	0	0	0	0	0	0	0	0
2020-01-31	0	0	0	0	0	0	0	0
2020-02-01	0	0	0	0	0	0	0	0
2020-02-02	0	0	0	0	0	0	0	0
2020-02-03	0	0	0	0	0	0	0	0
2020-02-04	0	0	0	0	0	0	0	0
2020-02-05	0	0	0	0	0	0	0	0
2020-02-06	0	0	0	0	0	0	0	0
2020-02-07	0	0	0	0	0	0	0	0
2020-02-08	0	0	0	0	0	0	0	0
2020-02-09	0	0	0	0	0	0	0	0
2020-02-10	0	0	1.90463360281428	0	0	0	0	0
2020-02-11	0	2.56995206006271	6.3978555066552	0	0	0	0	0
2020-02-12	0.289519968945064	6.17333184399062	11.1542758392153	0	0	0	0	0
2020-02-13	2.51253188006898	10.0006551523052	16.1888947753082	0	0	0	0	0
2020-02-14	4.89334087433689	14.0650390212113	21.5167124897474	0	0	0	0	0
2020-02-15	7.44188267819421	18.3796004869138	27.1527291573465	0.0884367832106725	0	0	0	0
2020-02-16	10.1680930180864	22.9574565856176	33.1119449529191	1.84026704167883	0	0	0	0
2020-02-17	13.0819076204588	27.8117243535277	39.4093600512789	3.74368847563075	1.62518171813183	0	0	0
2020-02-18	16.193262211757	32.955520826849	46.0599746272393	5.80799428545475	5.7418597276254	0	0	0
2020-02-19	19.5120925184263	38.4019630417862	53.078788855614	8.04247767153914	10.2352558688271	0	0	0
2020-02-20	23.0483342669122	44.1641680345444	60.4808029112165	10.4564318342722	15.1268788152738	0	0	0
2020-02-21	26.81192318366	50.2552528413283	68.2810169688604	13.0591499740423	20.4382372405026	2.75500914082699	0.891077502831475	0
2020-02-22	30.8127949951153	56.688334498343	76.4944312033593	15.8599252912377	26.1908398180505	20.9076563587861	2.03850655923757	0
2020-02-23	35.0608854277234	63.4765300417932	85.1360457895267	18.8680509862468	32.4061952214545	40.8944239573928	3.29858106593522	0
2020-02-24	39.564857296176	70.6301630144163	94.2169705450401	22.0924284450619	39.1059832768201	62.8145400380785	4.67730720009255	0
2020-02-25	44.3282817681492	78.1483829850784	103.732753859031	25.5403917960915	46.3125684205273	86.7908639968691	6.18181065893975	0.020567487324974
2020-02-26	49.3534570995657	86.027546029178	113.675053763497	29.2188833533485	54.0484862415243	112.95216305344	7.81949701972256	7.58538209413533
2020-02-27	54.6426815463477	94.2640082221138	124.035528290431	33.1348454308455	62.3362723287595	141.427204427465	9.5977718596867	15.9767649973889
2020-02-28	60.1982533644176	102.854125639284	134.805835471831	37.2952203425952	71.1984622711814	172.344755338621	11.5240407560779	25.2498038322786
2020-02-29	66.0224708096981	111.794254356088	145.977633339693	41.7069504026101	80.6575916577383	205.833583006582	13.6057092861419	35.4595862339973
2020-03-01	72.1176321381114	121.080750447923	157.542579926011	46.3769779249031	90.7361960773785	242.022454651022	15.8501830271245	46.6611998377381
2020-03-02	78.4819395794632	130.704456897818	169.484745789588	51.3087989443772	101.448284511838	281.013283554554	18.263203467011	58.9024558196557
2020-03-03	85.0972112590916	140.634164319312	181.757851596443	56.4921243794967	112.773759514006	322.800567251535	20.843855736746	72.2020595197529
2020-03-04	91.9411692762182	150.833150233577	194.308030539404	61.9132188696164	124.683997029557	367.351949339259	23.5895608780136	86.5714398189943
2020-03-05	98.9915357300643	161.264692161783	207.081415811297	67.5583470540913	137.150373004167	414.635073415022	26.497739932498	102.022025598345
2020-03-06	106.226032719851	171.892067625098	220.024140604947	73.413773572276	150.144263383513	464.617583076117	29.5658139418834	118.565245738768
2020-03-07	113.622382344801	182.678554144694	233.082338113182	79.4657630635253	163.63704411327	517.267121919838	32.7912039478541	136.21252912123
2020-03-08	121.158306704134	193.58742924174	246.202141528826	85.7005801671941	177.600091139113	572.551333543481	36.1713309920941	154.975304626695
2020-03-09	128.811527897072	204.581970437407	259.329684044707	92.1044895226371	192.00478040672	630.437861544339	39.7036161162877	174.865001136128
2020-03-10	136.559768022837	215.625455252864	272.411098853651	98.6637557692092	206.822487861765	690.894349519708	43.385480362119	195.893047530492
2020-03-11	144.38074918065	226.681161209281	285.392519148484	105.364643546265	222.024589449925	753.88844106688	47.2143447712723	218.070872690753
2020-03-12	152.252193469733	237.712365827829	298.220078122031	112.19341749316	237.582461116875	819.387779783151	51.1876303854318	241.409905497876
2020-03-13	160.151822989306	248.682346629676	310.839908967121	119.136342249247	253.467478808292	887.360009265816	55.3027582462815	265.921574832825
2020-03-14	168.057359838591	259.554381135995	323.198144876578	126.179682453884	269.65101846985	957.772773112168	59.5571493955058	291.617309576565
2020-03-15	175.946526116811	270.291746867953	335.240919043228	133.309702746423	286.104456047227	1030.5937149195	63.9482248747888	318.508538610059
2020-03-16	183.792518567418	280.854984968737	346.909201543109	140.506014140784	302.779915064201	1105.74875482681	68.4702041031836	346.593385018657
2020-03-17	191.550432510798	291.193691069588	358.123309985097	147.721613149149	319.552509356961	1182.99691913989	73.1045000092195	375.816748705232
2020-03-18	199.17083791157	301.254724423765	368.79839886128	154.902842658262	336.278100339801	1262.05551070624	77.8293238987945	406.110223777043
2020-03-19	206.604304734352	310.984944284524	378.849622663744	161.996045554867	352.812549427014	1342.64183237336	82.6228870778068	437.405404341347
2020-03-20	213.801402943763	320.331209905123	388.192135884577	168.94756472571	369.011718032892	1424.47318698873	87.4634008521545	469.633884505403
2020-03-21	220.712702504421	329.24038053882	396.741093015867	175.703743057536	384.731467571729	1507.26687739985	92.3290765277358	502.727258376467
2020-03-22	227.288773380944	337.659315438872	404.411648549699	182.21092343709	399.827659457817	1590.74020645423	97.1981254104487	536.6171200618
2020-03-23	233.487602199832	345.542360846455	411.136122330192	188.421390203497	414.174684689732	1674.59845212331	102.05112294409	571.227845792245
2020-03-24	239.296842235111	352.873810954423	416.91549560958	194.31119350541	427.721052603175	1758.49879287437	106.878101124048	606.454940293006
2020-03-25	244.711563422688	359.645446943549	421.767914992129	199.862324943859	440.433802118133	1842.08638229866	111.671456083612	642.186690412871
2020-03-26	249.72683569847	365.849049994605	425.711527082103	205.056776119878	452.279972154589	1925.00637398741	116.423583956069	678.311383000631
2020-03-27	254.337728998364	371.476401288364	428.764478483769	209.876538634497	463.226601632528	2006.90392153186	121.126880874706	714.717304905077
2020-03-28	258.539313258277	376.519282005597	430.94491580139	214.303604088749	473.240729471935	2087.42417852325	125.773742972811	751.292742974998
2020-03-29	262.326658414117	380.969473327079	432.270985639233	218.319964083665	482.289394592795	2166.21229855283	130.356566383673	787.925984059183
2020-03-30	265.69483440179	384.81875643358	432.760834601562	221.907610220279	490.339635915093	2242.91343521182	134.867747240578	824.505315006424
2020-03-31	268.638911157203	388.058912505874	432.432609292642	225.048534099621	497.358492358812	2317.17274209146	139.299681676814	860.91902266551
2020-04-01	271.153958616264	390.681722724734	431.304456316739	227.724727322724	503.313002843939	2388.635372783	143.644765825669	897.055393885232
2020-04-02	273.235046714881	392.678968270931	429.394522278117	229.91818149062	508.170206290457	2456.94648087768	147.895395820432	932.802715514378
2020-04-03	274.877245388959	394.042430325239	426.720953781042	231.610888204341	511.897141618352	2521.75121996673	152.043967794388	968.04927440174
2020-04-04	276.075624574406	394.763890068429	423.301897429779	232.784839064918	514.460847747608	2582.6947436414	156.082877880827	1002.68335739611
2020-04-05	276.825254207129	394.835128681275	419.155499828593	233.422025673384	515.828363598209	2639.42220549291	160.004522213036	1036.59325134627
2020-04-06	277.1283103435	394.256397947522	414.308328582977	233.515552453746	515.984829975786	2691.60451730476	163.804457093119	1069.67814504044
2020-04-07	277.015393521753	393.061832062813	408.82063530334	233.102975121911	514.987795228544	2739.01562362942	167.490879498453	1101.88083502453
2020-04-08	276.524210400586	391.294035825761	402.761092601316	232.23296221676	512.912909590334	2781.45522721159	171.075146575229	1133.15501978388
2020-04-09	275.692467638696	388.995614034983	396.198373088543	230.954182277175	509.835823295007	2818.72303079599	174.56861546964	1163.45439780381
2020-04-10	274.557871894782	386.209171489092	389.201149376656	229.315303842039	505.832186576412	2850.61873712734	177.982643327879	1192.73266756965
2020-04-11	273.158129827542	382.977312986704	381.838094077291	227.364995450233	500.977649668402	2876.94204895034	181.328587296137	1220.94352756675
2020-04-12	271.530948095673	379.342643326434	374.177879802085	225.151925640639	495.347862804826	2897.49266900972	184.617804520608	1248.04067628044
2020-04-13	269.711168385772	375.344313660445	366.28305811785	222.720430683682	489.01524502396	2912.11456875769	187.858545345658	1273.97651713419
2020-04-14	267.722172496026	371.007660555093	358.191696412099	220.097517775953	482.039290581773	2920.82879447652	191.046632908349	1298.69827330409
2020-04-15	265.584477252518	366.354566930283	349.935741027525	217.305861845587	474.476262538658	2923.70066115599	194.174783543917	1322.15187290434
2020-04-16	263.318599481333	361.406915705919	341.547138306818	214.368137820717	466.382423955011	2920.79548378587	197.235713587598	1344.28324404918
2020-04-17	260.945056008556	356.186589801905	333.057834592669	211.30702062948	457.814037891225	2912.17857735596	200.222139374627	1365.03831485282
2020-04-18	258.484363660271	350.715472138145	324.499776227769	208.145185200008	448.827367407693	2897.91525685601	203.12677724024	1384.36301342949
2020-04-19	255.957039262561	345.015445634545	315.904909554809	204.905306460436	439.478675564811	2878.07083727582	205.942343519674	1402.20326789341
2020-04-20	253.382766301335	339.108425773533	307.302430308863	201.607996984643	429.821236672558	2852.75271993758	208.663280202719	1418.51032274828
2020-04-21	250.777894901796	333.016458287646	298.710531794546	198.265619929482	419.896370039268	2822.2366514932	211.290931897382	1433.25668805574
2020-04-22	248.157941848969	326.761621471942	290.144656708858	194.888476097549	409.74240622286	2786.84046492701	213.828368866226	1446.42019026693
2020-04-23	245.53842392788	320.365993621483	281.620247748795	191.486866291443	399.397675781254	2746.88199322333	216.278661371813	1457.97865583296
2020-04-24	242.934857923556	313.851653031328	273.152747611357	188.071091313759	388.90050927237	2702.67906936649	218.644879676705	1467.90991120496
2020-04-25	240.362760621022	307.240677996539	264.757598993542	184.651451967097	378.289237254127	2654.54952634083	220.930094043465	1476.19178283407
2020-04-26	237.837648805305	300.555146812177	256.450244592349	181.238249054051	367.602190284446	2602.81119713067	223.137374734655	1482.80209717139
2020-04-27	235.375039261431	293.8171377733	248.246127104777	177.841783377221	356.877698921246	2547.78191472033	225.269792012836	1487.71868066807
2020-04-28	232.990448774425	287.04872917497	240.160689227823	174.472355739202	346.154093722446	2489.77951209416	227.330416140573	1490.91935977522
2020-04-29	230.699394129313	280.271999312248	232.209373658487	171.140266942593	335.469705245968	2429.12182223647	229.322317380426	1492.38196094398
2020-04-30	228.517392111123	273.509026480193	224.407623093767	167.85581778999	324.862864049729	2366.1266781316	231.248565994957	1492.08431062547
2020-05-01	226.459959504879	266.781888973866	216.770880230661	164.62930908399	314.371900691651	2301.11191276387	233.112232246731	1490.0042352708
2020-05-02	224.542613095607	260.112665088328	209.314587766169	161.471041627191	304.035145729654	2234.39535911761	234.916386398307	1486.11956133112
2020-05-03	222.780869668335	253.523433118638	202.054188397288	158.39131622219	293.890929721655	2166.29485017716	236.664098712249	1480.40811525755
2020-05-04	221.190953543311	247.036715076427	195.004900193441	155.401072460553	283.972341374615	2097.12093440619	238.360759231909	1472.86543306889
2020-05-05	219.791919181681	240.676807839592	188.181042713734	152.513805089728	274.291501991642	2027.15502218587	240.021037123796	1463.5578890547
2020-05-06	218.603528579814	234.468452002601	181.596710889702	149.74364764613	264.855291024886	1956.6712393767	241.661921335208	1452.56956707222
2020-05-07	217.645543734079	228.436388159923	175.265999652875	147.104733666176	255.670587926493	1885.9437118392	243.300400813446	1439.98455097869
2020-05-08	216.937726640846	222.605356906025	169.203003934784	144.611196686283	246.744272148612	1815.24656543386	244.953464505807	1425.88692463135
2020-05-09	216.499839296482	217.000098835373	163.421818666962	142.277170242865	238.083223143391	1744.85392602121	246.638101359591	1410.36077188743
2020-05-10	216.351643697359	211.645354542436	157.936538780941	140.116787872341	229.694320362979	1675.03991946176	248.371300322096	1393.49017660417
2020-05-11	216.509608328381	206.563717272351	152.75977619732	138.142248909466	221.584370902299	1606.04918913371	250.172160373211	1375.35770934253
2020-05-12	216.977027628606	201.76919087293	147.898210792983	136.358015882362	213.759892427374	1538.008448486	252.068220623176	1356.03988747829
2020-05-13	217.753902525627	197.273631842657	143.357039433881	134.766617117491	206.227330247005	1471.0149284853	254.089130214821	1335.61171509098
2020-05-14	218.840233947039	193.088896680013	139.141458985964	133.370580941315	198.993129669991	1405.16586009824	256.264538290976	1314.14819626009
2020-05-15	220.236022820434	189.226841883482	135.256666315184	132.172435680296	192.063736005131	1340.55847429148	258.624093994471	1291.72433506514
2020-05-16	221.941270073408	185.699323951545	131.707858287492	131.174709660896	185.445594561225	1277.29000203165	261.197446468136	1268.41513558563
2020-05-17	223.955976633553	182.518199382686	128.50023176884	130.379931209576	179.145150647072	1215.45767428541	264.014244854799	1244.29560190107
2020-05-18	226.280143428463	179.695324675386	125.638983625179	129.790628652799	173.168849571472	1155.1587220194	267.104138297291	1219.44073809097
2020-05-19	228.913771385733	177.242556328129	123.12931072246	129.409330317027	167.523136643225	1096.49037620026	270.496775938443	1193.92554823484
2020-05-20	231.856861432956	175.171750839397	120.976409926635	129.238564528721	162.214457171129	1039.54986779465	274.221806921082	1167.82503641219
2020-05-21	235.109414497727	173.494764707672	119.185478103655	129.280859614344	157.249256463985	984.434427769201	278.30888038804	1141.21420670252
2020-05-22	238.671431507638	172.223454431437	117.761712119471	129.538743900357	152.633979830591	931.241287090572	282.787645482145	1114.16806318535
2020-05-23	242.542913390284	171.369676509175	116.710308840034	130.014745713223	148.375072579748	880.067676725404	287.687751346229	1086.76160994017
2020-05-24	246.723861073258	170.945287439367	116.036465131296	130.711393379403	144.478980020255	831.010827640344	293.03884712312	1059.06985104651
2020-05-25	251.213325244214	170.959465311103	115.74480101577	131.634181147243	140.953957530357	784.146649254882	298.870217767255	1031.17096989962
2020-05-26	256.006555631032	171.410674575895	115.837629142217	132.80046695262	137.815500766083	739.465764799893	305.209691479503	1003.15586715781
2020-05-27	261.097851721657	172.294701275859	116.31668531596	134.230574653294	135.080915452911	696.937475959094	312.084732272338	975.118622795128
2020-05-28	266.481513004028	173.607331453115	117.18370534232	135.944828107028	132.767507316314	656.531084416205	319.522804158235	947.153316785634
2020-05-29	272.151838966087	175.344351149781	118.440425026621	137.96355117158	130.892582081768	618.215891854944	327.551371149669	919.354029103384
2020-05-30	278.103129095775	177.501546407973	120.088580174186	140.307067704713	129.47344547475	581.96119995903	336.197897259115	891.814839722435
2020-05-31	284.329682881034	180.074703269811	122.129906590336	142.995701564187	128.527403220734	547.736310412181	345.489846499048	864.629828616842
2020-06-01	290.826425552882	183.059326586905	124.564506529627	146.047749321259	128.068365252521	515.508171549771	355.447812626477	837.886423516173
2020-06-02	297.590785314641	186.449796448837	127.385948043542	149.473398401174	128.096658332206	485.234318313794	366.064908376547	811.645443172038
2020-06-03	304.620816112709	190.240211754682	130.586165632798	153.280808942673	128.609213429209	456.8699322979	377.327376228938	785.961054091559
2020-06-04	311.914571893485	194.424671403515	134.157093798111	157.478141084496	129.602961512951	430.370195095738	389.221458663329	760.887422781857
2020-06-05	319.470106603368	198.997274294412	138.090667040196	162.073554965384	131.074833552852	405.690288300957	401.733398159399	736.478715750051
2020-06-06	327.285474188757	203.952119326447	142.378819859769	167.07521072408	133.021760518331	382.785393507208	414.849437196827	712.789099503265
2020-06-07	335.358728596049	209.283305398695	147.013486757547	172.491268499323	135.44067337881	361.610692308139	428.555818255294	689.872740548618
2020-06-08	343.687923771644	214.984931410231	151.986602234245	178.329888429854	138.328503103707	342.1213662974	442.838783814477	667.783805393233
2020-06-09	352.271113661941	221.05109626013	157.29010079058	184.599230654415	141.682180662444	324.27259706864	457.684576354058	646.57646054423
2020-06-10	361.106352213337	227.475898847468	162.915916927266	191.307455311747	145.49863702444	308.019566215509	473.079438353714	626.304872508729
2020-06-11	370.191693372232	234.253438071319	168.855985145021	198.46272254059	149.774803159115	293.317455331656	489.009612293125	607.023207793853
2020-06-12	379.525191085024	241.377812830759	175.10223994456	206.073192479686	154.50761003589	280.121446010731	505.461340651971	588.785632906723
2020-06-13	389.104899298112	248.843122024862	181.6466158266	214.147025267775	159.693988624185	268.386719846383	522.420865909931	571.646314354459
2020-06-14	398.928871957895	256.643464552703	188.481047291855	222.692381043599	165.33086989342	258.068458432261	539.874430546684	555.659418644182
2020-06-15	408.991959390678	264.766816602318	195.594130565694	231.712788477305	171.411318355053	249.119215323145	557.794955980764	540.871311959584
2020-06-16	419.276197442401	273.176663517582	202.96110877209	241.193250364671	177.912932688701	241.481031918332	576.102079386116	527.297159190633
2020-06-17	429.760418338912	281.830367931333	210.553886759667	251.114138032879	184.809445116018	235.09332157825	594.702116875543	514.944324903867
2020-06-18	440.423454306056	290.685292476405	218.34436937705	261.455822809113	192.074587858659	229.895497663325	613.501384561843	503.820173665825
2020-06-19	451.244137569681	299.698799785637	226.304461472864	272.198676020557	199.682093138277	225.826973533986	632.406198557818	493.932070043044
2020-06-20	462.201300355635	308.828252491863	234.406067895733	283.323068994395	207.605693176528	222.827162550659	651.32287497627	485.287378602064
2020-06-21	473.273774889763	318.031013227921	242.621093494281	294.809373057809	215.819120195066	220.835478073772	670.157729929997	477.893463909422
2020-06-22	484.437876768159	327.267589705719	250.922037723914	306.634822908083	224.292063723274	219.793728937665	688.82207104235	471.747670208406
2020-06-23	495.659855067906	336.511069953464	259.283778467163	318.764106722893	232.978042521444	219.653305872324	707.247171978881	466.807260449308
2020-06-24	506.903442236334	345.737687078434	267.681788213338	331.158776050016	241.826532657599	220.36799508165	725.369297915689	463.019477259166
2020-06-25	518.13237072077	354.923674187906	276.091539451751	343.780382437228	250.787010199761	221.891582769542	743.124714028875	460.33156326502
2020-06-26	529.310372968543	364.045264389161	284.488504671712	356.590477432306	259.80895121595	224.1778551399	760.449685494539	458.690761093912
2020-06-27	540.401181426983	373.078690789476	292.848156362532	369.550612583025	268.841831774189	227.180598396624	777.280477488783	458.04431337288
2020-06-28	551.368528543418	382.00018649613	301.145967013523	382.622339437162	277.8351279425	230.853598743613	793.553355187705	458.339462728965
2020-06-29	562.176146765178	390.785984616402	309.357409113995	395.767209542493	286.738315788903	235.150642384768	809.204583767407	459.523451789206
2020-06-30	572.787768539591	399.412318257569	317.45795515326	408.946774446794	295.500871381421	240.025515523988	824.170428403988	461.543523180644
2020-07-01	583.167126313986	407.855420526912	325.423077620628	422.122585697842	304.072270788074	245.432004365173	838.387154273551	464.34691953032
2020-07-02	593.277952535692	416.091524531708	333.228249005411	435.256194843413	312.401990076886	251.323895112222	851.791026552193	467.880883465271
2020-07-03	603.083979652039	424.096863379236	340.84894179692	448.309153431282	320.439505315877	257.654973969035	864.318310416017	472.09265761254
2020-07-04	612.548940110354	431.847670176774	348.260628484465	461.243013009227	328.134292573068	264.379027139513	875.905271041123	476.929484599165
2020-07-05	621.636566357968	439.320178031602	355.438781557358	474.019325125023	335.435827916483	271.449840827554	886.48817360361	482.338607052188
2020-07-06	630.310423825186	446.491372959115	362.35850802465	486.596211585621	342.296348934417	278.825334999252	896.01446489566	488.263973468341
2020-07-07	638.533409874225	453.341252607183	368.993452974361	498.918075234667	348.679139296276	286.47996466947	904.476318173768	494.636355823141
2020-07-08	646.268254850278	459.850567531792	375.316896014248	510.92588917498	354.550244191736	294.392318615264	911.877088310511	501.383231961794
2020-07-09	653.47768909854	466.000068288928	381.302116752071	522.560626509381	359.875708810479	302.540985613692	918.220130178468	508.43207972951
2020-07-10	660.124442964204	471.770505434579	386.922394795589	533.763260340688	364.621578342182	310.90455444181	923.508798650213	515.710376971497
2020-07-11	666.171246792463	477.142629524732	392.151009752561	544.474763771724	368.753897976526	319.461613876675	927.746448598324	523.145601532965
2020-07-12	671.580830928513	482.097191115371	396.961241230745	554.636109905306	372.238712903189	328.190752695343	930.936434895378	530.66523125912
2020-07-13	676.322109017766	486.618241190074	401.329400993631	564.19007385553	375.055392070912	337.071301162642	933.08976409787	538.198662527987
2020-07-14	680.388727906525	490.703032442767	405.243929427624	573.086638781582	377.236599464674	346.085555494485	934.248049497972	545.68296584884
2020-07-15	683.780517741311	494.352117994965	408.69629907486	581.277589853925	378.82832282852	355.216553394556	934.460556071778	553.05713026377
2020-07-16	686.497308668644	497.566050968183	411.677982477475	588.714712243022	379.87654990649	364.447332566538	933.776548795378	560.260144814867
2020-07-17	688.538930835046	500.345384483938	414.180452177603	595.349791119333	380.427268442628	373.760930714117	932.245292644864	567.230998544221
2020-07-18	689.905214387039	502.690671663744	416.19518071738	601.13461165332	380.526466180975	383.140385540976	929.916052596328	573.90868049392
2020-07-19	690.595989471145	504.602465629117	417.713640638942	606.020959015445	380.220130865573	392.568734750798	926.838093625862	580.232179706056
2020-07-20	690.614955448506	506.083520814362	418.731498491842	609.972261361854	379.550928197584	402.027664216043	923.059181404498	586.149596482638
2020-07-21	689.98128853875	507.145396904942	419.261196855305	612.998518791417	378.548235706653	411.493452484271	918.621084383024	591.645476165359
2020-07-22	688.718034176127	507.801854899109	419.319372315972	615.12137438869	377.238108879543	420.941026271815	913.56407170717	596.713475355829
2020-07-23	686.848237794886	508.066655795116	418.922661460486	616.362471238228	375.646603203018	430.345312295009	907.928412522665	601.347250655661
2020-07-24	684.394944829277	507.953560591216	418.087700875489	616.743452424585	373.799774163842	439.681237270188	901.754375975238	605.540458666468
2020-07-25	681.381200713549	507.47633028566	416.831127147624	616.285961032316	371.723677248777	448.923727913686	895.082231210617	609.28675598986
2020-07-26	677.830050881951	506.648725876703	415.169576863531	615.011640145976	369.444367944589	458.047710941837	887.952247374533	612.57979922745
2020-07-27	673.764540768733	505.484508362595	413.119686609855	612.94213285012	366.987901738042	467.028113070975	880.404693612713	615.41324498085
2020-07-28	669.207715808144	503.997438741591	410.698092973236	610.099082229302	364.380334115898	475.839861017435	872.479839070888	617.780749851672
2020-07-29	664.182621434434	502.201278011942	407.921432540317	606.504131368078	361.647720564921	484.457881497551	864.217952894786	619.675970441528
2020-07-30	658.712303081851	500.1097871719	404.806341897741	602.178923351001	358.816116571877	492.857101227657	855.659304230136	621.09256335203
2020-07-31	652.819806184647	497.73672721972	401.369457632148	597.145101262627	355.911577623527	501.012446924087	846.844162222668	622.024185184789
2020-08-01	646.528176177069	495.095859153652	397.627416330183	591.424308187511	352.960159206637	508.898845303176	837.812796018109	622.464492541418
2020-08-02	639.860458493368	492.20094397195	393.596854578486	585.038187210207	349.987916807969	516.491223081257	828.60547476219	622.407142023529
2020-08-03	632.841787651305	489.063012224238	389.295565352609	578.014632694442	347.020077283202	523.765670189045	819.262472676499	621.849452205751
2020-08-04	625.505654502693	485.682172665632	384.745967183744	570.40654412063	344.078552963669	530.702929414778	809.824084286064	620.803389554788
2020-08-05	617.887638982855	482.055803602617	379.971634991988	562.273072248359	341.184427549617	537.284906761071	800.330609191773	619.28458251036
2020-08-06	610.023321027117	478.181283341681	374.996143697443	553.673367837216	338.358784741292	543.493508230541	790.822346994514	617.308659512187
2020-08-07	601.948280570803	474.055990189311	369.843068220207	544.666581646786	335.622708238942	549.310639825806	781.339597295174	614.89124899999
2020-08-08	593.698097549237	469.677302451994	364.535983480382	535.311864436656	332.997281742813	554.718207549482	771.922659694642	612.04797941349
2020-08-09	585.308351897744	465.042598436216	359.098464398065	525.668366966414	330.503588953153	559.698117404187	762.611833793804	608.794479192406
2020-08-10	576.813015010737	460.152604104238	353.552898368622	515.792509999633	328.163788235193	564.238765269648	753.442212264541	605.14860678441
2020-08-11	568.239624118984	455.021436041412	347.916922688478	505.729794315835	326.004336614099	568.354506534043	744.428060062699	601.137140668967
2020-08-12	559.614107912341	449.666558488864	342.206987129324	495.522990698531	324.052765780024	572.06618646266	735.578435215117	596.789089333494
2020-08-13	550.962395080663	444.10543568772	336.439541462849	485.214869931229	322.336607423119	575.394650320789	726.902395748632	592.133461265407
2020-08-14	542.310414313808	438.355531879105	330.631035460743	474.84820279744	320.883393233534	578.360743373716	718.408999690085	587.199264952122
2020-08-15	533.684094301631	432.434311304146	324.797918894697	464.465760080674	319.720654901422	580.985310886732	710.107305066313	582.015508881055
2020-08-16	525.109363733988	426.359238203969	318.956641536401	454.110312564439	318.875924116933	583.289198125125	702.006369904155	576.611201539622
2020-08-17	516.612151300735	420.147776819698	313.123653157544	443.824631032246	318.376732570219	585.293250354184	694.115252230448	571.015351415239
2020-08-18	508.218385691729	413.81739139246	307.315403529818	433.651486267605	318.250611951431	587.018312839197	686.443010072033	565.256966995323
2020-08-19	499.953995596826	407.385546163381	301.548342424912	423.633649054024	318.525093950722	588.485230845452	678.998701455746	559.365056767289
2020-08-20	491.844909705881	400.869705373586	295.838919614516	413.813890175014	319.227710258241	589.714849638239	671.791384408428	553.368629218554
2020-08-21	483.917056708751	394.287333264201	290.20358487032	404.234980414084	320.38599256414	590.728014482847	664.830116956915	547.296692836533
2020-08-22	476.196365295292	387.655894076353	284.658787964016	394.939690554744	322.027472558571	591.545570644562	658.123957128047	541.178256108643
2020-08-23	468.70876415536	380.992852051166	279.220978667292	385.970791380504	324.179681931685	592.188363388676	651.681962948663	535.0423275223
2020-08-24	461.479037598176	374.319688316766	273.908657168523	377.367349659161	326.865594312998	592.681728190836	645.506423849035	528.918573657793
2020-08-25	454.527392410415	367.673951549277	268.748525322822	369.153616095664	330.089951089482	593.068961368139	639.572554873179	522.839293466901
2020-08-26	447.872890998121	361.097207311822	263.769335401986	361.350137379251	333.852935587475	593.397849448039	633.848802468547	516.837443994278
2020-08-27	441.534595767332	354.631021167524	258.999839677811	353.977460199158	338.154731133315	593.716178957992	628.303613082589	510.945982284576
2020-08-28	435.531569124091	348.316958679505	254.468790422095	347.056131244623	342.995521053337	594.071736425454	622.905433162755	505.197865382449
2020-08-29	429.882873474438	342.19658541089	250.204939906633	340.606697204882	348.375488673881	594.512308377881	617.622709156497	499.626050332549
2020-08-30	424.607571224414	336.311466924801	246.237040403224	334.649704769173	354.294817321282	595.085681342728	612.423887511265	494.26349417953
2020-08-31	419.722777341535	330.700059211428	242.592261611394	329.20373106275	360.757356839832	595.835450744703	607.282708851593	489.138093106816
2020-09-01	415.23781703921	325.388379969226	239.29144294159	324.279474954934	367.781623145638	596.788447597519	602.194090510344	484.257499852927
2020-09-02	411.160068092325	320.399337323718	236.353841231991	319.885665751064	375.389798672761	597.967311812138	597.158243997466	479.624306295151
2020-09-03	407.496908275761	315.755839400427	233.798713320775	316.031032756481	383.604065855262	599.394683299526	592.175380822907	475.241104310781
2020-09-04	404.255715364405	311.480794324874	231.645316046119	312.724305276522	392.4466071272	601.093201970646	587.245712496612	471.110485777107
2020-09-05	401.443867133141	307.597110222582	229.912906246202	309.974212616527	401.939604922637	603.085507736463	582.369450528529	467.23504257142
2020-09-06	399.068741356851	304.127695219074	228.620740759201	307.789484081834	412.105241675635	605.39424050794	577.546806428605	463.61736657101
2020-09-07	397.137715810421	301.095457439872	227.788076423294	306.178848977783	422.965699820252	608.042040196042	572.777991706787	460.260049653168
2020-09-08	395.658168268734	298.523305010497	227.434170076659	305.151036609713	434.543161790551	611.051546711732	568.063217873022	457.165683695186
2020-09-09	394.637476506675	296.434146056474	227.578278557474	304.714776282963	446.859810020592	614.445399965975	563.402696437257	454.336860574353
2020-09-10	394.083018299127	294.850888703323	228.239658703917	304.878797302871	459.937826944435	618.246239869734	558.796638909438	451.77617216796
2020-09-11	394.002171420976	293.796441076568	229.437567354166	305.651828974777	473.799394996141	622.476706333973	554.245256799514	449.486210353298
2020-09-12	394.402313647104	293.29371130173	231.191261346398	307.04260060402	488.466696609772	627.159439269658	549.748761617431	447.469567007659
2020-09-13	395.290822752397	293.365607504332	233.519997518792	309.059841495939	503.961914219388	632.317078587751	545.307364873135	445.728834008332
2020-09-14	396.673015347965	294.032964075095	236.441221628536	311.709166660188	520.301181264095	637.974854654127	540.923581385495	444.269398663135
2020-09-15	398.545963389829	295.308320465528	239.965135108861	314.983733923679	537.476435203182	644.168359654303	536.609139209058	443.107830001999
2020-09-16	400.904677670233	297.202142392339	244.100128312009	318.87358681764	555.473564500985	650.935776228706	532.378069707293	442.263492485378
2020-09-17	403.744168981426	299.724895572238	248.854591590222	323.3687688733	574.278457621838	658.315287017765	528.244404243669	441.75575057373
2020-09-18	407.059448115654	302.887045721933	254.236915295741	328.459323621886	593.877003030075	666.345074661905	524.222174181654	441.60396872751
2020-09-19	410.845525865164	306.699058558131	260.255489780808	334.135294594626	614.255089190032	675.063321801553	520.325410884716	441.827511407174
2020-09-20	415.097413022201	311.171399797541	266.918705397664	340.386725322747	635.398604566044	684.508211077138	516.568145716325	442.44574307318
2020-09-21	419.814748198652	316.313957279387	274.235337319107	347.206770230653	657.300931780794	694.716531928432	512.966880832871	443.477814028455
2020-09-22	425.015681284954	322.134307332962	282.215700000147	354.601027315448	679.985430090359	705.71950099258	509.548001562436	444.942017945818
2020-09-23	430.722989991183	328.639448410073	290.870492716353	362.578205467411	703.482952909169	717.546941706076	506.340364026025	446.856434340559
2020-09-24	436.959452027416	335.836378962527	300.210414743291	371.14701357682	727.82435365165	730.228677505411	503.372824344644	449.239142727968
2020-09-25	443.747845103728	343.732097442133	310.246165356528	380.316160533955	753.040485732231	743.794531827077	500.674238639296	452.108222623337
2020-09-26	451.110946930196	352.333602300699	320.98844383163	390.094355229095	779.162202565337	758.274328107565	498.273463030987	455.481753541955
2020-09-27	459.071535216896	361.647891990033	332.447949444166	400.490306552518	806.220357565397	773.697889783369	496.199353640721	459.377814999113
2020-09-28	467.653948647648	371.684949284085	344.633773019034	411.513921219369	834.237862610348	790.095068905212	494.486362401336	463.814155963952
2020-09-29	476.888769801246	382.466694245381	357.548571578466	423.179897244252	863.205863432168	807.49583198076	493.191324493009	468.807203221016
2020-09-30	486.808142230227	394.018031258589	371.193393694026	435.504130466636	893.107564226345	825.930174131908	492.376670907747	474.373053008701
2020-10-01	497.444209487128	406.363864708377	385.569287937279	448.502516725991	923.926169188367	845.428090480554	492.104832637558	480.527801565401
2020-10-02	508.829115124486	419.529098979414	400.67730287979	462.190951861785	955.644882513721	866.019576148596	492.438240674451	487.287545129511
2020-10-03	520.99500269484	433.538638456367	416.518487093121	476.585331713489	988.246908397898	887.73462625793	493.439326010436	494.668379939426
2020-10-04	533.974015750727	448.417387523905	433.093889148839	491.70155212057	1021.71545103638	910.603235930453	495.17051963752	502.68640223354
2020-10-05	547.798297844683	464.190250566695	450.404557618506	507.5555089225	1056.03371462466	934.655400288063	497.694252547712	511.35770825025
2020-10-06	562.499992529246	480.882131969407	468.451541073687	524.163097958745	1091.18490335823	959.921114452656	501.07295573302	520.69839422795
2020-10-07	578.111243356954	498.517936116708	487.235888085948	541.540215068777	1127.15222143257	986.430373546132	505.369060185454	530.724556405034
2020-10-08	594.664193880344	517.122567393266	506.758647226852	559.702756092064	1163.91887304317	1014.21317269038	510.644996897022	541.452291019898
2020-10-09	612.190987651953	536.72093018375	527.020867067962	578.666616868076	1201.46806238552	1043.29950700731	516.963196859732	552.897694310937
2020-10-10	630.72376822432	557.337928872829	548.023596180845	598.447693236281	1239.78299365511	1073.71937161881	524.386091065594	565.076862516545
2020-10-11	650.29467914998	578.998467845169	569.767883137064	619.061881036149	1278.84687104742	1105.50276164678	532.976110506614	578.005891875118
2020-10-12	670.937541428345	601.726281687616	592.259586482343	640.528540737634	1318.6418874921	1138.66617265282	542.800224172863	591.706148590749
2020-10-13	692.69288584632	625.540425795728	615.523804659045	662.880891332628	1359.14619085541	1173.17210195727	553.943553046653	606.220078730335
2020-10-14	715.602920637684	650.458785767239	639.590446083694	686.155616443507	1400.33691773776	1208.96954732022	566.495756108356	621.595398326468
2020-10-15	739.709854036214	676.499247199882	664.489419172812	710.389399692649	1442.19120473956	1246.00750650172	580.546492338344	637.879823411744
2020-10-16	765.05589427569	703.67969569139	690.250632342922	735.61892470243	1484.68618846124	1284.23497726183	596.185420716989	655.121070018755
2020-10-17	791.68324958989	732.018016839498	716.903994010547	761.880875095227	1527.7990055032	1323.60095736061	613.502200224664	673.366854180096
2020-10-18	819.634128212593	761.532096241942	744.479412592212	789.211934493417	1571.50679246585	1364.05444455813	632.586489841742	692.664891928363
2020-10-19	848.933707479674	792.222756539111	772.992693191313	817.635265138432	1615.7796687368	1405.55152011415	653.526840964641	713.052284703592
2020-10-20	879.539041135396	824.022568542038	802.403227658765	847.119943747923	1660.55968485237	1448.07659928731	676.407374653963	734.523675575607
2020-10-21	911.39015202612	856.847040104411	832.656304532353	877.621525658601	1705.78187413603	1491.62118083594	701.31110438636	757.063093021671
2020-10-22	944.427062998207	890.61167907992	863.697212349867	909.095566207173	1751.38126991131	1536.17676351838	728.321043638482	780.654565519051
2020-10-23	978.589796898015	925.231993322252	895.471239649094	941.497620730347	1797.29290550168	1581.73484609297	757.520205886977	805.282121545012
2020-10-24	1013.81837657191	960.623490685096	927.923674967822	974.783244564831	1843.45181423065	1628.28692731804	788.991604608496	830.92978957682
2020-10-25	1050.05282486624	996.701679022144	960.999806843839	1008.90799304733	1889.79302942171	1675.82450595195	822.818253279689	857.58159809174
2020-10-26	1087.23316462738	1033.38206618708	994.644923814933	1043.82742151456	1936.25158439837	1724.33908075302	859.083165377207	885.221575567038
2020-10-27	1125.29941870168	1070.5801600336	1028.80431441889	1079.49708530323	1982.76251248412	1773.8221504796	897.869354377697	913.83375047998
2020-10-28	1164.1916099355	1108.21146841539	1063.4232671935	1115.87253975003	2029.26084700245	1824.26521389002	939.259833757811	943.402151307831
2020-10-29	1203.84976117521	1146.19149918614	1098.44707067656	1152.90934019169	2075.68162127687	1875.65976974263	983.337616994197	973.910806527856
2020-10-30	1244.21389526716	1184.43576019953	1133.82101340584	1190.56304196491	2121.95986863087	1927.99731679575	1030.18571756351	1005.34374461732
2020-10-31	1285.22403505772	1222.85975930926	1169.49038391914	1228.7892004064	2168.03062238794	1981.26935380774	1079.88714894239	1037.6849940535
2020-11-01	1326.82020339324	1261.37900436901	1205.40047075425	1267.54337085286	2213.82891587158	2035.46737953693	1132.5249246075	1070.91858331364
2020-11-02	1368.92829196386	1299.90184012111	1241.49224434373	1306.76655683996	2259.26045837683	2090.58576160392	1188.16875360756	1105.01813560579
2020-11-03	1411.41766783483	1338.30795886238	1277.6894026993	1346.34155469924	2304.11366308485	2146.63034307841	1246.83512727964	1139.91565306103
2020-11-04	1454.14356691515	1376.46988977827	1313.91132572746	1386.13660896116	2348.14761914831	2203.60983589234	1308.52723253288	1175.53273254121
2020-11-05	1496.96122511383	1414.26016205425	1350.07739333471	1426.01996415622	2391.1214157199	2261.53295197768	1373.24825627642	1211.79097090821
2020-11-06	1539.72587833991	1451.55130487576	1386.10698542753	1465.85986481489	2432.79414195233	2320.40840326636	1441.00138541942	1248.61196502386
2020-11-07	1582.29276250238	1488.21584742827	1421.91948191244	1505.52455546766	2472.92488699827	2380.24490169036	1511.789806871	1285.91731175003
2020-11-08	1624.51711351027	1524.12631889723	1457.43426269592	1544.88228064501	2511.27274001042	2441.05115918162	1585.61670754032	1323.62860794856
2020-11-09	1666.26355111134	1559.16457863927	1492.57356318268	1583.81065981366	2547.62462174859	2502.83563142339	1662.46692131133	1361.66877693965
2020-11-10	1707.43423040836	1593.24980669572	1527.27104077029	1622.22481218521	2581.87877940111	2565.60574910413	1742.25186996718	1399.96604787675
2020-11-11	1747.94069034283	1626.3105132791	1561.46320835452	1660.0492319075	2613.96129176341	2629.3686866636	1824.86462226586	1438.44997637165
2020-11-12	1787.69446985629	1658.27520860192	1595.08657883113	1697.20841312837	2643.79823763094	2694.13161854155	1910.19824696533	1477.05011803613
2020-11-13	1826.60710789024	1689.07240287668	1628.07766509591	1733.62684999567	2671.31569579916	2759.90171917774	1998.14581282355	1515.69602848198
2020-11-14	1864.5901433862	1718.6306063159	1660.37298004462	1769.22903665722	2696.4397450635	2826.68616301191	2088.6003885985	1554.31726332097
2020-11-15	1901.55511528569	1746.87832913208	1691.90903657304	1803.93946726088	2719.09646421941	2894.49212448382	2181.45504304814	1592.84337816491
2020-11-16	1937.41356253021	1773.74408153774	1722.62234757694	1837.68263595447	2739.21193206234	2963.32677803324	2276.60284493046	1631.20392862557
2020-11-17	1972.07702406129	1799.15637374538	1752.44942595209	1870.38303688584	2756.71222738774	3033.1972980999	2373.93686300341	1669.32847031473
2020-11-18	2005.45703882045	1823.04371596751	1781.32678459426	1901.96516420283	2771.52342899105	3104.11085912358	2473.35016602497	1707.14655884419
2020-11-19	2037.4651457492	1845.33461841665	1809.19093639923	1932.35351205328	2783.57161566772	3176.07463554402	2574.7358227531	1744.58774982573
2020-11-20	2068.01288378905	1865.9575913053	1835.97839426276	1961.47257458502	2792.78286621319	3249.09580180098	2677.98690194578	1781.58159887113
2020-11-21	2097.01179188152	1884.84114484598	1861.62567108064	1989.24684594589	2799.08325942292	3323.1815323342	2782.99647236097	1818.05766159217
2020-11-22	2124.37340896812	1901.91378925119	1886.06927974863	2015.60082028374	2802.39887409234	3398.33900158346	2889.65760275665	1853.94549360065
2020-11-23	2150.01632618264	1917.11785342076	1909.24383343895	2040.45974315607	2802.69259004071	3474.51511846132	2997.85825098529	1889.17533264247
2020-11-24	2173.88734342789	1930.45094100379	1931.07634642959	2063.75186575911	2800.07449118252	3551.41572977167	3107.4659312774	1923.68014500004
2020-11-25	2195.94031279894	1941.92447433671	1951.49193327501	2085.40619069875	2794.69146245606	3628.68641679123	3218.34304695801	1957.39357908989
2020-11-26	2216.12908639086	1951.54987575594	1970.41570852963	2105.35172058089	2786.69038879963	3705.9727607967	3330.35200135214	1990.24928332854
2020-11-27	2234.40751629874	1959.33856759791	1987.77278674791	2123.51745801142	2776.21815515152	3782.9203430648	3443.35519778481	2022.18090613254
2020-11-28	2250.72945461764	1965.30197219902	2003.48828248428	2139.83240559623	2763.42164645003	3859.17474487224	3557.21503958104	2053.1220959184
2020-11-29	2265.04875344265	1969.45151189571	2017.48731029318	2154.22556594123	2748.44774763346	3934.38154749573	3671.79393006586	2083.00650110266
2020-11-30	2277.34083061813	1971.81118197711	2029.71551844813	2166.65370624143	2731.44071281269	4008.22512992129	3786.92654096422	2111.78097578058
2020-12-01	2287.66736698572	1972.45526954327	2040.20069009885	2177.18465204848	2712.53427278901	4080.54506197223	3902.33661760087	2139.44519676235
2020-12-02	2296.11160913632	1971.47063464695	2048.99114211416	2185.91399350313	2691.85952753631	4151.21971118114	4017.72017370047	2166.0120465369
2020-12-03	2302.75680366087	1968.9441373409	2056.13519136285	2192.93732074615	2669.54757702847	4220.12744508064	4132.77322298771	2191.49440759313
2020-12-04	2307.68619715028	1964.96263767788	2061.68115471373	2198.35022391831	2645.72952123936	4287.14663120333	4247.19177918725	2215.90516241997
2020-12-05	2310.98303619548	1959.61299571066	2065.67734903561	2202.24829316036	2620.53646014288	4352.15563708183	4360.67185602379	2239.25719350635
2020-12-06	2312.73056738738	1952.98207149199	2068.17209119729	2204.72711861307	2594.0994937129	4415.03283024874	4472.90946722199	2261.56338334118
2020-12-07	2313.01203731692	1945.15672507463	2069.21369806756	2205.88229041721	2566.54972192332	4475.65657823667	4583.60062650652	2282.83661441338
2020-12-08	2311.910692575	1936.22381651135	2068.85048651524	2205.80939871355	2538.01824474801	4533.90524857822	4692.44134760207	2303.08976921188
2020-12-09	2309.50977975257	1926.2702058549	2067.13077340913	2204.60403364284	2508.63616216085	4589.65720880601	4799.12764423331	2322.33573022559
2020-12-10	2305.89254544052	1915.38275315804	2064.10287561803	2202.36178534585	2478.53457413573	4642.79082645265	4903.35553012492	2340.58737994344
2020-12-11	2301.1422362298	1903.64831847352	2059.81511001074	2199.17824396336	2447.84458064654	4693.18446905074	5004.82101900156	2357.85760085434
2020-12-12	2295.34209871132	1891.15376185412	2054.31579345606	2195.14899963611	2416.69728166714	4740.71650413289	5103.22012458793	2374.15927544721
2020-12-13	2288.575379476	1877.98594335259	2047.65324282281	2190.36964250488	2385.22377717144	4785.26529923171	5198.2488606087	2389.50528621099
2020-12-14	2280.93933897716	1864.24822742876	2039.88907239847	2184.94715726605	2353.56838794613	4826.74671360821	5289.61124928812	2403.91817354074
2020-12-15	2272.58729311772	1850.10999617076	2031.13808614527	2179.03410683843	2321.92831802926	4865.22657343704	5377.04334684883	2417.45910945619
2020-12-16	2263.68657166298	1835.75713607378	2021.52838544414	2172.79444869646	2290.51399227169	4900.80819662122	5460.28921801305	2430.19892388322
2020-12-17	2254.40450437826	1821.37553363303	2011.188071676	2166.39214031457	2259.53583552429	4933.59490106382	5539.09292750298	2442.20844674772
2020-12-18	2244.90842102887	1807.15107534369	2000.24524622177	2159.99113916719	2229.20427263791	4963.69000466787	5613.19854004086	2453.55850797556
2020-12-19	2235.36565138011	1793.26964770096	1988.82801046236	2153.75540272875	2199.72972846342	4991.19682533641	5682.3501203489	2464.31993749262
2020-12-20	2225.94352519729	1779.91713720005	1977.06446577871	2147.8488884737	2171.32262785168	5016.21868097249	5746.2917331493	2474.56356522479
2020-12-21	2216.76404566061	1767.23049605993	1965.04748744775	2142.3943692889	2144.14862890561	5038.80796494134	5804.75905151145	2484.33015488402
2020-12-22	2207.76790960977	1755.15093939473	1952.72904633049	2137.34987971102	2118.19432273629	5058.81337245691	5857.45418189323	2493.5402053265
2020-12-23	2198.85048729934	1743.57074804235	1940.02588718396	2132.63226968917	2093.40153370687	5076.03267419535	5904.07083909971	2502.08414919449
2020-12-24	2189.90714898391	1732.3822028407	1926.85475476519	2128.15838917245	2069.71208618046	5090.2636408328	5944.30273793594	2509.85241913026
2020-12-25	2180.83326491806	1721.4775846277	1913.13239383121	2123.84508810997	2047.06780452021	5101.30404304542	5977.84359320697	2516.73544777606
2020-12-26	2171.52420535637	1710.74917424124	1898.77554913906	2119.60921645083	2025.41051308925	5108.95165150934	6004.38711971786	2522.62366777416
2020-12-27	2161.87534055341	1700.08925251924	1883.70096544576	2115.36762414415	2004.68203625071	5113.00423690072	6023.62703227366	2527.40751176683
2020-12-28	2151.78618391213	1689.39238284067	1867.83669934392	2111.03481175734	1984.82474723548	5113.28604880962	6035.31990596584	2530.98708217997
2020-12-29	2141.17282142892	1678.56225874885	1851.15605476848	2106.51588233101	1965.78321474543	5109.72725248191	6039.47375703154	2533.30116057414
2020-12-30	2129.95548224853	1667.50485632814	1833.64364748995	2101.71358952408	1947.50255635019	5102.28449207736	6036.1594619943	2534.29819829353
2020-12-31	2118.05439551569	1656.12615166292	1815.28409327887	2096.53068699548	1929.92788961938	5090.91441175575	6025.44789737769	2533.92664668235
2021-01-01	2105.38979037517	1644.33212083757	1796.06200790574	2090.86992840414	1913.00433212262	5075.57365567688	6007.40993970526	2532.1349570848
2021-01-02	2091.88189597171	1632.02873993647	1775.96200714108	2084.63406740897	1896.67700142953	5056.21886800052	5982.11646550056	2528.87158084508
2021-01-03	2077.45094145005	1619.12198504399	1754.96870675541	2077.72585766889	1880.89101510975	5032.80669288646	5949.63835128715	2524.08496930739
2021-01-04	2062.01715595495	1605.5178322445	1733.06672251925	2070.04805284283	1865.59149073289	5005.29377449448	5910.04647358858	2517.72357381593
2021-01-05	2045.50076863116	1591.12225762239	1710.24067020312	2061.50340658972	1850.72354586858	4973.63675698436	5863.4117089284	2509.73584571492
2021-01-06	2027.82200862342	1575.84123726203	1686.47516557753	2051.99467256846	1836.23229808644	4937.7922845159	5809.80493383016	2500.07023634853
2021-01-07	2008.90110507648	1559.5807472478	1661.75482441301	2041.424604438	1822.0628649561	4897.71700124887	5749.29702481744	2488.67519706099
2021-01-08	1988.65828713508	1542.24676366408	1636.06426248006	2029.69595585724	1808.16036404718	4853.36755134306	5681.95885841376	2475.49917919649
2021-01-09	1967.01378394399	1523.74526259523	1609.38809554922	2016.71148048511	1794.4699129293	4804.70057895825	5607.86131114269	2460.49063409924
2021-01-10	1943.88782464794	1503.98222012564	1581.710939391	2002.37393198054	1780.93662917208	4751.67272825422	5527.07525952779	2443.59801311342
2021-01-11	1919.23582016052	1482.90066654243	1553.04614994605	1986.61650504899	1767.50792358655	4694.30411290187	5439.75561098835	2424.79725976257
2021-01-12	1893.15390847063	1460.59184894362	1523.52204383556	1969.49415858217	1754.14037994933	4632.86872461653	5346.39339652668	2404.17428628742
2021-01-13	1865.77340933604	1437.18406863002	1493.29567785085	1951.0922925183	1740.79287527842	4567.70402462461	5247.56367804083	2381.84249710804
2021-01-14	1837.22564251447	1412.80562690239	1462.52410878325	1931.49630679563	1727.42428659185	4499.14747415255	5143.84151742886	2357.91529664451
2021-01-15	1807.64192776368	1387.58482506153	1431.36439342409	1910.79160135241	1713.99349090762	4427.53653442678	5035.80197658881	2332.50608931687
2021-01-16	1777.15358484142	1361.64996440821	1399.97358856468	1889.06357612687	1700.45936524374	4353.20866667373	4924.02011741874	2305.72827954521
2021-01-17	1745.89193350543	1335.12934624321	1368.50875099634	1866.39763105726	1686.78078661824	4276.50133211983	4809.07100181669	2277.69527174957
2021-01-18	1713.9800144936	1308.14221962799	1337.10826934627	1842.87772349757	1672.9187594223	4197.73763917082	4691.49152348981	2248.51924216997
2021-01-19	1681.5077524644	1280.77162466665	1305.83585958504	1818.58204046479	1658.8427975398	4117.18328494965	4571.66590338154	2218.30745432623
2021-01-20	1648.55679305646	1253.09154922396	1274.73656951911	1793.58732639168	1644.52454222782	4035.08961375858	4449.9401942444	2187.16594355811
2021-01-21	1615.2087819084	1225.17598116468	1243.85544695491	1767.97032571099	1629.9356347434	3951.70796989985	4326.66044883092	2155.20074520536
2021-01-22	1581.54536465884	1197.0989083536	1213.2375396989	1741.80778285547	1615.04771634361	3867.28969767575	4202.17271989363	2122.51789460775
2021-01-23	1547.6481869464	1168.93431865549	1182.92789555753	1715.17644225787	1599.83242828552	3782.08614138851	4076.82306018506	2089.22342710505
2021-01-24	1513.5988944097	1140.7561999351	1152.97156233723	1688.15304835093	1584.26141182618	3696.34864534041	3950.95752245773	2055.423378037
2021-01-25	1479.47913268737	1112.63854005722	1123.41358784446	1660.81434556741	1568.30630822266	3610.32855383369	3824.92215946416	2021.22378274338
2021-01-26	1445.37054741802	1084.65532688662	1094.29901988565	1633.23707834005	1551.93875873203	3524.27721117062	3699.06302395689	1986.73067656394
2021-01-27	1411.35478424028	1056.88054828806	1065.67290626726	1605.49799110161	1535.13040461133	3438.44596165346	3573.72616868845	1952.05009483845
2021-01-28	1377.51348879276	1029.38819212632	1037.58029479573	1577.67382828484	1517.85288711763	3353.08614958445	3449.25764641135	1917.28807290667
2021-01-29	1343.92830671408	1002.25224626617	1010.06623327751	1549.84133432247	1500.077847508	3268.44911926586	3326.00350987812	1882.55064610835
2021-01-30	1310.68088364288	975.546698572376	983.175769519037	1522.07725364728	1481.77692703949	3184.78621499996	3204.3098118413	1847.94384978326
2021-01-31	1277.85286521777	949.345536909714	956.953951326765	1494.458330692	1462.92176696918	3102.34878108899	3084.52260505341	1813.57371927117
2021-02-01	1245.52205585113	923.716928976714	931.438395032178	1467.06006993505	1443.51359260492	3021.37710281303	2966.95114386186	1779.55251101198
2021-02-02	1213.75089505047	898.705761806956	906.636991066922	1439.95301603753	1423.67196545779	2942.06722936343	2851.7574889936	1746.01736584624
2021-02-03	1182.59798109704	874.351102267779	882.550198387686	1413.2064737062	1403.54603108969	2864.60415090932	2739.06690277048	1713.11164571462
2021-02-04	1152.1219122721	850.692017226523	859.178475951158	1386.88974764782	1383.28493506249	2789.17285761987	2629.00464751433	1680.97871255781
2021-02-05	1122.38128685691	827.767573550528	836.522282714026	1361.07214256916	1363.03782293809	2715.95833966424	2521.69598554699	1649.76192831651
2021-02-06	1093.43470313272	805.616838107134	814.582077632975	1335.82296317697	1342.95384027836	2645.14558721156	2417.26617919029	1619.6046549314
2021-02-07	1065.3407593808	784.278877763682	793.358319664697	1311.21151417803	1323.1821326452	2576.91959043101	2315.8404907661	1590.65025434316
2021-02-08	1038.15174542823	763.790744123935	772.852678003748	1287.30218637074	1303.86826642316	2511.43635777629	2217.52402100523	1563.01618110536
2021-02-09	1011.8947172853	744.181427737353	753.071662796173	1264.13971492016	1285.14349128743	2448.73597083927	2122.34122427454	1536.71626022302
2021-02-10	986.590422508145	725.477903889818	734.022994425885	1241.76392108298	1267.13547773589	2388.82952949642	2030.29639334987	1511.73840931402
2021-02-11	962.259608652891	707.707147867215	715.714393276799	1220.21462611592	1249.9718962664	2331.72813362416	1941.39382100706	1488.07054599626
2021-02-12	938.923023275659	690.896134955426	698.153579732827	1199.53165127567	1233.78041737683	2277.44288309894	1855.63780002197	1465.70058788764
2021-02-13	916.601413932572	675.071840440332	681.348274177884	1179.75481781894	1218.68871156504	2225.9848777972	1773.03262317042	1444.61645260604
2021-02-14	895.315528179756	660.261239607821	665.306196995885	1160.92394700242	1204.82444932891	2177.36521759539	1693.58258322828	1424.80605776935
2021-02-15	875.086113573333	646.491307743773	650.035068570744	1143.07886008283	1192.31530116629	2131.59500236994	1617.29197297139	1406.25732099548
2021-02-16	855.933917669427	633.789020134072	635.542609286374	1126.25937831685	1181.28893757506	2088.6853319973	1544.1650851756	1388.9581599023
2021-02-17	837.879688024162	622.1813520646	621.836539526691	1110.50532296121	1171.87302905309	2048.64730635391	1474.20621261674	1372.89649210771
2021-02-18	820.944172193662	611.695278821242	608.924579675607	1095.85651527259	1164.19524609823	2011.4920253162	1407.41964807066	1358.06023522961
2021-02-19	805.148117734049	602.357775689881	596.814450117036	1082.3527765077	1158.38325920836	1977.23058876063	1343.80968431321	1344.43730688588
2021-02-20	790.512272201449	594.195817956399	585.513871234894	1070.03392792325	1154.56473888134	1945.87409656363	1283.38061412023	1332.01562469442
2021-02-21	777.057383151982	587.23638090668	575.030563413093	1058.93979077593	1152.86735561504	1917.43364860164	1226.13673026757	1320.78310627312
2021-02-22	764.799683089449	581.500704350585	565.376994441214	1049.10410673482	1153.41108412169	1891.90182102616	1172.06103377298	1310.71558633114
2021-02-23	753.737344308337	576.987086193889	556.584621731493	1040.53629911847	1156.28511597099	1869.1970950889	1121.0513586218	1301.74056794271
2021-02-24	743.864024050807	573.688088866343	548.689650101835	1033.23971165779	1161.57094694698	1849.21942831665	1072.98424704126	1293.77347127334
2021-02-25	735.173379559021	571.596274797701	541.728284370142	1027.21768808371	1169.35007283374	1831.86877823616	1027.73624125863	1286.72971648853
2021-02-26	727.659068075141	570.704206417715	535.736729354316	1022.47357212715	1179.7039894153	1817.04510237422	985.183883501126	1280.52472375379
2021-02-27	721.314746841329	571.004446156138	530.751189872261	1019.01070751903	1192.71419247574	1804.64835825758	945.203715996009	1275.07391323461
2021-02-28	716.134073099746	572.489556442721	526.807870741879	1016.83243799025	1208.4621777991	1794.57850341302	907.672280970518	1270.2927050965
2021-03-01	712.109469873882	575.148779800636	523.939303620236	1015.94001037348	1227.01781355195	1786.73812577708	872.469944749201	1266.09712110378
2021-03-02	709.228423312543	578.958079126726	522.163327521047	1016.32628390824	1248.40445743082	1781.04033492537	839.492370045849	1262.40558941601
2021-03-03	707.477185345862	583.890097411253	521.494108297188	1017.9820209358	1272.63383951476	1777.40087084325	808.639043671551	1259.13713979157
2021-03-04	706.842007903972	589.917477644479	521.945811801537	1020.89798379742	1299.71768988281	1775.7354735161	779.809452437399	1256.21080198883
2021-03-05	707.309142917006	597.012862816667	523.532603886972	1025.06493483436	1329.66773861403	1775.95988292928	752.903083154485	1253.54560576617
2021-03-06	708.8648423151	605.148895918077	526.268650406368	1030.47363638788	1362.49571578744	1777.98983906818	727.819422633902	1251.06058088197
2021-03-07	711.495358028385	614.298219938973	530.168117212605	1037.11485079925	1398.2133514821	1781.74108191815	704.457957686742	1248.67475709459
2021-03-08	715.181554945977	624.427214406936	535.23492976087	1044.97141289308	1436.78824424891	1787.11229666678	682.722522421014	1246.31761086407
2021-03-09	719.882749792922	635.477204998831	541.432051915606	1053.99444742748	1478.01146652627	1793.93394931046	662.534340132397	1243.96040545697
2021-03-10	725.552872253247	647.383253928843	548.712207143564	1064.12715164387	1521.62995922442	1802.01945104779	643.818981413491	1241.58485084152
2021-03-11	732.145852010978	660.080423411156	557.028118911499	1075.31272278371	1567.39066325363	1811.18221307737	626.502016856893	1239.17265698593
2021-03-12	739.615618750143	673.503775659956	566.332510686164	1087.49435808844	1615.04051952414	1821.2356465978	610.509017055199	1236.70553385842
2021-03-13	747.91610215477	687.588372889428	576.578105934311	1100.61525479952	1664.32646894621	1831.99316280768	595.765552601007	1234.16519142721
2021-03-14	757.001231908884	702.269277313756	587.717628122694	1114.61861015839	1714.9954524301	1843.2681729056	582.197194086915	1231.53333966052
2021-03-15	766.824937696513	717.481551147126	599.703800718067	1129.4476214065	1766.79441088605	1854.87408809016	569.72951210552	1228.79168852657
2021-03-16	777.341149201685	733.160256603723	612.489347187183	1145.0454857853	1819.47028522434	1866.62431955998	558.288077249419	1225.92194799358
2021-03-17	788.503796108426	749.240455897731	626.026990996794	1161.35540053623	1872.77001635519	1878.33227851363	547.79846011121	1222.90582802976
2021-03-18	800.266808100763	765.657211243335	640.269455613654	1178.32056290074	1926.44054518888	1889.81137614973	538.18623128349	1219.72503860334
2021-03-19	812.584114862724	782.34558485472	655.169464504517	1195.88417012027	1980.22881263566	1900.87502366686	529.376961358858	1216.36128968253
2021-03-20	825.409646078336	799.240638946072	670.679741136134	1213.98941943628	2033.88175960578	1911.33663226364	521.296220929909	1212.79629123554
2021-03-21	838.697331431626	816.277435731575	686.753008975261	1232.57950809022	2087.1463270095	1921.00961313866	513.869580589242	1209.01175323061
2021-03-22	852.398774086184	833.391969934481	703.334258997962	1251.59683148883	2139.74040174532	1929.70648903629	507.024487405626	1204.98465767962
2021-03-23	866.456271123856	850.523966314311	720.33755221755	1270.98057770009	2191.26565466477	1937.23622888394	500.695894352513	1200.67307476917
2021-03-24	880.809793106051	867.614082139654	737.669217156653	1290.66913295726	2241.29470260764	1943.40691315484	494.820630879529	1196.03034672953
2021-03-25	895.399310594176	884.602974679096	755.235582337893	1310.60088349363	2289.40016241369	1948.02662232216	489.3355264363	1191.00981579096
2021-03-26	910.16479414964	901.431301201226	772.942976283897	1330.71421554246	2335.15465092273	1950.90343685911	484.177410472449	1185.56482418373
2021-03-27	925.046214333853	918.039718974631	790.697727517291	1350.94751533704	2378.13078497451	1951.84543723889	479.283112437602	1179.64871413812
2021-03-28	939.983541708221	934.368885267901	808.406164560701	1371.23916911063	2417.90118140884	1950.66070393469	474.589461781384	1173.21482788439
2021-03-29	954.91792576668	950.361919456953	825.980405215214	1391.52912186886	2454.08915815182	1947.19741561899	470.039243333521	1166.22353875295
2021-03-30	969.795231733253	965.971789347033	843.355724395772	1411.76355370673	2486.52083747492	1941.46414376136	465.599063444141	1158.66334447477
2021-03-31	984.562503764492	981.153924850718	860.473186295778	1431.89020349158	2515.07304273595	1933.50955803068	461.241483843473	1150.52977388095
2021-04-01	999.166786016947	995.863755880585	877.273855108635	1451.85681009077	2539.62259729272	1923.38232809581	456.939066261747	1141.8183558026
2021-04-02	1013.55512264717	1010.05671234921	893.698795027746	1471.61111237165	2560.04632450304	1911.13112362559	452.664372429193	1132.52461907081
2021-04-03	1027.67455781171	1023.68822416917	909.689070246515	1491.10084920155	2576.22104772471	1896.80461428891	448.389964076039	1122.6440925167
2021-04-04	1041.47213566711	1036.71372125304	925.185744958344	1510.27375944783	2588.02359031554	1880.45146975462	444.088402932515	1112.17230497136
2021-04-05	1054.89490036993	1049.0886335134	940.129883356639	1529.07758197784	2595.33077563334	1862.12035969158	439.73225072885	1101.10478526591
2021-04-06	1067.88989607672	1060.76839086283	954.462549634802	1547.46005565892	2598.01942703591	1841.85995376865	435.294069195275	1089.43706223144
2021-04-07	1080.40416694402	1071.70842321389	968.124807986236	1565.36891935843	2595.96636788106	1819.7189216547	430.746420062017	1077.16466469907
2021-04-08	1092.38475712839	1081.86416047918	981.057722604344	1582.75191194372	2589.0484215266	1795.74593301858	426.061865059307	1064.28312149989
2021-04-09	1103.77871078638	1091.19103257126	993.202357682532	1599.55677228212	2577.14241133033	1769.98965752916	421.212965917373	1050.787961465
2021-04-10	1114.53307207454	1099.64446940271	1004.4997774142	1615.73123924099	2560.12516065007	1742.4987648553	416.172284366445	1036.67471342552
2021-04-11	1124.59488514941	1107.17990088611	1014.89104599275	1631.22305168768	2537.87349284362	1713.32192466586	410.912382136754	1021.93890621255
2021-04-12	1133.91422010603	1113.75394164284	1024.32376041879	1645.97456790826	2510.35330663808	1682.52684406934	405.418303927889	1006.5848201178
2021-04-13	1142.45325079332	1119.32794512952	1032.77164892169	1659.90662386374	2477.8868022377	1650.25737993273	399.725026316891	990.651741275427
2021-04-14	1150.17717699868	1123.86444951156	1040.21497253804	1672.93467493384	2440.88525521603	1616.67642656267	393.880008850162	974.187707280196
2021-04-15	1157.0511985095	1127.32599295439	1046.6339923044	1684.9741764983	2399.75994114661	1581.9468782658	387.930711074104	957.240755726874
2021-04-16	1163.0405151132	1129.67511362341	1052.00896925735	1695.94058393686	2354.92213560301	1546.23162934874	381.924592535119	939.858924210226
2021-04-17	1168.11032659717	1130.87434968406	1056.32016443347	1705.74935262923	2306.78311415875	1509.69357411814	375.909112779609	922.090250325015
2021-04-18	1172.22583274881	1130.88623930175	1059.54783886934	1714.31593795515	2255.75415238739	1472.49560688062	369.931731353976	903.98277166601
2021-04-19	1175.35845793428	1129.68155837899	1061.67660014704	1721.56595366312	2202.21805707298	1434.78594048057	364.030118325332	885.580953861303
2021-04-20	1177.50452483478	1127.26403376665	1062.70844203069	1727.46564697673	2146.44375984161	1396.65406191338	358.202785843631	866.914974672296
2021-04-21	1178.66658071026	1123.64563005271	1062.64970482993	1731.99142348831	2088.67172352988	1358.17477671218	352.438456579536	848.011439893718
2021-04-22	1178.84717282067	1118.83831182512	1061.50672885437	1735.11968879023	2029.14241097436	1319.42289041012	346.72585320371	828.8969553203
2021-04-23	1178.04884842595	1112.85404367186	1059.28585441366	1736.82684847482	1968.09628501165	1280.47320854033	341.053698386816	809.59812674677
2021-04-24	1176.27415478608	1105.70479018088	1055.99342181742	1737.08930813444	1905.77380847835	1241.40053663595	335.410714799518	790.141559967858
2021-04-25	1173.52563916099	1097.40251594015	1051.63577137528	1735.88347336143	1842.41544421105	1202.27968023013	329.785625112478	770.553860778295
2021-04-26	1169.80584881064	1087.95918553765	1046.21924339686	1733.18574974815	1778.26165504633	1163.18544485599	324.167151996361	750.86163497281
2021-04-27	1165.11733099498	1077.38676356133	1039.75017819181	1728.97254288695	1713.5529038208	1124.19263604667	318.54401812183	731.091488346133
2021-04-28	1159.46263297396	1065.69721459915	1032.23491606974	1723.22025837017	1648.52965337104	1085.37605933532	312.904946159547	711.270026692993
2021-04-29	1152.84430200754	1052.9025032391	1023.6797973403	1715.90530179016	1583.43236653365	1046.81052025508	307.238658780176	691.42385580812
2021-04-30	1145.26488535568	1039.01459406912	1014.0911623131	1707.00407873928	1518.50150614521	1008.57082433908	301.53387865438	671.579581486243
2021-05-01	1136.72693027831	1024.0454516772	1003.47535129778	1696.49299480986	1453.97753504232	970.731777120451	295.779328452824	651.763809522093
2021-05-02	1127.23298403539	1008.00704065128	991.838704603967	1684.34845559427	1390.10091606157	933.368184132342	289.963730846168	632.003145710398
2021-05-03	1116.79531716785	990.925596855337	979.199669392919	1670.5614236996	1327.08664853267	896.547497803054	284.075572783163	612.323639743895
2021-05-04	1105.46509334046	972.884441257328	965.625120232398	1655.18108979196	1265.04787775779	860.307758141527	278.10239832489	592.749116907344
2021-05-05	1093.30319949898	953.981166101203	951.194038541795	1638.27120155223	1204.0722855322	824.679652051865	272.031515810517	573.30284638351
2021-05-06	1080.37052258915	934.313363630916	935.985405740501	1619.89550666127	1144.24755365118	789.693866438174	265.850233579212	554.008097355157
2021-05-07	1066.72794955673	913.978626090422	920.078203247905	1600.11775279995	1085.66136391003	755.381088204558	259.545859970142	534.888139005053
2021-05-08	1052.43636734747	893.074545723673	903.551412483399	1579.00168764914	1028.40139810401	721.772004255122	253.105703322475	515.966240515963
2021-05-09	1037.5566629071	871.698714774624	886.484014866373	1556.61105888969	972.555338028412	688.897301493969	246.517071975379	497.265671070651
2021-05-10	1022.14428161107	849.942506429775	868.950134671063	1533.00703458083	918.199532570744	656.784045668302	239.774307329402	478.808635563424
2021-05-11	1006.2329025535	827.872417645835	851.004467591098	1508.24046429512	865.364998987445	625.444817897718	232.899883030629	460.613081734752
2021-05-12	989.850763258205	805.548726322055	832.696852174952	1482.35961798347	814.071421627178	594.888578144909	225.923305786525	442.695893036645
2021-05-13	973.026101248982	783.031710357689	814.077126971098	1455.41276559679	764.338484838607	565.124286372567	218.874082304554	425.073952921111
2021-05-14	955.787154049643	760.381647651991	795.195130528009	1427.44817708598	716.185872970397	536.160902543385	211.781719292182	407.76414484016
2021-05-15	938.162159183996	737.658816104213	776.10070139416	1398.51412240195	669.633270371213	508.007386620056	204.675723456874	390.783352245803
2021-05-16	920.179354175847	714.923493613611	756.843678118025	1368.65887149562	624.700361389721	480.672698565273	197.585601506095	374.148458590048
2021-05-17	901.866976549005	692.235958079437	737.473899248078	1337.93069431789	581.406830374585	454.165798341729	190.540860147311	357.876347324906
2021-05-18	883.253263827274	669.656487400943	718.041203332791	1306.37786081967	539.772361674468	428.495645912114	183.571006087987	341.983901902385
2021-05-19	864.366453534466	647.245359477388	698.595428920641	1274.04864095187	499.81663963804	403.671201239126	176.705546035589	326.488005774497
2021-05-20	845.234783194385	625.062852208021	679.1864145601	1240.9913046654	461.559348613964	379.701424285454	169.973986697581	311.40554239325
2021-05-21	825.88649033084	603.169243492098	659.863998799643	1207.25412191116	425.020172950904	356.595275013793	163.405834781429	296.753395210655
2021-05-22	806.349812467637	581.624811228872	640.678020187743	1172.88536264008	390.218796997525	334.361713386835	157.030596994597	282.54844767872
2021-05-23	786.652987128585	560.489833317597	621.678317272874	1137.93329680304	357.174905102493	313.009699367272	150.877780044553	268.807583249457
2021-05-24	766.828235760319	539.818322930829	602.913436575245	1102.45733698719	325.89881327096	292.546208445072	144.976621731084	255.543246628925
2021-05-25	746.923715500797	519.639234334337	584.426756501999	1066.56146632455	296.363364134025	272.970278219289	139.355284223281	242.750127539391
2021-05-26	726.991567410807	499.975257067197	566.260363432018	1030.36081058338	268.532031979283	254.27896181626	134.041660782556	230.418476957176
2021-05-27	707.083932551135	480.849080668482	548.456343744181	993.970495531926	242.368291094319	236.469312362313	129.063644670322	218.538545858598
2021-05-28	687.252951982567	462.283394677264	531.056783817368	957.505646938437	217.835615766724	219.53838298378	124.449129147993	207.100585219974
2021-05-29	667.550766765891	444.300888632616	514.103770030457	921.081390571166	194.897480284086	203.483226806992	120.226007476983	196.094846017625
2021-05-30	648.029517961892	426.924252073613	497.639388762329	884.812852198363	173.517358933994	188.300896958282	116.422172918704	185.511579227869
2021-05-31	628.741694991086	410.174973281866	481.705786498502	848.817489010068	153.656156511313	173.987761450023	113.067627891393	175.344842793113
2021-06-01	609.741180712891	394.069735509143	466.345350151061	813.222083883484	135.264499840008	160.537447838771	110.200811440583	165.603922520119
2021-06-02	591.082206346454	378.624020749751	451.600526738727	778.155751117599	118.290446251316	147.942898567122	107.862271768629	156.301911181738
2021-06-03	572.819003110924	363.853310997998	437.513763280225	743.747605011409	102.68205307648	136.197056077676	106.092557077887	147.451901550822
2021-06-04	555.005802225446	349.773088248191	424.127506794276	710.126759863901	88.3873776467375	125.29286281303	104.932215570713	139.06698640022
2021-06-05	537.696834909168	336.398834494637	411.484204299605	677.422329974069	75.3544772933291	115.223261215782	104.421795449462	131.160258502784
2021-06-06	520.946332381237	323.746031731642	399.626302814933	645.763429640901	63.5314093474941	105.981193728529	104.60184491649	123.744810631365
2021-06-07	504.807497044547	311.82993561883	388.594112085699	615.267432739449	52.8691200765768	97.5617458647795	105.515218383075	116.834859427787
2021-06-08	489.329416036976	300.664896477087	378.419392764202	586.004751448999	43.3301114923403	89.9685754216774	107.21399509619	110.449117009773
2021-06-09	474.560147680152	290.265038292614	369.131768229455	558.034057524895	34.8797745426525	83.2074832672763	109.75256051173	104.607419364017
2021-06-10	460.547750295702	280.644485051612	360.760861860471	531.41402272248	27.4835001753807	77.2842702696296	113.185300085589	99.3296024772156
2021-06-11	447.340282205252	271.817360740283	353.336297036265	506.203318797104	21.1066793383937	72.2047372967917	117.566599273663	94.6355023360651
2021-06-12	434.985801730431	263.79778934483	346.887697135849	482.460617504108	15.7147029795588	67.9746852168158	122.950843531846	90.5449549272608
2021-06-13	423.532367192863	256.599894851452	341.444685538238	460.244590598839	11.2729620467439	64.5999148977556	129.392418316033	87.0777962374984
2021-06-14	413.028036914175	250.237801246352	337.036885622445	439.613909836641	7.74684748781682	62.0862272076648	136.945709082119	84.2538622534738
2021-06-15	403.520869215996	244.725632515731	333.693920767483	420.627246972859	5.10175025064531	60.4394230145968	145.665101286	82.0929889618826
2021-06-16	395.05892241995	240.077512645791	331.445414352366	403.343273762837	3.30306128309723	59.6653031866056	155.60498038357	80.6150123494207
2021-06-17	387.690254847665	236.307565622734	330.320989756107	387.820661961922	2.31617153304042	59.7696685917445	166.819731830724	79.8397684027838
2021-06-18	381.462924820768	233.42991543276	330.350270357721	374.118083325457	2.1064719483427	60.7583200980675	179.363741083358	79.7870931086677
2021-06-19	376.424990660886	231.458686062071	331.562879536221	362.294209608788	2.63935347687193	62.6370585736281	193.291393597366	80.4768224537681
2021-06-20	372.624510689644	230.40800149687	333.98844067062	352.40771256726	3.88020706649591	65.4116848864799	208.657074828642	81.9287924247808
2021-06-21	370.112804713223	230.297896976887	337.658083102843	344.515659963759	5.79946218973231	69.0903250187458	225.516840519347	84.1643030238299
2021-06-22	368.95423847601	231.172052755974	342.608960026455	338.668703591335	8.38770241769825	73.6904054088258	243.933427556694	87.2105103147532
2021-06-23	369.216439206945	233.080060341512	348.879730597936	334.91589125058	11.6405498461607	79.2316776091891	263.971243114162	91.0960343768167
2021-06-24	370.967034134968	236.071511240884	356.509053973761	333.306270742085	15.5536265708866	85.733893172305	285.694694365231	95.8494952892865
2021-06-25	374.27365048902	240.195996961472	365.535589310409	333.888889866442	20.1225546876433	93.2168036506432	309.16818848338	101.499513131429
2021-06-26	379.20391549804	245.503109010656	375.997995764357	336.712796424242	25.3429562921971	101.700160596672	334.456132642085	108.07470798251
2021-06-27	385.82545639097	252.042438895818	387.934932492082	341.827038216076	31.2104534803153	111.203715562861	361.622934014826	115.603699921795
2021-06-28	394.196135782831	259.856341720284	401.374502240554	349.272261655276	37.7211604051041	121.741487988277	390.714689474212	124.111529389134
2021-06-29	404.334757832978	268.958226971157	416.302582118718	359.055507606124	44.8731594490272	133.304568858382	421.704254689369	133.608918266715
2021-06-30	416.250362086849	279.354267731481	432.694492826009	371.175415545643	52.6650250518872	145.878317045233	454.546175028555	144.103008797308
2021-07-01	429.951988089881	291.050637084303	450.525555061863	385.630624950855	61.0953316534872	159.448091420891	489.194995860025	155.600943223682
2021-07-02	445.44867538751	304.053508112669	469.771089525718	402.419775298782	70.1626536936298	173.999250857412	525.605262552038	168.109863788609
2021-07-03	462.749463525176	318.369053899625	490.40641691701	421.541506066449	79.8655656121186	189.517154226858	563.731520472851	181.63691273486
2021-07-04	481.863392048313	334.003447528216	512.406857935174	442.994456730874	90.2026418487551	205.987160401284	603.528314990717	196.189232305203
2021-07-05	502.799500502359	350.96286208149	535.747733279646	466.777266769081	101.172456843343	223.394628252751	644.950191473895	211.773964742411
2021-07-06	525.566828432753	369.25347064249	560.404363649865	492.888575658093	112.773585035685	241.724916653318	687.951695290642	228.398252289252
2021-07-07	550.17441538493	388.881446294264	586.352069745265	521.327022874931	125.004600865583	260.963384475042	732.487371809213	246.069237188499
2021-07-08	576.631300904329	409.852962119858	613.566172265283	552.091247896619	137.864078772842	281.095390589984	778.511766397867	264.794061682921
2021-07-09	604.946524536386	432.174191202317	642.021991909356	585.179890200177	151.350593197262	302.106293870201	825.97942442486	284.579868015289
2021-07-10	635.129125826539	455.851306624687	671.69484937692	620.59158926263	165.462718578649	323.981453187752	874.844891258447	305.433798428374
2021-07-11	667.188144320226	480.890481470017	702.560065367413	658.324984561	180.199029356804	346.706227414697	925.06271226689	327.362995164947
2021-07-12	701.131856911007	507.296480841723	734.594254836511	698.376736822364	195.556499236843	370.25850373967	976.56779407371	350.371226489712
2021-07-13	736.965489884939	535.068437924729	767.779209764863	740.73559177404	211.525698985139	394.586282617608	1029.21648832353	374.448764755128
2021-07-14	774.693506876206	564.204077924332	802.09801638936	785.388316393399	228.095598633375	419.630092820029	1082.84550791622	399.582508335585
2021-07-15	814.32037151899	594.701126045829	837.533760946895	832.321677657815	245.255168213237	445.330463118447	1137.29156575168	425.759355605478
2021-07-16	855.850547447473	626.557307494515	874.069529674356	881.52244254466	262.993377756409	471.627922284376	1192.39137472979	452.966204939198
2021-07-17	899.288498295837	659.770347475688	911.688408808636	932.977378031307	281.299197294577	498.462999089333	1247.98164775044	481.189954711137
2021-07-18	944.638687698265	694.337971194645	950.373484586626	986.673251095129	300.161596859426	525.776222304831	1303.8990977135	510.417503295689
2021-07-19	991.888371229648	730.240605826	990.103822088216	1042.5789137306	319.566096714674	553.509361314213	1359.99216915501	540.629975251012
2021-07-20	1040.9559722277	767.389486421626	1030.84240176528	1100.59155800055	339.48441805217	581.609147948114	1416.15623315547	571.785399870316
2021-07-21	1091.74270597084	805.678550002718	1072.54818291271	1160.59046098494	359.884832295798	610.023554648998	1472.29839243153	603.836032630582
2021-07-22	1144.1497877375	845.00173359047	1115.18012482538	1222.4548997637	380.735610869441	638.700553859329	1528.32574969983	636.734129008789
2021-07-23	1198.07843280609	885.252974206074	1158.69718679816	1286.06415141678	402.005025196983	667.58811802157	1584.14540767704	670.431944481915
2021-07-24	1253.42985645505	926.326208870723	1203.05832812594	1351.29749302413	423.661346702307	696.634219578185	1639.66446907978	704.881734526939
2021-07-25	1310.1052739628	968.11537460561	1248.2225081036	1418.03420166567	445.672846809296	725.786830971636	1694.79003662471	740.03575462084
2021-07-26	1368.00590060776	1010.51440843193	1294.14868602601	1486.15355442136	468.007796941836	754.993924644388	1749.42921302849	775.846260240598
2021-07-27	1427.03295166836	1053.41724737087	1340.79582118806	1555.53482837114	490.634468523805	784.203473038902	1803.48910100774	812.265506863188
2021-07-28	1487.08764242301	1096.71782844363	1388.12287288463	1626.05730059495	513.521132979091	813.363448597642	1856.87680327912	849.24574996559
2021-07-29	1548.07118815014	1140.3100886714	1436.08880041059	1697.60024817273	536.636061731574	842.421823763072	1909.49942255928	886.739245024783
2021-07-30	1609.88480412817	1184.08796507538	1484.65256306082	1770.04294818443	559.94752620514	871.326570977655	1961.26406156486	924.698247517746
2021-07-31	1672.42970563554	1227.94539467675	1533.77312013021	1843.26467770998	583.423797823671	900.025662683853	2012.07782301251	963.075012921457
2021-08-01	1735.60710795065	1271.77631449671	1583.40943091363	1917.14471382933	607.03314801105	928.467071324131	2061.84780961888	1001.8217967129
2021-08-02	1799.31631693663	1315.478861181	1633.51401185933	1991.5610289301	630.742343626357	956.605616147936	2110.50055170012	1040.8855706602
2021-08-03	1863.44900079533	1358.96796987356	1684.01360802905	2066.3863766306	654.512133269456	984.423503632654	2158.04028997043	1080.19217169617
2021-08-04	1927.89491831328	1402.16277534288	1734.82852163791	2141.49220585677	678.301760975401	1011.90978706265	2204.49069274349	1119.66215304474
2021-08-05	1992.54382827703	1444.98241235746	1785.879054901	2216.74996553462	702.070470779252	1039.0535197223	2249.875428333	1159.21606792987
2021-08-06	2057.28548947311	1487.34601568577	1837.08551003344	2292.0311045901	725.777506716067	1065.84375489596	2294.21816505266	1198.77446957551
2021-08-07	2122.00966068808	1529.17272009631	1888.36818925033	2367.20707194919	749.382112820904	1092.26954586801	2337.54257121617	1238.25791120561
2021-08-08	2186.60610070847	1570.38166035757	1939.64739476679	2442.14931653787	772.843533128822	1118.31994592281	2379.87231513721	1277.58694604413
2021-08-09	2250.98499373645	1610.91373565408	1990.85736984099	2516.75436722673	796.12977795486	1143.99025220145	2421.23824448072	1316.6977671265
2021-08-10	2315.13822563674	1650.79690283455	2041.98812190334	2591.01907266487	819.243922733983	1169.30073727184	2461.69992431646	1355.58912673409
2021-08-11	2379.07810768968	1690.08088316375	2093.04359942734	2664.96536144604	842.197809181139	1194.27791755859	2501.32409906544	1394.27541695977
2021-08-12	2442.81695117561	1728.81539790642	2144.02775088646	2738.61516216393	865.003279011273	1218.94830948633	2540.17751314867	1432.7710298964
2021-08-13	2506.36706737488	1767.05016832733	2194.9445247542	2811.99040341228	887.672173939332	1243.33842947969	2578.32691098714	1471.09035763684
2021-08-14	2569.74076756782	1804.83491569124	2245.79786950402	2885.11301378481	910.216335680263	1267.47479396327	2615.83903700186	1509.24779227395
2021-08-15	2632.9503630348	1842.21936126289	2296.59173360943	2958.00492187525	932.647605949013	1291.38391936172	2652.78063561382	1547.2577259006
2021-08-16	2696.00816505614	1879.25322630705	2347.3300655439	3030.68805627733	954.977826460529	1315.09232209964	2689.21845124404	1585.13455060963
2021-08-17	2758.9264849122	1915.98623208847	2398.01681378091	3103.18434558477	977.218838929757	1338.62651860166	2725.21922831351	1622.89265849393
2021-08-18	2821.71763388331	1952.46809987192	2448.65592679396	3175.51571839129	999.382485071645	1362.0130252924	2760.84971124323	1660.54644164634
2021-08-19	2884.39392324983	1988.74855092215	2499.25135305652	3247.70410329062	1021.48060660114	1385.27835859648	2796.17664445421	1698.11029215974
2021-08-20	2946.96766429209	2024.87730650391	2549.80704104208	3319.77142887648	1043.52504523319	1408.44903493853	2831.26677236745	1735.59860212697
2021-08-21	3009.45116829044	2060.90408788197	2600.32693922413	3391.7396237426	1065.52764268273	1431.55157074316	2866.18683940394	1773.02576364091
2021-08-22	3071.85674652523	2096.87861632108	2650.81499607614	3463.6306164827	1087.50024066472	1454.61248243501	2901.0035899847	1810.40616879441
