date	state	King	Snohomish	Pierce	Ann Arbor	Boston	San Diego	DC
2020-01-26	0	0	0	0	0	0	0	0
2020-01-27	0	0	0	0	0	0	0	0
2020-01-28	0	0	0	0	0	0	0	0
2020-01-29	0	0	0	0	0	0	0	0
2020-01-30	0	0	0	0	0	0	0	0
2020-01-31	0	0	0	0	0	0	0	0
2020-02-01	0	0	0	0	0	0	0	0
2020-02-02	0	0	0	0	0	0	0	0
2020-02-03	0	0	0	0	0	0	0	0
2020-02-04	0	0	0	0	0	0	0	0
2020-02-05	0	0	0	0	0	0	0	0
2020-02-06	0	0	0	0	0	0	0	0
2020-02-07	0	0	0	0	0	0	0	0
2020-02-08	0	0	0	0	0	0	0	0
2020-02-09	0	0	0	0	0	0	0	0
2020-02-10	0	0.178180708506032	0	0	0	0	0	0
2020-02-11	0	0.441847653870594	0	0	0	0	0	0
2020-02-12	0.0133705164475397	0.720608252160926	0	0	0	0	0	0
2020-02-13	0.137767214292529	1.01528540858773	0.0134440961738365	0	0	0	0	0
2020-02-14	0.271009420669199	1.3267020283617	0.174514758054742	0	0	0	0	0
2020-02-15	0.413653436564356	1.65568101669355	0.347934197321381	0	0	0	0	0
2020-02-16	0.566255562964807	2.00304527879396	0.534484775163018	0	0	0	0	0
2020-02-17	0.729372100857358	2.36961771987364	0.734948852768916	0	0	0	0	0
2020-02-18	0.903559351228817	2.75622124514329	0.95010879132834	0	0	0	0	0
2020-02-19	1.08937361506599	3.16367875981362	1.18074695203055	0	0	0	0	0
2020-02-20	1.28737119335568	3.5928131690953	1.42764569606482	0	0	0	0	0
2020-02-21	1.4981083870847	4.04444737819906	1.69158738462041	0	0	0	0	0
2020-02-22	1.72214149723986	4.51940429233558	1.97335437888658	0.0421588312443498	0	0	0	0
2020-02-23	1.96002682480795	5.01850681671558	2.27372904005259	0.115030110053965	0	0	0	0
2020-02-24	2.2122563140541	5.54237095791382	2.59341542282255	0.195143657514341	0	0	0	0
2020-02-25	2.47906448235663	6.09078512796145	2.93280435595982	0.282976059509401	0	0	0	0
2020-02-26	2.76062149037221	6.66333084025366	3.29220836174263	0.379028613963277	0	0	0	0
2020-02-27	3.05709749875745	7.25958960818568	3.67193996244918	0.483802618800099	0	0	0	0
2020-02-28	3.36866266816902	7.87914294515272	4.07231168035769	0.597799371943999	0	0	0	0
2020-02-29	3.69548715926356	8.52157236454999	4.49363603774638	0.72152017131911	0.17262017487893	0	0.0256301758192084	0
2020-03-01	4.0377411326977	9.18645937977269	4.93622555689344	0.855466314849562	0.415644349765421	0	0.0809562356168939	0
2020-03-02	4.39541010137978	9.87311139521364	5.40011881107893	1.00003612249386	0.684929935407064	0	0.142338623029326	0
2020-03-03	4.7677409872249	10.579739379256	5.88425857759019	1.15521600234796	0.981335464587588	0	0.209985242886793	0
2020-03-04	5.15379606439983	11.3042801912804	6.38731368471639	1.32088938454222	1.30558555817508	0	0.284074789087496	0.0330300810091752
2020-03-05	5.55263760707136	12.0446706906678	6.90795296074671	1.49693969920698	1.65840483703764	0.184425306642137	0.364785955529632	0.533558928714635
2020-03-06	5.96332788940627	12.7988477367987	7.44484523397033	1.68325037647258	2.04051792204334	1.24757368447223	0.452297436111399	1.08763746205481
2020-03-07	6.38492918557134	13.5647481890539	7.99665933267641	1.87970484646935	2.45264943406029	2.4233643069966	0.546787924730996	1.69768683155581
2020-03-08	6.81650376973336	14.3403089068142	8.56206408515413	2.08618653932764	2.89552399395656	3.7169223263504	0.648436115286622	2.36612818774375
2020-03-09	7.25711391605909	15.1234667494603	9.13972831969267	2.30257888517779	3.36986622260025	5.13337289466876	0.757420701676475	3.09538268114473
2020-03-10	7.70582189871534	15.9121585763729	9.7283208645812	2.52876531415015	3.87640074085945	6.67784116408683	0.873920377798754	3.88787146228487
2020-03-11	8.16168999186887	16.7043212469328	10.3265105481089	2.76462925637504	4.41585216960225	8.35545228673975	0.998113837551657	4.74601568169026
2020-03-12	8.62378046968648	17.4978916205207	10.9329661985649	3.01005414198282	4.98894512969674	10.1713314147627	1.13017977483338	5.67223648988703
2020-03-13	9.09115560633494	18.2908065565174	11.5463566442385	3.26492340110382	5.596404242011	12.1306037002907	1.27029688354213	6.66895503740127
2020-03-14	9.56287767598104	19.0810029143035	12.1653507134187	3.52912046386838	6.23895412741314	14.2383942954591	1.4186438575761	7.73859247475911
2020-03-15	10.0380089527916	19.8664175532598	12.7886172343948	3.80252876040685	6.91731940677122	16.4998283524028	1.57539939083348	8.88356995248664
2020-03-16	10.5152362640481	20.6445617363209	13.414176635086	4.08482565275209	7.63190253781035	18.9196725567003	1.74066638991302	10.105951080312
2020-03-17	10.991744649492	21.4112443406367	14.0374557419317	4.37486423054705	8.38181732568357	21.5012597277028	1.91424461221561	11.4063693047712
2020-03-18	11.4643437019793	22.1618486469113	14.6532329810013	4.67129151533721	9.16585541240095	24.2475642182047	2.0958580278427	12.7851005316024
2020-03-19	11.929843014366	22.8917579358483	15.2562867783644	4.97275452866804	9.98280843997251	27.1615603810004	2.2852306068957	14.2424206665436
2020-03-20	12.3850521795083	23.5963554881516	15.8413955600903	5.27790029208503	10.8314680504083	30.2462225688843	2.48208631947608	15.7786056153329
2020-03-21	12.8267807902623	24.2710245845252	16.4033377522485	5.58537582713364	11.7106258857184	33.5045251346508	2.68614913568525	17.3939312837085
2020-03-22	13.2518384394839	24.9111485056727	16.9368917809086	5.89382815535935	12.6190735879129	36.9394424310943	2.89714302562466	19.0886735774084
2020-03-23	13.6574161660462	25.5127040264437	17.437568542119	6.20192751468979	13.555240348903	40.5512877426879	3.11471296223745	20.8622568824678
2020-03-24	14.0422307928888	26.0740418982692	17.9038088118449	6.50843700858124	14.5161055602048	44.3297300806187	3.33818792983357	22.710699506111
2020-03-25	14.4053805889684	26.594106366726	18.3347858360306	6.81214295687211	15.4982861632358	48.2617773877525	3.56681791556467	24.6291682358592
2020-03-26	14.7459638232415	27.0718416773909	18.7296728606203	7.11183167940082	16.4983990994132	52.3344376069553	3.79985290658242	26.6128298592339
2020-03-27	15.0630787646646	27.5061920758404	19.0876431315584	7.4062894960058	17.5130613101544	56.5347186810928	4.03654289003847	28.6568511637565
2020-03-28	15.3558236821943	27.8961018076514	19.407869894789	7.69430272652546	18.5388897368768	60.8496285530308	4.27613785308448	30.7563989369482
2020-03-29	15.6232968447871	28.2405151184005	19.6895263962566	7.97465769079823	19.5725013209977	65.2661751656352	4.5178877828721	32.9066399663305
2020-03-30	15.8645965213997	28.5383762536644	19.9317858819052	8.24614070866254	20.6105130039344	69.7713664617717	4.761042666553	35.1027410394247
2020-03-31	16.0788209809886	28.7886294590199	20.1338215976793	8.5075380999568	21.6495417271044	74.3522103843062	5.00485249127883	37.3398689437521
2020-04-01	16.2650684925102	28.9902189800436	20.2948067895231	8.75763618451943	22.6862044319249	78.9957148761046	5.24856724420124	39.6131904668342
2020-04-02	16.4224373249213	29.1420890623123	20.4139147033808	8.99522128218886	23.7171180598134	83.6888878800326	5.49143691247189	41.9178723961924
2020-04-03	16.5500257471782	29.2431839514026	20.4903185851967	9.21907971280351	24.7388995521872	88.4187373389561	5.73271148324245	44.2490815193478
2020-04-04	16.6469320282377	29.2924478928913	20.5231916809152	9.42799779620181	25.7481658504635	93.1722711957408	5.97164094366456	46.601984623822
2020-04-05	16.7122544370562	29.2888251323551	20.5117072364804	9.62076185222216	26.7415338960599	97.9364973932526	6.20747528088989	48.9717484971364
2020-04-06	16.745592640381	29.2320160697655	20.4557110677959	9.79635858546255	27.7154963586039	102.696014457389	6.43949854895665	51.3527788510066
2020-04-07	16.7485518961223	29.1247457226734	20.3577392706023	9.95457623955914	28.6660488205643	107.42578324617	6.66713106944937	53.7364370939265
2020-04-08	16.7232388599813	28.9704952630247	20.2210005105994	10.0954034429076	29.5890625926202	112.09835520065	6.88982723083913	56.1133235585844
2020-04-09	16.6717601876587	28.7727458627652	20.0487034534871	10.2188288239038	30.4804089854506	116.68628176188	7.107041421597	58.4740385776684
2020-04-10	16.5962225348556	28.5349786938405	19.8440567649653	10.3248410109433	31.3359593097347	121.162114370914	7.31822803019408	60.8091824838667
2020-04-11	16.498732557273	28.2606749281966	19.6102691107337	10.4134286324218	32.1515848761514	125.498404468804	7.52284144510144	63.1093556098677
2020-04-12	16.3813969106119	27.9533157377791	19.3505491564922	10.4845803167352	32.92315699538	129.667703496604	7.72033605479017	65.3651582883595
2020-04-13	16.2461658287466	27.6160795963851	19.0681137774818	10.5383750004916	33.6462541564135	133.642476669722	7.91021976693234	67.566915733432
2020-04-14	16.094363858246	27.2509341852163	18.7662126871077	10.5752528531493	34.3152835615014	137.394844300999	8.09221456600402	69.7038526847818
2020-04-15	15.927159123852	26.8595444873257	18.4481038083163	10.5957443523794	34.9243595912073	140.896840477635	8.26609595568223	71.7649187635069
2020-04-16	15.745719750307	26.443575485766	18.117045064054	10.6003799758527	35.4675966260947	144.120499286827	8.43163943964403	73.7390635907058
2020-04-17	15.5512138623529	26.0046921635903	17.776294377267	10.5896902012401	35.9391090467273	147.037854815773	8.58862052156646	75.6152367874764
2020-04-18	15.3448095847321	25.5445595038515	17.4291096709018	10.5642055062126	36.3330112336686	149.620941151671	8.73681470512658	77.382387974917
2020-04-19	15.1276750421865	25.0648424896024	17.0787488679047	10.5244563684409	36.6434175674822	151.84179238172	8.87599749400143	79.0294667741259
2020-04-20	14.9009176283466	24.5672294558811	16.7280913494589	10.4710223261415	36.8659075792443	153.6787670306	9.00600560828391	80.5471596740226
2020-04-21	14.6654018123949	24.0535021456653	16.3785023296951	10.4046791597119	37.0019214020813	155.135521372916	9.12692063373032	81.9331006348121
2020-04-22	14.4219313324024	23.5254656539181	16.0309684809807	10.3262517100952	37.0543643196325	156.222036120756	9.23888537251283	83.186660484521
2020-04-23	14.17130992644	22.9849250756022	15.6864764756832	10.2365648182345	37.0261416155371	156.94829198621	9.34204262680359	84.3072100511759
2020-04-24	13.9143413325783	22.4336855056805	15.34601298617	10.1364433250728	36.9201585734342	157.324269681364	9.43653519877478	85.2941201628032
2020-04-25	13.6518292888884	21.873552039116	15.0105646848087	10.0267120715531	36.7393204769631	157.359949918306	9.52250589059854	86.1467616474293
2020-04-26	13.384577533441	21.3063297708715	14.6811182439668	9.90819589861859	36.4865326097627	157.065313409125	9.60009750444705	86.864505333081
2020-04-27	13.1133898043069	20.73382379591	14.3586603360116	9.78171964721219	36.1647002554724	156.450340865907	9.66945284249246	87.4467220477845
2020-04-28	12.8390698395571	20.1578392091942	14.0441776333106	9.64810815827698	35.7767286977313	155.525013000742	9.73071470690694	87.8927826195665
2020-04-29	12.5624213772624	19.5801811056871	13.7386568082315	9.50818627275601	35.3255232201785	154.299310525718	9.78402589986263	88.2020578764534
2020-04-30	12.2842481554935	19.0026545803515	13.4430845331415	9.36277883159232	34.8139891064533	152.783214152921	9.82952922353171	88.3739186464717
2020-05-01	12.0053539123214	18.4270647281504	13.1584474804082	9.21271067572896	34.2450316401948	150.98670459444	9.86736748008634	88.407735757648
2020-05-02	11.7265423858168	17.8552166440467	12.8857323223991	9.05880664610897	33.6215561050422	148.919762562363	9.89768347169868	88.3028800380088
2020-05-03	11.4486173140507	17.2889154230031	12.6259257314816	8.90189158367541	32.9464677846346	146.592368768777	9.92062000054087	88.0587223155805
2020-05-04	11.1723272564394	16.7297955318402	12.3795805472426	8.74266241939877	32.2230996774024	144.01787375267	9.93623058257649	87.6757871350406
2020-05-05	10.8982000577811	16.1788089248083	12.1455142781462	8.58130444435942	31.4564956409405	141.223107360622	9.94421158893456	87.1592139076708
2020-05-06	10.6267083842196	15.6367369280155	11.922110599876	8.41787503966517	30.6521272476352	138.23826926611	9.94417010453556	86.5152957614036
2020-05-07	10.3583249018988	15.1043608675698	11.7077531881154	8.25243158642385	29.8154660698725	135.093559142614	9.93571321429991	85.7503258241717
2020-05-08	10.0935222769625	14.582462069579	11.5008257185481	8.08503146574327	28.9519836800387	131.819176663612	9.91844800314806	84.8705972239074
2020-05-09	9.83277317555434	14.0718218601511	11.2997118668575	7.91573205873125	28.0671516505199	128.445321502584	9.89198155600045	83.8824030885435
2020-05-10	9.5765502638182	13.5732215653942	11.1027953087272	7.74459074649561	27.1664415537023	125.002193333007	9.85592095777752	82.7920365460126
2020-05-11	9.32531246114393	13.0873196415807	10.9086687371324	7.57177684146875	26.2547988858196	121.516617951217	9.81007765276918	81.6059517151688
2020-05-12	9.07946369990571	12.6142830656413	10.7167609142146	7.39790738138141	25.3350648384958	118.001925644974	9.75508052274313	80.3312466785536
2020-05-13	8.83939416572377	12.154155944671	10.5267096194074	7.2237113352889	24.4095545272027	114.468072824895	9.69176280883658	78.9751805096298
2020-05-14	8.60549404421834	11.706982385765	10.3381526321439	7.04991767224653	23.480583067412	110.925015901597	9.62095775218668	77.5450122818605
2020-05-15	8.37815352100967	11.2728064960185	10.1507277318577	6.87725536130961	22.5504655745952	107.382711285696	9.54349859393062	76.0480010687088
2020-05-16	8.15776278171801	10.8516723825265	9.96407269798197	6.70645337153347	21.6215171642241	103.85111538781	9.46021857520558	74.4914059436375
2020-05-17	7.94471201196357	10.4436241523842	9.7778253099501	6.53824067197341	20.6960529517702	100.340184618556	9.37195093714874	72.8824859801097
2020-05-18	7.73939139736662	10.0487059126868	9.59162334719544	6.37334623168475	19.7763880527054	96.8598753885494	9.27952892089728	71.2285002515884
2020-05-19	7.54219112354738	9.66696177052934	9.40510458915132	6.21249901972279	18.8648375825011	93.4201441084079	9.18378576758837	69.5367078315366
2020-05-20	7.3535013761261	9.29843583300697	9.21790681525111	6.05642800514287	17.9637166566292	90.0309471887482	9.0855547183592	67.8143677934173
2020-05-21	7.17371234072301	8.94317220721484	9.02966780492813	5.90586215700028	17.0753403905612	86.7022410401871	8.98566901434694	66.0687392106935
2020-05-22	7.00321420295837	8.60121500024807	8.84002533761573	5.76153044435035	16.2020238997689	83.4439820733416	8.88496189668878	64.3070811568282
2020-05-23	6.84239714845239	8.2726083192018	8.64861719274727	5.62416183624839	15.3460822997238	80.2661266988282	8.78426660652188	62.5366527052843
2020-05-24	6.69165136282534	7.95739627117117	8.45508114975607	5.49448530174971	14.5098307058977	77.1786313272641	8.68441638498344	60.764712929525
2020-05-25	6.55126369280842	7.65556338853088	8.25939732553127	5.3730907264259	13.6955530101016	74.1893764818975	8.5862149585967	58.9980767683092
2020-05-26	6.42110762957683	7.36685590477392	8.06291518678513	5.26001166191368	12.9054082095036	71.2979391365046	8.49034799542919	57.2417826215809
2020-05-27	6.30095332541673	7.09096047867286	7.86732653768568	5.15514257636602	12.1415240776116	68.5018203774926	8.39747164893452	55.5004247545797
2020-05-28	6.19057093261428	6.82756376900026	7.67432318240097	5.05837793793592	11.406028387933	65.7985212912694	8.3082420725663	53.7785974325457
2020-05-29	6.08973060345566	6.57635243452869	7.48559692509902	4.96961221477636	10.7010489139754	63.1855429642422	8.22331541977813	52.0808949207185
2020-05-30	5.99820249022704	6.33701313403072	7.30283956994788	4.88873987504033	10.0287134292466	60.6603864828188	8.14334784402362	50.4119114843381
2020-05-31	5.91575674521457	6.1092325262789	7.12774292111558	4.81565538688081	9.39114970725408	58.2205529334067	8.06899549875637	48.7762413886444
2020-06-01	5.84218373693499	5.89273470489694	6.96168154656153	4.75025941711375	8.78998614411095	55.8637680331524	8.00085967336296	47.1776620360168
2020-06-02	5.77735469882727	5.68739350291307	6.80476106941056	4.69247742720686	8.22485362635208	53.5886560221576	7.93932220096187	45.6166833773931
2020-06-03	5.72116108056095	5.49312018820666	6.65676987657885	4.64224107729083	7.6948836631178	51.394065771263	7.88471005060454	44.0929985008506
2020-06-04	5.67349433180557	5.30982602865706	6.51749635498261	4.59948202749633	7.19920776354844	49.2788461513095	7.83735019134242	42.6063004944669
2020-06-05	5.63424590223065	5.13742229214363	6.38672889153802	4.56413193795405	6.73695743678433	47.2418460331376	7.79756959222694	41.1562824463192
2020-06-06	5.60330724150574	4.97582024654576	6.26425587316127	4.53612246879466	6.30726419196581	45.2819142875882	7.76569522230955	39.7426374444849
2020-06-07	5.58056979930036	4.82493115974278	6.14986568676856	4.51538528014884	5.90925953823318	43.3978997855018	7.7420540506417	38.3650585770416
2020-06-08	5.56592502528406	4.68466629961408	6.04334671927608	4.50185203214726	5.54207498472681	41.5886513977192	7.72697304627483	37.0232389320664
2020-06-09	5.55926436912637	4.55493693403901	5.94448735760002	4.49545438492061	5.20484204058699	39.8530179950812	7.72077917826038	35.7168715976369
2020-06-10	5.56047928049682	4.43565433089693	5.85307598865657	4.49612399859956	4.89669221495408	38.1898484484283	7.72379941564981	34.4456496618304
2020-06-11	5.56946120906496	4.32672975806722	5.76890099936194	4.5037925333148	4.61675701696839	36.5979916286014	7.73636072749455	33.2092662127243
2020-06-12	5.5861016045003	4.22807448342922	5.69175077663229	4.51839164919699	4.36416795577026	35.0762964064411	7.75879008284605	32.007414338396
2020-06-13	5.6102919164724	4.13959977486232	5.62141370738384	4.53985300637682	4.13805654050002	33.6236116527881	7.79141445075576	30.8397871269228
2020-06-14	5.64192359465078	4.06121690024586	5.55767817853277	4.56810826498497	3.937554280298	32.2387862384831	7.83456080027511	29.7060776663823
2020-06-15	5.6808758591744	3.99282215905062	5.50020998090313	4.60295200335879	3.76164855992842	30.9203923747173	7.88845417577823	28.6060143312423
2020-06-16	5.72697901205991	3.93425197711295	5.44818452095038	4.64363047266236	3.60875026665116	29.6658956340836	7.95291192292988	27.5394666415336
2020-06-17	5.78005112579338	3.88532781186061	5.40065460903783	4.68925284226644	3.47712616334996	28.4724849295254	8.02764946271753	26.5063394036772
2020-06-18	5.83991027286086	3.84587112072136	5.3566730555288	4.73892828154179	3.36504301290859	27.3373491739861	8.11238221612862	25.5065374240946
2020-06-19	5.90637452574844	3.81570336112298	5.31529267078661	4.79176595985917	3.27076757821081	26.257677280409	8.20682560415061	24.5399655092068
2020-06-20	5.97926195694217	3.7946459904932	5.27556626517457	4.84687504658934	3.19256662214037	25.2306581617374	8.31069504777094	23.6065284654351
2020-06-21	6.05839063892812	3.7825204662598	5.236546649056	4.90336471110306	3.12870690758105	24.2534807309149	8.42370596797706	22.7061310992007
2020-06-22	6.1435450981984	3.77911147521191	5.19747538922945	4.96054619433917	3.07757690463028	23.3237529176345	8.54545929950484	21.8385792232728
2020-06-23	6.23437567726921	3.78405662158418	5.1583490782344	5.01853902350891	3.0380519122402	22.4407587185888	8.67509803208376	21.0032826758117
2020-06-24	6.33049917266282	3.79695673897263	5.11935306504558	5.07766479739161	3.00912893657664	21.6042011472202	8.81165066919175	20.1995523013257
2020-06-25	6.43153238090146	3.81741266097328	5.0806726986377	5.13824511476659	2.98980498380543	20.8137832169712	8.9541457143067	19.4266989443229
2020-06-26	6.53709209850739	3.84502522118216	5.04249332798549	5.20060157441318	2.97907706009239	20.069207941284	9.10161167090652	18.6840334493116
2020-06-27	6.64679512200286	3.87939525319529	5.00500030206367	5.2650557751107	2.97594217160334	19.3701783336012	9.25307704246912	17.9708666608
2020-06-28	6.76025824791012	3.92012359060869	4.96837896984696	5.33192931563848	2.9793973245041	18.716397407365	9.40757033247241	17.2865094232964
2020-06-29	6.87709827275142	3.96681106701839	4.93281468031007	5.40154379477584	2.98843952496051	18.1075681760179	9.56412004439429	16.630272581309
2020-06-30	6.996931993049	4.01905851602041	4.89849278242774	5.47422081130211	3.00206577913838	17.5433936530023	9.72175468171268	16.001466979346
2020-07-01	7.11937620532513	4.07646677121078	4.86559862517468	5.55028196399662	3.01927309320354	17.0235768517605	9.87950274790546	15.3994034619156
2020-07-02	7.24404770610204	4.13863666618551	4.83431755752562	5.63004885163868	3.03905847332181	16.547820785735	10.0363927464506	14.8233928735261
2020-07-03	7.37056329190199	4.20516903454063	4.80483492845527	5.71384307300763	3.06041892565903	16.1158284683681	10.1914531808259	14.2727460586857
2020-07-04	7.49853975924723	4.27566470987217	4.77733608693835	5.80198622688279	3.082351456381	15.7273029131023	10.3437125545094	13.7467738619027
2020-07-05	7.62759390466	4.34972452577614	4.75200638194959	5.89479991204349	3.10385307165357	15.3819471333799	10.4921993709789	13.2447871276851
2020-07-06	7.75737215573899	4.42701250229998	4.72903527062873	5.9926353546271	3.12410066809551	15.0788524351412	10.6358975646617	12.7660498255662
2020-07-07	7.88763946438855	4.50744540529678	4.70862864277556	6.0959622902032	3.14299070413748	14.8146632943177	10.7736127937829	12.3096384251783
2020-07-08	8.01819041358949	4.59100318707103	4.69099649635492	6.20528008169942	3.16059952866311	14.5854124793389	10.9041061475167	11.8745825211786
2020-07-09	8.1488195863226	4.67766579992723	4.67634882933162	6.32108809204341	3.17700349055602	14.3871327586343	11.0261387150376	11.4599117082242
2020-07-10	8.27932156556867	4.76741319616987	4.66489563967048	6.44388568416277	3.19227893869984	14.2158569006334	11.13847158552	11.0646555809724
2020-07-11	8.4094909343085	4.86022532810345	4.65684692533633	6.57417222098516	3.20650222197818	14.0676176737655	11.2398658481382	10.6878437340803
2020-07-12	8.53912227552287	4.95608214803246	4.65241268429399	6.71244706543819	3.21974968927466	13.9384478464601	11.3290825920665	10.3285057622052
2020-07-13	8.6678843720346	5.05485032577015	4.65171578846991	6.85897060731551	3.23201558295955	13.8248858106546	11.4051402106471	9.98591605285426
2020-07-14	8.79494280603455	5.15594340116468	4.65453060563706	7.01304734387472	3.24296571934959	13.7254924523179	11.468086313893	9.6603281649349
2020-07-15	8.91933735955556	5.25866163157297	4.66054437753005	7.17374279923945	3.25218380824817	13.639334280927	11.5182258159847	9.35224045020457
2020-07-16	9.04010781463053	5.36230527435194	4.66944434588347	7.34012249753334	3.25925355945867	13.5654778059588	11.555863631103	9.06215126042072
2020-07-17	9.15629395329232	5.4661745868585	4.68091775243194	7.51125196287999	3.26375868278447	13.5029895368901	11.5813046734286	8.79055894734078
2020-07-18	9.26693555757379	5.56956982644956	4.69465183891005	7.68619671940303	3.26528288802896	13.4509359831978	11.594853857142	8.53796186272224
2020-07-19	9.37107240950782	5.67179125048205	4.7103338470524	7.86402229122608	3.26340988499551	13.4083836543589	11.5968160964241	8.30485835832252
2020-07-20	9.46784441763877	5.77213796870897	4.72761650735193	8.04375970849662	3.257782967233	13.3743928393172	11.5875828452952	8.09151283732212
2020-07-21	9.55679199655708	5.86990450046773	4.74601450533486	8.22430202545749	3.24828376327223	13.3479989448844	11.5678917171354	7.89725390859373
2020-07-22	9.63755568736466	5.9643842174918	4.76500801528576	8.4045078023754	3.23485348538948	13.328231157339	11.5385668651644	7.72117623243311
2020-07-23	9.70977603116344	6.05487049151469	4.78407721148918	8.58323559951705	3.21743334586106	13.3141186629598	11.5004324426021	7.56237446913599
2020-07-24	9.77309356905534	6.14065669426989	4.80270226822967	8.75934397714914	3.19596455696323	13.3046906480253	11.4543126026682	7.41994327899812
2020-07-25	9.8271488421423	6.22103619749089	4.8203633597918	8.93169149553838	3.17038833097231	13.2989762988143	11.4010314985824	7.29297732231523
2020-07-26	9.87158239152623	6.29530237291119	4.83654066046012	9.09913671495145	3.14064588016457	13.2960048016053	11.3414132835647	7.18057125938307
2020-07-27	9.90603475830907	6.36274859226428	4.85071434451919	9.26053819565507	3.1066784168163	13.294805342677	11.2762821108348	7.08181975049739
2020-07-28	9.93014648359273	6.42266822728365	4.86236458625356	9.41475449791595	3.06842715320379	13.294407108308	11.2064621336125	6.99581745595392
2020-07-29	9.94355810847915	6.47435464970279	4.87097155994779	9.56064418200077	3.02583330160334	13.2938392847769	11.1327775051175	6.92165903604841
2020-07-30	9.94591017407025	6.51710123125521	4.87601543988645	9.69706580817625	2.97883807429123	13.2921310583624	11.0560523785697	6.8584391510766
2020-07-31	9.93684322146796	6.55020134367439	4.87697640035408	9.82287793670907	2.92738268354374	13.2883116153432	10.9771109071888	6.80525246133424
2020-08-01	9.91599779177419	6.57294835869382	4.87333461563525	9.93693912786596	2.87140834163718	13.2814101419978	10.8967772441947	6.76119362711706
2020-08-02	9.88301442609089	6.584635648047	4.8645702600145	10.0381079419136	2.81085626084782	13.2704558246048	10.8158755428071	6.72535730872082
2020-08-03	9.83773279357349	6.58477062261918	4.85017811093822	10.1255114007715	2.7457234261728	13.2546961904611	10.7350566543965	6.69676997939403
2020-08-04	9.78078907559149	6.5737168499026	4.82971135849999	10.1993503729702	2.67622991349257	13.2342521309359	10.6542782229354	6.67418536419634
2020-08-05	9.71301858156792	6.55205193654127	4.80273779595523	10.260094188693	2.60265157140842	13.2094628784166	10.5733245905472	6.65628900114022
2020-08-06	9.63525662092581	6.52035348917919	4.76882521655935	10.3082121781234	2.52526424852166	13.1806676652904	10.491980099355	6.64176642823807
2020-08-07	9.54833850308816	6.47919911446036	4.72754141356774	10.3441736714446	2.44434379343357	13.1482057239448	10.4100290914823	6.62930318350236
2020-08-08	9.45309953747801	6.42916641902879	4.67845418023584	10.3684479988401	2.36016605474546	13.1124162867672	10.3272559090521	6.61758480494552
2020-08-09	9.35037503351837	6.37083300952848	4.62113130981904	10.3815044904932	2.27300688105861	13.0736385861448	10.2434448941879	6.60529683057997
2020-08-10	9.2409742551507	6.30478588456663	4.55536455177172	10.3838203717245	2.18317167950859	13.032060134624	10.1584639441406	6.59139547562898
2020-08-11	9.12560228439018	6.23164961060326	4.48184148034407	10.3759044484041	2.09108409136795	12.9872615653863	10.072515176673	6.57591966415898
2020-08-12	9.00493815777043	6.15205814606157	4.40147362598526	10.3582734215393	1.99719731644352	12.9386717917723	9.98588426467552	6.55917899744722
2020-08-13	8.87966091182505	6.0666454493648	4.31517251914445	10.3314439921373	1.90196455454212	12.8857197271225	9.89885688103866	6.54148307677094
2020-08-14	8.75044958308767	5.97604547893613	4.22384969027082	10.2959328612056	1.80583900547059	12.8278342847775	9.81171869865293	6.52314150340741
2020-08-15	8.6179832080919	5.8808921931988	4.12841666981352	10.2522567297513	1.70927386903575	12.7644443780776	9.72475539040882	6.50446387863386
2020-08-16	8.48294082337134	5.78181955057602	4.02978498822171	10.2009322987818	1.61272234504441	12.6949789203635	9.63825262919683	6.48575980372755
2020-08-17	8.34600146545961	5.67946150949098	3.92886617594455	10.1424762693045	1.51663763330341	12.6188668249756	9.55249608790744	6.46733887996572
2020-08-18	8.20784417089033	5.57445202836693	3.82657176343122	10.0774053423267	1.42147293361956	12.5355370052545	9.46777143943117	6.44951070862563
2020-08-19	8.06914797619712	5.46742506562705	3.72381328113088	10.0062362188556	1.3276814457997	12.4444183745406	9.3843643566585	6.43258489098451
2020-08-20	7.93059191791357	5.35901457969458	3.62150225949269	9.92948559989853	1.23571636965065	12.3449398461745	9.30256051247994	6.41687102831963
2020-08-21	7.79285503257331	5.24985452899272	3.5205502289658	9.84767018646288	1.14603090497923	12.2365303334968	9.22264557978597	6.40267872190821
2020-08-22	7.65661635670995	5.14057887194468	3.4218687199994	9.76130667955593	1.05907825159227	12.1186187498478	9.14490523146709	6.39031757302753
2020-08-23	7.52255492685712	5.03182156697369	3.32636926304263	9.67091178018499	0.975311609296597	11.9906340085682	9.06962514041381	6.38009718295482
2020-08-24	7.39130614892033	4.92417679364884	3.23486594773624	9.57694520039569	0.895184270834361	11.8525406467322	8.996989822797	6.37220935528977
2020-08-25	7.26333090629283	4.81807961612282	3.14778310048725	9.47963869638691	0.819149900689063	11.7064456963494	8.9267791679091	6.36637470292184
2020-08-26	7.1390464517398	4.71392531969421	3.06544760689424	9.37916703539585	0.747662256279544	11.5549918131631	8.85867190832293	6.36219604106292
2020-08-27	7.0188700380264	4.61210918966158	2.98818635255581	9.27570498465968	0.681175095024634	11.4008216529168	8.79234677661132	6.3592761849249
2020-08-28	6.90321891791781	4.51302651132351	2.91632622307056	9.16942731141562	0.620142174343169	11.2465778713537	8.72748250534707	6.35721794971967
2020-08-29	6.79251034417917	4.41707256997858	2.85019410403707	9.06050878290084	0.56501725165398	11.0949031242171	8.66375782710303	6.35562415065913
2020-08-30	6.68716156957567	4.32464265092536	2.79011688105394	8.94912416635255	0.516254084375907	10.9484400672506	8.60085147445201	6.35409760295517
2020-08-31	6.58751444229184	4.23609041402091	2.73635149061312	8.83547233380002	0.474140650242296	10.8093402910747	8.53839974289786	6.35232022678055
2020-09-01	6.49360919218965	4.15160301735626	2.68887507277994	8.71984857644079	0.438301808244549	10.6777911258193	8.47586917966856	6.35029036215158
2020-09-02	6.40541064455044	4.0713259935809	2.6475948185131	8.60257229026449	0.408196637688582	10.5534888364918	8.41268389492313	6.3480854540454
2020-09-03	6.32288362465554	3.99540487534434	2.6124179187713	8.48396287126075	0.383284217880313	10.4361296880995	8.34826799882058	6.34578294743918
2020-09-04	6.24599295778631	3.92398519529608	2.58325156451323	8.36433971541921	0.363023628125659	10.3254099456495	8.28204560151993	6.34346028731007
2020-09-05	6.17470346922408	3.85721248608562	2.5600029466976	8.24402221872949	0.346873947730536	10.2210258741492	8.21344081318018	6.34119491863525
2020-09-06	6.10897998425018	3.79523228036246	2.54257925628309	8.12332977718121	0.334294256000861	10.1226737386058	8.14187774396035	6.33906428639187
2020-09-07	6.04878732814597	3.73819011077611	2.5308876842284	8.002581786764	0.324743632242549	10.0300498040266	8.06678050401946	6.3371458355571
2020-09-08	5.99409032619277	3.68623150997607	2.52483542149223	7.8820976434675	0.317681155761519	9.94285033541894	7.98757320351651	6.33551701110809
2020-09-09	5.94485380367192	3.63950201061184	2.52432965903327	7.76219674328132	0.312565905863687	9.86077159778998	7.90367995261052	6.334255258022
2020-09-10	5.90104258586478	3.59814714533293	2.52927758781023	7.64319848219511	0.308856961854968	9.78350985614703	7.8145248614605	6.33343802127601
2020-09-11	5.86262149805267	3.56231244678884	2.53958639878179	7.52542225619848	0.306013403041281	9.71076137549737	7.71953204022546	6.33314274584727
2020-09-12	5.82955536551693	3.53214344762906	2.55516328290665	7.40918746128107	0.303494308728541	9.64222242084827	7.61812559906443	6.33344687671293
2020-09-13	5.8018090135389	3.5077856805031	2.57591543114351	7.29481349343249	0.300758758222664	9.57758925720699	7.5097296481364	6.33442785885017
2020-09-14	5.77931531952363	3.48930964382	2.60179083095877	7.18264257512749	0.297362039136364	9.51670245844682	7.39428993931901	6.33611320788222
2020-09-15	5.76187936937091	3.4764856990269	2.63290065584962	7.07310823478117	0.293244272309526	9.4599798339051	7.27383879136431	6.33833072201656
2020-09-16	5.74927430110424	3.46900917333048	2.66939687582099	6.96666682729377	0.288441786888833	9.40798350178519	7.15093016474295	6.34085827010675
2020-09-17	5.74127325274712	3.46657539393741	2.71143146087778	6.86377470756548	0.282990912020969	9.36127558029043	7.02811801992561	6.34347372100637
2020-09-18	5.73764936232306	3.46887968805438	2.7591563810249	6.76488823049655	0.276927976852614	9.32041818762419	6.90795631738295	6.34595494356896
2020-09-19	5.73817576785555	3.47561738288805	2.81272360626725	6.67046375098718	0.270289310530452	9.28597344198981	6.79299901758564	6.34807980664809
2020-09-20	5.7426256073681	3.48648380564511	2.87228510660975	6.58095762393759	0.263111242201165	9.25850346159065	6.68580008100433	6.34962617909732
2020-09-21	5.75081995309627	3.50112745081962	2.93798556915079	6.49689006888451	0.255545294197787	9.23860153141998	6.58830059842849	6.35034139833792
2020-09-22	5.76277161412394	3.51900948205514	3.00994054936272	6.41903676391065	0.24820376159876	9.22698560363071	6.49999018192281	6.349850676062
2020-09-23	5.77854133374704	3.53954423028263	3.08825831981135	6.34823725173524	0.241814132668878	9.22440479716568	6.41974557387078	6.34774869252937
2020-09-24	5.79818985526151	3.56214602643304	3.17304715306252	6.28533107507748	0.237103895672935	9.2316082309677	6.34644351665589	6.34363012799984
2020-09-25	5.82177792196329	3.58622920143733	3.26441532168206	6.23115777665661	0.234800538875725	9.24934502397961	6.27896075266163	6.33708966273322
2020-09-26	5.84936627714831	3.61120808622644	3.36247109823579	6.18655689919185	0.235631550542042	9.27836429514425	6.21617402427148	6.32772197698934
2020-09-27	5.88101566411252	3.63649701173134	3.46732275528954	6.1523679854024	0.240324418936679	9.31941516340443	6.15696007386894	6.315121751028
2020-09-28	5.91679138884641	3.66163184108946	3.57906107617946	6.12926713150156	0.249583265294163	9.37306876383731	6.10030946577546	6.29904148995448
2020-09-29	5.9567770081187	3.68663456626418	3.69770688732299	6.11727664767881	0.264018742727947	9.43918429605739	6.04566805206431	6.27986499825581
2020-09-30	6.00106064139266	3.71164871142538	3.82326352590788	6.11625539761772	0.284218137321216	9.51744297581346	5.99259550674675	6.25813390526452
2020-10-01	6.04973040813156	3.73681780074294	3.9557343291219	6.12606224500184	0.310768735157156	9.60752601885435	5.94065150383402	6.23438984031309
2020-10-02	6.10287442779868	3.76228535838672	4.09512263415281	6.14655605351473	0.344257822318953	9.70911464092885	5.88939571733736	6.20917443273404
2020-10-03	6.16058081985729	3.78819490852659	4.24143177818837	6.17759568683994	0.385272684889792	9.8218900577858	5.83838782126803	6.18302931185986
2020-10-04	6.22293770377067	3.81468997533244	4.39466509841633	6.21904000866104	0.434400608952857	9.94553348517398	5.78718748963727	6.15649610702306
2020-10-05	6.29003319900208	3.84191408297413	4.55482593202445	6.27074788266157	0.492228880591335	10.0797261388422	5.73535439645632	6.13011644755614
2020-10-06	6.3619554250148	3.87001075562153	4.72191761620051	6.3325781725251	0.559344785888411	10.2241492345393	5.68244821573643	6.10443196279161
2020-10-07	6.43879250127211	3.89912351744452	4.89594348813225	6.40438974193518	0.636335610927273	10.3784839880141	5.62802862148885	6.07998428206197
2020-10-08	6.52063254723728	3.92939589261296	5.07690688500744	6.48604145457536	0.723788641791102	10.5424116150154	5.57165528772481	6.05731503469973
2020-10-09	6.60756368237358	3.96097140529674	5.26481114401383	6.57739217412921	0.822291164563085	10.715613331292	5.51288788845557	6.03696585003737
2020-10-10	6.69967402614429	3.99399357966573	5.4596596023392	6.67830076428029	0.932430465326411	10.8977703525927	5.45128609769237	6.01947835740742
2020-10-11	6.79705169801268	4.02860593988978	5.66145559717128	6.78862608871213	1.05479383016426	11.0885638946663	5.38640958944647	6.00539418614237
2020-10-12	6.89972155938224	4.0649673877654	5.87014906743293	6.90818890489542	1.18989793105724	11.2875701740749	5.31820750193002	5.99543119845881
2020-10-13	7.00745543941736	4.10329833559546	6.08547635898727	7.03665754544931	1.33797698357564	11.4939454106333	5.24818683015897	5.99101218810977
2020-10-14	7.11996190922264	4.14383457330947	6.30712041943253	7.17366223678005	1.49919458918717	11.7067408249696	5.17824403335016	5.99373618173233
2020-10-15	7.2369495399027	4.18681189083692	6.5347641963669	7.31883320529389	1.67371434935953	11.9250076377118	5.11027557072046	6.00520220596359
2020-10-16	7.35812690256213	4.23246607810732	6.7680906373886	7.47180067739709	1.86169986556043	12.1477970694881	5.04617790148672	6.02700928744066
2020-10-17	7.48320256830555	4.28103292505016	7.00678269009583	7.63219487949592	2.06331473925758	12.3741603409266	4.98784748486579	6.06075645280062
2020-10-18	7.61188510823757	4.33274822159495	7.25052330208683	7.79964603799663	2.2787225719187	12.6031486726552	4.93718078007455	6.10804272868059
2020-10-19	7.74394293589458	4.38788770919365	7.49909681701315	7.97371940624021	2.50814301740536	12.8340466887076	4.8958870892274	6.17018942610517
2020-10-20	7.87938383454019	4.44688693538812	7.75269316273991	8.15372034530657	2.75201993915467	13.067072626739	4.864927086029	6.24740699364896
2020-10-21	8.01827542986983	4.51022139924273	8.01160366318557	8.33888924321037	3.01085325299759	13.30267812781	4.8450742870816	6.3396281642741
2020-10-22	8.16068534757889	4.57836659982179	8.27611964226862	8.52846648796626	3.28514287476512	13.5413148329814	4.83710220898742	6.44678567094272
2020-10-23	8.30668121336279	4.65179803618966	8.54653242390751	8.72169246758887	3.57538872028821	13.7834343833139	4.84178436834868	6.56881224661692
2020-10-24	8.45633065291693	4.73099120741066	8.82313333202073	8.91780757009286	3.88209070539786	14.029488419868	4.85989428176762	6.70564062425883
2020-10-25	8.60970129193672	4.81642161254916	9.10621369052674	9.11605218349288	4.20574874592503	14.2799285837046	4.89220546584647	6.85720353683057
2020-10-26	8.76686075611759	4.90856475066947	9.39606482334403	9.31566669580358	4.54686275770071	14.5352065158844	4.93949143718745	7.02343371729428
2020-10-27	8.92787667115493	5.00789612083595	9.69297805439105	9.5158914950396	4.90593265655586	14.7957738574679	5.00252571239279	7.20426389861206
2020-10-28	9.09281666274415	5.11489122211293	9.99724470758629	9.71596696921559	5.28345835832147	15.0620822495159	5.08208180806472	7.39962681374605
2020-10-29	9.26174835658066	5.23002555356476	10.3091561068482	9.9151335063462	5.67993977882851	15.3345833330891	5.17893324080547	7.60945519565835
2020-10-30	9.43473937835988	5.35377461425578	10.6290035760953	10.1126314944461	6.09587683390797	15.6137287492482	5.29385352721727	7.83368177731111
2020-10-31	9.61185735377721	5.48661390325031	10.957078439246	10.3077013215299	6.5317694393908	15.8999701390539	5.42761618390235	8.07223929166644
2020-11-01	9.79316990852806	5.62901891961272	11.2936720202188	10.4995833756122	6.988117511108	16.1937591435668	5.58099472746293	8.32506047168644
2020-11-02	9.97870321294151	5.7813413855288	11.6389647498105	10.6875815926303	7.46532308963735	16.4955166716255	5.75478952261186	8.59213945042734
2020-11-03	10.1683176158813	5.94343791567029	11.9926934863309	10.8712541002116	7.96339671454394	16.8055407031802	5.94990832650447	8.87371596132164
2020-11-04	10.3618320108449	6.11504134783037	12.3544841949683	11.0502225739058	8.48225105013963	17.1240984859587	6.16728574440668	9.1700911378959
2020-11-05	10.5590652913296	6.29588451980223	12.7239628409107	11.224108689263	9.02179876073632	17.4514572676892	6.40785638158444	9.48156611367671
2020-11-06	10.7598363508329	6.48570026937906	13.1007553893464	11.392534121833	9.58195251064589	17.7878842960996	6.67255484330368	9.80844202219065
2020-11-07	10.9639640828522	6.68422143435407	13.4844878054635	11.5551205471658	10.1626249641803	18.1336468189179	6.96231573483035	10.1510199969643
2020-11-08	11.171267380885	6.89118085252043	13.8747860544502	11.7114896408112	10.7637287856513	18.489012083872	7.27807366143036	10.5096011715242
2020-11-09	11.3815527420842	7.106245476158	14.2711183317231	11.8613873124217	11.385023841417	18.854147902999	7.62071175643798	10.8843976345373
2020-11-10	11.5945770782259	7.32881871549323	14.672321753612	12.0050564080598	12.02565880602	19.2288243455712	7.99090726546063	11.2752652952315
2020-11-11	11.8100849047414	7.55823809523923	15.0770756666752	12.1428640078905	12.684629556049	19.6127120451702	8.38928596217408	11.6819710179751
2020-11-12	12.0278207370625	7.79384114010911	15.484059417471	12.2751771920789	13.3609319680929	20.0054816353775	8.81647362025411	12.1042816671365
2020-11-13	12.2475290906207	8.03496537481596	15.8919523525577	12.4023630407899	14.0535619187402	20.4068037497743	9.2730960133764	12.5419641070838
2020-11-14	12.4689544808474	8.28094832407289	16.2994338184936	12.5247886341887	14.7615152845799	20.8163490219422	9.75977891521674	12.9947852021854
2020-11-15	12.6918414231743	8.53112751259302	16.705183161837	12.6428210524402	15.4837879422005	21.2337880854627	10.2771480994509	13.4625118168095
2020-11-16	12.9159344330329	8.78484046508944	17.1078797291461	12.7568273757094	16.219375768191	21.6587915739171	10.8258293397546	13.9449108153244
2020-11-17	13.1409780258548	9.04142470627527	17.5062028669792	12.8671746841615	16.9672746391399	22.0910301208869	11.4064484098035	14.4417490620985
2020-11-18	13.3667167170715	9.30021776086361	17.8988319218945	12.9742300579615	17.7264804316362	22.5301743599536	12.0196310832736	14.9527934214999
2020-11-19	13.5928950221146	9.56055715356757	18.2844462404505	13.0783605772742	18.4959890222684	22.9758949246985	12.6660031338404	15.4778107578969
2020-11-20	13.8192574564157	9.82178040910027	18.6617251692054	13.1799333222649	19.2747962876255	23.4278624487032	13.3461903351798	16.0165679356579
2020-11-21	14.0455485354062	10.0832250521748	19.0293480547173	13.2793153730986	20.061898104296	23.8857475655491	14.0608184609675	16.5688318191511
2020-11-22	14.2715127745178	10.3442286075042	19.3859942435447	13.3768738099402	20.8562903488688	24.3492209088175	14.8105132848793	17.1343692727448
2020-11-23	14.497065228341	10.6041626631338	19.7308135365019	13.4733197489652	21.6566148790562	24.8178085789372	15.5957188351021	17.7128081386536
2020-11-24	14.7228031081022	10.8625350604367	20.064837551428	13.570740450391	22.460097477065	25.290458543725	16.4161521578683	18.303220170477
2020-11-25	14.9494941641867	11.1188877041183	20.3895683604179	13.6715672104452	23.2636099062257	25.7659742378451	17.2713485539215	18.9045380996612
2020-11-26	15.17790614698	11.372762498884	20.7065080355668	13.7782313253556	24.0640239298687	26.2431590959617	18.1608433240052	19.5156946576521
2020-11-27	15.4088068068674	11.623701349439	21.0171586489699	13.89316409135	24.8582113113243	26.7208165527389	19.0841717688629	20.1356225758955
2020-11-28	15.6429638942344	11.8712461604888	21.3230222727221	14.0187968046561	25.6430438139231	27.1977500428407	20.0408691892384	20.7632545858376
2020-11-29	15.8811451594662	12.1149388367385	21.6256009789187	14.1575607615015	26.4153932009954	27.6727630009314	21.0304708858751	21.3975234189242
2020-11-30	16.1240395549796	12.3545759926913	21.9262613446794	14.3116343664888	27.1721345843947	28.1451959766616	22.052328192204	22.0374312108149
2020-12-01	16.3720208413157	12.5909730820403	22.2258279672229	14.4821844577194	27.9101564700662	28.6165379796287	23.105056572406	22.6822577140236
2020-12-02	16.6253839810471	12.8252002682767	22.5249899487927	14.6701249816692	28.6263507124782	29.0888151344168	24.1870875233496	23.3313520852775
2020-12-03	16.8844239367464	13.0583277148913	22.8244363916322	14.8763698848143	29.317609166099	29.5640535656097	25.296852541903	23.9840634813043
2020-12-04	17.1494356709861	13.2914255853751	23.1248563979849	15.1018331136308	29.980823685397	30.0442793977914	26.4327831249346	24.6397410588311
2020-12-05	17.4207141463387	13.5255640432191	23.4269390700941	15.3474286145947	30.6128861248402	30.531518755546	27.5933107693128	25.2977339745856
2020-12-06	17.6985543253767	13.7618132519141	23.7313735102033	15.6140703341822	31.2106883388972	31.0277977634574	28.7768669719059	25.957391385295
2020-12-07	17.9832511706727	14.0012433749513	24.0388488205559	15.9026722188693	31.7711221820361	31.5351425461095	29.9818832295823	26.6180624476868
2020-12-08	18.2750996447991	14.2449245758214	24.3500541033954	16.214148215132	32.2910795087251	32.0555792280864	31.2067910392102	27.2790963184883
2020-12-09	18.5743947103285	14.4939270180156	24.6656784609652	16.5494122694463	32.7674521734327	32.591133933972	32.4500218976581	27.9398421544271
2020-12-10	18.8814313298334	14.7493208650246	24.9864109955087	16.9093783282885	33.197132030627	33.1438327883503	33.7100073017943	28.5996491122304
2020-12-11	19.1965044658863	15.0121762803396	25.3129408092693	17.2949603381344	33.5770109347763	33.7157019158052	34.9851787484872	29.2578663486258
2020-12-12	19.5199090810598	15.2835634274514	25.6459570044905	17.7070722454603	33.903980740349	34.3087674409209	36.2739677346051	29.9138430203406
2020-12-13	19.8519401379264	15.5645524698511	25.9861486834157	18.1466279967421	34.1749333018133	34.9250554882811	37.5748057570165	30.5669282841023
2020-12-14	20.1927143657102	15.8558301461138	26.3338642119354	18.6139689241373	34.3874813630352	35.5658517797496	38.8861918540833	31.2161483655154
2020-12-15	20.5416355602419	16.1565494951522	26.688089010528	19.1071459025291	34.542121225472	36.2294804263089	40.2068952301434	31.8592377656936
2020-12-16	20.8979292840036	16.465480130963	27.0474677633191	19.623637192482	34.6400700799788	36.9135251362211	41.5357526310284	32.4936080546278
2020-12-17	21.2608210994777	16.7813916675431	27.4106451544341	20.1609210545607	34.6825451174105	37.6155696177484	42.8716008025696	33.1166708023089
2020-12-18	21.6295365691464	17.1030537188895	27.7762658679986	20.7164757493297	34.6707635286221	38.333197579153	44.2132764905989	33.7258375787277
2020-12-19	22.0033012554919	17.4292358989988	28.142974588138	21.2877795373535	34.6059425044686	39.063992728697	45.5596164409475	34.3185199538752
2020-12-20	22.3813407209965	17.758707821868	28.509415998978	21.8723106791968	34.4892992358051	39.8055387746426	46.9094573994472	34.8921294977422
2020-12-21	22.762408460748	18.0898508771246	28.8735514746599	22.4669891572462	34.3221533661954	40.5554348247885	48.2611036856765	35.4446801032718
2020-12-22	23.1433697002557	18.4194935569187	29.2306091493897	23.0665018411764	34.1062343500384	41.3113415850794	49.6107299142013	35.976594955216
2020-12-23	23.5206175976347	18.7440761290311	29.575133847389	23.6649773224842	33.8433740944419	42.0709351609968	50.9539782733349	36.4888995612791
2020-12-24	23.8905453109999	19.0600388612425	29.9016703928796	24.2565441926663	33.5354045065136	42.831891658022	52.2864909513902	36.9826194291651
2020-12-25	24.2495459984662	19.3638220213337	30.2047636100834	24.8353310432197	33.1841574933614	43.5918871816363	53.6039101366805	37.4587800665784
2020-12-26	24.5940128181487	19.6518658770855	30.4789583232222	25.395466465641	32.791464962093	44.3485978373211	54.9018780175187	37.9184069812232
2020-12-27	24.9203389281623	19.9206106962787	30.7187993565177	25.931079051427	32.3591588198162	45.0996997305576	56.176036782218	38.3625256808035
2020-12-28	25.2255290612916	20.1671541491349	30.9198718315715	26.437199583457	31.8892337005838	45.8426488072597	57.4222487617033	38.7919903998156
2020-12-29	25.5090342489999	20.39122351564	31.0819220595041	26.9124676101403	31.3843351462294	46.5740203750708	58.6372568573472	39.2069702799226
2020-12-30	25.7709170974204	20.5932034782204	31.2057366488155	27.3564248712683	30.8472714255317	47.2901695820664	59.818024113134	39.6074631895796
2020-12-31	26.011240212686	20.7734787193029	31.2921022080061	27.7686131066328	30.2808508072693	47.9874515763223	60.9615135730482	39.9934669972417
2021-01-01	26.2300662009297	20.932433921314	31.3418053455759	28.1485740560254	29.6878815602209	48.6622215059142	62.0646882810741	40.3649795713638
2021-01-02	26.4274576682846	21.0704537666804	31.3556326700253	28.4958494592378	29.0711719531652	49.310834518918	63.1245112811963	40.7219987804012
2021-01-03	26.6034772208838	21.1879229378289	31.3343707898543	28.8099810560617	28.4335302548808	49.9296457634092	64.137945617399	41.0645224928087
2021-01-04	26.7581874648602	21.2852261171859	31.2788063135631	29.0905105862886	27.7777647341464	50.5150103874636	65.1019543336667	41.3925485770416
2021-01-05	26.8916510063468	21.3627479871781	31.189725849652	29.3369797897102	27.1066836597408	51.063283539157	66.0135004739839	41.7060749015548
2021-01-06	27.0039304514768	21.4208732302323	31.0679160066212	29.5489304061181	26.4230953004424	51.5708203665651	66.8695470823349	42.0050993348035
2021-01-07	27.095088406383	21.4599865287749	30.9141633929707	29.7259041753041	25.7298079250301	52.0339760177635	67.6670572027041	42.2896197452427
2021-01-08	27.1651874771987	21.4804725652327	30.7292546172009	29.8674428370598	25.0296298022825	52.449105640828	68.4029938790759	42.5596340013274
2021-01-09	27.2142902700567	21.4827160220323	30.5139762878119	29.9730881311767	24.3253692009782	52.8125643838345	69.0743201554348	42.8151399715127
2021-01-10	27.2424593910901	21.4671015816004	30.2691150133039	30.0423817974467	23.619834389896	53.1207073948584	69.6779990757651	43.0561355242536
2021-01-11	27.2499322843355	21.4341148588487	29.995499572992	30.0753675861732	22.915920100842	53.3709184511261	70.2111871665173	43.2823714424417
2021-01-12	27.2376457454435	21.38464519863	29.694127429451	30.0740972897081	22.2168669177328	53.5646958464658	70.6718148840053	43.4926101667137
2021-01-13	27.2067114079684	21.3196828782821	29.3660382160708	30.0411247109151	21.5260018875124	53.704566503856	71.0580061670091	43.6853670521427
2021-01-14	27.1582409054643	21.2402181751428	29.0122715662411	29.979003652658	20.8466520571248	53.7930573462754	71.3678849543087	43.859157453802
2021-01-15	27.0933458714854	21.1472413665501	28.6338671133518	29.8902879178005	20.1821444735142	53.8326952967027	71.599575184684	44.0124967267647
2021-01-16	27.0131379395859	21.0417427298417	28.2318644907926	29.7775313092064	19.5358061836245	53.8260072781164	71.7512007969151	44.1439002261039
2021-01-17	26.9187287433201	20.9247125423556	27.8073033319533	29.6432876297394	18.9109642343998	53.7755202134952	71.820885729782	44.2518833068929
2021-01-18	26.8111016382654	20.7971081615802	27.3614112068261	29.4899401217822	18.3103098537739	53.6836488502879	71.8074556942593	44.3349062625569
2021-01-19	26.6907268680927	20.6597552656062	26.896167431812	29.3191897857927	17.7339909936388	53.5523592338237	71.7125434901011	44.3912091399301
2021-01-20	26.5579463984964	20.513446612675	26.4137392599148	29.1325670617478	17.1815197868762	53.3835052339021	71.538483689256	44.4189769241986
2021-01-21	26.4131021951706	20.358974961028	25.9162939441379	28.9316023896242	16.6524083663681	53.1789407203226	71.2876108636728	44.4163946005486
2021-01-22	26.2565362238096	20.1971330689063	25.405998737485	28.7178262093989	16.1461688649961	52.9405195628845	70.9622595853002	44.3816471541663
2021-01-23	26.0885904501076	20.0287136945515	24.8850208929595	28.4927689610486	15.662313415642	52.6700956313872	70.564764426087	44.312919570238
2021-01-24	25.909606839759	19.8545095962047	24.3555276635649	28.2579610845502	15.2003541511877	52.3695227956303	70.0974599579819	44.2083968339498
2021-01-25	25.7199273584578	19.6753135321075	23.819686302305	28.0149330198805	14.7598032045148	52.0406549254131	69.5626807529336	44.066263930488
2021-01-26	25.5198939718985	19.491918260501	23.2796640621831	27.7652152070163	14.3401727085052	51.685345890535	68.9627613828908	43.8847058450387
2021-01-27	25.3098486457751	19.3051165396266	22.7376281962028	27.5103380859346	13.9409747960405	51.3054495607955	68.3000364198024	43.6619075627883
2021-01-28	25.090133345782	19.1157011277257	22.1957459573678	27.251832096612	13.5617216000026	50.902819805994	67.5768404356169	43.3960540689227
2021-01-29	24.8610900376135	18.9244647830395	21.6561845986814	26.9912276790255	13.2019252532733	50.4793104959299	66.7955080022831	43.0853303486284
2021-01-30	24.6230606869636	18.7322002638095	21.1211113731474	26.7300552731519	12.8610978887343	50.0367755004027	65.9583736917499	42.7279213870915
2021-01-31	24.3763872595268	18.5397003282769	20.5926935337691	26.469845318968	12.5387516392674	49.5770686892117	65.0677720759658	42.3220121694982
2021-02-01	24.1211908549969	18.3474972587008	20.072499023098	26.2118051929964	12.2338944688652	49.1016517771	64.1261182523236	41.8667525225873
2021-02-02	23.8567091090665	18.1550814334111	19.559698541876	25.9558500179428	11.9435176659636	48.6104178585842	63.1361494199911	41.3651516393089
2021-02-03	23.5819587914277	17.9616827547552	19.0528634803929	25.7015718530586	11.6641083501092	48.1028678731245	62.1006833035803	40.8211835541654
2021-02-04	23.2959566717728	17.7665311250807	18.5505652289385	25.4485627575953	11.3921536408489	47.5785027601814	61.022537627703	40.2388223016593
2021-02-05	22.9977195197939	17.5688564467351	18.0513751778026	25.1964147908043	11.1241406577292	47.0368234592149	59.904530116971	39.6220419162933
2021-02-06	22.6862641051834	17.3678886220661	17.5538647172748	24.944720011937	10.856556520297	46.4773309096854	58.7494784959961	38.9748164325698
2021-02-07	22.3606071976334	17.1628575534211	17.0566052376451	24.6930704802449	10.5858883480989	45.899526051053	57.5602004893903	38.3011198849914
2021-02-08	22.0201101892257	16.9530831771332	16.5585590122533	24.4410615006798	10.309400935817	45.3033404696704	56.3396559279698	37.6047468201453
2021-02-09	21.6655129616007	16.7382455654776	16.0602518466404	24.1883013609942	10.0274697786742	44.6904283394589	55.0913730673678	36.8887738329565
2021-02-10	21.2979000187886	16.5181148247152	15.5626004293972	23.934401594641	9.7412480470289	44.0628744812324	53.8190222694221	36.1560980304347
2021-02-11	20.9183558648193	16.2924610611067	15.0665214491148	23.6789737350733	9.45188891123939	43.4227637158045	52.5262738959704	35.4096165195896
2021-02-12	20.5279650037228	16.061054380913	14.5729315943841	23.421629315744	9.160545541664	42.7721808639889	51.2167983088504	34.6522264074308
2021-02-13	20.1278119395292	15.8236648903947	14.0827475537963	23.1619798701059	8.86837110866102	42.1132107465994	49.8942658698997	33.886824800968
2021-02-14	19.7189811762686	15.5800626958127	13.5968860159424	22.8996369316119	8.57651878258881	41.4479381844498	48.5623469409562	33.116308807211
2021-02-15	19.302557217971	15.3300179034278	13.1162636694132	22.6342120337151	8.28614173380566	40.7784479983537	47.2247118838575	32.3435755331693
2021-02-16	18.8796245686664	15.0733006195007	12.6417972028	22.3653167098684	7.9983931326699	40.1068250091249	45.8850310604413	31.5715220858527
2021-02-17	18.4512677323848	14.8096809502923	12.1744033046935	22.0925624935246	7.71442614953982	39.4351540375771	44.5469748325453	30.8030455722707
2021-02-18	18.0185712131563	14.5389290020633	11.714998663685	21.8155609181367	7.43539395477377	38.765519904524	43.2142135620072	30.0410430994331
2021-02-19	17.582619515011	14.2608148810746	11.2644999683653	21.5339235171576	7.16244971873004	38.1000074307794	41.8904176106646	29.2884117743496
2021-02-20	17.1444971419788	13.9751086935868	10.8238239073255	21.2472618240402	6.89674661176695	37.440701437157	40.5792573403554	28.5480487040297
2021-02-21	16.7052885980899	13.6815805458608	10.3938871691566	20.9551873722375	6.63943780424281	36.7896867444705	39.2844031129171	27.8228509954832
2021-02-22	16.2660862699325	13.3802657441693	9.97558126041039	20.6575293370749	6.39164252647269	36.1484876886352	38.009060103098	27.115108628795
2021-02-23	15.8280140743282	13.0722603948328	9.56969695948179	20.3549874613682	6.15434424859855	35.5163866659725	36.7545727372882	26.4246830763514
2021-02-24	15.392203810657	12.7589258041838	9.17699986272649	20.0484791298055	5.92849250071909	34.8921055879054	35.5218202547884	25.7508286836138
2021-02-25	14.9597872782988	12.4416232785548	8.79825556650019	19.7389217270752	5.715036812933	34.2743663658567	34.3116818948991	25.0927997960437
2021-02-26	14.5318962766334	12.1217141242781	8.43422966715859	19.4272326378654	5.51492671533897	33.6618909112493	33.1250368969209	24.4498507591025
2021-02-27	14.1096626050408	11.8005596476862	8.08568776105737	19.1143292468644	5.32911173803572	33.0534011355063	31.9627645001544	23.8212359182518
2021-02-28	13.6942180629009	11.4795211551116	7.75339544455225	18.8011289387605	5.15854141112194	32.4476189500505	30.8257439439003	23.2062096189529
2021-03-01	13.2866202028886	11.159842024852	7.4379069586283	18.4883175557933	5.00414523756264	31.8433874368266	29.7149811100131	22.6044526923546
2021-03-02	12.8876295908596	10.8422939230664	7.13893112278823	18.1756547704086	4.86677261178808	31.2400343598671	28.6319884505642	22.0173519123543
2021-03-03	12.4979325459645	10.5275305878789	6.85596540116413	17.8626687126035	4.74725290109483	30.6370086537259	27.5784050601786	21.4467205385365
2021-03-04	12.118215387354	10.2162057574139	6.58850725788808	17.5488875123753	4.64641547277946	30.0337592529571	26.5558700334815	20.8943718304857
2021-03-05	11.7491644341787	9.90897316979542	6.33605415709216	17.233839299721	4.56508969413855	29.4297350921148	25.5660224650981	20.3621190477865
2021-03-06	11.3914660055893	9.60648656314781	6.09810356290848	16.9170522046378	4.50410493246866	28.824385105753	24.6105014496536	19.8517754500234
2021-03-07	11.0458064207365	9.30939967559526	5.8741529394691	16.598054357123	4.46429055506637	28.2171582284259	23.6909460817732	19.365154296781
2021-03-08	10.7127868836079	9.01834247059799	5.66370468390694	16.2766589506463	4.44623360731576	27.6076823554862	22.8086164689848	18.9036848138367
2021-03-09	10.3926681375384	8.73384981296021	5.46628092535814	15.9538194325684	4.44955184695097	26.9963012254817	21.9632567704269	18.4672600917403
2021-03-10	10.0856258107002	8.4564327928222	5.2814087259597	15.6307743137227	4.47362070979367	26.3835375377587	21.1542321581411	18.0553891872341
2021-03-11	9.79183553126509	8.18660250032416	5.10861514784856	15.3087621049426	4.51781563166551	25.7699139916636	20.3809078041685	17.6675811570608
2021-03-12	9.51147292740512	7.92487002560633	4.9474272531617	14.9890213170612	4.58151204838815	25.1559532865429	19.6426488805505	17.3033450579629
2021-03-13	9.24471362729224	7.67174645880895	4.79737210403609	14.6727904609122	4.66408539578325	24.542178121743	18.9388205593285	16.962189946683
2021-03-14	8.99173325909841	7.42774289007223	4.6579767626087	14.3613080473286	4.76491110967247	23.9291111966102	18.2687880125437	16.6436248799635
2021-03-15	8.7527074509956	7.19337040953643	4.5287682910165	14.055812587144	4.88336462587746	23.317275210491	17.6319164122376	16.3471589145471
2021-03-16	8.52781183115578	6.96914010734175	4.40927375139644	13.7575425911916	5.0188213802199	22.7071928627318	17.0275709304514	16.0723011071762
2021-03-17	8.31722202775092	6.75556307362846	4.29902020588552	13.4677365703048	5.17065680852142	22.0993868526789	16.4551167392265	15.8185605145934
2021-03-18	8.121113668953	6.55315039853677	4.1975347166207	13.1876330353169	5.33824634660368	21.4943798796789	15.9139190106042	15.5854461935413
2021-03-19	7.93966238293396	6.36241317220692	4.10434434573894	12.9184704970614	5.52096543028836	20.8926946430781	15.4033429166259	15.3724672007624
2021-03-20	7.77304379786579	6.18386248477914	4.01897615537722	12.6614874663715	5.71818949539711	20.294853842223	14.9227536293329	15.1791325929993
2021-03-21	7.62143354192044	6.01800942639366	3.9409572076725	12.4179224540805	5.92929397775157	19.7013801764598	14.4715163207665	15.0049514269945
2021-03-22	7.48486505302382	5.86517429683601	3.86990158959263	12.1887756459301	6.15352082240054	19.1128263464922	14.0488384025895	14.8490706150677
2021-03-23	7.36280300811758	5.72491423447284	3.80577148742897	11.9740939272942	6.3895780113012	18.5298650584522	13.6532962449508	14.7091884918477
2021-03-24	7.25456989389725	5.59659558731612	3.74861611230374	11.7736858584553	6.63604003563791	17.9531990198289	13.2833084576205	14.5826412475402
2021-03-25	7.15948819705845	5.47958470337781	3.69848467533918	11.5873599996956	6.89148138659494	17.3835309381116	12.9372936503689	14.4667650723512
2021-03-26	7.07688040429671	5.37324793066986	3.65542638765752	11.4149249112974	7.15447655535662	16.8215635207894	12.6136704329664	14.3588961564865
2021-03-27	7.00606900230762	5.27695161720423	3.61949046038099	11.256189153543	7.42360003310729	16.2679994753513	12.310857415183	14.256370690152
2021-03-28	6.94637647778675	5.19006211099287	3.59072610463181	11.1109612867147	7.69742631103125	15.7235415092867	12.0272732067892	14.1565248635536
2021-03-29	6.89716023814021	5.11200132639319	3.5691226861929	10.979003646822	7.97470414582367	15.1889028568925	11.7613181099079	14.0570484284344
2021-03-30	6.85791737361635	5.04241344314437	3.55443018948983	10.8598936727838	8.25487935622302	14.6648388596968	11.5113191960741	13.9570453826872
2021-03-31	6.82817989517407	4.98099820733107	3.54633875360884	10.7531625792458	8.53757202647863	14.152115386036	11.2755852291753	13.8559732857417
2021-04-01	6.80747981377224	4.9274553650379	3.54453851763619	10.6583415808543	8.82240224083984	13.6514983042458	11.0524249730991	13.7532896970278
2021-04-02	6.79534914036977	4.88148466234952	3.54871962065813	10.5749618922551	9.10899008355592	13.1637534826627	10.8401471917332	13.6484521759756
2021-04-03	6.79131988592556	4.84278584535057	3.5585722017609	10.5025547280943	9.39695563887624	12.6896467896225	10.6370606489653	13.540918282015
2021-04-04	6.79492406139849	4.81105866012567	3.57378640003075	10.4406513030178	9.68591899105009	12.2299440934614	10.4414741086829	13.4301455745758
2021-04-05	6.80569367774745	4.78600285275948	3.59405235455394	10.3887828316717	9.9755002243268	11.7854112625154	10.2516963347737	13.3155916130879
2021-04-06	6.82316074593135	4.76731816933662	3.61906020441671	10.3464805287018	10.2653194229557	11.3568141651207	10.0660360911254	13.1967139569814
2021-04-07	6.84685727690907	4.75470435594173	3.6485000887053	10.3132756087544	10.5549966711861	10.9449186696134	9.88280214162551	13.072970165686
2021-04-08	6.87631528163951	4.74786115865946	3.68206214650598	10.2886992864752	10.8441520532674	10.5504906443294	9.70030325016178	12.9438177986318
2021-04-09	6.91106677108156	4.74648832357444	3.71943651690498	10.2722827765103	11.1324056534487	10.1742959576049	9.51684818062179	12.8087144152486
2021-04-10	6.95064375619412	4.75028559677131	3.76031333898855	10.2635572935058	11.4193775559796	9.8171004777761	9.33074569689321	12.6671175749664
2021-04-11	6.99457824793607	4.7589527243347	3.80438275184295	10.2620540521075	11.7046878451092	9.47967007317894	9.14030456286367	12.518484837215
2021-04-12	7.04238287685447	4.77222922139164	3.85131443098677	10.2671936307056	11.9878800911057	9.16252773071026	8.94433289745721	12.3626755917608
2021-04-13	7.09349275184899	4.79001367923862	3.90069619766799	10.2779540626664	12.2681918083119	8.86522491150981	8.74363623974352	12.2011565497155
2021-04-14	7.14732360140746	4.81224445821453	3.95209540956694	10.2932027451003	12.5447839970895	8.58707019527802	8.53951948382872	12.0357962525269
2021-04-15	7.20329115401771	4.83885991865825	4.00507942436395	10.3118070751176	12.8168176578001	8.32737216171535	8.3332875238189	11.8684632416431
2021-04-16	7.26081113816758	4.86979842090865	4.05921559973935	10.3326344498288	13.0834537908053	8.08543939052224	8.12624525382017	11.7010260585122
2021-04-17	7.31929928234488	4.90499832530462	4.11407129337348	10.3545522663442	13.3438533964668	7.86058046139913	7.91969756793862	11.5353532445821
2021-04-18	7.37817131503746	4.94439799218503	4.16921386294664	10.3764279217743	13.5971774751462	7.65210395404649	7.71494936028039	11.3733133413009
2021-04-19	7.43687840119922	4.98789904158273	4.22424541075056	10.3971147465658	13.8425509652997	7.45929335725757	7.51309101634627	11.2164471670598
2021-04-20	7.49501345164841	5.03525613230636	4.27890701752244	10.4154098045116	14.0789545577617	7.28133179619681	7.31435488721592	11.0649846480233
2021-04-21	7.55220481366935	5.08618718285853	4.33297450861085	10.4300960927408	14.305332881461	7.11737730512145	7.11875881536369	10.9188279872991
2021-04-22	7.60808083454638	5.14041011174186	4.38622370936438	10.4399566083827	14.5206305653267	6.96658791828873	6.92632064326394	10.777879387995
2021-04-23	7.66226986156382	5.19764283745894	4.43843044513162	10.4437743485664	14.7237922382876	6.82812166995591	6.73705821339105	10.6420410532187
2021-04-24	7.714400242006	5.25760327851239	4.48937054126114	10.4403323104211	14.9137625292727	6.70113659438021	6.55098936821934	10.511215186078
2021-04-25	7.76410032315724	5.32000935340482	4.53881982310152	10.4284134910762	15.0894860672108	6.58479072581891	6.36813195022322	10.3853039896806
2021-04-26	7.81099845230188	5.38457898063882	4.58655411600134	10.4068008876606	15.249907481031	6.47824209852923	6.18850380187702	10.2642096671342
2021-04-27	7.85472297672424	5.45103007871701	4.63234924530919	10.3742774973038	15.3939713996622	6.38064874676843	6.01212276565512	10.1478344215466
2021-04-28	7.89490224370864	5.519080566142	4.67598103637364	10.3296263171348	15.5206224520332	6.29116870479374	5.83900668403186	10.0360804560256
2021-04-29	7.93116460053943	5.5884483614164	4.71722531454328	10.2716303442829	15.6288052670731	6.20896000686241	5.66917339948161	9.92884997367875
2021-04-30	7.96313839450091	5.65885138304281	4.75585790516669	10.1990725758772	15.7174644737107	6.13318068723169	5.50264075447873	9.82604517761394
2021-05-01	7.99045197287743	5.73000754952384	4.79165463359245	10.1107360090471	15.7855447008749	6.06298878015882	5.33942659149758	9.72756827093888
2021-05-02	8.01273368295331	5.8016347793621	4.82439132516914	10.0054036409216	15.8319905774947	5.99754231990105	5.17954875301251	9.6333214567613
2021-05-03	8.02962384081611	5.87349454038292	4.85385101863854	9.88178597777859	15.85590574835	5.93601720966566	5.02301098345865	9.54302118386888
2021-05-04	8.04081063776631	5.94552249770252	4.87984560631521	9.73830356248974	15.8570299216237	5.8776608284601	4.86976063511408	9.45564088376903
2021-05-05	8.04599423390766	6.01769786575983	4.90219419390694	9.57330444707538	15.8352618213501	5.82173842424186	4.71973096221763	9.36996823364909
2021-05-06	8.04487478934388	6.08999985899381	4.92071588712149	9.3851366835558	15.7905001715632	5.76751524496843	4.57285521900815	9.2847909106964
2021-05-07	8.03715246417869	6.1624076918434	4.93522979166663	9.17214832395131	15.722643696297	5.71425653859731	4.42906665972448	9.19889659209829
2021-05-08	8.02252741851582	6.23490057874754	4.94555501325012	8.93268742028219	15.6315911195855	5.66122755308597	4.28829853860544	9.11107295504212
2021-05-09	8.000699812459	6.30745773414516	4.95151065757974	8.66510202456876	15.5172411654628	5.60769353639192	4.15048410988988	9.02010767671521
2021-05-10	7.97143612366696	6.37999810085783	4.95300867961707	8.3680828368015	15.3797035852986	5.55302896273811	4.01557079293312	8.9249610340183
2021-05-11	7.93476810001845	6.45219953523749	4.95033243133889	8.04169114885193	15.2199322398048	5.49704521140939	3.88356266755641	8.8252837027056
2021-05-12	7.89079380694724	6.52367962201871	4.9438581139758	7.68633090056171	15.0390920170292	5.43966288795606	3.75447797869748	8.72089895824475
2021-05-13	7.83961130988709	6.59405594593605	4.93396192875841	7.30240603177253	14.8383478050192	5.38080259792843	3.62833497129404	8.61163007610334
2021-05-14	7.78131867427176	6.66294609172408	4.92102007691732	6.8903204823261	14.6188644918226	5.32038494687682	3.50515189028385	8.497300331749
2021-05-15	7.71601396553501	6.72996764411736	4.90540875968312	6.45047819206409	14.381806965487	5.25833054035155	3.38494698060461	8.37773300064933
2021-05-16	7.64379524911059	6.79473818785045	4.88750417828642	5.9832831008282	14.12834011406	5.19455998390291	3.26773848719407	8.25275135827195
2021-05-17	7.56476059043228	6.85687530765791	4.86768253395781	5.48913914846011	13.8596288255892	5.12899388308124	3.15354465498995	8.12217868008447
2021-05-18	7.47900805493382	6.91599658827432	4.84632002792789	4.9684502748015	13.5768379881222	5.06155284343681	3.04238372892996	7.9858382415545
2021-05-19	7.38663570804899	6.97171961443423	4.82379286142727	4.42162041969411	13.2811324897068	4.99215747051998	2.93427395395187	7.84355331814966
2021-05-20	7.28774161521155	7.02366197087221	4.80047723568654	3.84905352297961	12.9736772183904	4.92072836988103	2.82923357499338	7.69514718533756
2021-05-21	7.18242384185525	7.07144124232281	4.7767493519363	3.25115352449967	12.6556370622207	4.84718614707027	2.72728083699223	7.54044311858581
2021-05-22	7.07078045341385	7.11467501352061	4.75298541140715	2.62832436409601	12.3281769092454	4.77145140763804	2.62843398488614	7.37926439336203
2021-05-23	6.95290951532112	7.15298086920016	4.7295616153297	1.9809699816103	11.992461647512	4.69344475713462	2.53271126361285	7.21143428513383
2021-05-24	6.82905362463941	7.18604037799389	4.70698245443435	1.31029244374042	11.6497089059671	4.61310708826313	2.44011207990575	7.03694873562829
2021-05-25	6.7000335049454	7.21379104412565	4.68626557745081	0.620686324608886	11.301347277152	4.53046044233785	2.35056048768093	6.85649435161038
2021-05-26	6.56681441144439	7.23623435571716	4.6685569226086	0	10.9488580945071	4.44554714782584	2.26396170265018	6.67093040610456
2021-05-27	6.43036159934165	7.25337180089014	4.65500242813723	0	10.5937226914728	4.35840953319419	2.18022094052523	6.48111617213528
2021-05-28	6.29164032384248	7.26520486776628	4.64674803226621	0	10.2374224014894	4.26908992690994	2.09924341701787	6.28791092272697
2021-05-29	6.15161584015215	7.27173504446731	4.64493967322507	0	9.88143855799712	4.17763065744019	2.02093434783985	6.09217393090409
2021-05-30	6.01125340347595	7.27296381911494	4.65072328924331	0	9.52725249443635	4.08407405325199	1.94519894870294	5.89476446969109
2021-05-31	5.87167674714646	7.2689802526444	4.66489861487074	0	9.17620336193888	3.98853689059208	1.87196167642167	5.69649692215732
2021-06-01	5.73464351700547	7.26022369724497	4.68688056993822	0	8.82906158240255	3.89143373682584	1.80122395222158	5.49800611155177
2021-06-02	5.60206983702204	7.24722107791942	4.71573787059691	0	8.48645539541669	3.79325360709831	1.73300643843098	5.29988197116834
2021-06-03	5.47587183116527	7.23049931967054	4.75053923299797	0	8.14901304057066	3.69448551655453	1.66732979737819	5.10271443430094
2021-06-04	5.35796562340425	7.21058534750112	4.79035337329254	0	7.81736275745377	3.59561848033955	1.60421469139152	4.90709343424348
2021-06-05	5.25026733770805	7.18800608641394	4.83424900763178	0	7.49213278565537	3.49714151359841	1.54368178279929	4.71360890428985
2021-06-06	5.15469309804576	7.1632884614118	4.88129485216684	0	7.1739513647648	3.39954363147614	1.48575173392979	4.52285077773396
2021-06-07	5.07268974140439	7.13677414658464	4.93060382005351	0	6.86340961483974	3.30327842476576	1.43043395396478	4.33537345412549
2021-06-08	5.00382695684277	7.10806381237113	4.98146561246621	0	6.56095017781135	3.20865778685222	1.37769283949965	4.15158919803729
2021-06-09	4.94720514643764	7.07657287829708	5.03321412758395	0	6.26697857607912	3.1159581867684	1.32748153398325	3.97187474029797
2021-06-10	4.90192471226576	7.04171676388832	5.08518326358578	0	5.98190033204255	3.02545609354721	1.2797531808644	3.79660681173616
2021-06-11	4.86708605640388	7.00291088867068	5.13670691865075	0	5.70612096810119	2.93742797622158	1.23446092359195	3.62616214318051
2021-06-12	4.84178958092875	6.95957067216998	5.18711899095788	0	5.44004600665451	2.85215030382439	1.19155790561472	3.46091746545961
2021-06-13	4.82513568791713	6.91111153391204	5.23575337868623	0	5.18408097010202	2.76989954538855	1.15099727038156	3.30124950940211
2021-06-14	4.81622477944577	6.85694889342269	5.28194398001482	0	4.93863138084324	2.69095216994698	1.1127321613413	3.14753500583663
2021-06-15	4.81415725759143	6.79649817022776	5.3250246931227	0	4.70410276127767	2.61558464653257	1.07671572194276	3.00015068559179
2021-06-16	4.81803352443085	6.72917478385307	5.36432941618891	0	4.48090063380481	2.54407344417823	1.0429010956348	2.85947327949623
2021-06-17	4.82695398204079	6.65439415382445	5.39919204739248	0	4.26943052082417	2.47669503191688	1.01124142586623	2.72587951837855
2021-06-18	4.84001903249801	6.5715716996677	5.42894648491247	0	4.07009794473524	2.4137258787814	0.981689856085898	2.59974613306739
2021-06-19	4.85632907787926	6.48012284090868	5.4529266269279	0	3.88330842793756	2.35544245380472	0.954199529742636	2.48144985439138
2021-06-20	4.87498452026128	6.3794629970732	5.47046637161781	0	3.70946749283062	2.30212122601973	0.928723590285278	2.37136741317915
2021-06-21	4.89518432757021	6.26926818430586	5.48108211267637	0	3.54873657908448	2.25392308066424	0.905262221929719	2.26978654234199
2021-06-22	4.91652173112967	6.15025680522643	5.48502022585819	0	3.40030079545141	2.21054656779568	0.884003771960088	2.17663898312192
2021-06-23	4.93868852811265	6.02340785907344	5.48270958243303	0	3.26310116795421	2.17157465367633	0.865183628427577	2.09176747884362
2021-06-24	4.96137651569215	5.88970034508543	5.47457905367062	0	3.13607872261571	2.13659030456852	0.849037179383375	2.01501477283179
2021-06-25	4.98427749104115	5.75011326250094	5.46105751084071	0	3.01817448545871	2.10517648673456	0.835799812878671	1.94622360841112
2021-06-26	5.00708325133265	5.6056256105585	5.44257382521304	0	2.90832948250606	2.07691616643676	0.825706916964658	1.8852367289063
2021-06-27	5.02948559373965	5.45721638849666	5.41955686805735	0	2.80548473978055	2.05139230993743	0.818993879692525	1.83189687764201
2021-06-28	5.05129018660628	5.30581768862544	5.39246921927396	0	2.70873551309593	2.02828446792948	0.815878220417889	1.78599836322746
2021-06-29	5.07275818296125	5.15217397554079	5.36190829328546	0	2.61779397742969	2.00765852882815	0.816505983714071	1.74714175540985
2021-06-30	5.0942646070044	4.99698280691013	5.32850521314504	0	2.53252653755022	1.98967696547928	0.821005345458821	1.71487918922088
2021-07-01	5.11618448293559	4.8409417404009	5.29289110190585	0	2.45279959822593	1.97450225072872	0.829504481529886	1.68876279969227
2021-07-02	5.13889283495466	4.68474833368053	5.25569708262107	0	2.37847956422524	1.9622968574223	0.842131567805016	1.66834472185573
2021-07-03	5.16276468726148	4.52910014441644	5.21755427834388	0.268061342922506	2.30943284031654	1.95322325840587	0.85901478016196	1.65317709074297
2021-07-04	5.18817506405588	4.37469473027609	5.17909381212743	0.63683949629593	2.24552583126825	1.94744392652526	0.880282294478465	1.64281204138569
2021-07-05	5.21549898953771	4.22222964892689	5.14094680702492	0.98899882749623	2.18662494184876	1.94512133462632	0.906062286632279	1.63680170881562
2021-07-06	5.24511148790683	4.07240245803627	5.1037443860895	1.32408422420689	2.1325965768265	1.9464179555549	0.936482932501153	1.63469822806446
2021-07-07	5.27738758336308	3.92591071527168	5.06811767237435	1.6416405741114	2.08330714096986	1.95149626215681	0.971672407962834	1.63605373416391
2021-07-08	5.31270230010632	3.78345197830053	5.03469778893264	1.94121276489323	2.03862303904724	1.96051872727792	1.01175888889507	1.64042036214569
2021-07-09	5.3514306623364	3.64572380479026	5.00411585881753	2.22234568423589	1.99841067582707	1.97364782376406	1.05687055117561	1.64735024704152
2021-07-10	5.39394769425315	3.51342375240831	4.97700300508221	2.48458421982283	1.96253645607774	1.99104602446106	1.10713557068221	1.65639552388309
2021-07-11	5.44062842005645	3.38724937882209	4.95399035077984	2.72747325933758	1.93086678456765	2.01287580221478	1.16268212329261	1.66710832770212
2021-07-12	5.49195069209884	3.26797084097779	4.93568177805552	2.95096621196832	1.90321487350977	2.03918565485582	1.22363367060646	1.67916784363314
2021-07-13	5.54880367534379	3.15664869293649	4.92257220542203	3.15665057292232	1.8791811648952	2.06956818015388	1.29009481711101	1.69276145722195
2021-07-14	5.61217936290747	3.05441608803803	4.91512931048409	3.34652235891153	1.8583129081596	2.10350200086342	1.36216545301543	1.70820360411717
2021-07-15	5.68306974790604	2.96240617962224	4.91382077084641	3.52257758664795	1.84015735273861	2.14046573973891	1.43994546852888	1.72580871996741
2021-07-16	5.76246682345568	2.88175212102894	4.9191142641137	3.68681227284355	1.8242617480679	2.17993801953483	1.5235347538605	1.7458912404213
2021-07-17	5.85136258267257	2.81358706559796	4.93147746789068	3.84122243421031	1.81017334358312	2.22139746300564	1.61303319921947	1.76876560112744
2021-07-18	5.95074901867286	2.75904416666914	4.95137805978204	3.98780408746021	1.79743938871992	2.2643226929058	1.70854069481493	1.79474623773447
2021-07-19	6.06150463291891	2.71906358367195	4.97918255966929	4.12849314810144	1.78570476907241	2.30825822397152	1.81013849512389	1.824127865962
2021-07-20	6.18405396025771	2.69381350039439	5.01485285654102	4.26498512682691	1.77500491486855	2.35301213886594	1.91783331169473	1.85712632181366
2021-07-21	6.31870804388247	2.68326910671412	5.05824968166258	4.39891543312578	1.76547289249473	2.39845841223394	2.03161322034367	1.89393772136411
2021-07-22	6.46577792698637	2.68740559250879	5.10923376629936	4.5319194764872	1.75724176833736	2.44447101872039	2.15146629688694	1.93475818068798
2021-07-23	6.62557465276257	2.70619814765605	5.16766584171671	4.6656326664003	1.75044460878285	2.49092393297017	2.27738061714077	1.97978381585991
2021-07-24	6.79840926440427	2.73962196203355	5.23340663918001	4.80169041235423	1.74521448021758	2.53769112962815	2.40934425692138	2.02921074295454
2021-07-25	6.98459280510465	2.78765222551894	5.30631688995462	4.94172812383812	1.74168444902798	2.58464658333921	2.54734529204499	2.08323507804652
2021-07-26	7.18443631805691	2.85026412798988	5.38625732530592	5.08738121034112	1.73998758160044	2.63166426874824	2.69137179832784	2.14205293721048
2021-07-27	7.39825084645421	2.92743285932401	5.47308867649927	5.24028508135237	1.74025694432136	2.67861816050009	2.84141185158614	2.20586043652106
2021-07-28	7.62634743348973	3.01913360939897	5.56667167480004	5.402075146361	1.74262560357715	2.72538223323966	2.99745352763613	2.27485369205291
2021-07-29	7.86903712235667	3.12534156809244	5.66686705147359	5.57438681485617	1.74722662575422	2.77183046161181	3.15948490229402	2.34922881988067
2021-07-30	8.12663095624821	3.24603192528205	5.7735355377853	5.758855496327	1.75419307723896	2.81783682026143	3.32749405137604	2.42918193607897
2021-07-31	8.39943997835753	3.38117987084545	5.88653786500053	5.95711660026265	1.76365802441779	2.86327528383338	3.50146905069842	2.51490915672246
2021-08-01	8.6877752318778	3.53076059466031	6.00573476438465	6.17080553615226	1.77575453367709	2.90801982697255	3.68139797607739	2.60660659788578
2021-08-02	8.99178605248347	3.69463984944768	6.13100031677933	6.40136395745634	1.79050088181799	2.95195948942581	3.86724122866757	2.70440432019409
2021-08-03	9.31097494577388	3.87224563930233	6.26226200133138	6.64945849352102	1.80745618730042	2.9950435713481	4.05884851097731	2.80816816247466
2021-08-04	9.64468270982961	4.06289653116241	6.39946064676391	6.91556201766372	1.82606477899901	3.03723643799631	4.25604185085329	2.91769790810526
2021-08-05	9.99225014273125	4.26591109196611	6.54253708180003	7.20014740320196	1.8457709857884	3.07850245462737	4.45864327614225	3.03279334046366
2021-08-06	10.3530180425594	4.4806078886516	6.69143213516286	7.50368752345319	1.86601913654324	3.11880598649821	4.66647481469092	3.15325424292766
2021-08-07	10.7263272073947	4.70630548815706	6.84608663557552	7.8266552517349	1.88625356013815	3.15811139886574	4.87935849434601	3.27888039887504
2021-08-08	11.1115184353176	4.94232245742065	7.00644141176111	8.16952346136456	1.90591858544778	3.19638305698688	5.09711634295426	3.40947159168356
2021-08-09	11.5079006579843	5.18796926218869	7.17239420201387	8.53245822017757	1.92457843481834	3.23360914949153	5.31954152855387	3.54478599397893
2021-08-10	11.9146553413527	5.44252396344007	7.3436703829126	8.91439837408096	1.94227690448228	3.26987315850145	5.54631177994903	3.68441533537839
2021-08-11	12.3309320849562	5.70525652096183	7.51995224060722	9.31397596349974	1.95917768414365	3.3052823895114	5.7770759661354	3.82790973474713
2021-08-12	12.7558804883283	5.97543689454097	7.70092206124762	9.7298230288588	1.97544446350647	3.33994414801612	6.01148295610863	3.97481931095029
2021-08-13	13.1886501510023	6.25233504396453	7.88626213098374	10.1605716105831	1.99124093227478	3.37396573951036	6.24918161886438	4.12469418285305
2021-08-14	13.6283906725116	6.53522092901954	8.07565473596549	10.6048537490977	2.00673078015262	3.40745446948885	6.48982082339833	4.27708446932057
2021-08-15	14.0742516523898	6.82336450949303	8.26878216234278	11.0613014848274	2.02207769684401	3.44051764344635	6.73304943870614	4.43154028921802
2021-08-16	14.5253826901701	7.11603574517202	8.46532669626553	11.5285468581973	2.03744537205298	3.4732625668776	6.97851633378347	4.58761176141056
2021-08-17	14.9809333853861	7.41250459584354	8.66497062388367	12.0052219096323	2.05299749548358	3.50579654527735	7.22587037762598	4.74484900476336
2021-08-18	15.4400533375711	7.71204102129463	8.8673962313471	12.4899586795574	2.06889775683983	3.53822688414033	7.47476043922934	4.90280213814158
2021-08-19	15.9018921462586	8.01391498131233	9.07228580480575	12.9813892083975	2.08530984582577	3.57066088896131	7.72483538758923	5.0610212804104
2021-08-20	16.3655994109819	8.31739643568362	9.27932163040952	13.4781455365776	2.10239745214542	3.60320586523501	7.97574409170127	5.21905655043496
2021-08-21	16.8303247312745	8.62175534419556	9.48818599430835	13.9788597045226	2.12032426550283	3.6359691184562	8.22713542056116	5.37645806708044
2021-08-22	17.2952177066698	8.92626166663517	9.69856118265213	14.4821637526576	2.13925397560202	3.6690579541196	8.47865824316454	5.532775949212
