date	state	King	Snohomish	Pierce	Ann Arbor	Boston	San Diego	DC
2020-01-26	0	0	0	0	0	0	0	0
2020-01-27	0	0	0	0	0	0	0	0
2020-01-28	0	0	0	0	0	0	0	0
2020-01-29	0	0	0	0	0	0	0	0
2020-01-30	0	0	0	0	0	0	0	0
2020-01-31	0	0	0	0	0	0	0	0
2020-02-01	0	0	0	0	0	0	0	0
2020-02-02	0	0	0	0	0	0	0	0
2020-02-03	0	0	0	0	0	0	0	0
2020-02-04	0	0	0	0	0	0	0	0
2020-02-05	0	0	0	0	0	0	0	0
2020-02-06	0	0	0	0	0	0	0	0
2020-02-07	0	0	0	0	0	0	0	0
2020-02-08	0	0	0	0	0	0	0	0
2020-02-09	0	0	0	0	0	0	0	0
2020-02-10	0	0	0	0	0	0	0	0
2020-02-11	0	0	0	0	0	0	0	0
2020-02-12	0	1	4	0	0	0	0	0
2020-02-13	0	4	8	0	0	0	0	0
2020-02-14	1	8	13	0	0	0	0	0
2020-02-15	3	12	18	0	0	0	0	0
2020-02-16	5	16	23	0	0	0	0	0
2020-02-17	8	20	29	0	0	0	0	0
2020-02-18	11	25	35	1	0	0	0	0
2020-02-19	14	30	42	3	0	0	0	0
2020-02-20	17	35	49	5	4	0	0	0
2020-02-21	21	41	56	8	8	0	0	0
2020-02-22	24	47	64	10	14	0	0	0
2020-02-23	29	54	73	13	19	0	1	0
2020-02-24	33	61	82	16	25	17	2	0
2020-02-25	38	69	92	19	32	38	4	0
2020-02-26	43	77	102	23	39	61	5	0
2020-02-27	48	85	113	27	47	86	7	2
2020-02-28	54	94	124	31	56	114	9	10
2020-02-29	60	103	135	35	65	145	11	19
2020-03-01	66	112	148	40	75	178	13	28
2020-03-02	72	122	160	45	86	215	15	39
2020-03-03	79	133	173	50	97	254	18	51
2020-03-04	86	143	186	56	109	296	20	65
2020-03-05	94	154	200	61	121	341	23	79
2020-03-06	101	166	214	67	135	390	26	95
2020-03-07	109	177	228	74	149	442	29	112
2020-03-08	117	189	243	80	164	498	33	130
2020-03-09	125	201	257	87	179	557	37	149
2020-03-10	134	213	271	94	196	619	40	170
2020-03-11	142	225	286	102	213	685	44	193
2020-03-12	151	237	300	109	230	754	49	217
2020-03-13	160	249	314	117	248	826	53	242
2020-03-14	169	261	328	125	266	900	58	268
2020-03-15	177	273	341	133	284	977	62	295
2020-03-16	186	284	354	140	302	1056	67	324
2020-03-17	194	295	367	148	321	1138	72	354
2020-03-18	203	306	379	156	339	1221	77	385
2020-03-19	211	317	390	164	357	1306	82	417
2020-03-20	219	327	400	172	375	1393	87	450
2020-03-21	226	337	410	179	392	1481	92	484
2020-03-22	233	346	418	186	409	1570	97	519
2020-03-23	240	354	426	193	425	1660	102	555
2020-03-24	247	362	433	200	441	1751	108	592
2020-03-25	253	369	438	207	456	1842	113	629
2020-03-26	258	376	443	213	470	1932	118	667
2020-03-27	263	382	446	218	482	2022	123	706
2020-03-28	268	387	449	224	494	2111	128	744
2020-03-29	272	392	450	228	504	2198	133	783
2020-03-30	275	396	450	232	513	2282	138	822
2020-03-31	278	399	449	235	520	2365	142	860
2020-04-01	281	402	447	238	526	2444	147	898
2020-04-02	282	404	444	240	530	2519	151	936
2020-04-03	284	405	441	241	533	2591	155	973
2020-04-04	285	406	436	242	535	2658	159	1009
2020-04-05	285	406	431	242	536	2720	163	1045
2020-04-06	285	405	425	242	535	2777	167	1079
2020-04-07	285	404	419	241	533	2828	171	1113
2020-04-08	284	402	412	240	531	2873	175	1146
2020-04-09	283	399	404	238	527	2912	178	1178
2020-04-10	281	396	396	236	522	2946	182	1208
2020-04-11	279	392	388	234	516	2974	185	1238
2020-04-12	277	388	380	231	509	2996	189	1266
2020-04-13	275	383	371	228	502	3012	192	1293
2020-04-14	272	378	362	225	494	3021	195	1319
2020-04-15	270	373	353	222	485	3025	199	1343
2020-04-16	267	367	343	218	476	3022	202	1367
2020-04-17	264	362	334	215	466	3013	205	1388
2020-04-18	261	355	325	211	456	2997	208	1409
2020-04-19	258	349	315	207	446	2975	211	1427
2020-04-20	255	342	306	203	435	2946	213	1444
2020-04-21	252	336	297	200	423	2911	216	1460
2020-04-22	249	329	288	196	412	2870	219	1474
2020-04-23	246	322	279	192	401	2824	221	1486
2020-04-24	243	315	270	189	389	2774	223	1496
2020-04-25	240	308	261	185	378	2719	226	1505
2020-04-26	237	301	252	181	366	2660	228	1512
2020-04-27	234	294	244	178	354	2598	230	1517
2020-04-28	231	286	236	174	343	2533	232	1520
2020-04-29	229	279	227	171	332	2465	234	1522
2020-04-30	226	272	220	167	321	2395	236	1521
2020-05-01	224	265	212	164	310	2324	237	1519
2020-05-02	222	258	204	161	299	2250	239	1514
2020-05-03	220	251	197	157	288	2176	240	1508
2020-05-04	218	244	190	154	278	2101	242	1500
2020-05-05	216	237	183	151	268	2026	243	1489
2020-05-06	215	231	176	149	259	1951	244	1478
2020-05-07	214	224	170	146	249	1875	245	1464
2020-05-08	213	218	163	143	240	1799	246	1449
2020-05-09	212	212	158	141	231	1724	247	1432
2020-05-10	212	206	152	138	223	1650	248	1414
2020-05-11	212	201	147	136	214	1576	250	1395
2020-05-12	212	196	142	134	206	1504	251	1374
2020-05-13	212	191	137	133	199	1432	252	1352
2020-05-14	213	186	133	131	191	1362	254	1329
2020-05-15	214	182	129	130	184	1294	255	1305
2020-05-16	216	178	125	128	178	1228	257	1280
2020-05-17	218	175	122	128	171	1164	259	1254
2020-05-18	220	172	119	127	165	1102	262	1227
2020-05-19	223	169	117	126	160	1042	264	1200
2020-05-20	226	167	115	126	154	984	267	1172
2020-05-21	229	166	113	126	149	929	270	1144
2020-05-22	233	164	111	126	145	876	274	1115
2020-05-23	237	164	110	127	140	826	278	1086
2020-05-24	241	163	110	127	136	778	283	1057
2020-05-25	246	163	109	128	133	732	288	1027
2020-05-26	251	164	109	129	130	688	293	997
2020-05-27	256	164	110	130	127	647	299	968
2020-05-28	261	166	111	131	124	607	306	938
2020-05-29	267	168	112	133	122	570	314	909
2020-05-30	272	170	114	135	121	536	322	880
2020-05-31	279	172	116	137	120	503	331	851
2020-06-01	285	175	118	139	119	472	341	823
2020-06-02	292	179	121	142	119	444	351	796
2020-06-03	299	183	124	146	120	417	362	769
2020-06-04	306	187	128	150	120	393	374	742
2020-06-05	313	192	132	154	122	370	387	717
2020-06-06	321	197	136	158	124	349	400	692
2020-06-07	329	202	141	164	126	330	414	668
2020-06-08	338	208	146	169	129	313	429	645
2020-06-09	346	214	152	175	133	297	444	623
2020-06-10	355	221	158	182	137	283	460	602
2020-06-11	364	228	164	189	142	271	477	582
2020-06-12	374	236	170	196	147	260	494	564
2020-06-13	384	244	177	204	152	250	512	546
2020-06-14	394	252	184	213	158	242	530	530
2020-06-15	404	260	192	222	165	234	549	515
2020-06-16	414	269	199	231	172	229	569	502
2020-06-17	425	278	207	242	179	224	589	489
2020-06-18	436	288	215	252	187	220	609	479
2020-06-19	447	297	224	263	196	218	630	469
2020-06-20	459	307	232	275	204	217	650	461
2020-06-21	470	317	241	287	213	216	671	454
2020-06-22	482	327	250	299	223	216	691	448
2020-06-23	494	337	259	311	232	218	711	444
2020-06-24	506	346	267	324	242	219	731	441
2020-06-25	518	356	276	338	252	222	751	439
2020-06-26	529	366	285	351	262	226	769	439
2020-06-27	541	376	294	365	272	229	788	439
2020-06-28	553	385	303	379	282	234	805	441
2020-06-29	564	394	312	393	292	239	822	443
2020-06-30	576	403	320	407	301	245	838	447
2020-07-01	587	412	329	421	311	250	853	451
2020-07-02	598	421	337	436	320	257	867	456
2020-07-03	608	429	345	450	329	264	880	462
2020-07-04	619	437	353	464	337	271	892	469
2020-07-05	628	445	361	478	345	278	903	476
2020-07-06	638	452	368	492	353	286	913	484
2020-07-07	647	460	375	505	360	294	922	492
2020-07-08	655	466	382	518	367	302	930	500
2020-07-09	663	473	388	531	373	311	936	509
2020-07-10	670	479	394	543	378	319	942	517
2020-07-11	676	484	400	554	382	328	946	526
2020-07-12	682	489	405	566	386	337	949	535
2020-07-13	687	494	409	576	389	346	951	544
2020-07-14	692	498	414	586	391	355	951	553
2020-07-15	695	502	417	595	392	364	951	561
2020-07-16	698	505	420	603	393	373	949	569
2020-07-17	700	508	423	610	393	383	947	577
2020-07-18	701	510	425	617	393	392	943	585
2020-07-19	702	512	426	622	392	401	939	592
2020-07-20	702	513	428	626	390	411	934	599
2020-07-21	701	514	428	630	389	421	929	605
2020-07-22	700	514	428	632	387	430	922	611
2020-07-23	698	514	428	634	384	440	916	616
2020-07-24	695	514	427	634	382	449	908	621
2020-07-25	691	513	425	634	379	459	901	625
2020-07-26	688	512	423	632	376	468	892	628
2020-07-27	683	511	421	629	373	477	884	631
2020-07-28	678	510	418	626	370	486	875	633
2020-07-29	672	508	415	622	367	495	866	635
2020-07-30	666	506	412	616	364	503	856	636
2020-07-31	660	503	408	611	360	512	846	637
2020-08-01	653	501	404	604	357	520	836	637
2020-08-02	646	498	399	597	354	527	826	636
2020-08-03	638	494	395	589	350	535	816	635
2020-08-04	630	491	390	580	347	542	806	634
2020-08-05	622	487	385	571	344	548	796	632
2020-08-06	614	483	379	562	341	555	785	630
2020-08-07	605	479	374	552	338	560	775	627
2020-08-08	596	475	368	542	335	566	765	623
2020-08-09	587	470	362	531	332	571	755	619
2020-08-10	578	465	357	520	329	576	746	615
2020-08-11	569	460	351	509	326	580	736	610
2020-08-12	560	455	345	498	324	584	727	605
2020-08-13	551	449	339	487	322	587	718	600
2020-08-14	542	444	333	476	320	590	710	594
2020-08-15	533	438	327	465	318	592	702	588
2020-08-16	524	431	321	453	317	594	694	582
2020-08-17	515	425	315	442	316	596	686	576
2020-08-18	507	418	309	432	316	597	679	570
2020-08-19	498	412	303	421	316	598	672	563
2020-08-20	490	405	297	410	317	598	665	557
2020-08-21	482	398	291	400	318	599	659	550
2020-08-22	474	391	285	391	320	599	653	543
2020-08-23	466	384	280	381	322	599	647	537
2020-08-24	459	377	274	372	325	599	641	530
2020-08-25	452	370	269	364	328	599	636	524
2020-08-26	446	363	264	356	331	599	631	518
2020-08-27	439	356	259	348	335	599	626	512
2020-08-28	433	350	254	341	340	599	622	506
2020-08-29	428	343	249	335	345	599	617	500
2020-08-30	423	337	245	329	351	600	613	494
2020-08-31	418	331	241	323	357	600	609	489
2020-09-01	413	326	238	318	364	600	605	483
2020-09-02	409	320	235	314	372	601	601	478
2020-09-03	406	315	232	310	380	602	597	474
2020-09-04	403	311	229	307	389	603	593	469
2020-09-05	400	306	227	304	398	605	589	465
2020-09-06	398	302	226	302	408	607	586	462
2020-09-07	396	299	225	301	419	609	582	459
2020-09-08	395	296	224	300	430	612	578	456
2020-09-09	394	294	224	300	442	615	574	453
2020-09-10	394	292	225	300	455	618	570	451
2020-09-11	394	291	226	301	468	622	566	449
2020-09-12	394	290	228	303	483	627	562	447
2020-09-13	396	290	230	305	498	632	558	446
2020-09-14	397	290	233	308	514	637	555	444
2020-09-15	399	291	236	312	531	643	551	443
2020-09-16	401	293	240	316	548	649	547	442
2020-09-17	404	295	244	320	567	656	544	442
2020-09-18	407	298	250	326	586	664	540	441
2020-09-19	411	302	255	331	606	672	536	441
2020-09-20	415	306	262	338	627	681	533	442
2020-09-21	419	310	269	344	648	691	529	443
2020-09-22	424	315	277	352	670	702	526	444
2020-09-23	429	321	285	359	693	713	523	446
2020-09-24	435	328	294	368	716	725	520	448
2020-09-25	441	335	304	377	741	738	517	451
2020-09-26	448	343	314	386	766	752	514	454
2020-09-27	455	352	326	396	792	767	512	458
2020-09-28	463	361	337	407	819	783	510	462
2020-09-29	471	371	350	418	847	800	508	467
2020-09-30	480	382	363	430	876	818	507	472
2020-10-01	490	394	377	442	906	837	506	478
2020-10-02	500	406	392	455	937	858	506	484
2020-10-03	511	420	407	469	969	879	506	491
2020-10-04	523	434	423	484	1002	902	507	498
2020-10-05	536	449	440	499	1036	925	508	506
2020-10-06	550	465	458	515	1071	951	510	515
2020-10-07	564	481	476	531	1107	977	513	524
2020-10-08	580	499	495	548	1144	1005	517	534
2020-10-09	596	518	515	567	1182	1034	522	545
2020-10-10	613	538	536	586	1220	1064	527	556
2020-10-11	632	559	557	605	1260	1096	534	568
2020-10-12	652	581	579	626	1300	1130	542	581
2020-10-13	672	605	602	648	1340	1164	551	595
2020-10-14	695	629	626	670	1381	1200	562	609
2020-10-15	718	655	650	694	1423	1237	574	625
2020-10-16	743	682	676	718	1466	1275	587	641
2020-10-17	769	711	702	744	1509	1315	602	659
2020-10-18	796	740	729	771	1553	1355	619	678
2020-10-19	826	772	758	799	1598	1396	638	698
2020-10-20	856	804	787	829	1644	1439	658	719
2020-10-21	888	838	818	859	1690	1482	681	741
2020-10-22	922	872	849	891	1737	1526	705	764
2020-10-23	957	908	881	924	1784	1571	732	789
2020-10-24	992	945	914	958	1831	1617	760	814
2020-10-25	1030	982	948	992	1879	1664	792	841
2020-10-26	1068	1021	982	1028	1928	1712	825	869
2020-10-27	1107	1059	1017	1064	1976	1761	862	898
2020-10-28	1147	1099	1053	1102	2025	1810	901	927
2020-10-29	1188	1139	1089	1140	2073	1861	942	958
2020-10-30	1230	1179	1125	1179	2122	1912	987	990
2020-10-31	1273	1219	1162	1219	2171	1965	1034	1023
2020-11-01	1316	1260	1199	1259	2219	2018	1085	1057
2020-11-02	1360	1300	1236	1300	2267	2072	1139	1092
2020-11-03	1405	1341	1273	1341	2315	2127	1196	1127
2020-11-04	1450	1381	1311	1383	2362	2183	1256	1164
2020-11-05	1495	1421	1348	1424	2409	2240	1319	1201
2020-11-06	1540	1460	1386	1466	2454	2297	1385	1239
2020-11-07	1585	1499	1423	1508	2497	2356	1455	1278
2020-11-08	1629	1537	1460	1549	2539	2415	1528	1316
2020-11-09	1673	1574	1496	1590	2579	2475	1604	1356
2020-11-10	1717	1611	1532	1631	2617	2536	1683	1395
2020-11-11	1759	1646	1567	1670	2652	2598	1765	1435
2020-11-12	1801	1680	1602	1709	2685	2661	1850	1475
2020-11-13	1842	1712	1636	1747	2715	2725	1938	1515
2020-11-14	1882	1743	1669	1785	2742	2792	2028	1555
2020-11-15	1920	1772	1702	1821	2766	2860	2122	1594
2020-11-16	1958	1800	1733	1856	2787	2930	2217	1634
2020-11-17	1993	1825	1764	1889	2804	3001	2315	1673
2020-11-18	2027	1849	1794	1922	2818	3075	2416	1711
2020-11-19	2060	1871	1822	1953	2829	3149	2518	1750
2020-11-20	2091	1892	1850	1983	2837	3225	2623	1788
2020-11-21	2120	1910	1876	2011	2842	3302	2730	1825
2020-11-22	2148	1927	1901	2038	2844	3380	2838	1861
2020-11-23	2174	1942	1925	2063	2843	3458	2948	1897
2020-11-24	2198	1955	1947	2086	2839	3536	3060	1932
2020-11-25	2220	1966	1968	2108	2832	3615	3173	1966
2020-11-26	2241	1975	1988	2129	2823	3694	3288	2000
2020-11-27	2259	1983	2006	2147	2811	3772	3404	2032
2020-11-28	2276	1989	2023	2164	2797	3851	3521	2063
2020-11-29	2291	1993	2038	2179	2780	3928	3638	2094
2020-11-30	2303	1995	2051	2191	2761	4005	3757	2123
2020-12-01	2314	1996	2062	2202	2739	4081	3877	2151
2020-12-02	2322	1994	2072	2211	2716	4155	3996	2177
2020-12-03	2329	1991	2080	2218	2690	4228	4116	2203
2020-12-04	2333	1986	2086	2223	2663	4298	4235	2227
2020-12-05	2335	1979	2089	2225	2635	4367	4354	2250
2020-12-06	2334	1970	2091	2226	2604	4432	4472	2272
2020-12-07	2332	1959	2090	2224	2573	4495	4588	2292
2020-12-08	2327	1946	2088	2220	2540	4555	4703	2311
2020-12-09	2321	1932	2083	2215	2507	4612	4816	2329
2020-12-10	2314	1918	2078	2209	2473	4666	4927	2346
2020-12-11	2305	1902	2070	2202	2438	4717	5034	2363
2020-12-12	2296	1886	2062	2194	2404	4766	5139	2378
2020-12-13	2286	1870	2053	2185	2369	4812	5241	2393
2020-12-14	2277	1854	2044	2177	2336	4855	5338	2407
2020-12-15	2267	1839	2034	2169	2302	4896	5432	2421
2020-12-16	2257	1823	2024	2162	2269	4934	5522	2434
2020-12-17	2247	1808	2013	2154	2237	4969	5606	2447
2020-12-18	2237	1793	2002	2147	2206	5001	5686	2459
2020-12-19	2227	1779	1990	2140	2175	5031	5761	2471
2020-12-20	2217	1765	1978	2134	2146	5058	5830	2482
2020-12-21	2207	1752	1966	2128	2117	5081	5894	2492
2020-12-22	2198	1740	1953	2122	2090	5103	5951	2501
2020-12-23	2188	1728	1940	2117	2064	5121	6002	2510
2020-12-24	2180	1717	1927	2113	2039	5136	6047	2518
2020-12-25	2171	1706	1913	2109	2016	5148	6085	2526
2020-12-26	2163	1697	1899	2106	1994	5158	6115	2532
2020-12-27	2155	1688	1885	2104	1974	5164	6138	2538
2020-12-28	2148	1680	1871	2102	1955	5167	6154	2543
2020-12-29	2140	1673	1856	2101	1938	5167	6161	2547
2020-12-30	2133	1666	1841	2100	1922	5163	6161	2550
2020-12-31	2125	1658	1825	2098	1907	5155	6152	2551
2021-01-01	2116	1650	1808	2097	1893	5143	6135	2551
2021-01-02	2105	1642	1789	2094	1880	5126	6110	2550
2021-01-03	2093	1631	1769	2090	1866	5104	6076	2547
2021-01-04	2080	1620	1747	2084	1853	5077	6034	2541
2021-01-05	2064	1606	1724	2076	1841	5044	5984	2534
2021-01-06	2046	1591	1699	2067	1828	5007	5925	2525
2021-01-07	2027	1575	1673	2057	1816	4965	5859	2514
2021-01-08	2006	1557	1646	2045	1804	4917	5785	2501
2021-01-09	1983	1538	1618	2032	1792	4866	5704	2485
2021-01-10	1959	1518	1589	2017	1780	4809	5616	2468
2021-01-11	1934	1496	1559	2001	1769	4749	5521	2449
2021-01-12	1907	1474	1528	1984	1758	4684	5420	2428
2021-01-13	1879	1450	1497	1966	1747	4615	5314	2404
2021-01-14	1850	1425	1466	1946	1737	4543	5203	2380
2021-01-15	1820	1400	1434	1926	1726	4467	5087	2353
2021-01-16	1789	1374	1402	1904	1715	4389	4967	2325
2021-01-17	1757	1347	1369	1882	1704	4308	4843	2296
2021-01-18	1725	1319	1337	1858	1692	4225	4717	2265
2021-01-19	1691	1291	1305	1834	1681	4139	4588	2233
2021-01-20	1658	1263	1272	1808	1669	4052	4457	2200
2021-01-21	1623	1234	1240	1782	1656	3964	4324	2166
2021-01-22	1588	1205	1209	1756	1642	3874	4191	2131
2021-01-23	1553	1175	1177	1728	1628	3783	4058	2096
2021-01-24	1518	1146	1147	1700	1613	3692	3924	2059
2021-01-25	1482	1116	1116	1671	1597	3601	3791	2023
2021-01-26	1447	1087	1087	1642	1581	3510	3659	1986
2021-01-27	1411	1058	1058	1613	1563	3419	3528	1948
2021-01-28	1376	1029	1029	1583	1545	3329	3399	1911
2021-01-29	1341	1000	1001	1554	1526	3239	3271	1874
2021-01-30	1306	972	974	1524	1506	3151	3145	1836
2021-01-31	1272	945	948	1495	1485	3064	3022	1800
2021-02-01	1239	918	923	1466	1463	2979	2901	1763
2021-02-02	1206	892	898	1438	1441	2896	2783	1727
2021-02-03	1173	866	874	1409	1419	2815	2668	1692
2021-02-04	1142	842	850	1382	1396	2737	2555	1658
2021-02-05	1111	818	827	1355	1373	2661	2446	1625
2021-02-06	1081	795	805	1328	1350	2587	2340	1594
2021-02-07	1052	773	784	1303	1327	2517	2238	1563
2021-02-08	1024	751	764	1278	1305	2450	2139	1535
2021-02-09	998	731	744	1254	1282	2385	2043	1508
2021-02-10	972	711	725	1230	1261	2324	1952	1482
2021-02-11	947	693	706	1208	1240	2266	1863	1458
2021-02-12	923	675	689	1186	1220	2211	1778	1435
2021-02-13	900	659	672	1165	1200	2160	1697	1414
2021-02-14	878	643	656	1146	1183	2111	1619	1395
2021-02-15	858	629	640	1127	1166	2065	1545	1376
2021-02-16	838	616	626	1109	1151	2023	1474	1360
2021-02-17	820	604	612	1093	1138	1983	1406	1344
2021-02-18	803	593	598	1077	1126	1947	1342	1330
2021-02-19	787	583	586	1063	1116	1914	1281	1318
2021-02-20	772	575	574	1050	1109	1884	1224	1306
2021-02-21	759	567	564	1039	1104	1857	1169	1296
2021-02-22	746	561	553	1028	1101	1833	1118	1288
2021-02-23	735	557	544	1020	1101	1812	1071	1280
2021-02-24	725	553	536	1012	1103	1795	1026	1274
2021-02-25	717	551	528	1006	1108	1779	984	1269
2021-02-26	709	551	522	1001	1116	1767	945	1264
2021-02-27	703	551	516	997	1128	1757	908	1260
2021-02-28	698	553	512	995	1142	1750	874	1257
2021-03-01	694	556	508	994	1159	1745	842	1255
2021-03-02	692	560	506	995	1180	1742	812	1253
2021-03-03	690	565	505	996	1204	1741	784	1251
2021-03-04	690	572	505	999	1231	1743	759	1250
2021-03-05	691	579	506	1004	1262	1746	735	1249
2021-03-06	693	588	509	1010	1296	1751	713	1248
2021-03-07	696	598	513	1017	1334	1759	692	1247
2021-03-08	700	609	518	1025	1375	1768	673	1246
2021-03-09	705	621	524	1034	1420	1778	655	1245
2021-03-10	712	634	532	1045	1467	1790	639	1243
2021-03-11	719	647	541	1057	1517	1804	624	1242
2021-03-12	727	662	550	1070	1570	1818	610	1240
2021-03-13	736	677	561	1084	1624	1833	597	1239
2021-03-14	746	693	573	1098	1680	1848	585	1237
2021-03-15	756	709	586	1114	1738	1864	575	1235
2021-03-16	768	726	599	1130	1797	1879	565	1233
2021-03-17	780	743	613	1147	1857	1895	556	1230
2021-03-18	792	760	629	1165	1917	1910	547	1228
2021-03-19	805	778	644	1184	1978	1925	540	1225
2021-03-20	819	796	661	1203	2038	1939	533	1222
2021-03-21	833	814	678	1222	2098	1952	526	1219
2021-03-22	848	832	696	1242	2158	1964	520	1215
2021-03-23	863	851	714	1262	2216	1974	515	1211
2021-03-24	878	869	733	1283	2273	1983	510	1207
2021-03-25	893	887	752	1303	2329	1990	505	1203
2021-03-26	909	905	771	1324	2381	1995	500	1197
2021-03-27	925	922	790	1345	2432	1998	496	1192
2021-03-28	941	940	809	1367	2479	1999	491	1186
2021-03-29	956	957	828	1388	2522	1997	487	1179
2021-03-30	972	973	847	1409	2562	1992	483	1172
2021-03-31	988	989	865	1429	2597	1985	479	1164
2021-04-01	1003	1005	883	1450	2627	1975	475	1155
2021-04-02	1019	1020	901	1471	2652	1963	471	1146
2021-04-03	1034	1034	918	1491	2672	1949	466	1136
2021-04-04	1048	1048	935	1511	2686	1931	462	1126
2021-04-05	1062	1061	951	1532	2694	1911	457	1114
2021-04-06	1076	1074	966	1551	2695	1889	452	1102
2021-04-07	1089	1086	981	1571	2691	1865	446	1089
2021-04-08	1102	1097	994	1589	2681	1838	441	1076
2021-04-09	1114	1107	1007	1608	2665	1809	435	1062
2021-04-10	1126	1116	1019	1625	2644	1779	429	1047
2021-04-11	1136	1124	1031	1642	2618	1747	423	1032
2021-04-12	1146	1132	1041	1659	2588	1713	417	1016
2021-04-13	1156	1138	1050	1674	2552	1678	411	1000
2021-04-14	1164	1143	1059	1689	2513	1642	404	983
2021-04-15	1172	1148	1066	1702	2469	1605	398	966
2021-04-16	1178	1151	1072	1715	2421	1567	391	948
2021-04-17	1184	1153	1077	1726	2369	1528	385	930
2021-04-18	1189	1154	1081	1736	2314	1488	379	911
2021-04-19	1193	1153	1084	1745	2255	1448	372	892
2021-04-20	1195	1151	1086	1752	2194	1408	366	873
2021-04-21	1197	1148	1087	1759	2130	1367	360	854
2021-04-22	1198	1144	1086	1763	2064	1326	354	834
2021-04-23	1198	1138	1084	1767	1996	1285	348	814
2021-04-24	1196	1132	1081	1769	1927	1245	343	794
2021-04-25	1194	1124	1077	1770	1858	1204	337	774
2021-04-26	1191	1114	1072	1769	1789	1163	332	755
2021-04-27	1186	1104	1066	1766	1719	1123	328	735
2021-04-28	1181	1092	1059	1763	1650	1084	323	715
2021-04-29	1175	1079	1051	1757	1581	1044	319	695
2021-04-30	1167	1065	1041	1750	1513	1006	314	676
2021-05-01	1159	1050	1031	1742	1446	968	310	656
2021-05-02	1150	1034	1019	1731	1380	930	305	637
2021-05-03	1140	1016	1007	1719	1315	893	301	617
2021-05-04	1129	998	994	1705	1251	858	296	598
2021-05-05	1118	979	979	1689	1189	822	291	579
2021-05-06	1105	959	965	1672	1128	788	286	560
2021-05-07	1092	938	949	1653	1068	754	281	542
2021-05-08	1078	916	933	1633	1010	721	276	523
2021-05-09	1064	895	916	1612	953	689	271	505
2021-05-10	1049	872	898	1589	898	658	266	487
2021-05-11	1034	850	881	1565	845	628	261	470
2021-05-12	1018	827	862	1540	793	598	256	452
2021-05-13	1002	804	844	1514	743	569	251	435
2021-05-14	986	781	825	1488	694	542	245	419
2021-05-15	969	758	807	1460	648	515	240	403
2021-05-16	952	735	788	1431	603	488	235	387
2021-05-17	935	712	769	1402	560	463	230	372
2021-05-18	918	689	750	1372	520	439	225	357
2021-05-19	900	667	731	1341	481	415	220	342
2021-05-20	883	645	713	1310	443	392	215	328
2021-05-21	865	623	694	1277	407	370	210	315
2021-05-22	847	602	675	1243	373	349	205	301
2021-05-23	828	580	656	1208	341	328	200	289
2021-05-24	809	559	637	1172	310	308	196	276
2021-05-25	790	538	619	1135	280	289	192	264
2021-05-26	770	518	600	1096	252	270	187	252
2021-05-27	750	498	581	1057	225	253	183	241
2021-05-28	731	478	562	1017	200	235	179	229
2021-05-29	710	458	544	977	175	218	175	218
2021-05-30	690	439	526	936	152	202	172	207
2021-05-31	670	420	507	895	130	186	168	197
2021-06-01	650	401	489	853	108	170	165	186
2021-06-02	629	383	471	811	88	155	161	176
2021-06-03	609	365	454	769	68	141	158	166
2021-06-04	589	347	436	727	49	126	154	155
2021-06-05	568	329	418	684	31	112	151	145
2021-06-06	548	311	401	642	13	98	148	135
2021-06-07	527	294	383	599	0	85	145	125
2021-06-08	507	276	366	556	0	71	142	116
2021-06-09	487	259	349	513	0	58	139	106
2021-06-10	466	242	332	470	0	45	136	96
2021-06-11	446	225	315	427	0	32	133	86
2021-06-12	425	208	297	384	0	19	130	76
2021-06-13	405	191	280	341	0	5	127	67
