date	state	King	Snohomish	Pierce	Ann Arbor	Boston	San Diego	DC
2020-01-26	0	0	0	0	0	0	0	0
2020-01-27	0	0	0	0	0	0	0	0
2020-01-28	0	0	0	0	0	0	0	0
2020-01-29	0	0	0	0	0	0	0	0
2020-01-30	0	0	0	0	0	0	0	0
2020-01-31	0	0	0	0	0	0	0	0
2020-02-01	0	0	0	0	0	0	0	0
2020-02-02	0	0	0	0	0	0	0	0
2020-02-03	0	0	0	0	0	0	0	0
2020-02-04	0	0	0	0	0	0	0	0
2020-02-05	0	0	0	0	0	0	0	0
2020-02-06	0	0	0	0	0	0	0	0
2020-02-07	0	0	0	0	0	0	0	0
2020-02-08	0	0	0	0	0	0	0	0
2020-02-09	0	0	0	0	0	0	0	0
2020-02-10	0	0.0715179032914588	0	0	0	0	0	0
2020-02-11	0	0.316543736675875	0	0	0	0	0	0
2020-02-12	0	0.577416522624283	0	0	0	0	0	0
2020-02-13	0.0617971535465377	0.855030968854186	0	0	0	0	0	0
2020-02-14	0.185161135101093	1.15028178308309	0.0550640466224452	0	0	0	0	0
2020-02-15	0.318300113382164	1.4640636730285	0.215386145434275	0	0	0	0	0
2020-02-16	0.461808932488226	1.79727134640793	0.389383867080023	0	0	0	0	0
2020-02-17	0.616282436517757	2.15079951093886	0.577895984698053	0	0	0	0	0
2020-02-18	0.782315469569233	2.52554287433882	0.781761271426724	0	0	0	0	0
2020-02-19	0.960502875741133	2.9223961443253	1.0018185004044	0	0	0	0	0
2020-02-20	1.15143949913193	3.34225402861582	1.23890644476944	0	0	0	0	0
2020-02-21	1.35572018384011	3.78601123492786	1.4938638776602	0	0	0	0	0
2020-02-22	1.57393977396414	4.25456247097895	1.76752957221505	0	0	0	0	0
2020-02-23	1.8066931136025	4.74880244448658	2.06074230157235	0.046665623301084	0	0	0	0
2020-02-24	2.05452236093277	5.26942332519855	2.37428431338359	0.12186573086727	0	0	0	0
2020-02-25	2.31775893044895	5.8163071309838	2.70871175335273	0.204962830906638	0	0	0	0
2020-02-26	2.59668155072415	6.38913334174158	3.06452424169691	0.296524539307309	0	0	0	0
2020-02-27	2.89156895033147	6.98758143737112	3.44222139863322	0.397118471957406	0	0	0	0
2020-02-28	3.20269985784401	7.61133089777167	3.84230284437876	0.507312244745049	0	0	0	0
2020-02-29	3.53035300183488	8.26006120284246	4.26526819915066	0.627673473558363	0	0	0	0
2020-03-01	3.87480711087718	8.93345183248273	4.71161708316601	0.758769774285466	0.201007719828359	0	0.039268457812983	0
2020-03-02	4.2361197908326	9.63086016208021	5.18151221465738	0.901055423753534	0.454543739056741	0	0.0975589089994901	0
2020-03-03	4.61346415671715	10.3503551489766	5.67376870391914	1.05453134254594	0.735531270165988	0	0.162210194189797	0
2020-03-04	5.00579220083541	11.0896836460021	6.1868647592611	1.21908511218509	1.04486836452551	0	0.233432601455026	0
2020-03-05	5.412055915492	11.8465925059868	6.7192785889931	1.39460431419343	1.38345307350473	0	0.311436418866301	0.128455251950447
2020-03-06	5.83120729299151	12.618828581761	7.26948840142497	1.58097653009336	1.75218344847304	0.2198554902442	0.396431934494745	0.648017947954978
2020-03-07	6.26219832563852	13.4041387261549	7.83597240486651	1.77808934140732	2.15195754079987	1.31836709622406	0.488629436411479	1.22431874775246
2020-03-08	6.70398100573763	14.2002697919986	8.41720880762756	1.98583032965771	2.58367340185462	2.5375722100701	0.588239212687629	1.86011913910822
2020-03-09	7.15550732559344	15.0049686321223	9.01167581801794	2.20408707636697	3.04822908300672	3.88352916318963	0.695471551394316	2.55818060978757
2020-03-10	7.61572927751054	15.8159820993562	9.61785164434747	2.43274716305752	3.54652263562556	5.36229628698992	0.810536740602661	3.32126464755583
2020-03-11	8.08359885379353	16.6310570465305	10.234214494926	2.67169817125177	4.07945211108056	6.97993191287831	0.933645068383791	4.15213274017834
2020-03-12	8.558068046747	17.4479403264753	10.8592425780633	2.92082768247215	4.64791556074114	8.74249437226207	1.06500682280883	5.05354637542039
2020-03-13	9.03808884867555	18.264378792021	11.4914141020692	3.18002327824107	5.25281103597671	10.6560419965485	1.20483229194889	6.02826704104731
2020-03-14	9.52261325188377	19.0781192959975	12.1292072752536	3.44917254008097	5.89503658815668	12.7266331171449	1.35333176387511	7.07905622482444
2020-03-15	10.0105932486763	19.8869086912352	12.7711003059263	3.72816304951427	6.57549026865045	14.9603260654586	1.5107155266586	8.20867541451707
2020-03-16	10.5007163591267	20.6881996915694	13.4151211769023	4.01669120705865	7.29465791712477	17.3623226923955	1.67710388385675	9.41938075804358
2020-03-17	10.9906122143852	21.4782684548565	14.0574969690182	4.31368868921297	8.05137652643566	19.9343989268562	1.85225720097202	10.7114070439346
2020-03-18	11.4776459733709	22.2530969999577	14.6940045376156	4.61789599147134	8.84407087773648	22.6774742172398	2.03584585899314	12.0844837208736
2020-03-19	11.959182795003	23.0086673457347	15.3204207380362	4.92805360932787	9.67116575218057	25.5924680119456	2.22754023890883	13.5383402375444
2020-03-20	12.4325878382008	23.7409615110488	15.9325224256217	5.24290203827668	10.5310859309213	28.6802997593727	2.42701072170781	15.0727060426304
2020-03-21	12.8952262618833	24.4459615147615	16.5260864557139	5.5611817738119	11.422256195112	31.9418889079202	2.6339276883788	16.6873105848155
2020-03-22	13.3444632249698	25.1196493757344	17.0968896836544	5.88163331142763	12.343101325906	35.3781549059875	2.84796151991053	18.3818833127831
2020-03-23	13.7776314636807	25.7580984847169	17.6407432674598	6.20290799647879	13.2918582295354	38.9888712181495	3.06871438047021	20.1557219454139
2020-03-24	14.1919340234418	26.3577477200104	18.1535955758458	6.52330057376351	14.2660123125472	42.7692273736853	3.29551556693903	22.0063972823768
2020-03-25	14.5845415269801	26.9151273318045	18.6314292802027	6.84101663794071	15.262861106567	46.7132669180499	3.52762615937665	23.9310483935376
2020-03-26	14.9526245970226	27.4267675702888	19.0702270519212	7.1542617836693	16.2797021432206	50.8150333966982	3.76430723784275	25.9268143487622
2020-03-27	15.2933538562963	27.8891986856528	19.4659715623917	7.46124160560821	17.3138329541337	55.0685703550851	4.004819882397	27.9908342179164
2020-03-28	15.6038999275282	28.2989509280859	19.8146454830047	7.76016169841636	18.3625510709319	59.4679213386657	4.24842517309908	30.1202470708663
2020-03-29	15.8814334334453	28.6525545477777	20.1122314851506	8.04922765675266	19.423154025241	64.0071298928947	4.49438419000865	32.3121919774775
2020-03-30	16.1237828944912	28.9474213196052	20.3557402962745	8.32684887785519	20.4926892972072	68.6774126184112	4.74195997563894	34.5629867730965
2020-03-31	16.331408421976	29.1844891171947	20.5462948680393	8.59224996927855	21.5672041610594	73.4586783365903	4.99042342231735	36.8656643549919
2020-04-01	16.5054280249262	29.3655773388601	20.6860462081625	8.84485934115649	22.642495839547	78.3280089239908	5.23904738482486	39.2124363859127
2020-04-02	16.6469597123685	29.4925053829152	20.7771453243617	9.08410540362277	23.7143615554195	83.262486257172	5.48710471794242	41.5955145286081
2020-04-03	16.7571214933295	29.5670926476739	20.8217432243543	9.30941656681114	24.7785985314263	88.2391922126928	5.73386827645099	44.0071104458271
2020-04-04	16.8370313768357	29.59115853145	20.8219909158578	9.52022124085534	25.8310039903167	93.2352086671122	5.97861091513153	46.4394358003187
2020-04-05	16.8878073719139	29.5665224325573	20.7800394065897	9.71594783588914	26.8673751548404	98.2276174969892	6.220605488765	48.8847022548322
2020-04-06	16.9105674875905	29.4950037493097	20.6980397042675	9.89602476204629	27.8835092477466	103.193500578883	6.45912485213237	51.3351214721166
2020-04-07	16.9064297328923	29.3784218800209	20.5781428166087	10.0598804294605	28.8752034917849	108.109939789353	6.69344186001459	53.7829051149209
2020-04-08	16.8765121168458	29.2185962230049	20.4224997513308	10.2069432482656	29.8382551097046	112.954017004957	6.92282936719263	56.2202648459942
2020-04-09	16.8219326484776	29.0173461765754	20.2332615161513	10.3366416285953	30.7684613242552	117.702814102255	7.14656022844745	58.6394123280857
2020-04-10	16.7438093368144	28.7764911390463	20.0125791187876	10.4484039805834	31.6616193581862	122.333412957806	7.36390729856	61.0325592239444
2020-04-11	16.6432601908828	28.4978505087314	19.7626035669573	10.5416587143636	32.5135264342469	126.822895448169	7.57414343231124	63.3919171963194
2020-04-12	16.5214032197093	28.1832436839445	19.4854858683778	10.6158342400696	33.3199797751869	131.148343449903	7.77654148448215	65.7096979079598
2020-04-13	16.3794392812915	27.8345973444505	19.183659498504	10.670589810554	34.0764076453119	135.285141936022	7.97047599778415	67.9772926972185
2020-04-14	16.2189006295105	27.4542672958182	18.8606878037398	10.7065080495447	34.776762475154	139.201888265362	8.15572826665056	70.182811604864
2020-04-15	16.0414023672183	27.0447166250675	18.5204165982265	10.7244024234884	35.4146277368013	142.865482893213	8.33218127344517	72.3135443472684
2020-04-16	15.8485595972669	26.6084084192181	18.1666916961052	10.7250863988316	35.9835869023423	146.242826274865	8.49971800053178	74.356780640804
2020-04-17	15.6419874225083	26.1478057652899	17.8033589115173	10.7093734420211	36.4772234438652	149.300818865609	8.65822143027418	76.2998102018431
2020-04-18	15.4233009457944	25.6653717503028	17.434264058604	10.6780770195035	36.8891208334583	152.006361120736	8.80757454503617	78.1299227467578
2020-04-19	15.1941152699773	25.1635694612765	17.0632529515066	10.6320105977255	37.2128625432101	154.326353495536	8.94766032718153	79.8344079919205
2020-04-20	14.9559069745137	24.6447513827142	16.6936862172179	10.5719992703675	37.4436299684277	156.235147124745	9.07840452071948	81.402594468828
2020-04-21	14.7095985452788	24.1108275890522	16.3269837341372	10.4989146400457	37.582996197294	157.736895860882	9.19990391624092	82.8319659694752
2020-04-22	14.4559739447526	23.5635975522101	15.9640801935157	10.4136399366099	37.6341322412109	158.843204235908	9.31229806598217	84.1220451009815
2020-04-23	14.195817135415	23.0048607441075	15.6059102866042	10.31705838991	37.6002091115803	159.565676781789	9.41572652217953	85.2723544704666
2020-04-24	13.929912079746	22.4364166366639	15.2534087046538	10.210053229796	37.4843978198039	159.915918030487	9.51032883706933	86.2824166850499
2020-04-25	13.6590427402254	21.860064701799	14.9075101389154	10.0935076861177	37.2898693772836	159.905532513966	9.59624456288789	87.1517543518509
2020-04-26	13.3839930793333	21.2776044114324	14.56914928064	9.96830498872503	37.0197947954213	159.546124764189	9.67361325187151	87.8798900779891
2020-04-27	13.1055470595496	20.6908352374836	14.2392608210787	9.8353283674679	36.6773450856187	158.849299313119	9.74257445625652	88.4663464705841
2020-04-28	12.8244886433543	20.1015566518722	13.9187794514823	9.69546105219621	36.2656912592778	157.82666069272	9.80326772827923	88.9106461367553
2020-04-29	12.5416017932272	19.5115681265179	13.6086398631019	9.54958627275987	35.7880043278003	156.489813434956	9.85583262017597	89.2123116836222
2020-04-30	12.2576704716483	18.9226691333402	13.3097767471886	9.39858725900877	35.2474553025882	154.850362071789	9.90040868418304	89.3708657183044
2020-05-01	11.9734786410976	18.3366591442587	13.0231247949931	9.24334724079282	34.6472151950432	152.919911135183	9.93713547253676	89.3858308479214
2020-05-02	11.689810264055	17.755337631193	12.7496186977667	9.08474944796192	33.9904550165671	150.710065157102	9.96615253747346	89.2567296795926
2020-05-03	11.4074493030004	17.1805040660627	12.4901931467601	8.92367711036597	33.2803457785619	148.232428669509	9.98759943122945	88.9830848204376
2020-05-04	11.1271095899369	16.6137781609965	12.2453851112195	8.76082179073459	32.5205214934326	145.501637888702	10.0015319560104	88.5656074735951
2020-05-05	10.8492244349592	16.056060588959	12.0141406723704	8.59610838331622	31.7164681775972	142.544455768323	10.0076709138993	88.0097632262808
2020-05-06	10.5741570176854	15.508072263124	11.7950081894334	8.42927011523902	30.8741348484768	139.390676946349	10.0056533569485	87.3222062617296
2020-05-07	10.3022705177333	14.9705340966653	11.5865360216291	8.26004021363117	29.9994705234927	136.070096060755	9.9951163372105	86.5095907631765
2020-05-08	10.033928114721	14.4441670027566	11.3872725281782	8.08815190562081	29.0984242200661	132.612507749518	9.97569690673755	85.5785709138563
2020-05-09	9.76949298826618	13.9296918945717	11.1957660683012	7.9133384183361	28.1769449556183	129.047706650615	9.94703211758206	84.535800897004
2020-05-10	9.50932831798691	13.4278296852844	11.0105650012187	7.73533297890522	27.2409817475704	125.405487402021	9.9087590217964	83.3879348958546
2020-05-11	9.25384738365212	12.9392040729846	10.8302270139351	7.55414512849733	26.2958664498015	121.713542009973	9.86069930799932	82.1418842824553
2020-05-12	9.00366386563484	12.4640498954267	10.6533471045894	7.37088966444562	25.344462262022	117.99115195374	9.80341321107511	80.805589184103
2020-05-13	8.75944154445914	12.0025047752813	10.4785295991042	7.18695769812432	24.3890152204001	114.255496080851	9.73764560247443	79.3872469169071
2020-05-14	8.52184420064909	11.5547063352192	10.3043788234024	7.00374034090763	23.4317713611042	110.523753238834	9.66414135364796	77.895054796977
2020-05-15	8.29153561472875	11.120792197911	10.1294991034065	6.82262870416977	22.4749767203024	106.813102275219	9.58364533604637	76.337210140422
2020-05-16	8.0691795672222	10.7008999860272	9.95249476503932	6.64501389928495	21.5208773341631	103.140722037534	9.49690242112032	74.7219102633513
2020-05-17	7.85543983865351	10.2951673222385	9.77197013422358	6.47228703762738	20.5717192388545	99.5237913733078	9.40465748032049	73.0573524818744
2020-05-18	7.65087319774814	9.90367702727604	9.58689707860906	6.3056245519627	19.6297455699075	95.9768695508187	9.30767085309376	71.3514198977459
2020-05-19	7.45560836603712	9.52629271411234	9.39771763275372	6.14534416062221	18.6971878603035	92.504037521342	9.20676475087189	69.6107387553017
2020-05-20	7.26966705325286	9.16282319378052	9.20524137294263	5.99154890332866	17.7762747423868	89.1067566569027	9.10277685308287	67.8416210845229
2020-05-21	7.09307096912779	8.81307727731363	9.01027787546084	5.84434181980478	16.8692348485014	85.7864883295257	8.99654483915469	66.0503789153909
2020-05-22	6.92584182339433	8.47686377574474	8.81363671659339	5.7038259497733	15.9782968109916	82.5446939112359	8.88890638851531	64.2433242778869
2020-05-23	6.76800132578491	8.15399150010691	8.61612747262534	5.57010433295697	15.1056892622013	79.382834774058	8.78069918059273	62.426769201992
2020-05-24	6.61957118603195	7.84426926143321	8.41855971984173	5.44328000907852	14.2536408344748	76.3023722900171	8.67276089481492	60.6070257176875
2020-05-25	6.48057311386786	7.54750587075669	8.22174303452763	5.32345601786068	13.4243801601562	73.304767831138	8.56592921060987	58.7904058549546
2020-05-26	6.35102881902507	7.26351013911041	8.02648699296807	5.2107353990262	12.6201358715896	70.3914827694454	8.46104180740556	56.9832216437745
2020-05-27	6.230960011236	6.99209087752744	7.83360117144811	5.1052211922978	11.8431366011191	67.5639784769645	8.35893636462997	55.1917851141285
2020-05-28	6.12038840023308	6.73305689704085	7.6438951462528	5.00701643739823	11.0956109810889	64.8237163257199	8.26045056171108	53.4224082959977
2020-05-29	6.01933569574872	6.48621700868368	7.45817849366719	4.91622417405021	10.3797876438431	62.1721576877366	8.16642207807687	51.6814032193634
2020-05-30	5.92782360751534	6.25138002348901	7.27726078997633	4.83294744197649	9.69789522172594	59.6107639350395	8.07768859315533	49.9750819142068
2020-05-31	5.84587384526538	6.0283547524899	7.10195161146527	4.7572892808998	9.05216234708141	57.1409964396535	7.99508778637443	48.3097564105091
2020-06-01	5.77346405198025	5.81694412880651	6.93303740290952	4.68935813554807	8.44435474147434	54.7638711435173	7.91939368054366	46.6904328744671
2020-06-02	5.7103956036374	5.61692757390738	6.77121208304638	4.62928407066998	7.87438648335204	52.4786222682264	7.8511256719984	45.1168940171397
2020-06-03	5.6564258094633	5.42807863134817	6.61714643910364	4.57720255601939	7.34170874038247	50.2840386052899	7.79073950045558	43.5876166858013
2020-06-04	5.61131197868438	5.25017084468452	6.47151125830904	4.53324906135018	6.84577268023359	48.1789089462169	7.73869090563208	42.1010777277265
2020-06-05	5.57481142052712	5.08297775747208	6.33497732789038	4.49755905641622	6.38602947057336	46.1620220825169	7.69543562724481	40.6557539901897
2020-06-06	5.54668144421796	4.92627291326651	6.2082154350754	4.47026801097138	5.96193027906974	44.2321668056989	7.66142940501067	39.2501223204654
2020-06-07	5.52667935898336	4.77982985562344	6.09189636709189	4.45151139476953	5.57292627339067	42.3881319072722	7.63712797864654	37.8826595658281
2020-06-08	5.51458374876089	4.64344851371586	5.98643781885582	4.4413232885541	5.21830130828302	40.628366147255	7.6229071583148	36.5520364121035
2020-06-09	5.5102582963326	4.51703435918606	5.891245116036	4.43933221702684	4.89666998680922	38.9499581597016	7.61882303595967	35.2576988993232
2020-06-10	5.51358795919168	4.40051924929368	5.80547049198944	4.44506531587903	4.60647959911058	37.3496565471748	7.62485177397083	33.9992869060699
2020-06-11	5.52445769483128	4.29383504129834	5.72826618007316	4.45804972080197	4.34617743532845	35.824209912238	7.64096953473797	32.7764403109265
2020-06-12	5.54275246074458	4.19691359245967	5.65878441364419	4.47781256748698	4.11421078560412	34.370366857454	7.66715248065077	31.5887989924757
2020-06-13	5.56835721442476	4.1096867600373	5.59617742605954	4.50388099162533	3.90902694007893	32.9848759853862	7.70337677409891	30.4360028293004
2020-06-14	5.60115691336499	4.03208640129086	5.53959745067622	4.53578212890834	3.72907318889421	31.6644858985975	7.74961857747207	29.3176916999834
2020-06-15	5.64103651505843	3.96404437347997	5.48819672085126	4.57304311502731	3.57279682219128	30.405945199651	7.80585405315996	28.2335054831074
2020-06-16	5.68788097699827	3.90549253386427	5.44112746994167	4.61519108567352	3.43864513011146	29.2060024911099	7.87205936355224	27.1830840572554
2020-06-17	5.74157525667767	3.85636273970339	5.39754193130447	4.66175317653829	3.32506540279608	28.0614063755373	7.9482106710386	26.16606730101
2020-06-18	5.80200431158981	3.81658684825694	5.35659233829668	4.7122565233129	3.23050493038645	26.9689054554962	8.03428413800873	25.1820950929541
2020-06-19	5.86905309922785	3.78609671678457	5.31743092427531	4.76622826168867	3.15341100302391	25.9252483335497	8.13025592685231	24.2308073116706
2020-06-20	5.94260657708498	3.7648242025459	5.2792099225974	4.82319552735688	3.09223091084979	24.9271836122611	8.23610219995902	23.3118438357421
2020-06-21	6.02254970265436	3.75270116280055	5.24108156661994	4.88268545600884	3.04541194400539	23.9714598941933	8.35179911971856	22.4248445437516
2020-06-22	6.10872054438987	3.74959814949708	5.20238118791036	4.94423758268091	3.01143993543537	23.0557274401186	8.47717233342713	21.5694855385854
2020-06-23	6.20076961458819	3.75514049333973	5.16317651087764	5.00744103978967	2.98895488929768	22.1812431436464	8.61144542800713	20.7455878203436
2020-06-24	6.2983005365067	3.76889221972166	5.12371835814117	5.07189735909677	2.97663535255357	21.3501655565949	8.75369147528746	19.9530086134302
2020-06-25	6.40091693340278	3.79041735403602	5.08425755232034	5.13720807236386	2.9731598721643	20.5646532307826	8.90298354709703	19.1916051422488
2020-06-26	6.50822242853383	3.81927992167597	5.04504491603452	5.20297471135259	2.97720699509114	19.8268647180279	9.05839471526476	18.4612346312033
2020-06-27	6.61982064515722	3.85504394803468	5.00633127190311	5.2687988078246	2.98745526829536	19.1389585701492	9.21899805161958	17.7617543046974
2020-06-28	6.73531520653034	3.8972734585053	4.96836744254548	5.33428189354153	3.00258323873821	18.503093338965	9.38386662799037	17.093021387135
2020-06-29	6.85432868788197	3.94555237049552	4.93140536954757	5.39931556601307	3.02137558480148	17.9205863083726	9.55196544449131	16.4546462883642
2020-06-30	6.97655947232655	3.99954416947113	4.89570147036151	5.46495168574097	3.04304151054904	17.3893896905854	9.72182721437743	15.845252160011
2020-07-01	7.10172489494991	4.05893223291245	4.86151328140597	5.53253217897503	3.06689635146528	16.9066144298961	9.89187657918901	15.2632153391459
2020-07-02	7.22954229083789	4.12339993829979	4.82909833909961	5.60339897196504	3.09225544303459	16.469371470597	10.0605381804664	14.7069121628393
2020-07-03	7.35972899507633	4.19263066311346	4.79871417986113	5.67889399096077	3.11843412074135	16.0747717569806	10.2262366597497	14.1747189681615
2020-07-04	7.49200234275105	4.26630778483379	4.77061834010917	5.76035916221203	3.14474772006995	15.7199262333393	10.3873966585794	13.665012092183
2020-07-05	7.6260796689479	4.34411468094108	4.74506835626243	5.84913641196859	3.17051157650479	15.4019458439657	10.5424428184957	13.1761678719742
2020-07-06	7.7616402322214	4.42574248539395	4.72228863058265	5.94629204034886	3.19513577609943	15.1180841745383	10.6899809541931	12.7068189955384
2020-07-07	7.89821098500077	4.51091335806416	4.70237102870397	6.05178984294558	3.21840940718412	14.8661653762802	10.829341572983	12.2566235546101
2020-07-08	8.03528080318395	4.59935721530174	4.68537428210357	6.1653179892201	3.24021630865828	14.6441562418008	10.9600363553309	11.8254959918566
2020-07-09	8.17233856266884	4.69080397345674	4.67135712225866	6.28656464863379	3.26044031942135	14.4500235637094	11.0815769817024	11.4133507499453
2020-07-10	8.30887313935338	4.78498354887922	4.66037828064645	6.415217990648	3.27896527837275	14.2817341346152	11.1934751325632	11.0201022715436
2020-07-11	8.44437340913547	4.88162585791922	4.65249648874413	6.55096618472407	3.29567502441191	14.1372547471275	11.2952424883787	10.6456649993187
2020-07-12	8.57832824791304	4.98046081692678	4.64777047802892	6.69349740032336	3.31045339643826	14.0145521938556	11.3863907296147	10.2899533759382
2020-07-13	8.71022653158401	5.08121834225195	4.646258979978	6.84249980690723	3.32318423335122	13.9115932674089	11.4664315367366	9.95288184406934
2020-07-14	8.83955713604629	5.18362835024478	4.6480207260686	6.99766157393702	3.33375137405022	13.8263447603965	11.53487659021	9.63436484637945
2020-07-15	8.9658089371978	5.28742075725532	4.6531144477779	7.15867087087409	3.34203865743469	13.7567734654277	11.5912375705006	9.33431682553592
2020-07-16	9.08847081093647	5.39232547963361	4.66159887658311	7.3252158671798	3.34792992240406	13.7008461751119	11.635026158074	9.05265222420609
2020-07-17	9.20703163316021	5.49807243372969	4.67353274396144	7.4969847323155	3.35130900785775	13.6565296820584	11.6657540333956	8.78928548505734
2020-07-18	9.32098027976694	5.60439153589363	4.68897478139009	7.67366563574254	3.35205975269518	13.6217907788764	11.6829328769311	8.54413105075702
2020-07-19	9.42980562665458	5.71101270247545	4.70798372034625	7.85494674692227	3.3500659958158	13.5945962581752	11.6860743691461	8.31710336397248
2020-07-20	9.53290358624279	5.81747757506636	4.7304410827109	8.04025714841861	3.34515976655052	13.5730886490366	11.6750278926695	8.10805317166219
2020-07-21	9.62929821703822	5.92257469622214	4.75551955198006	8.22798957520567	3.33696585595629	13.5561134264325	11.650993638784	7.91657643794896
2020-07-22	9.71792061406922	6.0249043337397	4.78221460205348	8.41627767536011	3.32505724552158	13.5426918018074	11.6155095009355	7.74220543124672
2020-07-23	9.79770187236418	6.123066755416	4.80952170683095	8.60325509695862	3.30900691673482	13.5318449866056	11.57011337257	7.58447241996939
2020-07-24	9.86757308695149	6.21566222904795	4.83643634021225	8.78705548807787	3.28838785108448	13.5225941922717	11.5163431471336	7.44290967253089
2020-07-25	9.92646535285952	6.30129102243248	4.86195397609715	8.96581249679452	3.26277303005899	13.51396063025	11.4557367180722	7.31704945734515
2020-07-26	9.97330976511664	6.37855340336652	4.88507008838542	9.13765977118525	3.23173543514683	13.5049655119849	11.3898319788318	7.20642404282608
2020-07-27	10.00727139557	6.44628401696252	4.90488278317574	9.30098725433325	3.19496094600958	13.4947865934818	11.3199659156209	7.11045069733374
2020-07-28	10.0284512233419	6.50425501759502	4.92090069536239	9.45521006934788	3.15258703500151	13.4832278089892	11.2466718856984	7.02808668901263
2020-07-29	10.0371842043733	6.55247293695405	4.93273509203857	9.59999963434499	3.10486407265001	13.4702496373169	11.1702823390856	6.9581742859534
2020-07-30	10.0338052946054	6.59094430672969	4.93999724029746	9.73502736744046	3.05204242948248	13.4558125572743	11.0911297258038	6.89955575624669
2020-07-31	10.0186494499791	6.61967565861199	4.94229840723224	9.85996468675014	2.99437247602632	13.439877047671	11.0095464958744	6.85107336798314
2020-08-01	9.99205162643555	6.63867352429098	4.9392498599361	9.97448301038992	2.93210458280894	13.4224035873165	10.9258650993187	6.8115693892534
2020-08-02	9.95434677991572	6.64794443545674	4.93046286550223	10.0782537564757	2.86548912035773	13.4033526550204	10.840417986158	6.7798860881481
2020-08-03	9.90586986636069	6.64749492379931	4.91554869102381	10.1709483431232	2.79477645920011	13.3826847295923	10.7535376064137	6.75486573275788
2020-08-04	9.8469558417115	6.63733152100875	4.89411860359403	10.2522381884485	2.72021696986346	13.3603602898417	10.6655564101072	6.73535059117339
2020-08-05	9.77793966190919	6.61746075877511	4.86578387030607	10.3217947105673	2.64206102287519	13.3363398145781	10.5768068472598	6.72018293148526
2020-08-06	9.69915628289482	6.58788916878844	4.83015575825312	10.3792893275955	2.56055898876271	13.3105837826111	10.4876213678928	6.70820502178414
2020-08-07	9.61094066060942	6.5486232827388	4.78684553452838	10.424393457649	2.47596123805342	13.2830526727503	10.3983324220275	6.69825913016067
2020-08-08	9.51362775099405	6.49966963231624	4.73546446622501	10.4567785188437	2.38851814127471	13.2537069638052	10.3092724596854	6.68918752470549
2020-08-09	9.40755250998976	6.44103474921081	4.67562382043621	10.4761159292955	2.29848006895399	13.2225071345854	10.2207739308877	6.67983247350923
2020-08-10	9.29317437360382	6.3728860383069	4.60714452158648	10.4822748539367	2.20610111289906	13.1891751893853	10.1330776544382	6.66922239479762
2020-08-11	9.17145069810851	6.29603439726622	4.53068612342551	10.4759154449663	2.11165025003934	13.1524792344394	10.0460579242699	6.65713030733662
2020-08-12	9.04346331984234	6.21145159694483	4.44711783703433	10.4578956013999	2.01540017858466	13.1109489014668	9.95949740309825	6.64351538002731
2020-08-13	8.91029407514383	6.12010940819875	4.35730887349394	10.4290732222528	1.91762359674484	13.0631138221868	9.87317875363871	6.62833678177072
2020-08-14	8.77302480035148	6.02297960188405	4.26212844388537	10.3903062065405	1.81859320272968	13.0075036283188	9.7868846386067	6.61155368146791
2020-08-15	8.63273733180381	5.92103394885676	4.16244575928962	10.3424524532787	1.71858169474903	12.942647951582	9.70039772071763	6.59312524801993
2020-08-16	8.49051350583933	5.81524421997292	4.05913003078771	10.2863698614827	1.61786177101269	12.8670764236956	9.61350066268696	6.57301065032784
2020-08-17	8.34735098226902	5.70652012837991	3.9530927754275	10.2228648230799	1.5168099461294	12.7797324530026	9.52613850622933	6.55129212635685
2020-08-18	8.20391071479372	5.59552315639033	3.84541473412417	10.152537701645	1.41621800030352	12.6812145543404	9.43890580905633	6.52854419032879
2020-08-19	8.06076948058672	5.48285272860812	3.73721895375977	10.0759373536645	1.31698153013832	12.5725350191698	9.35255950787874	6.5054644255297
2020-08-20	7.91850405682133	5.36910826963721	3.62962848121634	9.99361263562495	1.21999613223708	12.4547061389518	9.26785653940738	6.48275041524555
2020-08-21	7.77769122067086	5.25488920408151	3.5237663633759	9.90611240401292	1.12615740320305	12.3287402051475	9.18555384035303	6.46109974276237
2020-08-22	7.63890774930861	5.14079495654498	3.42075564712051	9.81398551531493	1.03636093963953	12.1956495092178	9.1064083474265	6.44120999136616
2020-08-23	7.50273041990787	5.02742495163154	3.32171937933219	9.7177808260175	0.95150233814976	12.0564463426236	9.03117699733859	6.42377874434292
2020-08-24	7.36968661315969	4.91533765195159	3.22761032129685	9.61799906559025	0.872315368660686	11.9121591707155	8.96037550883753	6.40933870188157
2020-08-25	7.24010612382607	4.80492767214149	3.13870009191583	9.51494845543503	0.798886494393832	11.7638811544017	8.89355472882132	6.39776303178266
2020-08-26	7.11426935018676	4.69654866484405	3.05509002449432	9.40888908993675	0.731140351894383	11.6127216284801	8.83002428622536	6.38876001874962
2020-08-27	6.99245669052148	4.5905542827021	2.97688145233754	9.30008106348033	0.669001577707527	11.4597899277485	8.76909380998509	6.38203794748592
2020-08-28	6.87494854310998	4.48729817835845	2.9041757087507	9.1887844704507	0.612394808378446	11.3061953870048	8.7100729290359	6.37730510269501
2020-08-29	6.76202530623199	4.38713400445595	2.83707412703899	9.07525940523277	0.561244680452329	11.1530473410468	8.65227127231325	6.37426976908034
2020-08-30	6.65396737816727	4.29041541363739	2.77567804050761	8.95976596221145	0.515475830474357	11.0014551246724	8.59499846875253	6.37264023134535
2020-08-31	6.55105515719554	4.19749605854562	2.72008878246179	8.84256423577168	0.475012894989719	10.8525280726793	8.53756414728917	6.3721247741935
2020-09-01	6.45356904159654	4.10872959182345	2.67040768620671	8.72391432029837	0.439780510543598	10.7073755198654	8.4792779368586	6.37243168232823
2020-09-02	6.36178942965002	4.0244696661137	2.62673608504759	8.60407631017642	0.409703313681179	10.5671068010285	8.41944946639622	6.37326924045301
2020-09-03	6.27599671963571	3.94506993405921	2.58917531228962	8.48331029979078	0.384705940947649	10.4328312509665	8.35738836483747	6.37434573327128
2020-09-04	6.19647130983336	3.87088404830278	2.55782670123802	8.36187638352634	0.364713028888191	10.3056582044772	8.29240426111775	6.37536944548649
2020-09-05	6.1234935985227	3.80226566148725	2.53279158519799	8.24003465576804	0.349649214047992	10.1866969963585	8.2238067841725	6.37604866180209
2020-09-06	6.05734398398346	3.73956842625544	2.51417129747473	8.11804521090078	0.339439132972237	10.0770569614081	8.15090556293713	6.37609166692153
2020-09-07	5.99819334890815	3.68307916805327	2.50201450198199	7.99615009166409	0.333845398237284	9.97747705744248	8.07317396327363	6.37530804112821
2020-09-08	5.94577451364029	3.63281740353903	2.49615918506771	7.87451913421582	0.33198252654419	9.88721473435233	7.99074029875019	6.37391254702525
2020-09-09	5.89971078293613	3.58873582217414	2.49639066368838	7.75330412306843	0.332803010625183	9.80515706504687	7.90389661986157	6.37222124279573
2020-09-10	5.85962546155195	3.55078711341998	2.50249425480049	7.63265684273437	0.335259343212494	9.73019112243538	7.81293497710254	6.37055018662273
2020-09-11	5.82514185424402	3.51892396673797	2.51425527536052	7.51272907772609	0.338304017038353	9.66120397942709	7.71814742096785	6.3692154366893
2020-09-12	5.7958832657686	3.49309907158949	2.53145904232496	7.39367261255606	0.340889524834989	9.59708270893125	7.61982600195227	6.36853305117853
2020-09-13	5.77147300088198	3.47326511743595	2.55389087265028	7.27563923173672	0.341968359334631	9.53671438385712	7.51826277055056	6.36881908827349
2020-09-14	5.75158725127308	3.45932008754374	2.58139252471774	7.15887774395945	0.340736295922542	9.47927974095994	7.41384370009247	6.37028616261142
2020-09-15	5.73611375636152	3.45094314039917	2.61403152260755	7.04402505463129	0.337362240596112	9.42513417237899	7.30733045524769	6.37273311464628
2020-09-16	5.72499314249959	3.44775872829355	2.65193183182467	6.93181509333819	0.332258382005763	9.37492673409951	7.19957862352092	6.3758553412862
2020-09-17	5.71816603603956	3.44939130351819	2.69521741787409	6.82298178966612	0.325836908801919	9.32930648210678	7.09144379241683	6.37934823943929
2020-09-18	5.71557306333373	3.45546531836439	2.74401224626078	6.71825907320102	0.318510009635002	9.28892247238607	6.9837815494401	6.3829072060137
2020-09-19	5.71715485073436	3.46560522512348	2.79844028248969	6.61838087352887	0.310689873155434	9.25442376092263	6.87744748209544	6.38622763791753
2020-09-20	5.72285202459375	3.47943547608674	2.85862549206581	6.52408112023561	0.302788688013638	9.22645940370174	6.77329717788752	6.38900493205894
2020-09-21	5.73260521126418	3.49658052354549	2.92469184049411	6.4360937429072	0.295218642860037	9.20567845670865	6.67218622432103	6.39093448534604
2020-09-22	5.74635503709793	3.51666481979103	2.99676329327955	6.3551526711296	0.288391926345054	9.19272997592864	6.57497020890064	6.39171169468695
2020-09-23	5.76404212844728	3.53931281711468	3.07496381592711	6.28199183448877	0.28272072711911	9.18826301734696	6.48250471913106	6.39103195698981
2020-09-24	5.78560711166452	3.56414896780774	3.15941737394176	6.21734516257067	0.278617233832629	9.19292663694888	6.39564534251696	6.38859066916275
2020-09-25	5.81099061310193	3.59079772416151	3.25024793282847	6.16194658496125	0.276493635136034	9.20736989071967	6.31524766656302	6.38408322811388
2020-09-26	5.84013325911179	3.61888353846731	3.34757945809221	6.11653003124648	0.276762119679746	9.2322418346446	6.24216727877394	6.37720503075135
2020-09-27	5.87297567604639	3.64803086301643	3.45153591523795	6.0818294310123	0.279834876114189	9.26819152470892	6.1772597666544	6.36765147398327
2020-09-28	5.90950243203709	3.67788011257471	3.56223947647548	6.05843273541643	0.286194435402774	9.31582865888409	6.12091425002832	6.35516670494498
2020-09-29	5.94987386233157	3.70813555180603	3.67980514083387	6.04634398190357	0.296604697760869	9.37560550308629	6.07165397799662	6.33968987168064
2020-09-30	5.99429424395659	3.7385174078488	3.80434611404699	6.0454212294902	0.311899905716833	9.44793496521793	6.02753573197946	6.32120887246162
2020-10-01	6.04296785393893	3.76874590784142	3.93597560184874	6.05552253719276	0.332914301799022	9.53322995318138	5.98661629339699	6.29971160555927
2020-10-02	6.09609896930533	3.79854127892228	4.074806809973	6.07650596402773	0.360482128535793	9.63190337487903	5.94695244366935	6.27518596924496
2020-10-03	6.15389186708257	3.82762374822981	4.22095294415366	6.10822956901156	0.395437628455505	9.74436813821325	5.90660096421672	6.24761986179006
2020-10-04	6.21655082429741	3.85571354290239	4.37452721012458	6.15055141116072	0.438615044086513	9.87103715108644	5.86361863645924	6.21700118146594
2020-10-05	6.28424157061601	3.88265369897669	4.53558219306476	6.20334866547082	0.490785479006602	10.0120237155543	5.81645210244324	6.1835622978818
2020-10-06	6.35697564626218	3.90877848808245	4.70392799593352	6.26657497085406	0.552467480991249	10.1662427102859	5.76510744671978	6.14851346599829
2020-10-07	6.43472604409912	3.93454499074764	4.8793141011353	6.34020308220179	0.624116458865361	10.3323094081035	5.70998061446605	6.11330941211392
2020-10-08	6.51746575699003	3.96041028750026	5.06148999107454	6.42420575440538	0.706187821453846	10.5088390818296	5.65146755085927	6.07940486252717
2020-10-09	6.60516777779812	3.9868314588683	5.25020514815563	6.51855574235618	0.799136977581603	10.6944470042865	5.58996420107667	6.04825454353653
2020-10-10	6.69780509938659	4.01426558537973	5.44520905478304	6.62322580094555	0.903419336073545	10.8877484482966	5.52586651029546	6.02131318144052
2020-10-11	6.79535071461865	4.04316974756255	5.64625119336117	6.73818868506484	1.01949030575457	11.0873586866822	5.45957042369286	6.00003550253761
2020-10-12	6.89776113780827	4.07397477146417	5.85312308033222	6.86332382827604	1.14778258791504	11.2920914372139	5.39160973106041	5.98575134603026
2020-10-13	7.00492696907254	4.10700646520968	6.0657843682894	6.9981373788237	1.28863805370709	11.5015541974556	5.32306960064696	5.97929100273666
2020-10-14	7.11672232997932	4.14256438244361	6.28423674386368	7.14204216362301	1.44237586674834	11.7155529099192	5.25517304531569	5.98135987637896
2020-10-15	7.23302134209648	4.18094807681049	6.50848189368605	7.29445100958916	1.60931519065637	11.9338935171168	5.18914307792977	5.99266337067931
2020-10-16	7.35369812699187	4.22245710195482	6.73852150438746	7.45477674363733	1.7897751890488	12.1563819615603	5.1262027113524	6.01390688935986
2020-10-17	7.47862680623337	4.26739101152114	6.97435726259891	7.62243219268271	1.98407502554322	12.3828241857618	5.06757495844675	6.04579583614276
2020-10-18	7.60768150138882	4.31604935915396	7.21599085495135	7.79683018364048	2.19253386375722	12.6130261322333	5.01448283207599	6.08903561475016
2020-10-19	7.7407363340261	4.3687316984978	7.46342396807576	7.97738354342583	2.41547086730841	12.8467937434868	4.96814934510332	6.14433162890419
2020-10-20	7.87766542571307	4.42573758319719	7.71665828860313	8.16350509895395	2.6532051998144	13.0839329620343	4.92979751039189	6.21238928232702
2020-10-21	8.01834289801758	4.48736656689664	7.97569550316441	8.35460767714001	2.90605602489277	13.3242497303879	4.90065034080491	6.29391397874078
2020-10-22	8.16264287250751	4.55391820324068	8.24053729839058	8.55010410489922	3.17434250616112	13.5675499910595	4.88193084920553	6.38961112186763
2020-10-23	8.3104394707507	4.62569204587383	8.51118536091263	8.74940720914676	3.45838380723707	13.8136396865611	4.87486204845695	6.50018611542972
2020-10-24	8.46160681431503	4.70298764844062	8.78764137736152	8.95192981679781	3.75849909173821	14.0623247594049	4.88066695142235	6.62634436314918
2020-10-25	8.61601902476835	4.78610456458554	9.06990703436821	9.15708475476754	4.07500752328212	14.3134111521027	4.90056857096489	6.76879126874818
2020-10-26	8.77360693722073	4.87541757551437	9.35811169834265	9.36419388224608	4.40830941811618	14.5669238491898	4.93572588273573	6.92806947592428
2020-10-27	8.93452824095095	4.9716023726777	9.65289545481058	9.57221518752315	4.75912970300675	14.823764003294	4.98704171353783	7.10407058827681
2020-10-28	9.09899733877999	5.07540987508736	9.95502606907668	9.78001569116339	5.12827445734994	15.0850518090665	5.05535485296213	7.29652344938048
2020-10-29	9.26722863352886	5.18759100175518	10.2652713064456	9.98646241373144	5.51654976054184	15.3519074611581	5.14150409059956	7.50515690281004
2020-10-30	9.43943652801853	5.308896671693	10.5843989322222	10.190422375792	5.92476169197863	15.6254511542201	5.24632821604107	7.72969979214024
2020-10-31	9.61583542507	5.44007780391265	10.9131767117109	10.3907625979096	6.35371633105638	15.9068030829033	5.37066601887759	7.96988096094581
2020-11-01	9.79663972750424	5.58188531742594	11.2523724102166	10.5863501006489	6.8042197571712	16.1970834418589	5.51535628870003	8.22542925280148
2020-11-02	9.98198414967627	5.73485493504487	11.602460117591	10.7762390587094	7.27688194315573	16.4971942859867	5.68121749681966	8.49611472944649
2020-11-03	10.1716846520771	5.89866159478198	11.9627392218739	10.9602322633293	7.77152843558848	16.8071651111814	5.86898684142893	8.78187232527804
2020-11-04	10.3654775067319	6.07276503844996	12.332215435652	11.1383196598817	8.28778867448447	17.1268072735865	6.07938120244062	9.08267819285777
2020-11-05	10.5630989856655	6.25662500786149	12.7098944715121	11.3104911937395	8.82529209985868	17.4559321293455	6.31311745976747	9.39850848474736
2020-11-06	10.7642853609033	6.44970124482928	13.0947820420412	11.4767368102758	9.38366815172618	17.794351034602	6.57091249332227	9.72933935350852
2020-11-07	10.96877290447	6.65145349116602	13.4858838598261	11.6370464548635	9.96254627010196	18.1418753454995	6.85348318301779	10.0751469517029
2020-11-08	11.1762978883909	6.86134148868437	13.8822056374534	11.7914100728759	10.561555895001	18.4983164181815	7.16154640876677	10.4359074318922
2020-11-09	11.386596584691	7.07882497919706	14.2827530875101	11.9398176096857	11.1803264664384	18.8634856087915	7.49581905048202	10.811596946638
2020-11-10	11.5994052653954	7.30336370451676	14.6865319225831	12.0822590106662	11.8184874244291	19.237194273473	7.85701798807629	11.2021916485021
2020-11-11	11.814460202529	7.53441740645617	15.092547855259	12.2187242211902	12.4756682089882	19.6192537683695	8.24586010146234	11.6076676900462
2020-11-12	12.0314976681171	7.77144582682797	15.4998065981246	12.3492031866309	13.1514982601305	20.0094754496246	8.66306227055293	12.0280012238318
2020-11-13	12.2502539341845	8.01390870744487	15.907313863767	12.4736858523612	13.8456070178713	20.4076706733818	9.10934137526085	12.4631684024207
2020-11-14	12.4704652727565	8.26126579011955	16.3140753647728	12.5921621637541	14.5576239222255	20.8136507957846	9.58541429549887	12.9131453783746
2020-11-15	12.691867955858	8.51297681666468	16.7190968137288	12.7046220661828	15.287178413208	21.2272271729764	10.0919979111797	13.377908304255
2020-11-16	12.9141963259584	8.76846550937299	17.1212975100678	12.8111519283949	16.0336987191403	21.6481954392299	10.6298272910751	13.8574265126431
2020-11-17	13.1371770073042	9.02701151245713	17.5192511006054	12.9122238126373	16.795808221569	22.0762883413336	11.1997102593925	14.3516420561968
2020-11-18	13.3605346945861	9.28785845060979	17.9114448190034	13.0084062045317	17.5719290903471	22.511222904205	11.8024728291981	14.8604901675934
2020-11-19	13.5839940824949	9.55024994852365	18.2963658989233	13.1002675896996	18.3604834953275	22.9527161527617	12.4389410135584	15.3839060795104
2020-11-20	13.8072798657212	9.81342963089138	18.6725015740269	13.1883764537626	19.1598936063633	23.4004851119214	13.1099408255395	15.9218250246249
2020-11-21	14.0301167389559	10.0766411224057	19.0383390779757	13.2733012823424	19.9685815933074	23.8542468066014	13.816298278208	16.4741822356143
2020-11-22	14.2522293968897	10.3391280477592	19.3923656444313	13.3556105610605	20.7849696260127	24.3137182617195	14.5588393846299	17.040912945156
2020-11-23	14.4735232992465	10.6001663055899	19.733583210361	13.4362073996952	21.6072436134493	24.7784250645478	15.3381594026498	17.6217506819704
2020-11-24	14.694626965883	10.8591608903173	20.0630525259547	13.5173334046515	22.4326444210546	25.2471270517766	16.1539305692237	18.2156221589506
2020-11-25	14.916349681689	11.115549070306	20.3823490447077	13.6015648064908	23.2581766533829	25.7183926224509	17.0055943660858	18.821252385033
2020-11-26	15.1395007315542	11.3687681139207	20.6930482201155	13.6914778357747	24.0808449149887	26.1907901756157	17.8925922749704	19.4373663691537
2020-11-27	15.3648894003686	11.6182552895261	20.9967255056736	13.7896487230648	24.8976538104264	26.662888110316	18.8143657776116	20.0626891202492
2020-11-28	15.5933249730219	11.8634478654869	21.2949563548773	13.8986536989226	25.7056079442504	27.1332548255967	19.7703563557436	20.6959456472555
2020-11-29	15.825616734404	12.1037831101678	21.589316221222	14.0210689939097	26.5017119210151	27.6004587205028	20.7600054911004	21.3358609591091
2020-11-30	16.0625148601434	12.3390154609123	21.8812833199702	14.1592355846455	27.2829030484188	28.0636928127409	21.7825894529347	21.9812708574476
2020-12-01	16.3045330888236	12.5701680309787	22.1719469134518	14.3145534319813	28.0458494467351	28.5246485946635	22.8367236605723	22.6314543147141
2020-12-02	16.5521260497667	12.798581102604	22.4622990257634	14.4881872428262	28.7871519393812	28.9856421772847	23.920858320857	23.2858010960532
2020-12-03	16.8057483722949	13.0255949580255	22.7533316810019	14.6813017240894	29.5034113497747	29.4489896716186	25.0334436406331	23.9437009666096
2020-12-04	17.0658546857304	13.2525498794802	23.0460369032641	14.8950615826799	30.1912285013329	29.9170071886794	26.1729298267447	24.6045436915277
2020-12-05	17.3328996193952	13.4807861492051	23.3414067166468	15.130631525507	30.8472042174733	30.392010839481	27.3377670860358	25.2677190359522
2020-12-06	17.6073378026116	13.7116440494373	23.6404331452467	15.3891762594797	31.4679393216133	30.8763167350378	28.5264056253504	25.9326167650275
2020-12-07	17.8896238647018	13.946463862414	23.9441082131607	15.6718604915071	32.0500346371702	31.3722409863637	29.7372956515327	26.5986266438983
2020-12-08	18.1802124349879	14.1865858703723	24.2534239444856	15.9798489284986	32.5900909875615	31.8820997044728	30.9688873714267	27.2651384377092
2020-12-09	18.479558142792	14.4333503555491	24.569372363318	16.314306277363	33.0847091962046	32.4082090003794	32.2196309918765	27.9315419116046
2020-12-10	18.7881156174364	14.6880976001817	24.8929454937549	16.6763972450097	33.530490086517	32.9528849850974	33.4879767197263	28.5972268307292
2020-12-11	19.1063394882432	14.9521678865071	25.225135359893	17.0672865383477	33.9240344819159	33.5184437696411	34.77237476182	29.2615829602276
2020-12-12	19.4346843845346	15.2269014967624	25.5669339858291	17.4881388642862	34.2619432058188	34.1072014650244	36.0712753250017	29.9240000652442
2020-12-13	19.7736049356327	15.5136387131847	25.91933339566	17.9401189297343	34.5408170816432	34.7214741822616	37.3831286161156	30.5838679109238
2020-12-14	20.123216099444	15.8131244870417	26.2826773317385	18.4235946789157	34.7580744147808	35.3628038744479	38.7064522644167	31.2401945872364
2020-12-15	20.4822741482129	16.1237224457238	26.6547164094416	18.935747005312	34.9144034385211	36.0296358630037	40.0400335888036	31.8904614834549
2020-12-16	20.8491956827677	16.443200885652	27.0325529624022	19.4729600397193	35.0113098681279	36.7196413114305	41.382727330586	32.5317683136775
2020-12-17	21.222397303937	16.7693281032475	27.4132893242534	20.0316179129339	35.050299418865	37.4304913832298	42.7333882310737	33.1612147920029
2020-12-18	21.6002956125494	17.0998723949311	27.7940278286282	20.6081047557519	35.0328778059963	38.1598572419031	44.0908710315763	33.7759006325293
2020-12-19	21.9813072094335	17.4326020571241	28.1718708091596	21.1988046989694	34.9605507447856	38.905410050952	45.4540304734034	34.3729255493551
2020-12-20	22.3638486954178	17.7652853862473	28.5439205994805	21.8001018733827	34.8348239504968	39.6648209738781	46.8217212978649	34.9493892565788
2020-12-21	22.7462506753978	18.0957525166493	28.9073078934457	22.4083190740338	34.657294797561	40.4356331684461	48.1923056841575	35.5030497889107
2020-12-22	23.1264997705373	18.4220809343878	29.2592768257967	23.0195337529488	34.4299272970793	41.2148777694743	49.5621755630271	36.0342984635088
2020-12-23	23.5024966060671	18.7424099634481	29.5970998914965	23.6297620263997	34.1547771193199	41.9994579060442	50.9272303031065	36.5441849181429
2020-12-24	23.872141807218	19.0548789278153	29.9180495855084	24.2350200106585	33.8338999345512	42.7862767072374	52.283369273029	37.0337587905831
2020-12-25	24.2333359992206	19.3576271514746	30.2193984027956	24.8313238219971	33.4693514130414	43.5722373021353	53.6264918414274	37.5040697185991
2020-12-26	24.5839798073059	19.6487939584112	30.4984188383211	25.4146895766877	33.063187225059	44.3542428198195	54.9524973769346	37.956167339961
2020-12-27	24.9219738567044	19.9265186726103	30.7523833870482	25.9811333910021	32.6174630408722	45.1291963893715	56.2572852481839	38.3911012924386
2020-12-28	25.2452187726471	20.1889406180571	30.9785645439401	26.5266713812124	32.1342345307494	45.894001139873	57.5367548238081	38.8099212138018
2020-12-29	25.5516151803646	20.4341991187369	31.1742348039599	27.0473196635906	31.6155573649589	46.6455602004054	58.7868054724402	39.2136767418206
2020-12-30	25.8390637050878	20.6604334986347	31.3366666620707	27.5390943544086	31.0634872137691	47.3807767000502	60.0033365627132	39.6034175142648
2020-12-31	26.1054649720474	20.8657830817358	31.4631326132357	27.9980115699385	30.4800797474482	48.0965537678889	61.1822474632602	39.9801931689045
2021-01-01	26.3487196064742	21.0483871920253	31.5509051524182	28.4200874264523	29.8673906362646	48.7897945330033	62.3194375427141	40.3450533435094
2021-01-02	26.5667282335988	21.2063851534886	31.5972567745812	28.801338040222	29.2274755504866	49.4574021244746	63.4108061697079	40.6990476758495
2021-01-03	26.7573914786523	21.3379162901107	31.599459974688	29.1377795275195	28.5623901603825	50.0962796713845	64.4522527128747	41.0432258036947
2021-01-04	26.9192173202717	21.4417347808221	31.5557390992737	29.4264858176577	27.8745553001566	50.7030804984942	65.4399771003112	41.3782647212671
2021-01-05	27.0531431507207	21.5190542243344	31.4681259011621	29.6687620921123	27.1678524597565	51.2734587132836	66.3713814979695	41.7033508485971
2021-01-06	27.1607137156695	21.5717030743046	31.3396039847488	29.8669713453999	26.4465282930659	51.8028186189123	67.2441686312654	42.0172979621674
2021-01-07	27.2434737607882	21.6015097843893	31.1731569544296	30.023476572037	25.7148294539681	52.2865645185398	68.0560412256148	42.3189198384607
2021-01-08	27.3029680317468	21.6103028082456	30.9717684146002	30.1406407665403	24.9770025963468	52.7201007153259	68.8047020064336	42.6070302539596
2021-01-09	27.3407412742156	21.5999105995302	30.7384219696563	30.2208269234262	24.2372943740856	53.0988315124299	69.4878536991375	42.8804429851467
2021-01-10	27.3583382338647	21.5721616119	30.4761012239937	30.2663980372113	23.499951441068	53.4181612130116	70.1031990291425	43.1379718085047
2021-01-11	27.3571729079562	21.5286894358081	30.1873686222483	30.2796072059997	22.7689949318092	53.6747789633626	70.6484180930637	43.3784668403638
2021-01-12	27.338136300121	21.4703482088916	29.8731019700179	30.2622679422457	22.0475439033514	53.8705132823028	71.1211004723129	43.6009235564446
2021-01-13	27.3019886655817	21.3977972055842	29.5337579131402	30.2160838619909	21.3384918933682	54.0084775317842	71.5188131195018	43.8043737723154
2021-01-14	27.2494902595612	21.3116957003192	29.1697930974531	30.1427585812771	20.6447324395333	54.0917850737588	71.8391229872414	43.9878493035444
2021-01-15	27.1814013372822	21.2127029675301	28.7816641687945	30.0439957161461	19.9691590795206	54.1235492701786	72.079597028143	44.1503819656997
2021-01-16	27.0984821539676	21.1014782816503	28.3698277730024	29.9214988826395	19.3146653510038	54.1068834829955	72.237802194818	44.2910035743495
2021-01-17	27.0014929648401	20.9786809171133	27.9347405559145	29.776971696799	18.6841447916566	54.0449010741617	72.3113054398777	44.4087459450622
2021-01-18	26.8911345105361	20.8450106493727	27.4771826401237	29.6121292337057	18.079915531718	53.9405280357353	72.2985023216726	44.5024457545939
2021-01-19	26.7678694733468	20.7013292579622	26.9992280552423	29.4287324045973	17.501994071688	53.7959408801996	72.2011028215112	44.5701591244534
2021-01-20	26.6321010209772	20.5485390234357	26.5032743076378	29.2285535797505	16.949821504632	53.6131287501441	72.0216455264412	44.6097470373377
2021-01-21	26.4842323211319	20.3875422263471	25.9917189036774	29.0133651294422	16.4228389236153	53.3940807881584	71.7626690235103	44.6190704759435
2021-01-22	26.3246665415158	20.2192411472503	25.4669593497284	28.7849394239495	15.920487421703	53.1407861368319	71.426711899766	44.5959904229677
2021-01-23	26.1538068498338	20.0445380666992	24.9313931521582	28.5450488335491	15.4422080919606	52.8552339387543	71.0163127422562	44.5383678611071
2021-01-24	25.9720564137907	19.8643352652476	24.387417817334	28.2954657285179	14.9874420274533	52.5394133365149	70.5340101380286	44.4440637730587
2021-01-25	25.7798184010914	19.6795350234494	23.8374308516232	28.0379624791328	14.5556303212464	52.1953134727033	69.9823426741308	44.3109391415193
2021-01-26	25.5774959794406	19.4910396218586	23.2838297613931	27.7743114556707	14.1462140664052	51.8249234899091	69.3638489376105	44.1368549491857
2021-01-27	25.3654923165432	19.299751341029	22.729012053011	27.5062850284084	13.758634355995	51.4302325307217	68.6810675155155	43.9196721787548
2021-01-28	25.1442105801041	19.1065724615145	22.1753752328442	27.235655567623	13.3923322830811	51.0132297377307	67.9365369948935	43.6572518129234
2021-01-29	24.914053937828	18.912405263869	21.62531680726	26.9641954435911	13.0467489407287	50.5759042535256	67.132795962792	43.3474548343884
2021-01-30	24.6754255574199	18.7181520286463	21.0812342826258	26.6936770265898	12.7213254220033	50.120245220696	66.272383006259	42.9881422258468
2021-01-31	24.4287286065845	18.5247150364004	20.5455251653089	26.4258726868959	12.41550281997	49.6482417818312	65.357836712342	42.5771749699952
2021-02-01	24.1740988074358	18.332691200975	20.0198933797515	26.1621583692073	12.1281490765781	49.1614373276302	64.3917436458992	42.1134985686817
2021-02-02	23.9106020997243	18.1414559693734	19.5032685226952	25.9023243159064	11.8558395293133	48.6595922412283	63.3768822830302	41.6003966003593
2021-02-03	23.6370369776096	17.9500794218888	18.9938866089566	25.6457643437965	11.5945763645449	48.1420211538702	62.3160790776449	41.0422371626315
2021-02-04	23.3522019352514	17.7576316388145	18.4899836533524	25.3918722696809	11.3403617686426	47.6080386968008	61.2121604836535	40.4433883531025
2021-02-05	23.0548954668092	17.5631827004435	17.9897956706991	25.140041910363	11.0891979279758	47.0569595012648	60.0679529549661	39.8082182693762
2021-02-06	22.7439160664428	17.3658026870691	17.4915586758132	24.8896670826461	10.8370870289141	46.4880981985067	58.8862829454925	39.1410950090565
2021-02-07	22.4180622283116	17.1645616789846	16.9935086835114	24.6401416033336	10.580031257827	45.9007694197714	57.6699769091429	38.4463866697472
2021-02-08	22.0765233819128	16.9586355587519	16.4943360515145	24.3908806282217	10.314913770822	45.2947746087045	56.4220292492159	37.7282475489424
2021-02-09	21.7200526980926	16.7476234180085	15.9945485091604	24.1413846690778	10.0421416029589	44.6718624585547	55.1461061665646	36.9899767436965
2021-02-10	21.3497942830345	16.5312301506607	15.4951081286912	23.891175576662	9.76300275903528	44.0342684749719	53.8460418114307	36.234659550954
2021-02-11	20.9668922429223	16.3091606506148	14.9969769823491	23.6397752017346	9.47878524384892	43.3842281636056	52.5256703340557	35.4653812676593
2021-02-12	20.5724906839396	16.0811198117772	14.5011171423762	23.3867053950558	9.19077706219754	42.7239770301058	51.1888258846816	34.6852271907571
2021-02-13	20.16773371227	15.8468125280542	14.0084906810146	23.1314880073858	8.90026621887882	42.0557505801219	49.8393426135498	33.8972826171917
2021-02-14	19.7537654340972	15.6059436933521	13.5200596705065	22.8736448894849	8.60854071869048	41.3817843193039	48.4810546709021	33.1046328439077
2021-02-15	19.3317299556047	15.3582182015773	13.0367861830941	22.6126978921132	8.31688856643023	40.7043137533013	47.1177962069802	32.3103631678496
2021-02-16	18.9027713829763	15.1033409466359	12.5596322910194	22.3481688660309	8.02659776689581	40.0255743877639	45.7534013720258	31.5175588859618
2021-02-17	18.4680338223955	14.8410168224344	12.0895600665246	22.0795796619983	7.73895632488489	39.3478017283414	44.3917043162804	30.7293052951889
2021-02-18	18.028661380046	14.5709507228791	11.6275315818518	21.8064521307756	7.4552522451952	38.6732312806835	43.0365391899859	29.9486876924753
2021-02-19	17.5857981621114	14.2928475418763	11.1745089092433	21.528308123123	7.17677353262447	38.00409855044	41.6917401433839	29.1787913747656
2021-02-20	17.1405882747753	14.0064121733323	10.731454120941	21.2446694898008	6.90480819197037	37.3426390432606	40.3611413267161	28.4227016390042
2021-02-21	16.6941758242214	13.7113495111535	10.2993292891872	20.955058081569	6.64064422803064	36.6910882647948	39.0485768902241	27.6835037821356
2021-02-22	16.2477126002416	13.4076601883403	9.87907511492536	20.6592402523121	6.38552900353154	36.0510583958029	37.7573696065611	26.9636068002955
2021-02-23	15.8023811270606	13.0965277942705	9.47154681390403	20.3579603684108	6.14054731291358	35.4216683174859	36.4887967380263	26.2627144863834
2021-02-24	15.3593716125115	12.7794316574158	9.07757823057311	20.0522072993698	5.90674330854579	34.8014135861551	35.24362416933	25.57985433249
2021-02-25	14.9198742644273	12.4578511062481	8.69800320938251	19.7429699146942	5.68516114279725	34.1887897581222	34.0226177851828	24.9140538307062
2021-02-26	14.485079290641	12.1332654692393	8.33365559478219	19.4312370838885	5.47684496803701	33.5822923896985	32.8265434702954	24.2643404731226
2021-02-27	14.0561768989857	11.8071540748612	7.98536923122199	19.1179976764578	5.28283893663411	32.9804170371953	31.6561671093781	23.6297417518299
2021-02-28	13.6343572972944	11.4809962515857	7.65397796315185	18.8042405619068	5.10418720095761	32.3816592569243	30.5122545871415	23.0092851589189
2021-03-01	13.2207284117496	11.1561386624067	7.34007817145405	18.4906918950071	4.9419163101665	31.784649195422	29.3957303074836	22.402488802327
2021-03-02	12.816069041932	10.8333973084065	7.04331638274021	18.1770269715967	4.79698240057934	31.1885553601262	28.3081527510518	21.8108332533775
2021-03-03	12.4210757057719	10.5134555251896	6.76310166005436	17.8626583727805	4.67032400530464	30.5926808487	27.2512389176811	21.2362896992406
2021-03-04	12.0364449211993	10.1969966483603	6.49884306644049	17.5469986796633	4.56287965745091	29.9963287588064	26.2267058072064	20.6808293270865
2021-03-05	11.6628732061447	9.88470401352312	6.24994966494265	17.22946047335	4.47558789012665	29.3988021881085	25.2362704194626	20.1464233240853
2021-03-06	11.3010570785381	9.57726095628239	6.0158305186048	16.9094563349453	4.40938723644036	28.7994042342693	24.2816497542847	19.635042877407
2021-03-07	10.9516930563097	9.27535081224254	5.79589469047097	16.586398845554	4.36521622950054	28.1974379949518	23.3645608115075	19.1486591742217
2021-03-08	10.6153920170263	8.97963299248508	5.58956835884234	16.2600273546264	4.3437427927641	27.5924178514789	22.4863094722506	18.6888206682867
2021-03-09	10.2924222768004	8.6906712099998	5.39634616304866	15.9313882849939	4.3445524110816	26.9847033198124	21.6465571427717	18.2553848797064
2021-03-10	9.982966511381	8.40900525325362	5.21573985767689	15.6018548278333	4.366959959652	26.3748651995737	20.8445541106132	17.8477865951726
2021-03-11	9.68720739651726	8.13517491071346	5.04726119731396	15.2728001743215	4.41028031367427	25.7634742903845	20.0795506633175	17.465460601377
2021-03-12	9.4053276079582	7.86971997084623	4.89042193654684	14.9455975156354	4.47382834834738	25.1511013918662	19.350797088427	17.1078416850111
2021-03-13	9.13750982145285	7.61318022211881	4.74473382996243	14.6216200429516	4.55691893887028	24.5383173036405	18.657543673484	16.7743646327667
2021-03-14	8.88393671275029	7.36609545299812	4.60970863214769	14.3022409474472	4.65886696044196	23.9256928253288	17.9990407060309	16.4644642313353
2021-03-15	8.64479095759956	7.12900545195108	4.48485809768957	13.9888334202988	4.77898728826136	23.3137987565527	17.3745384736101	16.1775752674087
2021-03-16	8.4202552317497	6.90245000744457	4.36969398117499	13.6827706526834	4.91659479752747	22.7032058969338	16.7832872637638	15.9131325276785
2021-03-17	8.21051221094978	6.68696890794551	4.2637280371909	13.3854258357777	5.07100436343925	22.0944850460935	16.2245373640346	15.6705707988363
2021-03-18	8.01574457094886	6.48310194192081	4.16647202032424	13.0981721607586	5.24153086119565	21.4882070036535	15.6975390619647	15.4493248675737
2021-03-19	7.83613498749598	6.29138889783738	4.07743768516196	12.822382818803	5.42748916599564	20.8849425692352	15.2015426450967	15.2488295205825
2021-03-20	7.67186613634018	6.11236956416211	3.99613678629098	12.5594310010876	5.6281941530382	20.2852625424603	14.7357984009727	15.0685195445542
2021-03-21	7.52312069323054	5.94658372936192	3.92208107829825	12.3106898987893	5.8429606975223	19.6897377229501	14.2995566171352	14.9078297261806
2021-03-22	7.38991778284526	5.79436737865431	3.85484690152034	12.0772533108593	6.07099931513693	19.0989218046168	13.8919706771941	14.7658433372677
2021-03-23	7.2716223255792	5.65524128425916	3.7942689392923	11.8590974673463	6.31110308353141	18.5133000585339	13.51180634903	14.6402375900794
2021-03-24	7.16743569075638	5.52852241514696	3.74024646069881	11.6559192060734	6.56196072084508	17.9333406500652	13.157732496591	14.5283381819941
2021-03-25	7.07655924770082	5.41352774028821	3.69267873482455	11.4674153648636	6.82226094521725	17.3595117445747	12.8284179838251	14.4274708103902
2021-03-26	6.99819436573653	5.30957422865336	3.65146503075419	11.2932827815401	7.0906924747873	16.7922815074264	12.5225316746803	14.3349611726459
2021-03-27	6.93154241418754	5.21597884921292	3.61650461757242	11.1332182939258	7.36594402769456	16.2321181039841	12.2387424331049	14.2481349661397
2021-03-28	6.87580476237786	5.13205857093736	3.58769676436392	10.9869187398438	7.64670432207837	15.6794896996119	11.9757191230469	14.16431788825
2021-03-29	6.83025512651363	5.05717471158092	3.5649639814698	10.8540906060085	7.93177098776182	15.135039652649	11.7318760537371	14.0810593825961
2021-03-30	6.79445661032944	4.99086598403279	3.54832174425691	10.7344789746983	8.22037730130305	14.6001120933356	11.5046093155372	13.9968038777619
2021-03-31	6.76804466444201	4.93271544996591	3.53780876934852	10.6278385770833	8.51186545094395	14.0762263448874	11.2910604440917	13.9102195485723
2021-04-01	6.75065473946803	4.88230617105325	3.53346377336791	10.5339241443332	8.80557762492636	13.5649017305201	11.088370975045	13.8199745698522
2021-04-02	6.74192228602421	4.83922120896773	3.53532547293835	10.4524904076178	9.10085601149221	13.067657573449	10.8936824440415	13.7247371164264
2021-04-03	6.74148275472727	4.8030436253823	3.54343258468314	10.383292098107	9.39704279888337	12.58601319689	10.7041363867258	13.6231753631199
2021-04-04	6.74897159619392	4.77335648196991	3.55782382522554	10.3260839469705	9.69348017534171	12.1214879240586	10.5168743387421	13.5139574847575
2021-04-05	6.76399335695839	4.74978565444031	3.57844948754254	10.2805323565287	9.98956516432052	11.6753449506106	10.3295057381221	13.396106027563
2021-04-06	6.78602896722509	4.73212827465046	3.60490617002589	10.2459504137032	10.2849141301188	11.2478229619624	10.1415116324457	13.270061023355
2021-04-07	6.81452845311597	4.72022428849416	3.63670204742106	10.221562876566	10.579198272247	10.8389045159707	9.95284097167982	13.136616875351
2021-04-08	6.84894184075298	4.71391364186519	3.67334529447353	10.2065945031892	10.8720887902154	10.4485721704923	9.76344270579146	12.9965679867685
2021-04-09	6.88871915625805	4.71303628065731	3.71434408592876	10.2002700516449	11.1632568835345	10.0768084833837	9.57326578474759	12.8507087608249
2021-04-10	6.93331042575313	4.71743215076432	3.75920659653221	10.2018142800051	11.4523737517147	9.72359601250161	9.38225915851521	12.6998336007377
2021-04-11	6.98216567536016	4.72694119808	3.80744100102934	10.210451946342	11.7391105942664	9.38891731570273	9.19037177706131	12.5447369097244
2021-04-12	7.03473493120109	4.74140336849811	3.85855547416563	10.2254078087275	12.0231386106999	9.07275495084372	8.99755259035288	12.3862130910025
2021-04-13	7.09046821939786	4.76065860791245	3.91205819068654	10.2459066252338	12.3041290005258	8.77509147578122	8.80375054835688	12.2250565477894
2021-04-14	7.14881556607241	4.7845468622168	3.96745732533753	10.271173153933	12.5817529632543	8.49590944837191	8.60891460104031	12.0620616833027
2021-04-15	7.2092269973467	4.81290807730493	4.02426105286408	10.300432152897	12.855681698396	8.23519142647247	8.41299369837016	11.8980229007597
2021-04-16	7.27115253934266	4.84558219907063	4.08197754801164	10.3329083801979	13.1255864054611	7.99291996793953	8.2159367903134	11.733734603378
2021-04-17	7.33404221818223	4.88240917340767	4.14011498552568	10.3678265939079	13.3911382839601	7.76907763062978	8.01769282683702	11.5699911943749
2021-04-18	7.39734605998737	4.92322894620984	4.19818154015168	10.4044115520989	13.6520085334035	7.56364697239988	7.818210757908	11.4075870769681
2021-04-19	7.4605227334609	4.96785815644792	4.25572523286514	10.4417250383088	13.9075998815638	7.37638291628135	7.61758206412013	11.2473257659851
2021-04-20	7.52306547762923	5.01602021540066	4.31245346956181	10.4781769379384	14.1562411692629	7.20612984600507	7.41646834857433	11.0900472226941
2021-04-21	7.58447617409965	5.06741522742384	4.36811350236748	10.5120141618541	14.3959927655848	7.0515045104768	7.21567374499833	10.9366005199733
2021-04-22	7.64425670447946	5.12174329687321	4.42245258340795	10.5414836209223	14.6249150396136	6.91112365860229	7.01600238711987	10.7878347307012
2021-04-23	7.70190895037595	5.17870452810454	4.47521796480902	10.5648322260097	14.8410683604333	6.78360403928727	6.81825840866665	10.6445989277559
2021-04-24	7.75693479339641	5.23799902547359	4.52615689869647	10.5803068879827	15.0425130971281	6.66756240143749	6.62324594336642	10.5077421840157
2021-04-25	7.80883611514813	5.29932689333613	4.57501663719611	10.5861545177077	15.2273096187819	6.56161549395871	6.4317691249469	10.3781135723591
2021-04-26	7.85716137206206	5.36242425178042	4.62157265509769	10.5807131600088	15.393765218076	6.46449008218773	6.24448301876288	10.256291957107
2021-04-27	7.90164531986372	5.42717128382478	4.6657133178468	10.5626853955401	15.5411748820803	6.37535299718571	6.06144641667741	10.1417753683516
2021-04-28	7.94206928910226	5.49348418822002	4.70735521355301	10.5308649389132	15.669080521462	6.29348108644489	5.88256904218061	10.0337916276279
2021-04-29	7.97821461032684	5.56127916371695	4.74641493032587	10.4840455047399	15.7770240468881	6.21815119745751	5.70776061876262	9.93156855647087
2021-04-30	8.00986261408664	5.63047240906641	4.78280905627495	10.4210208076317	15.8645473690258	6.14864017771579	5.53693086991352	9.83433397641535
2021-05-01	8.0367946309308	5.70098012301919	4.81645417950979	10.3405845622003	15.9311923985421	6.08422487471196	5.36998951912346	9.74131570899634
2021-05-02	8.0587919914085	5.77271850432613	4.84726688813996	10.2415304830574	15.9765010461042	6.02418213593826	5.20684628988257	9.65174157574879
2021-05-03	8.07563602606889	5.84560375173804	4.87516377027502	10.1226522848147	16.0000152223792	5.96778880888692	5.04741090568093	9.56483939820762
2021-05-04	8.08710806546114	5.91955206400573	4.90006141402452	9.98274368208364	16.0012768380341	5.91432174105018	4.89159309000868	9.4798369979078
2021-05-05	8.09298944013441	5.99447963988003	4.92187640749803	9.82059838947605	15.9798278037361	5.86305777992027	4.73930256635595	9.39596219638427
2021-05-06	8.09306148063785	6.07030267811174	4.94052533880509	9.63501012160355	15.9352100301523	5.81327377298941	4.59044905821285	9.31244281517197
2021-05-07	8.08710551752065	6.1469373774517	4.95592479605528	9.42477259307776	15.8669654279497	5.76424656774985	4.44494228906949	9.22850667580584
2021-05-08	8.07490288133194	6.22429993665071	4.96799136735814	9.18867951851036	15.7746359077956	5.71525301169381	4.30269198241599	9.14338159982084
2021-05-09	8.05623490262091	6.30230655445959	4.97664164082323	8.92552461251301	15.657763380357	5.66556995231353	4.16360786174249	9.05629540875191
2021-05-10	8.03085836078222	6.38079601439376	4.98178866015136	8.63403219622191	15.5161745788555	5.6145818993749	4.02762001320523	8.96647720503064
2021-05-11	7.99843183059262	6.45929743902699	4.98333129140821	8.31264901687159	15.3508355267311	5.56210401173844	3.89473997362505	8.87316121467524
2021-05-12	7.95858933567438	6.53726253569765	4.98116485625074	7.95975242822118	15.162997069978	5.50805911053831	3.76499964248891	8.77558294460059
2021-05-13	7.91096489964976	6.61414301174412	4.97518467633589	7.57371978402981	14.9539100545908	5.4523700169087	3.6384309192838	8.67297790172155
2021-05-14	7.85519254614102	6.68939057450477	4.96528607332059	7.15292843805652	14.7248253265637	5.39495955198376	3.51506570349665	8.56458159295299
2021-05-15	7.79090629877043	6.76245693131797	4.95136436886178	6.69575574406046	14.4769937318912	5.33575053689769	3.39493589461446	8.44962952520976
2021-05-16	7.71774018116025	6.83279378952209	4.93331488461642	6.20057905580075	14.2116661165677	5.27466579278465	3.2780733921242	8.32735720540675
2021-05-17	7.63550864726937	6.8999301094856	4.91121334473902	5.66660384918097	13.9301223200874	5.21163351817622	3.16450331553816	8.19720007610254
2021-05-18	7.54474787240325	6.96370386369729	4.88585708337451	5.09634808868283	13.6337581559447	5.14660342119363	3.05422366447001	8.05939332243074
2021-05-19	7.44617446220396	7.02403027767605	4.85822383716539	4.49315786093258	13.3239984311336	5.0795305873555	2.94722565855875	7.91437206516867
2021-05-20	7.34050502231357	7.08082457694079	4.82929134275418	3.86037925255635	13.0022679526481	5.01037010218046	2.84350051744338	7.76257142509366
2021-05-21	7.22845615837416	7.13400198701039	4.80003733678337	3.20135835018038	12.6699915274823	4.93907705118715	2.74303946076288	7.60442652298303
2021-05-22	7.11074447602781	7.18347773340374	4.77143955589548	2.51944124043089	12.3285939626305	4.86560651989419	2.64583370815627	7.44037247961412
2021-05-23	6.9880865809166	7.22916704163972	4.74447573673303	1.81797400993411	11.9795000650866	4.78991359382021	2.55187447926255	7.27084441576427
2021-05-24	6.8611990786826	7.27098513723724	4.7201236159385	1.10030274531619	11.6241346418448	4.71195335848385	2.46115299372071	7.09627745221078
2021-05-25	6.73079857496789	7.30884724571517	4.69936093015442	0.36977353320335	11.2639224998992	4.63168089940372	2.37366047116974	6.91710670973099
2021-05-26	6.59760167541455	7.34266859259242	4.6831654160233	0	10.9002884462438	4.54905130209848	2.28938813124865	6.73376730910225
2021-05-27	6.46232498566466	7.37236440338787	4.67251481018763	0	10.5346572878729	4.46401965208673	2.20832719359644	6.54669437110186
2021-05-28	6.32568511136029	7.39784990362042	4.66838684928993	0	10.1684538317804	4.37654103488711	2.1304688778521	6.35632301650717
2021-05-29	6.18839865814351	7.41904031880895	4.67175926997272	0	9.80310288496042	4.28657053601825	2.05580440365464	6.16308836609549
2021-05-30	6.05118223165642	7.43585087447235	4.68360980887848	0	9.4400292544072	4.19406324099878	1.98432499064305	5.96742554064417
2021-05-31	5.91498006097906	7.44825128490034	4.70464828955031	0	9.08050744195357	4.09905649398475	1.91601063408117	5.76984033131238
2021-06-01	5.78164686894336	7.45642921946586	4.73451288313353	0	8.72521072878791	4.00191667368187	1.85079643173216	5.57112121078674
2021-06-02	5.65326500181927	7.4606268363127	4.77257384767404	0	8.3746620909374	3.90309241743329	1.78860625698406	5.37212732213573
2021-06-03	5.53191680587669	7.46108629358464	4.81820144121774	0	8.0293845044292	3.80303236258213	1.72936398322485	5.17371780842782
2021-06-04	5.41968462738555	7.45804974942544	4.87076592181053	0	7.6899009452905	3.70218514647153	1.67299348384257	4.97675181273147
2021-06-05	5.31865081261576	7.45175936197888	4.9296375474983	0	7.35673438954849	3.60099940644462	1.61941863222521	4.78208847811517
2021-06-06	5.23089770783726	7.44245728938874	4.99418657632695	0	7.03040781323036	3.49992377984454	1.5685633017608	4.59058694764741
2021-06-07	5.15801076092792	7.43028592572305	5.0636097554088	0	6.71153305391111	3.39941776229183	1.52035401585844	4.40301696683985
2021-06-08	5.0995878261975	7.41498860874695	5.13640978812177	0	6.4010773953572	3.29998428251668	1.47472789801169	4.2197906909771
2021-06-09	5.05472985956372	7.39620891214979	5.21091586691023	0	6.10009698288295	3.20213712752669	1.43162472173521	4.04123087778699
2021-06-10	5.02253781694431	7.37359040962098	5.28545718421853	0	5.80964796180261	3.10639008432943	1.39098426054366	3.86766028499732
2021-06-11	5.00211265425699	7.34677667484988	5.35836293249101	0	5.53078647743049	3.01325693993252	1.35274628795168	3.69940167033592
2021-06-12	4.99255532741949	7.31541128152588	5.42796230417203	0	5.26456867508091	2.92325148134354	1.31685057747394	3.53677779153062
2021-06-13	4.99296679234952	7.27913780333836	5.49258449170594	0	5.01205070006813	2.83688749557008	1.2832369026251	3.38011140630922
2021-06-14	5.0024437707972	7.23759308331619	5.55083214755873	0	4.77404320429809	2.75455997820087	1.25185078693361	3.22969048150725
2021-06-15	5.02006604784221	7.19038704184619	5.60240176428299	0	4.55037486604331	2.67618875914909	1.22266075398312	3.08566382039114
2021-06-16	5.04490917439663	7.1371228686547	5.64726329445293	0	4.34062887016793	2.60157487690908	1.1956410773711	2.94814543533501
2021-06-17	5.07604870137253	7.077403753468	5.68538669064277	0	4.14438840153609	2.53051936997514	1.170766030695	2.81724933871296
2021-06-18	5.112560179682	7.01083288601244	5.71674190542674	0	3.96123664501194	2.4628232768416	1.14800988755227	2.69308954289913
2021-06-19	5.15351916023709	6.93701345601431	5.74129889137906	0	3.79075678545964	2.39828763600278	1.12734692154036	2.57578006026764
2021-06-20	5.19800119394989	6.85554865319994	5.75902760107394	0	3.6325320077433	2.336713485953	1.10875140625674	2.46543490319262
2021-06-21	5.24508183173247	6.76604166729564	5.76989798708561	0	3.48614549672709	2.27790186518658	1.09219761529886	2.36216808404818
2021-06-22	5.29383662449691	6.66809568802772	5.7738800019883	0	3.35118043727515	2.22165381219783	1.07765982226417	2.26609361520845
2021-06-23	5.34334112315528	6.56131390512252	5.77094359835622	0	3.22722001425163	2.16777036548108	1.06511230075013	2.17732550904757
2021-06-24	5.39267087861966	6.44529950830633	5.76105872876359	0	3.11384741252067	2.11605256353065	1.0545293243542	2.09597777793963
2021-06-25	5.44090144180212	6.31965568730547	5.74419534578464	0	3.01064581694642	2.06630144484086	1.04588516667382	2.02216443425878
2021-06-26	5.48710836361473	6.18398563184627	5.72032340199358	0	2.91719841239303	2.01831804790602	1.03915410130646	1.95599949037913
2021-06-27	5.53036719496958	6.03789253165503	5.68941284996464	0	2.83308838372463	1.97190341122045	1.03431040184957	1.8975969586748
2021-06-28	5.56991837120334	5.88119721076948	5.65148719799376	0	2.75792161553676	1.92687116315812	1.03134071889746	1.84685930871975
2021-06-29	5.60566186535112	5.71459103047301	5.60678417726382	0	2.69139479135046	1.88308529161149	1.03028121103183	1.80284283888723
2021-06-30	5.63766253487266	5.53898298636041	5.55559507467938	0	2.63322729441816	1.84042237435268	1.03118041383125	1.76439230475033
2021-07-01	5.66598523722768	5.35528207402647	5.49821117714505	0.398033421433689	2.58313850799228	1.79875898915381	1.03408686287429	1.73035246188211
2021-07-02	5.6906948298759	5.16439728906598	5.43492377156541	0.95985637579942	2.54084781532526	1.75797171378697	1.0390490937395	1.69956806585566
2021-07-03	5.71185617027704	4.96723762707375	5.36602414484505	1.5118032543819	2.50607459966952	1.7179371260243	1.04611564200545	1.67088387224406
2021-07-04	5.72953411589083	4.76471208364455	5.29180358388855	2.05347948342306	2.47853824427749	1.67853180363789	1.05533504325071	1.64314463662039
2021-07-05	5.74381982638093	4.55761365258898	5.21258091185136	2.5846688268476	2.45794167170178	1.63966689210578	1.06672493986977	1.61537079552771
2021-07-06	5.75490967022673	4.34627132058082	5.12878509689236	3.10586839931157	2.44392196169578	1.60139180772966	1.08017940152093	1.58728550938896
2021-07-07	5.76302631811158	4.13089807250963	5.0408726434213	3.61775365315398	2.43609973331305	1.56379053451711	1.09556160467842	1.55878761959707
2021-07-08	5.76839244071879	3.91170689326499	4.94930005584791	4.12100004071372	2.43409560560716	1.52694705647575	1.11273472581648	1.52977596754495
2021-07-09	5.77123070873171	3.68891076773648	4.85452383858192	4.61628301432972	2.43753019763168	1.49094535761317	1.13156194140934	1.50014939462555
2021-07-10	5.77176379283367	3.46272268081367	4.7570004960331	5.10427802634089	2.44602412844018	1.45586942193698	1.15190642793123	1.46980674223177
2021-07-11	5.770214363708	3.23335561738611	4.65718653261116	5.58566052908624	2.45919801708623	1.42180323345478	1.17363136185639	1.43864685175655
2021-07-12	5.76680509203804	3.00102256234339	4.55553845272585	6.06110597490465	2.47667248262339	1.38883077617417	1.19659991965905	1.4065685645928
2021-07-13	5.76175864850712	2.7659365005751	4.45251276078691	6.53128981613503	2.49806814410523	1.35703603410275	1.22067527781345	1.37347072213346
2021-07-14	5.75529770379856	2.52831041697077	4.34856596120408	6.99688750511639	2.52300562058533	1.32650299124812	1.24572061279382	1.33925216577144
2021-07-15	5.74764492859571	2.28835729642	4.2441545583871	7.45857449418761	2.55110553111724	1.29731563161789	1.27159910107439	1.30381173689966
2021-07-16	5.7390229935819	2.04629012381236	4.13973505674571	7.91702623568764	2.58198849475455	1.26955793921964	1.29817391912939	1.26704827691106
2021-07-17	5.72965456944046	1.80232188403743	4.03576396068966	8.37291818195538	2.61527513055081	1.243313898061	1.32530824343307	1.22886062719856
2021-07-18	5.71976232685472	1.55666556198476	3.93269777462867	8.82692578532982	2.6505860575596	1.21866749214955	1.35286525045965	1.18914762915508
