date	state	King	Snohomish	Pierce	Ann Arbor	Boston	San Diego	DC
2020-01-26	0	0	0	0	0	0	0	0
2020-01-27	0	0	0	0	0	0	0	0
2020-01-28	0	0	0	0	0	0	0	0
2020-01-29	0	0	0	0	0	0	0	0
2020-01-30	0	0	0	0	0	0	0	0
2020-01-31	0	0	0	0	0	0	0	0
2020-02-01	0	0	0	0	0	0	0	0
2020-02-02	0	0	0	0	0	0	0	0
2020-02-03	0	0	0	0	0	0	0	0
2020-02-04	0	0	0	0	0	0	0	0
2020-02-05	0	0	0	0	0	0	0	0
2020-02-06	0	0	0	0	0	0	0	0
2020-02-07	0	0	0	0	0	0	0	0
2020-02-08	0	0	0	0	0	0	0	0
2020-02-09	0	0	0	0	0	0	0	0
2020-02-10	0	0	0	0	0	0	0	0
2020-02-11	0	0.768819495006504	3.80132233366498	0	0	0	0	0
2020-02-12	0	4.11531833206932	8.24300031037254	0	0	0	0	0
2020-02-13	1.07207939299921	7.69743616284761	12.9797875392901	0	0	0	0	0
2020-02-14	3.28595366177427	11.529598416888	18.0283387069029	0	0	0	0	0
2020-02-15	5.67568132814122	15.6262305237373	23.4053084996959	0	0	0	0	0
2020-02-16	8.25205071541396	20.001757912942	29.1273516041544	0.314878984936134	0	0	0	0
2020-02-17	11.0258501469065	24.6706060140488	35.2111227067634	2.07619215046089	0	0	0	0
2020-02-18	14.0078679459327	29.6472002566044	41.6732764940081	4.00441429282416	1.70563790572779	0	0	0
2020-02-19	17.2088924358066	34.9459660701555	48.5304676523736	6.10946361359463	5.8819437073533	0	0	0
2020-02-20	20.639711939842	40.5813288842487	55.799350868345	8.40125831434101	10.4705311585439	0	0	0
2020-02-21	24.3111147813531	46.5677141284307	63.4965808284075	10.889716596632	15.4943057667255	0	0.0803323299927293	0
2020-02-22	28.2338892836536	52.9195472322482	71.6388122190462	13.5847566620363	20.9761730393241	3.94906232647022	1.15897589398655	0
2020-02-23	32.4188237700576	59.6512536252478	80.2426997267462	16.4962967121227	26.9390384837657	22.5663504894227	2.35240069398494	0
2020-02-24	36.8755472567274	66.774410953115	89.3211020745664	19.6341492180172	33.4066980882167	43.1470937541586	3.66699752728133	0
2020-02-25	41.6090515312187	74.2892057260903	98.8716941318606	23.0077037290762	40.4065097638069	65.826616191194	5.11086638102991	0
2020-02-26	46.6231690739359	82.1929766705532	108.888354804556	26.6262440642131	47.9667219024065	90.7478605385146	6.69253453985002	1.73831336214316
2020-02-27	51.9217323652832	90.483062512883	119.364962998581	30.4990540423417	56.1155828958856	118.053769534106	8.420529288361	9.63700882607597
2020-02-28	57.5085738856646	99.1568019794591	130.295397619863	34.6354174823756	64.8813411361146	147.887285915954	10.3033779111822	18.4314426922055
2020-02-29	63.3875261154845	108.211533796661	141.673537574329	39.0446182032284	74.2922450149638	180.391352422045	12.349607692933	28.1812439818007
2020-03-01	69.5624215351471	117.644596690868	153.493261767907	43.7359400238137	84.3765429243033	215.708911790364	14.5677459182326	38.9460417161306
2020-03-02	76.0324031431037	127.447241352596	165.739563802594	48.7145127939466	95.1524396321455	253.954584151691	16.9643918465571	50.7777964587127
2020-03-03	82.7778560099945	137.586366328908	178.36189606466	53.9688504870466	106.597965411071	295.12969920798	19.5384326368087	63.6977949420575
2020-03-04	89.7744757245065	148.022782131006	191.300825636447	59.4833131074347	118.681106909802	339.207264053977	22.2868274227462	77.7196554409241
2020-03-05	96.9979578753271	158.717299270088	204.496919600294	65.2422606594321	131.369850777062	386.160285784432	25.2065353381285	92.8569962300717
2020-03-06	104.423998051143	169.630728257356	217.890745038543	71.2300531473596	144.632183661574	435.961771494091	28.2945155167144	109.123435584259
2020-03-07	112.028291840643	180.723879604009	231.422869033533	77.4310505755381	158.436092212059	488.584728277701	31.5477270922628	126.532591778246
2020-03-08	119.786534832512	191.957563821247	245.033858667606	83.8296129482888	172.74956307724	544.002163230012	34.9631291985326	145.098083086791
2020-03-09	127.674422615439	203.292591420271	258.664281023101	90.4101002699326	187.540582905841	602.18708344577	38.5376809692825	164.833527784653
2020-03-10	135.66765077811	214.689772912281	272.254703182359	97.1568725447904	202.777138346583	663.112496019722	42.2683415382714	185.752544146591
2020-03-11	143.741914909214	226.109918808477	285.74569222772	104.054289777183	218.427216048191	726.751408046617	46.1520700392581	207.868750447365
2020-03-12	151.872910597436	237.513839620059	299.077815241525	111.086711971432	234.458802659385	793.076826621203	50.1858256060016	231.195764961733
2020-03-13	160.036333431465	248.862345858228	312.191639306114	118.238499131858	250.839884828888	862.061758838225	54.3665673722606	255.747205964454
2020-03-14	168.207878999987	260.116248034183	325.027731503829	125.494011262782	267.538449205425	933.679211792433	58.6912544717941	281.536691730288
2020-03-15	176.36324289169	271.236356659125	337.526658917008	132.837608368524	284.522482437716	1007.90219257857	63.1568460383607	308.577840533994
2020-03-16	184.474499140178	282.180843967949	349.626496850594	140.24912862607	301.744189942908	1084.66059861317	67.7577627199397	336.87133397601
2020-03-17	192.499235558724	292.897329090333	361.255353499939	147.690322903053	319.09265221184	1163.71188859985	72.4782712213913	366.366106959501
2020-03-18	200.391418405519	303.33079287965	372.338845282993	155.118420239773	336.441168503775	1244.77041156401	77.300099761796	396.99815771331
2020-03-19	208.105013938752	313.426216189271	382.80258861771	162.490649676527	353.663038077976	1327.55051653106	82.2049765602343	428.703484466278
2020-03-20	215.593988416616	323.128579872571	392.572199922041	169.764240253613	370.631560193704	1411.76655252639	87.1746298357866	461.418085447251
2020-03-21	222.812308097298	332.382864782921	401.573295613939	176.89642101133	387.220034110223	1497.13286857541	92.1907878075336	495.077958885071
2020-03-22	229.713939238991	341.134051773695	409.731492111355	183.844420989975	403.301759086795	1583.36381370352	97.2351786945556	529.619103008581
2020-03-23	236.256386016389	349.332979847927	416.981800256118	190.563196675811	418.75389281624	1670.15192441232	102.289249830407	564.96488538244
2020-03-24	242.411304270205	356.953920607301	423.296808585556	196.998614338963	433.469026725612	1757.10248710827	107.333325006536	600.988150914566
2020-03-25	248.153887757658	363.977003803163	428.658500060872	203.094267695517	447.343610675521	1843.79897567401	112.347447128866	637.54911384869
2020-03-26	253.459330235964	370.382359186859	433.048857643272	208.793750461561	460.274094526578	1929.8248639922	117.31165910332	674.507988428544
2020-03-27	258.302825462344	376.150116509736	436.449864293957	214.040656353185	472.156928139394	2014.76362594549	122.206003835819	711.724988897862
2020-03-28	262.659567194013	381.260405523138	438.843502974133	218.778579086475	482.888561374579	2098.19873541653	127.010524232287	749.060329500376
2020-03-29	266.504749188191	385.693355978412	440.211756645003	222.95111237752	492.365444092745	2179.71366628797	131.705263198646	786.374224479818
2020-03-30	269.821274666111	389.435456122875	440.549224985206	226.515398422609	500.507999899833	2258.91174036409	136.274465702361	823.536946405466
2020-03-31	272.622884705062	392.498628187733	439.90097454312	229.482773338836	507.332547383106	2335.47567113566	140.719184957065	860.459001148771
2020-04-01	274.931029846353	394.901152900161	438.324688584557	231.878121723498	512.879378875156	2409.1080200151	145.044676237935	897.060952906734
2020-04-02	276.767160631289	396.661310987336	435.878050375329	233.72632817389	517.188786708577	2479.51134841481	149.256194820146	933.263365876353
2020-04-03	278.152727601176	397.797383176433	432.618743181249	235.052277287308	520.301063215961	2546.38821774719	153.358995978873	968.986804254625
2020-04-04	279.10918129732	398.327650194631	428.60445026813	235.880853661048	522.256500729902	2609.44118942465	157.358334989294	1004.15183223855
2020-04-05	279.657972261029	398.270392769103	423.892854901784	236.236941892405	523.095391582993	2668.37282485958	161.259467126583	1038.67901402512
2020-04-06	279.820551033607	397.643891627028	418.541640348024	236.145426578676	522.858028107828	2722.8856854644	165.067647665916	1072.48891381135
2020-04-07	279.618368156362	396.466427495581	412.608489872662	235.631192317155	521.584702636998	2772.6823326515	168.788131882469	1105.50209579422
2020-04-08	279.072874170599	394.756281101939	406.15108674151	234.71912370514	519.315707503097	2817.4653278333	172.426175051419	1137.63912417074
2020-04-09	278.205519617625	392.531733173278	399.227114220382	233.434105339925	516.091335038718	2856.9372324222	175.98703244794	1168.8205631379
2020-04-10	277.037755038745	389.811064436774	391.894255575089	231.801021818806	511.951877576455	2890.8006078306	179.475959347209	1198.9669768927
2020-04-11	275.591030975267	386.612555619603	384.210194071445	229.84475773908	506.9376274489	2918.7580154709	182.898211024402	1227.99892963214
2020-04-12	273.886797968497	382.954487448943	376.232612975262	227.590197698042	501.088876988646	2940.51201675552	186.259042754693	1255.83698555322
2020-04-13	271.947713903046	378.858033453393	368.015618718124	225.063765215981	494.451436206005	2955.83304947768	189.56179120363	1282.40842849087
2020-04-14	269.801266036751	374.355938367258	359.599010394705	222.298039505159	487.093185822164	2964.763056954	192.802118598234	1307.66742083173
2020-04-15	267.476148970756	369.483839726263	351.019010265452	219.327138700833	479.087524236027	2967.41185888192	195.973768555901	1331.57484460037
2020-04-16	265.001057306202	364.277375066136	342.31184059081	216.185180938257	470.507849846499	2963.88927495887	199.070484694023	1354.09158182138
2020-04-17	262.404685644234	358.772181922605	333.513723631226	212.906284352687	461.427561052485	2954.3051248823	202.086010629994	1375.17851451931
2020-04-18	259.715728585992	353.003897831397	324.660881647145	209.524567079379	451.92005625289	2938.76922834964	205.014089981208	1394.79652471875
2020-04-19	256.962880732621	347.008160328239	315.789536899014	206.074147253589	442.058733846618	2917.39140505834	207.848466365057	1412.90649444427
2020-04-20	254.17260108283	340.818230342577	306.932254749224	202.584944349481	431.911110783678	2890.31987054887	210.584273147427	1429.47139019431
2020-04-21	251.362406225593	334.457862378728	298.106972967949	199.070083196852	421.521178218483	2857.85642373379	213.222202688168	1444.4625163628
2020-04-22	248.547577147453	327.948434334728	289.327972427308	195.53848996441	410.927045856552	2820.34125936872	215.764337095624	1457.85326181751
2020-04-23	245.743394834951	321.311324108611	280.609533999418	191.999090820863	400.166823403402	2778.11457220925	218.212758478136	1469.61701542625
2020-04-24	242.965140274631	314.567909598415	271.9659385564	188.460811934915	389.278620564549	2731.516557011	220.569548944046	1479.72716605681
2020-04-25	240.228094453032	307.739568702173	263.411466970371	184.932579475275	378.300547045512	2680.88740852955	222.836790601698	1488.15710257696
2020-04-26	237.547538356699	300.847679317922	254.96040011345	181.42331961065	367.270712551807	2626.56732152052	225.016565559433	1494.88021385451
2020-04-27	234.938752972171	293.913619343696	246.627018857757	177.941958509745	356.227226788953	2568.89649073951	227.110955925595	1499.86988875724
2020-04-28	232.417019285992	286.958766677533	238.42560407541	174.497422341268	345.208199462465	2508.21511094212	229.122043808524	1503.09951615294
2020-04-29	229.997618284703	280.004499217466	230.370436638529	171.098637273927	334.251740277862	2444.86337688395	231.051911316564	1504.5424849094
2020-04-30	227.695830954845	273.072194861532	222.47579741923	167.754529476427	323.395958940662	2379.18148332061	232.902640558058	1504.17218389441
2020-05-01	225.526938282962	266.183231507765	214.755967289634	164.474025117475	312.67896515638	2311.50962500771	234.676313641347	1501.96200197576
2020-05-02	223.506221255595	259.358987054202	207.22522712186	161.26605036578	302.138868630536	2242.18799670083	236.375012674773	1497.88532802125
2020-05-03	221.648960859285	252.620839398878	199.897857788025	158.139531390046	291.813779068645	2171.55679315559	238.00081976668	1491.91555089865
2020-05-04	219.970450762791	245.989986631174	192.787870191772	155.103996866441	281.73613677949	2099.94321270969	239.558154876952	1484.04630493516
2020-05-05	218.48603536373	239.486907605856	185.908195362826	152.171385500968	271.915704484913	2027.62246802925	241.06078937164	1474.35220629553
2020-05-06	217.211071741939	233.131901369033	179.271494362437	149.35423850709	262.356575510022	1954.85677536248	242.524832468339	1462.92811660393
2020-05-07	216.160916977251	226.945266966818	172.890428251855	146.66509709827	253.062843179922	1881.90835095761	243.966393384644	1449.86889748451
2020-05-08	215.350928149502	220.94730344532	166.777658092329	144.116502487971	244.03860081972	1809.03941106286	245.401581338148	1435.26941056143
2020-05-09	214.796462338525	215.158309850651	160.945844945107	141.720995889656	235.287941754524	1736.51217192644	246.846505546446	1419.22451745884
2020-05-10	214.512876624156	209.598585228922	155.40764987144	139.491118516788	226.81495930944	1664.58884979657	248.317275227132	1401.82907980089
2020-05-11	214.514723392387	204.289241559857	150.174947356203	137.437846083078	218.624114794925	1593.51391926913	249.833238193339	1383.17339495851
2020-05-12	214.813336253845	199.25464255764	145.256465578782	135.565892303225	210.721341462838	1523.4608883306	251.426696640353	1363.32950328961
2020-05-13	215.419244125317	194.519964870067	140.66014614219	133.878405392178	203.112940550388	1454.58552331515	253.133191358999	1342.36488089888
2020-05-14	216.342975923586	190.110385144936	136.39393064944	132.378533564884	195.805213294784	1387.04359055692	254.988263140103	1320.34700389098
2020-05-15	217.595060565438	186.051080030042	132.465760703545	131.069425036291	188.804460933234	1320.99085639006	257.027452774489	1297.34334837061
2020-05-16	219.18602696766	182.367226173184	128.883577907517	129.954228021347	182.116984702949	1256.58308714872	259.286301052983	1273.42139044242
2020-05-17	221.126404047035	179.084000222158	125.655323864369	129.036090734999	175.749085841137	1193.97604916704	261.80034876641	1248.64860621111
2020-05-18	223.423488646133	176.222031398699	122.787957979413	128.318830506024	169.707492815812	1133.30186865331	264.603599733948	1223.09567100851
2020-05-19	226.071649310657	173.783759220292	120.284510867155	127.808941118513	164.000643018214	1074.5981113123	267.723909888192	1196.84605707505
2020-05-20	229.062022512092	171.76707577836	118.1470309444	127.513585470383	158.637401070387	1017.87870272289	271.18759819009	1169.98643587833
2020-05-21	232.385744721925	170.169873164326	116.377566627953	127.439926459553	153.626631594376	963.157568463996	275.020983600591	1142.60347888595
2020-05-22	236.033952411643	168.990043469614	114.978166334619	127.595126983943	148.977199212224	910.448634114507	279.250385080642	1114.7838575655
2020-05-23	239.997782052731	168.225478785645	113.950878481203	127.986349941472	144.697968545977	859.76582525332	283.902121591192	1086.61424338457
2020-05-24	244.268370116676	167.874071203843	113.297751484509	128.620758230057	140.797804217678	811.123067459334	289.002512093189	1058.18130781077
2020-05-25	248.836853074965	167.93371281563	113.020833761344	129.505514747618	137.285570849373	764.534286311444	294.577875547581	1029.57172231168
2020-05-26	253.694367399082	168.402295712431	113.122173728511	130.647782392074	134.170133063105	720.013407388546	300.654530915316	1000.87215835491
2020-05-27	258.832049560516	169.277711985668	113.603819802817	132.054724061343	131.460355480919	677.574356269539	307.258797157343	972.169287408041
2020-05-28	264.241036030751	170.557853726763	114.467820401065	133.733502653344	129.165102724861	637.231058533319	314.416993234609	943.549780938676
2020-05-29	269.912463281274	172.24061302714	115.716223940061	135.691281065996	127.293239416973	598.997439758783	322.155438108063	915.100310414409
2020-05-30	275.837467783572	174.323881978222	117.35107883661	137.935222197217	125.853630179301	562.887425524829	330.500450738653	886.907547302834
2020-05-31	282.00718600913	176.805552671432	119.374433507516	140.472488944927	124.855139633888	528.914941410351	339.478350087328	859.058163071546
2020-06-01	288.416196685118	179.685256668846	121.787774189049	143.314092572054	124.307614771587	497.080977690419	349.113777924724	831.637099114054
2020-06-02	295.07284756144	182.969583415161	124.590338395334	146.48643780156	124.224832058473	467.334783424781	359.424667260238	804.722376527511
2020-06-03	301.988928643681	186.666861825724	127.780801459958	150.019777721419	124.621550329428	439.612672369358	370.427273912954	778.390286334987
2020-06-04	309.176229937428	190.785420815886	131.357838716512	153.944365419604	125.512528419337	413.85095828007	382.137853701958	752.717119559548
2020-06-05	316.646541448267	195.333589300996	135.320125498583	158.290453984087	126.91252516308	389.985954912838	394.572662446334	727.779167224262
2020-06-06	324.411653181785	200.319696196402	139.66633713976	163.088296502841	128.836299395541	367.95397602358	407.747955965168	703.652720352196
2020-06-07	332.483355143566	205.752070417454	144.395148973633	168.36814606384	131.298609951603	347.691335368217	421.679990077544	680.414069966418
2020-06-08	340.869085336463	211.6332821487	149.502301671003	174.153633515843	134.308550670506	329.135763361577	436.372279122457	658.131101097369
2020-06-09	349.558873752377	217.942866651486	154.971797251528	180.441900750766	137.852555408923	312.230657054109	451.777371518539	636.838074804982
2020-06-10	358.538398380479	224.654600456358	160.78470307208	187.223467421309	141.911393027884	296.920830155172	467.835074204333	616.560846156564
2020-06-11	367.793337209934	231.742260093859	166.92208648953	194.488853180175	146.465832388419	283.151096374124	484.485194118379	597.325270219422
2020-06-12	377.309368229911	239.179622094535	173.365014860751	202.228577680067	151.496642351559	270.866269420322	501.667538199222	579.157202060862
2020-06-13	387.072169429578	246.94046298893	180.094555542612	210.433160573685	156.984591778335	260.011163003125	519.321913385402	562.082496748192
2020-06-14	397.067418798102	254.998559307591	187.091775891987	219.093121513733	162.910449529776	250.530590831889	537.388126615461	546.127009348717
2020-06-15	407.280794324651	263.327687581061	194.337743265746	228.198980152912	169.254984466913	242.369366615973	555.805984827942	531.316594929746
2020-06-16	417.697973998393	271.901624339885	201.813525020761	237.741256143925	175.998965450776	235.472304064735	574.515294961386	517.677108558584
2020-06-17	428.304635808496	280.694146114609	209.500188513904	247.710469139473	183.123161342397	229.784216887532	593.455863954337	505.234405302538
2020-06-18	439.086457744127	289.679029435778	217.378801102045	258.097138792258	190.608341002804	225.249918793722	612.567498745334	494.014340228916
2020-06-19	450.029117794454	298.830050833936	225.430430142058	268.891784754984	198.435273293029	221.814223492663	631.790006272921	484.042768405023
2020-06-20	461.118293948644	308.120986839628	233.636142990812	280.08492668035	206.584727074103	219.421944693712	651.063193475639	475.345544898168
2020-06-21	472.339664195867	317.525613983399	241.97700700518	291.667084221061	215.037471207054	218.017896106228	670.326867292031	467.948524775655
2020-06-22	483.675309298812	327.015500974562	250.432384698606	303.623960187186	223.769735338322	217.547921924368	689.516221374839	461.865024134373
2020-06-23	495.092921114261	336.553385237504	258.974819210828	315.92199001827	232.739592255972	217.96198828149	708.547996233608	457.058203189528
2020-06-24	506.556594272521	346.099796375377	267.575148838156	328.522792311228	241.900575533479	219.211091795754	727.334319092083	453.478683185907
2020-06-25	518.030423403898	355.615263991336	276.204211876901	341.387985662971	251.206218744314	221.246229085319	745.787317174008	451.077085368298
2020-06-26	529.478503138695	365.060317688535	284.832846623373	354.479188670414	260.610055461954	224.018396768341	763.81911770313	449.804030981488
2020-06-27	540.864928107221	374.395487070127	293.431891373882	367.758019930472	270.065619259871	227.478591462982	781.341847903194	449.610141270265
2020-06-28	552.15379293978	383.581301739266	301.972184424739	381.186098040056	279.526443711538	231.577809787398	798.267634997945	450.446037479414
2020-06-29	563.306775034476	392.581849882111	310.424563544801	394.72345784368	288.940553135346	236.267468455119	814.511514846957	452.258300759659
2020-06-30	574.275882860608	401.375454016837	318.759864393103	408.323799176248	298.233934829351	241.500664561153	830.000157853118	454.977351885461
2020-07-01	585.010707655278	409.943995244624	326.948922101231	421.939238120266	307.327066836527	247.230915295881	844.663143055149	458.529571537217
2020-07-02	595.460840655582	418.269354666651	334.962571800766	435.521890758237	316.140427199846	253.41173784968	858.430049491766	462.841340395324
2020-07-03	605.575873098619	426.333413384099	342.771648623293	449.023873172666	324.594493962281	259.99664941293	871.230456201689	467.839039140178
2020-07-04	615.305396221489	434.118052498148	350.346987700393	462.397301446059	332.609745166806	266.939167176011	882.993942223637	473.449048452176
2020-07-05	624.59900126129	441.605153109977	357.659424163651	475.594291660918	340.106658856392	274.1928083293	893.650086596326	479.597749011716
2020-07-06	633.411651207737	448.77757189313	364.681742224857	488.566077971751	347.020030278495	281.716218130418	903.144820304625	486.212972372661
2020-07-07	641.719796061007	455.622067810603	371.394522416628	501.26036682108	353.34192349849	289.488554105938	911.489482117991	493.228353582753
2020-07-08	649.505257573894	462.126375397757	377.780294351791	513.623982723428	359.078719786237	297.494101849677	918.711762752033	500.578978563203
2020-07-09	656.749857499194	468.27822918995	383.821587643172	525.60375019332	364.236800411592	305.717146955448	924.839352922357	508.199933235219
2020-07-10	663.435417589698	474.065363722543	389.500931903597	537.146493745278	368.822546644415	314.141975017066	929.899943344569	516.02630352001
2020-07-11	669.543759598203	479.475513530897	394.80085674589	548.199037893827	372.842339754562	322.752871628347	933.921224734278	523.993175338787
2020-07-12	675.056705277501	484.49641315037	399.703891782878	558.708207153492	376.302561011892	331.534122383104	936.930887807091	532.035634612759
2020-07-13	679.956076380386	489.115797116323	404.192566627386	568.620826038795	379.209591686262	340.470012875154	938.956623278614	540.088767263136
2020-07-14	684.223694659652	493.321399964116	408.249410892241	577.883719064261	381.569813047532	349.544828698309	940.026121864454	548.087659211127
2020-07-15	687.841381868094	497.100956229108	411.856954190267	586.443710744414	383.389606365557	358.742855446386	940.167074280219	555.967396377942
2020-07-16	690.790959758505	500.442200446659	414.997726134291	594.247625593778	384.675352910197	368.048378713199	939.407171241516	563.663064684791
2020-07-17	693.054250083679	503.33286715213	417.654256337138	601.242288126876	385.43343395131	377.445684092562	937.774103463952	571.109750052882
2020-07-18	694.61307459641	505.760690880881	419.809074411634	607.374522858233	385.670230758753	386.919057178292	935.295561663133	578.242538403427
2020-07-19	695.449255049493	507.71340616827	421.444709970605	612.591154302373	385.392124602384	396.452783564201	931.999236554668	584.996515657633
2020-07-20	695.552285409757	509.185116295212	422.549392023235	616.849086085435	384.613922612187	406.028534360057	927.917719410722	591.315355799461
2020-07-21	694.942348500181	510.195399524834	423.134147164139	620.145538280027	383.384135358646	415.617522739437	923.103203729695	597.177085063866
2020-07-22	693.64729935778	510.770202865814	423.215701384291	622.487810070371	381.759699272371	425.188347391869	917.612783566548	602.568317748553
2020-07-23	691.694993019568	510.935473326834	422.810780674667	623.883200640689	379.797550783971	434.70960700688	911.503552976239	607.475668151228
2020-07-24	689.113284522561	510.717157916573	421.93611102624	624.339009175204	377.554626324057	444.149900274	904.83260601373	611.885750569595
2020-07-25	685.930028903773	510.141203643711	420.608418429984	623.862534858138	375.087862323238	453.477825882757	897.657036733979	615.785179301362
2020-07-26	682.173081200219	509.233557516928	418.844428876873	622.461076873714	372.454195212125	462.661982522678	890.033939191946	619.160568644232
2020-07-27	677.870818639405	508.016874464518	416.661931944955	620.148585863806	369.703782914209	471.673134103528	882.017415654703	622.001987575335
2020-07-28	673.053707210805	506.500641093228	414.082971560571	616.965618300893	366.859669324517	480.490705416008	873.649601237769	624.313323789498
2020-07-29	667.752735094385	504.691051929416	411.130655237135	612.959382115103	363.938119830958	489.096286471053	864.969639268777	626.101919660973
2020-07-30	661.998890470109	502.594301499443	407.82809048806	608.177085236566	360.955399821439	497.471467279601	856.016673075356	627.375117564012
2020-07-31	655.823161517945	500.216584329668	404.198384826761	602.665935595411	357.92777468387	505.597837852587	846.829845985139	628.140259872865
2020-08-01	649.256536417856	497.564094946452	400.264645766653	596.473141121768	354.871509806159	513.456988200948	837.448301325759	628.404688961785
2020-08-02	642.330003349808	494.643027876154	396.049980821148	589.645909745767	351.802870576215	521.030508335621	827.911182424845	628.175747205022
2020-08-03	635.074550493767	491.459577645133	391.577497503661	582.231449397536	348.738122381947	528.299988267542	818.25763261003	627.460776976828
2020-08-04	627.521166029698	488.019938779751	386.870303327607	574.276968007205	345.693530611263	535.247018007646	808.526795208945	626.267120651454
2020-08-05	619.700838137567	484.330305806366	381.951505806399	565.829673504904	342.685360652072	541.85318756687	798.757813549222	624.602120603153
2020-08-06	611.644554997338	480.396873251338	376.844212453452	556.936773820761	339.729877892283	548.100086956152	788.989830958492	622.473119206175
2020-08-07	603.383304788978	476.225835641027	371.571530782178	547.645476884908	336.843347719804	553.969306186426	779.261990764388	619.887458834771
2020-08-08	594.948075692452	471.823387501793	366.156568305994	538.002990627472	334.042035522544	559.442435268629	769.61343629454	616.852481863194
2020-08-09	586.369855887725	467.195723359995	360.622432538312	528.056522978583	331.342206688411	564.501064213698	760.083310876579	613.375530665695
2020-08-10	577.67950618691	462.34839243874	354.990573823951	517.853758591916	328.764443524606	569.130997539249	750.707302558426	609.469177984867
2020-08-11	568.907377930707	457.284362748114	349.275813833343	507.444289015328	326.346596015492	573.334897789623	741.507278269145	605.166918036675
2020-08-12	560.083695091968	452.00595699495	343.491317068325	496.87818252022	324.130831064722	577.11964201584	732.501649658091	600.507475405424
2020-08-13	551.238681643538	446.51549788608	337.650248030732	486.205507377994	322.15931557595	580.492107268921	723.708828374617	595.52957467542
2020-08-14	542.402561558269	440.815308128339	331.765771222401	475.476331860052	320.474216452832	583.459170599887	715.147226068075	590.27194043097
2020-08-15	533.605558809007	434.907710428558	325.851051145169	464.740724237797	319.117700599022	586.027709059758	706.835254387821	584.77329725638
2020-08-16	524.877897368602	428.795027493569	319.919252300871	454.048752782628	318.131934918172	588.204599699555	698.791324983206	579.072369735956
2020-08-17	516.248907551291	422.484595634372	313.984675092576	443.449352359127	317.553874050625	590.00273930453	691.029756285911	573.206161028149
2020-08-18	507.744345036867	416.003805578623	308.066163528282	432.986924204576	317.399623583463	591.459103596859	683.548493856919	567.20478858799
2020-08-19	499.389071846509	409.385061658145	302.183697517218	422.704736149438	317.680076840458	592.61668803295	676.341390039541	561.096648444656
2020-08-20	491.207950001399	402.660768204759	296.357256968614	412.646056024175	318.40612714538	593.518488069211	669.402297177087	554.910136627322
2020-08-21	483.225841522717	395.863329550287	290.606821791699	402.854151659248	319.588667821999	594.207499162049	662.725067612866	548.673649165165
2020-08-22	475.467608431644	389.025150026553	284.952371895702	393.372290885119	321.238592194086	594.726716767872	656.30355369019	542.415582087361
2020-08-23	467.958112749361	382.178633965377	279.413887189852	384.243741532249	323.366793585411	595.119136343088	650.131607752369	536.164331423085
2020-08-24	460.720571897714	375.356030818359	274.012111024878	375.507205579459	325.984469769785	595.425817272643	644.201187775178	529.947345893641
2020-08-25	453.771624901211	368.588970516205	268.770840517497	367.183121599003	329.104036321184	595.680074655638	638.49667426426	523.78828498883
2020-08-26	447.126266185025	361.908928109398	263.714636225926	359.287362311495	332.738213263625	595.913287519715	633.000553357723	517.709860890582
2020-08-27	440.79949017433	355.347378648421	258.868058708378	351.835800437549	336.899720621123	596.156834892513	627.695311193674	511.734785780824
2020-08-28	434.8062912943	348.935797183758	254.255668523071	344.844308697776	341.601278417697	596.442095801672	622.563433910221	505.885771841485
2020-08-29	429.161663970108	342.705658765891	249.902026228221	338.32875981279	346.855606677362	596.800449274833	617.587407645472	500.185531254494
2020-08-30	423.880602626928	336.688438445303	245.831692382042	332.305026503206	352.675425424135	597.263274339636	612.749718537536	494.656776201779
2020-08-31	418.978101689933	330.915611272478	242.069227542752	326.788981489635	359.073454682032	597.86195002372	608.032852724519	489.322218865268
2020-09-01	414.469155584297	325.418652297898	238.639192268564	321.796497492692	366.06241447507	598.627855354728	603.419296344531	484.20457142689
2020-09-02	410.368758735194	320.229036572047	235.566147117696	317.343447232989	373.655024827265	599.592369360298	598.891535535679	479.326546068574
2020-09-03	406.691905567796	315.378239145407	232.874652648363	313.445703431141	381.864005762635	600.786871068071	594.43205643607	474.710854972247
2020-09-04	403.453590507278	310.897735068462	230.589269418781	310.119138807759	390.702077305196	602.242739505687	590.023345183813	470.380210319839
2020-09-05	400.668807978814	306.818999391695	228.734557987165	307.379626083457	400.181959478964	603.991353700786	585.647887917017	466.357324293277
2020-09-06	398.352552407576	303.173507165588	227.335078911732	305.243037978849	410.316372307956	606.064092681009	581.288170773788	462.664909074491
2020-09-07	396.516015427535	299.990465544434	226.413816636341	303.721871057754	421.119643127636	608.490979957723	576.93021323667	459.318778356624
2020-09-08	395.155177507849	297.290010097761	225.987451147424	302.81511725681	432.612528519259	611.296616977201	572.574168165951	456.307151877685
2020-09-09	394.262216326472	295.090008498905	226.071086317058	302.518392355862	444.81739237553	614.504249669443	568.223721766355	453.611350886897
2020-09-10	393.829309561359	293.408328421202	226.67982601732	302.827312134756	457.756598589149	618.13712396445	563.882560242604	451.212696633483
2020-09-11	393.848634890464	292.26283753799	227.828774120287	303.737492373336	471.452511052822	622.218485792224	559.554369799423	449.092510366668
2020-09-12	394.312369991742	291.671403522605	229.533034498036	305.244548851448	485.92749365925	626.771581082762	555.242836641534	447.232113335674
2020-09-13	395.212692543147	291.651894048383	231.807711022642	307.344097348934	501.203910301137	631.819655766067	550.951646973662	445.612826789726
2020-09-14	396.544657946936	292.220699666226	234.666942388349	310.032480813393	517.300148881595	637.387250506318	546.687254963421	444.223363297212
2020-09-15	398.314832502568	293.388302437287	238.121006578063	313.308950863422	534.218693345369	643.504084904415	542.467186630001	443.082000703176
2020-09-16	400.532660233808	295.163707300285	242.179216396856	317.173486285371	551.958051647613	650.201173295439	538.311735955481	442.21440817183
2020-09-17	403.207585164417	297.555919193939	246.850884649801	321.626065865591	570.516731743482	657.509530014466	534.241196921943	441.646254867383
2020-09-18	406.349051318158	300.573943056966	252.145324141972	326.666668390431	589.89324158813	665.460169396579	530.275863511467	441.403209954045
2020-09-19	409.966502718794	304.226783828086	258.071847678439	332.29527264624	610.086089136711	674.084105776854	526.436029706134	441.510942596026
2020-09-20	414.069383390087	308.523446446016	264.639768064275	338.511857419369	631.093782344379	683.412353490374	522.741989488024	441.995121957537
2020-09-21	418.6671373558	313.472935849475	271.858398104554	345.316401496168	652.914829166289	693.475926872216	519.214036839218	442.881417202786
2020-09-22	423.769208639696	319.084256977182	279.737050604348	352.708883662986	675.547737557595	704.305840257461	515.872465741798	444.195497495984
2020-09-23	429.385041265537	325.366414767855	288.285038368728	360.689282706173	698.991015473452	715.933107981187	512.737570177842	445.963032001342
2020-09-24	435.524079257085	332.328414160211	297.511674202769	369.257577412079	723.243170869012	728.388744378474	509.829644129433	448.209689883068
2020-09-25	442.195766638104	339.979260092971	307.426270911541	378.413746567054	748.302711699431	741.703763784402	507.168981578651	450.961140305373
2020-09-26	449.409547432356	348.327957504851	318.038141300118	388.157768957448	774.168145919865	755.909180534051	504.775876507576	454.243052432467
2020-09-27	457.174865663603	357.383511334571	329.356598173572	398.48962336961	800.837981485464	771.036008962499	502.670622898289	458.08109542856
2020-09-28	465.505886349728	367.157047098641	341.389851627922	409.41220077029	828.317979341233	787.117554275435	500.879865717508	462.495779086806
2020-09-29	474.435658485085	377.668172624742	354.141700922968	420.94004084783	856.642912391565	804.196285160983	499.455653870499	467.486975716137
2020-09-30	484.00195205815	388.93861631835	367.614842609458	433.090595470974	885.854806530704	822.316961177876	498.456387247163	473.049398254427
2020-10-01	494.242537057398	400.990106584937	381.811973238138	445.881316508463	915.995687652888	841.524341884847	497.940465737403	479.177759639553
2020-10-02	505.195183471304	413.844371829978	396.735789359755	459.329655829042	947.107581652361	861.863186840631	497.966289231121	485.866772809389
2020-10-03	516.897661288343	427.523140458947	412.388987525055	473.453065301452	979.232514423366	883.378255603959	498.59225761822	493.111150701811
2020-10-04	529.387740496989	442.048140877317	428.774264284787	488.268996794435	1012.41251186014	906.114307733563	499.876770788602	500.905606254695
2020-10-05	542.705417620802	457.445506706928	445.895430111382	503.796926045288	1046.67169775547	930.110471078676	501.880093925476	509.253713985898
2020-10-06	556.899595323673	473.758992435073	463.760751164022	520.064424265515	1081.96258749628	955.383346650511	504.669953385277	518.194494733208
2020-10-07	572.02140280458	491.036757765413	482.379607523573	537.101086535173	1118.21979436805	981.943903750779	508.315940817746	527.775830914393
2020-10-08	588.121969262499	509.326962401608	501.761379270902	554.93650793432	1155.37793165623	1009.80311168119	512.887647872627	538.045604947223
2020-10-09	605.252423896406	528.677766047316	521.915446486876	573.600283543014	1193.37161264631	1038.97193974346	518.45466619966	549.051699249467
2020-10-10	623.463895905277	549.137328406198	542.851189252362	593.122008441312	1232.13545062374	1069.4613572393	525.086587448588	560.841996238894
2020-10-11	642.807514488089	570.753809181911	564.577987648226	613.531277709272	1271.604058874	1101.28233347042	532.853003269151	573.464378333273
2020-10-12	663.326748096307	593.563543830121	587.104083299304	634.854614363396	1311.72028051825	1134.43823822093	541.826713935155	586.96157410732
2020-10-13	685.034422191339	617.555570814502	610.433164006301	657.106253165958	1352.45987802035	1168.90204320452	552.093354216655	601.355696763537
2020-10-14	707.935701487085	642.707104350732	634.567779113893	680.297356815682	1393.80684367987	1204.63912061728	563.741767507768	616.66370566137
2020-10-15	732.035750697443	668.995358654492	659.510477966754	704.439088011288	1435.74516979637	1241.61484265529	576.860797202613	632.90256016027
2020-10-16	757.339734536311	696.397547941459	685.263809909557	729.542609451496	1478.25884866941	1279.79458151466	591.539286695307	650.089219619682
2020-10-17	783.852817717589	724.890886427313	711.830324286979	755.619083835027	1521.33187259856	1319.14370939145	607.866079379968	668.240643399056
2020-10-18	811.580164955172	754.452588327733	739.212570443692	782.679673860601	1564.94823388338	1359.62759848177	625.930018650712	687.373790857838
2020-10-19	840.526940962959	785.059867858397	767.413097724371	810.73554222694	1609.09192482342	1401.21162098171	645.819947901659	707.505621355477
2020-10-20	870.698310454851	816.689939234986	796.434455473692	839.797851632764	1653.74693771826	1443.86114908734	667.624710526926	728.653094251422
2020-10-21	902.099438144743	849.320016673176	826.279193036328	869.877764776794	1698.89726486744	1487.54155499477	691.433149920631	750.833168905118
2020-10-22	934.735488746534	882.927314388648	856.949859756953	900.986444357751	1744.52689857054	1532.21821090007	717.334109476891	774.062804676015
2020-10-23	968.611626974124	917.489046597081	888.449004980243	933.135053074356	1790.61983112711	1577.85648899934	745.416432589825	798.358960923562
2020-10-24	1003.73301754141	952.982427514153	920.779178050872	966.334753625328	1837.16005483672	1624.42176148867	775.76896265355	823.738597007205
2020-10-25	1040.10482516229	989.384671355542	953.942928313512	1000.59670870939	1884.13156199892	1671.87940056414	808.480543062182	850.218672286391
2020-10-26	1077.71123274604	1026.65299535764	987.924033047358	1035.91325784548	1931.49857457621	1720.20107535431	843.643061484013	877.807871130844
2020-10-27	1116.45249598345	1064.66462883966	1022.63118126967	1072.20144783341	1979.14623318276	1769.3836427176	881.360582684011	906.481777951379
2020-10-28	1156.20788876068	1103.27680414155	1057.95428993223	1109.35950229323	2026.93990809569	1819.43025644486	921.740215701318	936.207702169087
2020-10-29	1196.85668496391	1142.34675360322	1093.78327598681	1147.28564484495	2074.74496959209	1870.34407032699	964.889069575071	966.952953205055
2020-10-30	1238.27815847929	1181.73170956461	1130.0080563852	1185.87809910862	2122.42678794909	1922.12823815486	1010.91425334442	998.684840480376
2020-10-31	1280.35158319301	1221.28890436566	1166.51854807918	1225.03508870427	2169.85073344377	1974.78591371935	1059.9228760485	1031.37067341614
2020-11-01	1322.95623299121	1260.87557034628	1203.20466802051	1264.65483725194	2216.88217635325	2028.32025081133	1112.02204672644	1064.97776143343
2020-11-02	1365.97208655529	1300.3559565678	1239.96447202223	1304.63563531935	2263.37949036862	2082.73766461632	1167.29340461199	1099.46594451259
2020-11-03	1409.28194174747	1339.62237897703	1276.7285713423	1344.87604126508	2309.17306283683	2138.05761589837	1225.7167097172	1134.76518487087
2020-11-04	1452.76930122518	1378.57417024216	1313.43571609994	1385.27468039535	2354.08628451884	2194.30282681618	1287.24625224871	1170.7979752848
2020-11-05	1496.31766764586	1417.11066303139	1350.02465641434	1425.73017801644	2397.94254617559	2251.49601952844	1351.83632241317	1207.48680853089
2020-11-06	1539.81054366696	1455.13119001293	1386.43414240473	1466.14115943459	2440.56523856803	2309.65991619385	1419.44121041722	1244.75417738564
2020-11-07	1583.1314319459	1492.53508385495	1422.6029241903	1506.40624995606	2481.77775245709	2368.8172389711	1490.01520646752	1282.52257462558
2020-11-08	1626.16383514012	1529.22167722566	1458.46975189028	1546.42407488709	2521.40347860373	2428.99071001889	1563.5126007707	1320.7144930272
2020-11-09	1668.79125590707	1565.09030279327	1493.97337562386	1586.09325953395	2559.26580776889	2490.20305149591	1639.88768353342	1359.25242536703
2020-11-10	1710.89719690417	1600.04029322595	1529.05254551027	1625.31242920289	2595.18813071352	2552.47698556085	1719.09474496232	1398.05886442157
2020-11-11	1752.36516078887	1633.97098119191	1563.6460116687	1663.98020920016	2628.99383819855	2615.83523437241	1801.08807526405	1437.05630296733
2020-11-12	1793.0786502186	1666.78169935935	1597.69252421837	1701.99522483202	2660.50632098493	2680.30052008928	1885.82196464524	1476.16723378083
2020-11-13	1832.92116785081	1698.37178039645	1631.13083327848	1739.25610140471	2689.54896983362	2745.89556487017	1973.25070331255	1515.31414963858
2020-11-14	1871.77621634292	1728.64055697142	1663.89968896826	1775.66146422449	2715.94517550554	2812.64309087375	2063.32858147262	1554.41954331709
2020-11-15	1909.52729835238	1757.48736175246	1695.9378414069	1811.10993859762	2739.51832876165	2880.56582025873	2156.00988933209	1593.40590759287
2020-11-16	1946.06413367237	1784.81865261407	1727.18125735031	1845.50541798873	2760.12066137193	2949.6815328474	2251.23304835484	1632.19737199232
2020-11-17	1981.30131063913	1810.56938825609	1757.5547701012	1878.77286849596	2777.71976914247	3019.98823911648	2348.87300503359	1670.72461304136
2020-11-18	2015.15963472462	1834.68165258466	1786.98042959896	1910.84252437583	2792.3120888884	3091.47900720627	2448.78883711827	1708.9199440158
2020-11-19	2047.55991140082	1857.09752950591	1815.38028578299	1941.64461988486	2803.89405742486	3164.1469052571	2550.83962235886	1746.71567819145
2020-11-20	2078.42294613971	1877.759102926	1842.67638859269	1971.10938927959	2812.46211156698	3237.98500140926	2654.88443850528	1784.04412884413
2020-11-21	2107.66954441327	1896.60845675106	1868.79078796747	1999.16706681652	2818.01268812989	3312.98636380307	2760.78236330748	1820.83760924964
2020-11-22	2135.22051169346	1913.58767488724	1893.64553384671	2025.74788675218	2820.54222392871	3389.14406057885	2868.3924745154	1857.02843268379
2020-11-23	2161.00109328617	1928.64972802051	1917.16336031524	2050.78065586973	2820.06922610832	3466.39097973769	2977.5769350565	1892.54805912305
2020-11-24	2184.95429383282	1941.79113395608	1939.26973803959	2074.18847105882	2816.70048313256	3544.41928872379	3088.21024856823	1927.32453534649
2020-11-25	2207.02755780877	1953.01929727901	1959.89082183172	2095.89300173574	2810.56485379498	3622.86097484212	3200.17000386554	1961.28505483387
2020-11-26	2227.16832968934	1962.34162257435	1978.95276650358	2115.81591731678	2801.79119688915	3701.34802539768	3313.33378976339	1994.35681106491
2020-11-27	2245.32405394987	1969.76551442714	1996.38172686713	2133.87888721823	2790.50837120865	3779.51242769545	3427.57919507674	2026.46699751936
2020-11-28	2261.44217506569	1975.29837742243	2012.10385773431	2150.00358085638	2776.84523554704	3856.9861690404	3542.78380862053	2057.54280767694
2020-11-29	2275.47013751215	1978.94761614526	2026.04531391708	2164.11166764751	2760.93064869789	3933.40123673752	3658.82521920971	2087.51143501741
2020-11-30	2287.37907639492	1980.73471420024	2038.15322987603	2176.1548743523	2742.89547296315	4008.430198976	3775.54968710304	2116.31533947527
2020-12-01	2297.23488934107	1980.73747127013	2048.45865866623	2186.20515710893	2722.87858467826	4081.90794748186	3892.67815833442	2143.9580468042
2020-12-02	2305.127164608	1979.04776605724	2057.01363299137	2194.36452939999	2701.02086368708	4153.70995486534	4009.90025038151	2170.45834921262
2020-12-03	2311.14549045314	1975.75747726389	2063.87018555515	2200.73500470803	2677.46318983344	4223.71169373667	4126.90558072204	2195.83503890898
2020-12-04	2315.37945513389	1970.95848359239	2069.08034906129	2205.41859651563	2652.34644296117	4291.78863670609	4243.38376683367	2220.10690810173
2020-12-05	2317.91864690766	1964.74266374507	2072.69615621347	2208.51731830537	2625.8115029141	4357.81625638383	4359.02442619409	2243.29274899931
2020-12-06	2318.85265403187	1957.20189642422	2074.7696397154	2210.13318355981	2597.99924953608	4421.67002538011	4473.51717628099	2265.41135381015
2020-12-07	2318.27106476392	1948.42806033218	2075.35283227077	2210.36820576153	2569.05056267095	4483.22541630519	4586.55163457207	2286.4815147427
2020-12-08	2316.26346736122	1938.51303417124	2074.49776658329	2209.3243983931	2539.10632216253	4542.35790176929	4697.817418545	2306.5220240054
2020-12-09	2312.9194500812	1927.54869664374	2072.25647535665	2207.10377493709	2508.30740785466	4598.94295438264	4807.00414567747	2325.55167380669
2020-12-10	2308.32860118125	1915.62692645197	2068.68099129456	2203.80834887607	2476.79469959119	4652.85604675549	4913.80143344718	2343.58925635502
2020-12-11	2302.5805089188	1902.83960229827	2063.82334710071	2199.54013369262	2444.70907721593	4703.97265149805	5017.89889933182	2360.65356385882
2020-12-12	2295.76476155124	1889.27860288493	2057.7355754788	2194.4011428693	2412.19142057275	4752.16824122058	5118.98616080905	2376.76338852654
2020-12-13	2287.970947336	1875.03580691428	2050.46970913254	2188.49338988869	2379.38260950546	4797.31828853329	5216.75283535659	2391.93752256662
2020-12-14	2279.30991967718	1860.22752355921	2042.09487426992	2181.93875598591	2346.43974015652	4839.33947078366	5310.88700917998	2406.20409952593
2020-12-15	2269.97759256563	1845.06778387492	2032.74857111611	2174.93859340634	2313.58477386283	4878.313284268	5401.07064339621	2419.62861830508
2020-12-16	2260.19114513892	1829.7950493872	2022.58539340057	2167.71412214787	2281.05588825993	4914.36243001988	5486.98416785014	2432.28591914309
2020-12-17	2250.16775653461	1814.64778162183	2011.75993485278	2160.48656220844	2249.09126098331	4947.60960907285	5568.30801238664	2444.250842279
2020-12-18	2240.12460589025	1799.86444210459	2000.4267892022	2153.47713358595	2217.92906966851	4978.17752246048	5644.72260685056	2455.59822795184
2020-12-19	2230.27887234339	1785.68349236126	1988.7405501783	2146.90705627832	2187.80749195105	5006.18887121631	5715.90838108676	2466.40291640064
2020-12-20	2220.84773503161	1772.34339391764	1976.85581151054	2140.99755028348	2158.96470546644	5031.7663563739	5781.54576494011	2476.73974786444
2020-12-21	2211.98740759395	1760.0167591905	1964.88594974455	2135.90916008779	2131.5856398942	5054.98250142205	5841.33944030584	2486.65449622311
2020-12-22	2203.61024167548	1748.61280416065	1952.77947269062	2131.55972813148	2105.64223308977	5075.70911967048	5895.09109728069	2496.07666991986
2020-12-23	2195.56762342276	1737.9748956999	1940.44367097517	2127.8064213432	2081.05317495259	5093.76784688415	5942.62667801177	2504.90671103876
2020-12-24	2187.71093898238	1727.94640068004	1927.78583522464	2124.50640665163	2057.7371553821	5108.98031882803	5983.77212464622	2513.04506166387
2020-12-25	2179.89157450089	1718.37068597289	1914.71325606547	2121.51685098545	2035.61286427773	5121.16817126707	6018.35337933115	2520.39216387925
2020-12-26	2171.96091612486	1709.09111845026	1901.13322412409	2118.69492127331	2014.59899153893	5130.15303996625	6046.19638421366	2526.84845976896
2020-12-27	2163.77035000086	1699.95106498394	1886.95303002695	2115.89778444391	1994.61422706514	5135.75656069051	6067.12708144089	2532.31439141706
2020-12-28	2155.17126227546	1690.79389244575	1872.07996440048	2112.98260742589	1975.57726075578	5137.80036920482	6080.97141315996	2536.69040090761
2020-12-29	2146.01503909523	1681.46296770749	1856.42131787111	2109.80655714795	1957.4067825103	5136.10610127414	6087.55532151797	2539.87693032467
2020-12-30	2136.15306660673	1671.80165764096	1839.88438106528	2106.22680053874	1940.02148222814	5130.49539266344	6086.70474866205	2541.7744217523
2020-12-31	2125.43673095653	1661.65332911798	1822.37644460944	2102.10050452694	1923.34004980873	5120.78987913768	6078.24563673932	2542.28331727457
2021-01-01	2113.71741829119	1650.86134901035	1803.80479913001	2097.28483604122	1907.28117515151	5106.81119646181	6062.00392789689	2541.30405897553
2021-01-02	2100.8465147573	1639.26908418988	1784.07673525343	2091.63696201025	1891.76354815592	5088.3809804008	6037.80556428189	2538.73708893924
2021-01-03	2086.67540650141	1626.71990152837	1763.09954360614	2085.0140493627	1876.70585872139	5065.32086671961	6005.47648804143	2534.48284924977
2021-01-04	2071.08382008046	1613.08315434278	1740.80944799005	2077.29473121827	1862.0364330955	5037.49617270558	5964.91788972012	2528.45461132149
2021-01-05	2054.06484369289	1598.33214173071	1717.25840490892	2068.44350546078	1847.72214291834	5004.94694173554	5916.33195345252	2520.61696389007
2021-01-06	2035.63990594749	1582.46614923491	1692.52730404202	2058.44633616507	1833.73949617814	4967.7568987087	5859.9961117707	2510.9473250215
2021-01-07	2015.83043545306	1565.48446239812	1666.69703506856	2047.28918740599	1820.06500086313	4926.00976852425	5796.18779720669	2499.42311278176
2021-01-08	1994.65786081841	1547.3863667631	1639.84848766781	2034.95802325838	1806.67516496153	4879.78927608141	5725.18444229255	2486.02174523683
2021-01-09	1972.14361065232	1528.17114787259	1612.062551519	2021.43880779708	1793.54649646156	4829.17914627939	5647.26347956035	2470.72064045272
2021-01-10	1948.30911356361	1507.83809126934	1583.42011630139	2006.71750509695	1780.65550335147	4774.26310401738	5562.70234154212	2453.49721649539
2021-01-11	1923.18528689038	1486.39978009465	1554.00808932478	1990.78822126461	1767.97133688092	4715.15970599839	5471.82035102705	2434.35008213457
2021-01-12	1896.84100288793	1463.921987884	1523.93744842132	1973.67763053387	1755.43372134541	4652.12683614061	5375.10439183279	2413.36260895488
2021-01-13	1869.35462254089	1440.48378577142	1493.32518905374	1955.42054917034	1742.97502430188	4585.45721016601	5273.08323803412	2390.63935924469
2021-01-14	1840.80450683388	1416.16424489096	1462.28830668474	1936.0517934396	1730.52761330729	4515.44354379657	5166.28566370581	2366.28489529234
2021-01-15	1811.2690167515	1391.04243637663	1430.94379677704	1915.60617960727	1718.02385591857	4442.37855275427	5055.24044292265	2340.4037793862
2021-01-16	1780.82651327839	1365.19743136247	1399.40865479337	1894.11852393893	1705.39611969267	4366.55495276108	4940.47634975942	2313.10057381462
2021-01-17	1749.55535739916	1338.70830098252	1367.79987619644	1871.62364270019	1692.57677218654	4288.26545953899	4822.52215829088	2284.47984086595
2021-01-18	1717.53625391293	1311.65502396177	1336.2234714891	1848.16504307654	1679.50399688483	4207.79891315679	4701.880019787	2254.64757236921
2021-01-19	1684.85928287692	1284.12120938913	1304.74151133475	1823.82099593309	1666.13924098298	4125.42865107059	4578.9455942985	2223.71547831599
2021-01-20	1651.61686816281	1256.19137394446	1273.4050814369	1798.67846305481	1652.44976760415	4041.42413508331	4454.08791907127	2191.79669823853
2021-01-21	1617.90143364233	1227.95003430763	1242.26526749907	1772.82440622671	1638.40283987149	3956.05482699788	4327.6760313512	2159.00437166906
2021-01-22	1583.80540318717	1199.48170715851	1211.37315522479	1746.34578723377	1623.96572090815	3869.59018861722	4200.07896838419	2125.45163813983
2021-01-23	1549.42120066907	1170.87090917696	1180.77983031757	1719.32956786099	1609.1056738373	3782.29968174427	4071.66576741614	2091.25163718308
2021-01-24	1514.84124995971	1142.20215704287	1150.53637848095	1691.86270989337	1593.78996178208	3694.45276818193	3942.80546569294	2056.51750833105
2021-01-25	1480.15797493081	1113.55996743608	1120.69388541843	1664.03217511589	1577.98584786564	3606.31890973315	3813.86710046049	2021.36239111597
2021-01-26	1445.46379945408	1085.02885703648	1091.30343683355	1635.92492531355	1561.66059521114	3518.16756820084	3685.2197089647	1985.8994250701
2021-01-27	1410.85114740123	1056.69334252393	1062.41611842982	1607.62792227134	1544.78146694173	3430.26820538793	3557.23232845144	1950.24174972567
2021-01-28	1376.41244264397	1028.63794057829	1034.08301591077	1579.22812777425	1527.31572618057	3342.89028309734	3430.27399616661	1914.50250461492
2021-01-29	1342.240109054	1000.94716787945	1006.35521497991	1550.81250360727	1509.2306360508	3256.303263132	3304.71374935612	1878.79482927009
2021-01-30	1308.42657050304	973.705541107257	979.283801340778	1522.46801155541	1490.49345967558	3170.77660729484	3180.92062526586	1843.23186322343
2021-01-31	1275.0642508628	946.997576941589	952.919860696881	1494.28161340365	1471.07146017806	3086.57977738878	3059.26366114173	1807.92674600716
2021-02-01	1242.23940579226	920.899452009052	927.304794851056	1466.33701344146	1450.96374438731	3003.96829699408	2940.06899132047	1772.99922736943
2021-02-02	1210.01361809951	895.4539827232	902.441270003377	1438.70488597619	1430.29679395603	2923.1419368004	2823.4911385023	1738.59549792196
2021-02-03	1178.44230237992	870.695645444324	878.322268453222	1411.45264781967	1409.22893424283	2844.2865292747	2709.64172247825	1704.86835849233
2021-02-04	1147.58087322885	846.658916532719	854.940772499977	1384.64771578373	1387.91849060632	2767.58790688398	2598.63236303937	1671.97060990818
2021-02-05	1117.48474524167	823.378272348678	832.289764443026	1358.3575066802	1366.52378840511	2693.23190209522	2490.57467997674	1640.0550529971
2021-02-06	1088.20933301375	800.888189252491	810.362226581746	1332.64943732091	1345.20315299782	2621.40434737539	2385.58029308138	1609.27448858669
2021-02-07	1059.81005114045	779.223143604453	789.151141215523	1307.59092451768	1324.11490974305	2552.29107519149	2283.76082214435	1579.78171750457
2021-02-08	1032.33651575055	758.416592663224	768.651831405715	1283.24498720337	1303.41405979152	2486.04825948817	2185.20882306304	1551.70153179566
2021-02-09	1005.8151491065	738.497917280939	748.868983261592	1259.6570527949	1283.24230746233	2422.71344012081	2089.94059616016	1525.04668837421
2021-02-10	980.266575004146	719.495479208099	729.809623654396	1236.86815083021	1263.73803286669	2362.29449842243	1997.95337786472	1499.80193537177
2021-02-11	955.711417239349	701.437640195207	711.480779455371	1214.91931084724	1245.0396161158	2304.79931572609	1909.24440460575	1475.95202091989
2021-02-12	932.170299607967	684.352761992766	693.889477535765	1193.85156238395	1227.28543732089	2250.23577336484	1823.8109128123	1453.48169315015
2021-02-13	909.663845905852	668.269206351277	677.042744766818	1173.70593497827	1210.61387659314	2198.61175267172	1741.65013891337	1432.37570019408
2021-02-14	888.212679928863	653.215335021242	660.947608019778	1154.52345816814	1195.16331404377	2149.93513497977	1662.759319338	1412.61879018326
2021-02-15	867.837425472854	639.219509753165	645.611094165888	1136.34516149151	1181.07212978399	2104.21380162204	1587.13569051523	1394.19571124924
2021-02-16	848.558706333685	626.310092297548	631.040230076393	1119.21207448633	1168.47870392499	2061.45563393157	1514.77648887409	1377.09121152358
2021-02-17	830.397146307208	614.515444404891	617.242042622537	1103.16522669053	1157.521416578	2021.66851324141	1445.67895084359	1361.29003913784
2021-02-18	813.373369189281	603.863927825699	604.223558675565	1088.24564764206	1148.3386478542	1984.8603208846	1379.84031285277	1346.77694222357
2021-02-19	797.50799877576	594.383904310474	591.991805106722	1074.49436687886	1141.06877786482	1951.03893819419	1317.25781133066	1333.53666891234
2021-02-20	782.821658862501	586.103735609716	580.553808787251	1061.95241393888	1135.85018672106	1920.21224650322	1257.92868270629	1321.5539673357
2021-02-21	769.334973245361	579.051783473929	569.916596588397	1050.66081836006	1132.82125453412	1892.38812714473	1201.85016340868	1310.81358562521
2021-02-22	757.06400462259	573.250501443382	560.09286300296	1040.65432509567	1132.1127536654	1867.55560323891	1148.99762832267	1301.28753498723
2021-02-23	746.00657130202	568.698710217412	551.117973009962	1031.94254076025	1133.82502547703	1845.62826505441	1099.25900615628	1292.89687892725
2021-02-24	736.155930493877	565.389322285121	543.032959209977	1024.52878738369	1138.05080358132	1826.50084464705	1052.50036407329	1285.5499440256
2021-02-25	727.505339408385	563.315250135614	535.878854203582	1018.41638699586	1144.88282159059	1810.06807407263	1008.58776923753	1279.15505686256
2021-02-26	720.048055255774	562.469406257993	529.696690591353	1013.60866162664	1154.41381311716	1796.22468538694	967.387288812821	1273.62054401845
2021-02-27	713.777335246266	562.844703141362	524.527500973866	1010.1089333059	1166.73651177333	1784.86541064579	928.764989962955	1268.85473207357
2021-02-28	708.68643659009	564.434053274824	520.412317951696	1007.92052406351	1181.94365117144	1775.88498190498	892.58693985175	1264.76594760822
2021-03-01	704.767495039474	567.226913054245	517.388317743032	1007.04460365836	1200.11703932691	1769.18210256461	858.724054263074	1261.26340880977
2021-03-02	702.008160514658	571.198914502538	515.477251036504	1007.47373276529	1221.29478186768	1764.67136140194	827.066643461016	1258.25990029377
2021-03-03	700.394961477887	576.322233549381	514.697012138355	1009.19831978816	1245.50405882482	1762.27131853852	797.509866329724	1255.66909828288
2021-03-04	699.914426391404	582.56904612445	515.065495354828	1012.2087731308	1272.77205022937	1761.90053409591	769.948881753346	1253.40467899972
2021-03-05	700.553083717453	589.91152815742	516.600594992167	1016.49550119709	1303.12593611241	1763.47756819567	744.278848616031	1251.38031866691
2021-03-06	702.297461918277	598.321855577968	519.320205356613	1022.04891239085	1336.59289650498	1766.92098095936	720.394925801923	1249.5096935071
2021-03-07	705.13408945612	607.772204315771	523.24222075441	1028.85941511596	1373.20011143815	1772.14933250853	698.192272195172	1247.7064797429
2021-03-08	709.043875512183	618.228172423495	528.373399523884	1036.90931682697	1412.92434140769	1779.06160346851	677.570952998859	1245.89597552657
2021-03-09	713.985252143488	629.629046445772	534.675956131699	1046.14852118136	1455.54066876815	1787.47845647967	658.450658691798	1244.04996672879
2021-03-10	719.911032126014	641.907535050223	542.100969076601	1056.51883088733	1500.77375633883	1797.20097468616	640.755986071739	1242.15186114988
2021-03-11	726.774028235742	654.996346904472	550.599516857339	1067.96204865307	1548.34826693898	1808.03024123212	624.41153193643	1240.18506659012
2021-03-12	734.527053248649	668.828190676137	560.122677972659	1080.41997718679	1597.9888633879	1819.7673392617	609.341893083622	1238.13299084982
2021-03-13	743.122919940717	683.335775032843	570.62153092131	1093.83441919667	1649.42020850485	1832.21335191903	595.471666311063	1235.9790417293
2021-03-14	752.514441087925	698.451808642211	582.047154202037	1108.14717739093	1702.36696510911	1845.16936234828	582.7254484165	1233.70662702884
2021-03-15	762.65442946625	714.109000171862	594.350626313588	1123.30005447774	1756.55379601995	1858.43645369356	571.027836197685	1231.29915454875
2021-03-16	773.495697851674	730.240058289419	607.483025754711	1139.23485316531	1811.70536405665	1871.81570909905	560.303426452365	1228.74003208934
2021-03-17	784.991059020175	746.777691662504	621.395431024154	1155.89337616184	1867.54633203849	1885.10821170887	550.476815978289	1226.01266745091
2021-03-18	797.093325747733	763.654608958738	636.038920620662	1173.21742617553	1923.80136278475	1898.11504466717	541.472601573207	1223.10046843375
2021-03-19	809.755310810327	780.803518845742	651.364573042984	1191.14880591456	1980.19511911468	1910.63729111809	533.215380034868	1219.98684283818
2021-03-20	822.929826983936	798.15712999114	667.323466789867	1209.62931808714	2036.45226384758	1922.47603420579	525.62974816102	1216.6551984645
2021-03-21	836.569687044541	815.648151062553	683.866680360058	1228.60076540147	2092.29745980272	1933.43235707439	518.640302749412	1213.08894311301
2021-03-22	850.625584662645	833.21046764529	700.937858554536	1248.00336226512	2147.43784919509	1943.31091503509	512.17581217866	1209.2668607213
2021-03-23	865.039737086861	850.782672995423	718.450911383216	1267.77096988318	2201.51049182265	1951.93065206717	506.181731150845	1205.14923977617
2021-03-24	879.752242460325	868.304537286706	736.31231515824	1287.83586116012	2254.13492687905	1959.11408431696	500.607685948914	1200.69174490167
2021-03-25	894.703198926172	885.715830692895	754.428546191753	1308.13030900042	2304.93069355795	1964.68372793079	495.403302855814	1195.85004072189
2021-03-26	909.83270462754	902.956323387751	772.706080795901	1328.58658630855	2353.51733105303	1968.46209905499	490.518208154493	1190.57979186091
2021-03-27	925.080857707566	919.965785545028	791.051395282828	1349.13696598898	2399.51437855794	1970.27171383589	485.902028127898	1184.83666294279
2021-03-28	940.387756309386	936.683987338484	809.370965964679	1369.71372094618	2442.54137526636	1969.93508841981	481.504389058977	1178.57631859161
2021-03-29	955.693542434109	953.052975605762	827.574114653462	1390.25445383927	2482.22334018131	1967.30326602008	477.273865601469	1171.75844951297
2021-03-30	970.938533514744	969.023903840059	845.581545160652	1410.71808634599	2518.20721154332	1962.34139811804	473.154825892283	1164.35885073858
2021-03-31	986.063090842269	984.550202198454	863.316806797584	1431.0688698987	2550.1454074023	1955.04316326201	469.090586439119	1156.35734338168
2021-04-01	1001.00757570766	999.58530083803	880.703448875595	1451.2710559298	2577.69034580814	1945.40224000033	465.02446374968	1147.73374855548
2021-04-02	1015.71234940191	1014.08262991587	897.665020706023	1471.28889587166	2600.49444481074	1933.41230688134	460.899774331665	1138.46788737323
2021-04-03	1030.11777321599	1027.99561958905	914.125071600205	1491.08664115666	2618.21012246	1919.06704245335	456.659834692775	1128.53958094816
2021-04-04	1044.16420844088	1041.27770001466	930.007150869477	1510.62854321717	2630.48979680582	1902.36012526472	452.247961340712	1117.9286503935
2021-04-05	1057.79488710558	1053.88357353457	945.241715384961	1529.87276955883	2637.07374605474	1883.30760250096	447.619625470661	1106.62213867191
2021-04-06	1070.96452419122	1065.77303122982	959.786852256926	1548.75315198024	2638.05368903985	1862.01499589639	442.778917027743	1094.6359761438
2021-04-07	1083.63070541692	1076.90713636624	973.607556155424	1567.19743835326	2633.6092047509	1838.61019582251	437.742080644566	1081.99331501901
2021-04-08	1095.75101650182	1087.24695220965	986.668821750504	1585.13337654975	2623.91987217762	1813.22109265083	432.525360953735	1068.71730750737
2021-04-09	1107.28304316507	1096.75354202589	998.935643712221	1602.48871444156	2609.16527030975	1785.97557675287	427.145002587856	1054.83110581872
2021-04-10	1118.18437112579	1105.38796908079	1010.37301671063	1619.19119990055	2589.52497813703	1757.00153850012	421.617250179537	1040.35786216291
2021-04-11	1128.41258610313	1113.11129664017	1020.94593541577	1635.16858079858	2565.1785746492	1726.4268682641	415.958348361384	1025.32072874976
2021-04-12	1137.92527381623	1119.88458796987	1030.61939449771	1650.3486050075	2536.305638836	1694.37945641632	410.184541766002	1009.74285778912
2021-04-13	1146.68001998421	1125.66890633572	1039.35838862649	1664.65902039917	2503.08574968717	1660.98719332828	404.312075025999	993.647401490829
2021-04-14	1154.63441032622	1130.42531500355	1047.12791247217	1678.02757484544	2465.69848619244	1626.37796937148	398.357192773981	977.057512064717
2021-04-15	1161.7460305614	1134.11487723918	1053.8929607048	1690.38201621817	2424.32342734155	1590.67967491745	392.336139642553	959.996341720627
2021-04-16	1167.97246640889	1136.69865630845	1059.61852799443	1701.65009238923	2379.14015212424	1554.02020033768	386.265160264323	942.487042668395
2021-04-17	1173.27130358781	1138.13771547719	1064.26960901111	1711.75955123046	2330.32823953026	1516.52743600368	380.160499271897	924.552767117859
2021-04-18	1177.60012781732	1138.39311801122	1067.81119842489	1720.63814061372	2278.06726854933	1478.32927228697	374.038401297881	906.216667278858
2021-04-19	1180.92255680469	1137.43065042081	1070.21286693223	1728.21915809057	2222.57879738732	1439.55063609508	367.915313856113	887.506358869922
2021-04-20	1183.22633620984	1135.23499219391	1071.4624893351	1734.45809993135	2164.25230111452	1400.30460047968	361.808495985353	868.46731164434
2021-04-21	1184.50524368082	1131.79554606291	1071.55251646191	1739.31601208612	2103.51923401738	1360.70127502849	355.735409605592	849.149458864096
2021-04-22	1184.75305686569	1127.10171476019	1070.47539914103	1742.75394050492	2040.81105038231	1320.8507693292	349.713516636823	829.602733791173
2021-04-23	1183.9635534125	1121.14290101816	1068.22358820085	1744.7329311378	1976.55920449573	1280.86319296953	343.760278999037	809.877069687551
2021-04-24	1182.13051096932	1113.90850756918	1064.78953446976	1745.21402993481	1911.19515064407	1240.84865553718	337.893158612226	790.022399815213
2021-04-25	1179.2477071842	1105.38793714566	1060.16568877614	1744.15828284599	1845.15034311376	1200.91726661986	332.129617396382	770.088657436145
2021-04-26	1175.31537455754	1095.58178917696	1054.35309742493	1741.5349110474	1778.8076695347	1161.16871170437	326.480480453883	750.120599727441
2021-04-27	1170.35956499903	1084.53544988037	1047.38718862726	1737.34583661906	1712.35575091071	1121.66097987395	320.930025616659	730.142279526666
2021-04-28	1164.41278527071	1072.30550217019	1039.31198607084	1731.60115686703	1645.93464158908	1082.44163611094	315.455893899026	710.172573586497
2021-04-29	1157.50754213461	1058.94852896069	1030.17151344333	1724.31096909732	1579.68439591713	1043.55824539768	310.035726315302	690.230358659617
2021-04-30	1149.67634235279	1044.52111316615	1020.00979443244	1715.48537061597	1513.74506824213	1005.05837271649	304.647163879803	670.334511498699
2021-05-01	1140.95169268726	1029.07983770085	1008.87085272585	1705.13445872903	1448.2567129114	966.989583049729	299.267847606846	650.503908856426
2021-05-02	1131.36609990007	1012.68128547907	996.798712011256	1693.26833074253	1383.35938427224	929.399441379725	293.875418510748	630.757427485475
2021-05-03	1120.95207075324	995.382039415104	983.837395976337	1679.8970839625	1319.19313667193	892.335512688812	288.447517605826	611.113944138525
2021-05-04	1109.74211200883	977.238682423221	970.030928308786	1665.03081569498	1255.89802445778	855.845361959332	282.961785906395	591.592335568255
2021-05-05	1097.76873042886	958.307797417704	955.423332696292	1648.67962324601	1193.61410197709	819.976554173621	277.395864426774	572.211478527343
2021-05-06	1085.06443277537	938.645967312837	940.058632826544	1630.85360392162	1132.48142357716	784.776654314018	271.727394181278	552.99024976847
2021-05-07	1071.66172581039	918.309775022897	923.980852387229	1611.56285502784	1072.64004360528	750.293227362857	265.934016184225	533.947526044312
2021-05-08	1057.59311629597	897.355803462168	907.234015066038	1590.81747387072	1014.23001640875	716.573838302478	259.993371449931	515.102184107549
2021-05-09	1042.89111099413	875.840635544931	889.862144550658	1568.62755775628	957.391396334884	683.666052115219	253.883100992714	496.47310071086
2021-05-10	1027.59246856069	853.830172096475	871.91594382794	1545.01945970781	902.24412757251	651.610230402154	247.591185265218	478.081998644545
2021-05-11	1011.75095522652	831.42758558613	853.472833081383	1520.08455561759	848.827713676672	620.417921239318	241.146962473403	459.961984849389
2021-05-12	995.424589116271	808.745366394234	834.616911793649	1493.93047709513	797.161548043955	590.093469321483	234.590110261559	442.149012303801
2021-05-13	978.671388354601	785.89600490113	815.432279447399	1466.66485574997	747.265024070947	560.641219343424	227.960306273972	424.679033986189
2021-05-14	961.549371066156	762.991991487152	796.003035525295	1438.39532319161	699.157535154227	532.06551599991	221.297228154933	407.588002874958
2021-05-15	944.116555375588	740.145816532641	776.413279509996	1409.22951102958	652.858474690384	504.370703985715	214.640553548728	390.911871948517
2021-05-16	926.430959407549	717.469970417937	756.747110884167	1379.27505087341	608.387236076005	477.561127995614	208.029960099647	374.686594185275
2021-05-17	908.545753872412	695.063026567102	737.081155186955	1348.63117769234	565.757021802953	451.640292266816	201.502305045482	358.94178869581
2021-05-18	890.494719823452	672.967890579106	717.462142183464	1317.36353989461	524.956270744233	426.6083392063	195.083163998041	343.681739119405
2021-05-19	872.306790899669	651.213551096642	697.929327695292	1285.52938924817	485.967230868135	402.464570763484	188.795292162635	328.904395227512
2021-05-20	854.010900740059	629.828996762403	678.52196754403	1253.18597752096	448.77215014294	379.208288887781	182.661444744574	314.607706791585
2021-05-21	835.635982983621	608.843216219083	659.279317551271	1220.39055648097	413.353276536936	356.838795528611	176.70437694917	300.789623583079
2021-05-22	817.210971269355	588.285198109375	640.24063353861	1187.20037789612	379.692858018409	335.355392635389	170.946843981735	287.448095373446
2021-05-23	798.76479923626	568.183931075974	621.445171327641	1153.6726935344	347.773142555647	314.757382157534	165.41160104758	274.581071934142
2021-05-24	780.326400523332	548.568403761572	602.932186739956	1119.86475516375	317.576378116934	295.044066044461	160.121403352016	262.186503036618
2021-05-25	761.924708769571	529.467604808862	584.740935597151	1085.83381455213	289.084812670556	276.214746245586	155.099006100354	250.262338452331
2021-05-26	743.588657613976	510.91052286054	566.910673720819	1051.63712346749	262.280694184803	258.26872471033	150.367164497906	238.806527952733
2021-05-27	725.347180695544	492.926146559297	549.480656932552	1017.3319336778	237.146270627956	241.205303388105	145.948633749983	227.817021309278
2021-05-28	707.229211653274	475.543464547827	532.490141053945	982.975496951013	213.663789968303	225.023784228331	141.866169061896	217.29176829342
2021-05-29	689.263684126166	458.791465468824	515.978381906592	948.625065055082	191.815500174132	209.723469180423	138.142525638956	207.228718676613
2021-05-30	671.479531753218	442.699137964983	499.984635312088	914.337889757968	171.583649213728	195.3036601938	134.800458686475	197.625822230312
2021-05-31	653.91097418042	427.291454139361	484.549187540641	880.18784105565	152.942532278838	181.761090603486	131.863796234613	188.4819770346
2021-06-01	636.613375081739	412.57731993649	469.716446656933	846.315261856217	135.834633455054	169.082219286944	129.360657612926	179.79987440409
2021-06-02	619.647384138134	398.561624761267	455.531851174265	812.877113295783	120.19448405143	157.250936507249	127.320234975816	171.583153962029
2021-06-03	603.073651030561	385.249258018587	442.040839605931	780.030356510454	105.956615377018	146.251132527471	125.771720477689	163.835455331658
2021-06-04	586.952825439981	372.645109113346	429.288850465232	747.931952636346	93.0555587408724	136.066697610682	124.744306272949	156.560418136223
2021-06-05	571.345557047352	360.754067450441	417.321322265466	716.738862809571	81.4258454520459	126.681522019956	124.267184516	149.761681998968
2021-06-06	556.312495533633	349.58102243477	406.183693519932	686.608048166241	71.0020068195925	118.079496018365	124.369547361245	143.442886543137
2021-06-07	541.909046798021	339.128912327125	395.91920101785	657.67778031894	61.7205924407987	110.246626109109	125.082697686437	137.609133408058
2021-06-08	528.169641612677	329.39287081189	386.562274652141	630.011572786153	53.5262250658914	103.177383755905	126.446381262712	132.271372297397
2021-06-09	515.123466968001	320.366080429347	378.145142591646	603.654249562837	46.3655457333319	96.868356662599	128.502454584555	127.442014930904
2021-06-10	502.799709854392	312.041723719778	370.700033005207	578.650634643947	40.1851954815803	91.3161325330339	131.29277414645	123.133473028327
2021-06-11	491.227557262251	304.412983223462	364.259174061668	555.045552024441	34.9318153490978	86.5172990710555	134.859196442882	119.358158309416
2021-06-12	480.436196181977	297.473041480683	358.854793929872	532.883825699279	30.5520463743456	82.4684439805092	139.243577968334	116.12848249392
2021-06-13	470.454813603969	291.21508103172	354.519120778658	512.210279663413	26.992529595784	79.1661549652393	144.487775217291	113.456857301589
2021-06-14	461.310107251721	285.6329287174	351.281775270936	493.061705314711	24.2036329880145	76.6068857656499	150.632346186471	111.353658083265
2021-06-15	453.018817781102	280.722988580719	349.161948045866	475.44276366267	22.1506322701994	74.7865542683805	157.712654881521	109.821114714159
2021-06-16	445.595196581074	276.48230896522	348.176222236675	459.350083119696	20.8025300976415	73.7009443966296	165.762766810321	108.859420700577
2021-06-17	439.053495040596	272.907938214444	348.341180976588	444.780292098194	20.1283291256435	73.3458400735954	174.816747480754	108.468769548822
2021-06-18	433.407964548632	269.996924671932	349.673407398831	431.73001901057	20.0970320095081	73.7170252224765	184.908662400699	108.6493547652
2021-06-19	428.672856494143	267.746316681227	352.18948463663	420.19589226923	20.6776414045379	74.8102837664711	196.072577078037	109.401369856014
2021-06-20	424.86242226609	266.153162585869	355.905995823211	410.174540286578	21.8391599660358	76.6213996287777	208.34255702065	110.72500832757
2021-06-21	421.990913253435	265.214510729401	360.8395240918	401.66259147502	23.5505903493045	79.1461567325947	221.752667736417	112.620463686172
2021-06-22	420.072580845139	264.927409455364	367.006652575622	394.656674246963	25.7809352096467	82.3803390011206	236.33697473322	115.087929438124
2021-06-23	419.121676430165	265.288907107299	374.423964407903	389.153417014812	28.4991972023648	86.3197303575535	252.129543518939	118.127599089731
2021-06-24	419.152451397474	266.296052028747	383.10804272187	385.149448190972	31.674378982762	90.9601147250921	269.164439601455	121.739666147297
2021-06-25	420.179157136027	267.945892563252	393.075470650749	382.641396187848	35.2754832061409	96.2972760269348	287.47572848865	125.924324117128
2021-06-26	422.216045034786	270.235477054353	404.342831327763	381.625889417847	39.2715125278038	102.32699818628	307.097475688402	130.681766505526
2021-06-27	425.277366482713	273.161853845593	416.926707886141	382.099556293374	43.631469603054	109.045065126325	328.063746708594	136.012186818798
2021-06-28	429.36870440694	276.719081048396	430.837182616429	384.048450188803	48.3270872676844	116.445538744951	350.39768975156	141.913224071654
2021-06-29	434.460967887283	280.889255845715	446.058334438455	387.41632432638	53.3410190794498	124.515592838754	374.078783797446	148.372299312431
2021-06-30	440.516397541728	285.651485188388	462.567741429369	392.13635689032	58.6586487765952	133.240679179014	399.075590520848	155.374279097873
2021-07-01	447.497233988262	290.98487602725	480.342981666324	398.141726064837	64.2653600973664	142.60624953701	425.356671596371	162.904029984726
2021-07-02	455.365717844873	296.868535313139	499.361633226469	405.365610034147	70.1465367800084	152.597755684021	452.890588698612	170.946418529731
2021-07-03	464.084089729545	303.28156999689	519.601274186952	413.741186982463	76.2875625627661	163.200649391325	481.645903502168	179.486311289633
2021-07-04	473.614590260267	310.203087029341	541.039482624927	423.201635094001	82.6738211838855	174.400382430203	511.591177681642	188.508574821178
2021-07-05	483.915867374439	317.609401751864	563.643328990854	433.67849210304	89.2903355755893	186.177881962784	542.686486545528	197.994917965401
2021-07-06	494.932198287114	325.465663067981	587.337853228443	445.096733944124	96.1206854460111	198.495976714603	574.857959937906	207.914418700512
2021-07-07	506.604267532764	333.734228271747	612.037587654719	457.379696101862	103.148089697264	211.312970802051	608.023241336758	218.232997289015
2021-07-08	518.872759645856	342.37745465722	637.657064586703	470.450714060864	110.355767231459	224.587168341516	642.099974220061	228.916573993415
2021-07-09	531.678359160859	351.357699518458	664.11081634142	484.233123305738	117.726936950709	238.276873449384	677.005802065792	239.931069076214
2021-07-10	544.961750612242	360.637320149515	691.313375235888	498.650259321093	125.244817757124	252.340390242043	712.658368351928	251.242402799915
2021-07-11	558.663618534474	370.178673844451	719.179273587135	513.625457591538	132.892628552818	266.736022835884	748.975316556451	262.816495427023
2021-07-12	572.724647462025	379.944117897323	747.623043712182	529.082053601683	140.653588239902	281.422075347294	785.874290157337	274.61926722004
2021-07-13	587.085521929362	389.896009602185	776.559217928049	544.943382836135	148.510915720489	296.356851892658	823.272932632563	286.61663844147
2021-07-14	601.686926470956	399.996706253097	805.902328551763	561.132780779506	156.447829896689	311.498656588369	861.08888746011	298.774529353817
2021-07-15	616.469545621274	410.208565144115	835.566907900345	577.573582916404	164.447549670616	326.805793550812	899.239798117954	311.058860219584
2021-07-16	631.374063914786	420.493943569296	865.467488290818	594.189124731437	172.493293944381	342.236566896377	937.643308084075	323.435551301275
2021-07-17	646.34116588596	430.815198822697	895.518602040202	610.902741709213	180.568281620095	357.749280741449	976.217060836448	335.870522861392
2021-07-18	661.311536069266	441.134688198375	925.634781465525	627.637769334344	188.655731599872	373.30223920242	1014.87869985306	348.32969516244
