date	state	King	Snohomish	Pierce	Ann Arbor	Boston	San Diego	DC
2020-01-26	0	0	0	0	0	0	0	0
2020-01-27	0	0	0	0	0	0	0	0
2020-01-28	0	0	0	0	0	0	0	0
2020-01-29	0	0	0	0	0	0	0	0
2020-01-30	0	0	0	0	0	0	0	0
2020-01-31	0	0	0	0	0	0	0	0
2020-02-01	0	0	0	0	0	0	0	0
2020-02-02	0	0	0	0	0	0	0	0
2020-02-03	0	0	0	0	0	0	0	0
2020-02-04	0	0	0	0	0	0	0	0
2020-02-05	0	0	0	0	0	0	0	0
2020-02-06	0	0	0	0	0	0	0	0
2020-02-07	0	0	0	0	0	0	0	0
2020-02-08	0	0	0	0	0	0	0	0
2020-02-09	0	0.117898224479963	0	0	0	0	0	0
2020-02-10	0	0.402374075902128	0	0	0	0	0	0
2020-02-11	0.0148211424238123	0.699063959697417	0	0	0	0	0	0
2020-02-12	0.1502991434323	1.00891961399706	0.0542964144379481	0	0	0	0	0
2020-02-13	0.293333810869574	1.33289277693228	0.229120156929395	0	0	0	0	0
2020-02-14	0.444458368260475	1.67193518663432	0.414436352153434	0	0	0	0	0
2020-02-15	0.604206039129846	2.02699858123439	0.610942532811837	0	0	0	0	0
2020-02-16	0.773110047002527	2.39903469886372	0.819336231606379	0	0	0	0	0
2020-02-17	0.951703848689499	2.78893784967395	1.04033330601444	0	0	0	0	0
2020-02-18	1.1405218341463	3.19737263189836	1.2747229126158	0	0	0	0	0
2020-02-19	1.34009862661459	3.62494621579062	1.52331253276586	0	0	0	0	0
2020-02-20	1.55096884933604	4.07226577160442	1.78690964782	0.0302100950952304	0	0	0	0
2020-02-21	1.77366712555233	4.53993846959345	2.06632173913361	0.0995576105382657	0	0	0	0
2020-02-22	2.00872807850514	5.02857148001139	2.3623562880621	0.175422663542056	0	0	0	0
2020-02-23	2.25668633143612	5.53877197311191	2.67582077596084	0.258228748415118	0	0	0	0
2020-02-24	2.51793955269503	6.07088750140006	3.007321024209	0.348358413527856	0	0	0	0
2020-02-25	2.79233759106393	6.6242271463863	3.35665621428085	0.446030423498239	0	0	0	0
2020-02-26	3.07959334043296	7.19784037183243	3.72342386767442	0.551422597006125	0	0	0	0
2020-02-27	3.37941969469226	7.79077664150028	4.10722150588775	0.664712752731371	0.155526677656446	0	0.00729844416284127	0
2020-02-28	3.69152954773198	8.40208541915165	4.50764665041889	0.786078709353838	0.382095785169143	0	0.0580302598605787	0
2020-02-29	4.01563579344225	9.03081616854836	4.92429682276587	0.915698285553381	0.630521558943968	0	0.113819980809947	0
2020-03-01	4.35145132571321	9.67601835345222	5.35676954442673	1.05374930000986	0.901770160936872	0	0.174900179814846	0
2020-03-02	4.69868903843501	10.336741437625	5.8046623368995	1.20040957140313	1.1968077531038	0	0.241503429679175	0
2020-03-03	5.05706182549778	11.0120348848286	6.26757272168224	1.35585691841306	1.51660049740072	0.174378789613138	0.313862303206833	0.358129356299092
2020-03-04	5.42628258079166	11.7009481588248	6.74509822027296	1.5202691597195	1.86211455578356	1.16032493696828	0.392209373201719	0.867718485368343
2020-03-05	5.80606419820681	12.4025307233754	7.23683635416972	1.6938241140023	2.23431609020828	2.24527727129267	0.476777212467734	1.42708143259455
2020-03-06	6.19611957163334	13.1158320422422	7.74238464487056	1.87669959994134	2.63417126263082	3.43376438208291	0.567798393808776	2.03845754376272
2020-03-07	6.59616159496141	13.8399015791871	8.2613406138735	2.06907343621645	3.06264623500714	4.73031485883555	0.665505490028745	2.70408616465788
2020-03-08	7.00590316208116	14.5737887979717	8.7933017826766	2.27112344150752	3.52070716929319	6.1394572910472	0.770131073931539	3.42620664106504
2020-03-09	7.42486639594966	15.3162194563898	9.33758831516585	2.4829355668006	4.00922269444255	7.66587569928054	0.881887502577967	4.20708693280479
2020-03-10	7.85181033579167	16.064624488362	9.89241094477909	2.70422829230668	4.5286713073993	9.31487582836272	1.00090627005647	5.04910945583994
2020-03-11	8.28530324989891	16.8161111218405	10.4557030473422	2.93462823054294	5.07943397210517	11.091918854187	1.12729865471241	5.95468524016886
2020-03-12	8.72391340656307	17.5677865847778	11.0253979986809	3.17376199402657	5.66189165250187	13.0024659526466	1.26117593489112	6.92622531578993
2020-03-13	9.16620907407587	18.3167581051263	11.599429174621	3.42125619527476	6.27642531253112	15.0519782996349	1.40264938893797	7.96614071270151
2020-03-14	9.61075852072901	19.0601329108383	12.1757299509884	3.67673744680471	6.92341591613464	17.245917071045	1.5518302951983	9.076842460902
2020-03-15	10.0561300148142	19.7950182298662	12.7522337036088	3.93983236113359	7.60324442725415	19.5897434427702	1.70882993201747	10.2607415903897
2020-03-16	10.500794727326	20.5185512346078	13.3267067047681	4.21004095790769	8.31590434712444	22.0873285192904	1.87367127176592	11.5195088260796
2020-03-17	10.9428354400708	21.2279888752421	13.896246812592	4.4863568852896	9.05983932615259	24.7361831194321	2.04602406291452	12.8518536725519
2020-03-18	11.3802378375576	21.9206180463936	14.4577847816661	4.76764719857104	9.83310555203877	27.5322279906085	2.2254697479592	14.2557453293037
2020-03-19	11.8109876042958	22.5937256426868	15.008251366576	5.05277895304366	10.6337592124831	30.4713838802327	2.41158976939593	15.7291529958319
2020-03-20	12.2330704247945	23.244598558746	15.5445773219075	5.34061920399919	11.4598564951858	33.5495715357177	2.60396556972064	17.2700458716332
2020-03-21	12.6444719835628	23.8705236891959	16.0636934022462	5.63003500672929	12.309453587847	36.7627117044768	2.8021785914293	18.8763931562047
2020-03-22	13.04317796511	24.4687879286607	16.5625303621778	5.91989341652567	13.1806066781668	40.106725133923	3.00581027701786	20.5461640490432
2020-03-23	13.4271740539452	25.036678171765	17.0380189562879	6.20906148868001	14.0713719538454	43.5775325714695	3.21444206898226	22.2773277496456
2020-03-24	13.7944459345777	25.5714813131332	17.4870899391622	6.496406278484	14.9798056025829	47.1710547645295	3.42765540981846	24.0678534575089
2020-03-25	14.1429792915166	26.0704842473898	17.9066740653864	6.78079484122934	15.9039638120796	50.883212460516	3.6450317420224	25.9157103721299
2020-03-26	14.4707598092711	26.5309738691591	18.2937020895462	7.06109423220771	16.8419027700355	54.7099264068421	3.86615250809005	27.8188676930054
2020-03-27	14.7757731723504	26.9502370730658	18.6451047662271	7.33617150671081	17.7916786641508	58.6471173509211	4.09059915051734	29.7752946196325
2020-03-28	15.0560050652636	27.3255607537342	18.9578128500149	7.60489372003032	18.7513476821258	62.690706040166	4.31795311180023	31.782960351508
2020-03-29	15.30944117252	27.6542318057888	19.2287570954952	7.86612792745793	19.7189660116604	66.83661322199	4.54779583443468	33.8398340881287
2020-03-30	15.5344765102115	27.9341150917358	19.4556097480311	8.11876691474978	20.6922731559994	71.0784059777335	4.77963310601812	35.9431884423786
2020-03-31	15.7311434207607	28.1653873456089	19.6390090160951	8.36180638951972	21.6677418805653	75.4002367244465	5.01266809455392	38.0875096806889
2020-04-01	15.8998835781731	28.3488032693233	19.7803345989372	8.59426778984603	22.6415282663251	79.7839042131062	5.24602831314696	40.2665874828779
2020-04-02	16.0411386564541	28.4851175647945	19.8809661958074	8.81517255380702	23.6097883942459	84.2112071946898	5.4788412749021	42.474211528764
2020-04-03	16.155350329609	28.5750849339377	19.9422835059556	9.02354211948097	24.5686783452945	88.6639444201745	5.71023449292421	44.7041714981652
2020-04-04	16.2429602716434	28.6194600786685	19.9656662286317	9.21839792494618	25.5143542004381	93.1239146405376	5.93933548031815	46.9502570709
2020-04-05	16.3044101565625	28.6189977009022	19.9524940630858	9.39876140828093	26.4429720406436	97.5729166067564	6.16527175018879	49.2062579267865
2020-04-06	16.3402509792274	28.5746368255611	19.9042690351953	9.56382322561745	27.3506963633023	101.992220583774	6.38725292824103	51.4656201508536
2020-04-07	16.3514710179213	28.488053769596	19.8229824773487	9.71345090530365	28.2337253315025	106.360982892399	6.60481709057988	53.7204154489726
2020-04-08	16.3391678717827	28.3611091729645	19.7107480485619	9.84768119374138	29.0882655247567	110.657831367404	6.81758442591041	55.9623719322251
2020-04-09	16.3044391399505	28.1956636756243	19.569679407851	9.96655083733248	29.9105235225776	114.861393843564	7.02517512293765	58.183217711693
2020-04-10	16.2483824215633	27.9935779175332	19.4018902142319	10.0700965824788	30.6967059044776	118.950298155654	7.22720937036667	60.3746808984581
2020-04-11	16.1720953157599	27.7567125386488	19.2094941267207	10.1583551755822	31.4430192499694	122.903172138445	7.42330735690251	62.528489603602
2020-04-12	16.0766754216789	27.4869281789288	18.9946048043333	10.2313633630444	32.1456701385654	126.698643626714	7.61308927125023	64.6363719382068
2020-04-13	15.9632203384592	27.186085478331	18.7593359060858	10.2891578912674	32.8008651497783	130.315340455234	7.79617530211489	66.690056013354
2020-04-14	15.8328276652393	26.8560450768131	18.5058010909941	10.331775506653	33.4048108631205	133.731890458778	7.97218563820152	68.6812699401255
2020-04-15	15.6865950011579	26.4986676143326	18.2361140180743	10.359252955603	33.9537138581047	136.926921472121	8.14074046821519	70.601741829603
2020-04-16	15.5256199453539	26.1158137308474	17.9523883463423	10.3716269845193	34.4437807142434	139.879061330037	8.30145998086094	72.4431997928684
2020-04-17	15.3510000969659	25.7093440663152	17.6567377348141	10.3689343398037	34.8712180110491	142.566937867299	8.45396436484384	74.1973719410034
2020-04-18	15.1638330551326	25.2811192606936	17.3512758425058	10.351211767858	35.2322323280344	144.969178918682	8.59787380886893	75.8559863850898
2020-04-19	14.9652164189927	24.8329999539403	17.0381163284334	10.3184960150842	35.5230302447119	147.06441231896	8.73280850164126	77.4107712362093
2020-04-20	14.7562284068398	24.3668556729109	16.7193624110166	10.2710506836435	35.7405280139317	148.83491320829	8.85851024146395	78.8542117058796
2020-04-21	14.5378697135874	23.8845914920522	16.3970755462905	10.2100467987354	35.8844805818947	150.277545948361	8.9752072650323	80.1818214073604
2020-04-22	14.3111216533035	23.3881213727089	16.073306749694	10.1368822413188	35.9553525681392	151.392822206247	9.08324941863971	81.3898710543474
2020-04-23	14.0769655400564	22.8793592762255	15.750107036666	10.0529548923527	35.9536085922037	152.18125364902	9.18298654857955	82.4746313605363
2020-04-24	13.8363826879144	22.3602191639467	15.4295274226453	9.95966263279598	35.8797132736266	152.643351943753	9.2747685011452	83.4323730396228
2020-04-25	13.5903544109457	21.8326149972171	15.1136189230709	9.85840334360766	35.7341312319464	152.779628757519	9.35894512263004	84.2593668053025
2020-04-26	13.3398620232186	21.2984607373815	14.8044325533815	9.75057490574663	35.5173270867015	152.590595757391	9.43586625932744	84.9518833712709
2020-04-27	13.0858129170582	20.7595434584561	14.5036374764852	9.63737132313228	35.2303796210105	152.07965236415	9.5058063072072	85.5073103246444
2020-04-28	12.8288187978181	20.217142685144	14.2113754451663	9.51917109152562	34.8768242723135	151.261749013411	9.5687378609448	85.927502746221
2020-04-29	12.5694174491088	19.67241105482	13.9274063596784	9.39614882964809	34.4608106416307	150.154723894496	9.62455806489213	86.2154325902195
2020-04-30	12.3081466545407	19.1265012048586	13.651490120275	9.26847915622114	33.9864883299824	148.776415196728	9.6731640634011	86.3740718108589
2020-05-01	12.0455441977243	18.5805657726348	13.3833866272095	9.13633668996621	33.4580069383888	147.144661109431	9.71445300082358	86.4063923623577
2020-05-02	11.78214786227	18.0357573955231	13.1228557807355	8.99989604960473	32.8795160678702	145.277299821927	9.74832202151149	86.3153661989348
2020-05-03	11.5184954317885	17.4932287108984	12.8696574811064	8.85933185385815	32.2551653194468	143.192169523539	9.77466826981672	86.1039652748088
2020-05-04	11.2551246898902	16.9541323561354	12.6235516285758	8.71481872144791	31.5891042941389	140.90710840359	9.79338889009115	85.7751615441987
2020-05-05	10.9925734201855	16.4196209686088	12.3842981233972	8.56653127109545	30.8854825929668	138.439954651403	9.80438102668669	85.3319269613231
2020-05-06	10.7313794062849	15.8908471856934	12.151656865824	8.41464412152222	30.1484498169506	135.808546456302	9.80754182395524	84.7772334804008
2020-05-07	10.472080431799	15.3689636447638	11.9253877561099	8.25933189144964	29.3821555671108	133.030722007607	9.80276842624868	84.1140530556506
2020-05-08	10.2152142803382	14.8551229831949	11.7052506945081	8.10076919959917	28.5907494444674	130.124319494644	9.78995797791892	83.3453576412912
2020-05-09	9.96131873551297	14.3504778383613	11.4910055812724	7.93913066469225	27.7783810500408	127.107177106734	9.76900762331785	82.4741191915414
2020-05-10	9.71093158093385	13.8561808476378	11.2824123166561	7.77459090545031	26.9491999848512	123.997133033201	9.73981450679735	81.5033096606199
2020-05-11	9.4646007449452	13.3732218575834	11.0790831152881	7.60747744274012	26.1070518820888	120.81179848841	9.70239693762078	80.4366801077786
2020-05-12	9.22291473482692	12.9019395514939	10.8800394492984	7.43872940600973	25.2545665036234	117.567876786897	9.65725788469716	79.2810980124011
2020-05-13	8.9864722025928	12.4425098218495	10.6841551051922	7.26943882685253	24.3940696434947	114.281844268241	9.60502148184699	78.0442099589043
2020-05-14	8.75587180025663	11.9951085611303	10.490303869475	7.10069773686188	23.5278870957423	110.970177272021	9.54631186289076	76.7336625317049
2020-05-15	8.53171217983222	11.5599116618166	10.2973595286519	6.93359816763116	22.6583446544059	107.649352137816	9.48175316164894	75.3571023152198
2020-05-16	8.31459199333335	11.1370950163883	10.1041958692284	6.76923215075376	21.7877681135251	104.335845205204	9.41196951194203	73.9221758938656
2020-05-17	8.10510989277382	10.7268345173258	9.90968667770967	6.60869171782304	20.9184832671398	101.046132813765	9.3375850475905	72.4365298520591
2020-05-18	7.90377800375989	10.3292688349637	9.71299746140238	6.45291359141241	20.0527663151155	97.7943889274295	9.25923692340144	70.9074385911222
2020-05-19	7.71076234626771	9.94438775105575	9.51446061081823	6.30221325801542	19.1926950806217	94.5855780075427	9.17761437812835	69.340687779996
2020-05-20	7.52614241386589	9.57214382521007	9.31470023727027	6.15675089510565	18.3402977926539	91.422362139802	9.09341967151133	67.741690904527
2020-05-21	7.34999770012305	9.21248961703496	9.11434045207151	6.01668668015667	17.4976026802074	88.3074034099049	9.00735506329047	66.1158614505616
2020-05-22	7.18240769860781	8.86537768613865	8.91400536653496	5.88218079064205	16.6666379722778	85.2433639035488	8.92012281320587	64.4686129039461
2020-05-23	7.02345190288877	8.5307605921294	8.71431909197366	5.75339340403538	15.8494318978604	82.2329057064312	8.83242518099764	62.8053587505267
2020-05-24	6.87320980653456	8.20859089461546	8.51590573970063	5.63048469781023	15.0480126859508	79.2786909042498	8.74496442640586	61.1315124761499
2020-05-25	6.73176090311379	7.89882115320507	8.31938942102888	5.51361484944018	14.2644085655443	76.3833815827018	8.65844280917064	59.452487566662
2020-05-26	6.59918468619508	7.60140392750648	8.12539424727145	5.4029440363988	13.5006477656364	73.549639827485	8.57356258903208	57.7736975079093
2020-05-27	6.47556064934704	7.31629177712795	7.93454432974135	5.29863243615967	12.7587585152225	70.7801277242966	8.49102602573027	56.1005557857381
2020-05-28	6.36096828613829	7.04343726167771	7.7474637797516	5.20084022619636	12.0407690432981	68.0775073588343	8.41153537900532	54.4384758859948
2020-05-29	6.25548709013744	6.78279294076402	7.56477670861524	5.10972758398246	11.3487075788586	65.4444408167955	8.33579290859731	52.7928712945258
2020-05-30	6.15919655491311	6.53431137399513	7.38710722764527	5.02545468699154	10.6846023508995	62.8835901838778	8.26450087424636	51.1691554971773
2020-05-31	6.07217617403391	6.29794512097928	7.21507944815473	4.94818171269717	10.0504815884162	60.3976175457785	8.19836153569255	49.5727419797957
2020-06-01	5.9944605350539	6.07362050578972	7.04928912646612	4.87806350009727	9.44799883800402	57.9887501967305	8.13802490234051	48.0080996792148
2020-06-02	5.92590460146889	5.86115891035965	6.89021859893985	4.8152335342871	8.87730891665831	55.6574762651075	8.08393198225294	46.4759193362187
2020-06-03	5.86631843076011	5.66035548108728	6.73832184694581	4.75981996188626	8.33819195897418	53.4038490878182	8.03647153315707	44.9759471425786
2020-06-04	5.81551208040882	5.47100536437082	6.59405285185392	4.71195092951435	7.83042809954682	51.2279220017716	7.99603231278012	43.5079292900662
2020-06-05	5.77329560789627	5.29290370660846	6.45786559503406	4.67175458379096	7.3537974729714	49.1297483438766	7.96300307884933	42.0716119704528
2020-06-06	5.73947907070368	5.12584565419841	6.33021405785612	4.63935907133569	6.90808021384309	47.1093814510421	7.93777258909192	40.6667413755099
2020-06-07	5.71387252631232	4.96962635353888	6.21155222169002	4.61489253876815	6.49305645675707	45.1668746601771	7.92072960123511	39.2930636970089
2020-06-08	5.69629383526872	4.82405614708127	6.10215335499996	4.59840002002868	6.10834976198732	43.3019002076461	7.91219184050606	37.9503805708905
2020-06-09	5.6865920703806	4.68900616148986	6.00156787462743	4.58959409834066	5.75295739252296	41.5126059276375	7.91219290213158	36.6387154097716
2020-06-10	5.68462410752101	4.56436271948212	5.90916548450823	4.58810424424821	5.42572003703193	39.7967585537953	7.92069534883844	35.3581470704383
2020-06-11	5.69024682256296	4.45001214377552	5.82431588857818	4.59355992829547	5.12547838418216	38.1521248197636	7.93766174335337	34.1087544096768
2020-06-12	5.70331709137949	4.34584075708754	5.74638879077308	4.60559062102656	4.85107312264158	36.5764714591863	7.96305464840312	32.8906162842732
2020-06-13	5.72369178984361	4.25173488213565	5.67475389502874	4.62382579298561	4.60134494107812	35.0675652057076	7.99683662671445	31.7038115510135
2020-06-14	5.75122779382835	4.16758084163733	5.60878090528096	4.64789491471674	4.37513452815971	33.6231727929715	8.03897024101409	30.548419066684
2020-06-15	5.78578197920674	4.09326495831005	5.54783952546555	4.67742745676409	4.17128257255428	32.2410609546221	8.08941805402879	29.4245176880706
2020-06-16	5.82721122185182	4.02867355487129	5.49129945951832	4.71205288967178	3.98862976292977	30.9189964243033	8.14814262848531	28.3321862719595
2020-06-17	5.87537239763659	3.97369295403852	5.43853041137508	4.75140068398394	3.8260167879541	29.6547459356593	8.21510652711038	27.2715036751369
2020-06-18	5.93012238243409	3.92820947852921	5.38890208497162	4.79510031024471	3.6822843362952	28.4460762223341	8.29027231263077	26.2425487543889
2020-06-19	5.99131805211735	3.89210945106085	5.34178418424377	4.84278123899819	3.55627309662101	27.2907540179718	8.3736025477732	25.2454003665015
2020-06-20	6.05881628255939	3.86527919435091	5.29654641312731	4.89407294078853	3.44682375759946	26.1865460562164	8.46505979526444	24.2801373682608
2020-06-21	6.13247394963324	3.84760503111686	5.25255847555807	4.94860488615985	3.35277700789847	25.1312190707119	8.56460661783123	23.3468386164531
2020-06-22	6.2121029931486	3.83891137724088	5.20931557223392	5.00604325205081	3.27295039790098	24.1230918210922	8.67207391349156	22.4455206697423
2020-06-23	6.29733560866182	3.83877502126394	5.16681489090096	5.06620104097821	3.20606892484994	23.1626911709493	8.78676592142841	21.5759508943041
2020-06-24	6.38775905566593	3.84671084489173	5.12517911606738	5.12892796185336	3.15083444770328	22.2510960098652	8.90785521611602	20.7378343581921
2020-06-25	6.48296059365397	3.86223372982994	5.08453093224136	5.19407372358759	3.10594882541895	21.3893852274218	9.0345143720286	19.9308761294599
2020-06-26	6.58252748211897	3.88485855778423	5.04499302393109	5.26148803509223	3.07011391695489	20.578637713201	9.16591596364039	19.154781276161
2020-06-27	6.68604698055395	3.9141002104603	5.00668807564475	5.3310206052786	3.04203158126904	19.8199323567847	9.30123256542561	18.4092548663492
2020-06-28	6.79310634845195	3.94947356956381	4.96973877189052	5.40252114305803	3.02040367731935	19.1143480477548	9.43963675185849	17.694001968078
2020-06-29	6.90330799311825	3.99053121896622	4.93426629336652	5.4759309000525	3.00407390849625	18.4623765522811	9.58027739090671	17.0086327706256
2020-06-30	7.0163149131071	4.03697655120195	4.90038580553072	5.55155729872675	2.99245335592009	17.8621611428857	9.72220852451172	16.3523779481686
2020-07-01	7.13180525478502	4.08855066097122	4.868210970031	5.62979930425616	2.98509494514373	17.3112579686784	9.86446048810843	15.7243732961084
2020-07-02	7.24945716451852	4.14499464297421	4.83785544851525	5.7110558818161	2.98155160172001	16.8072231787693	10.0060636171318	15.1237546098461
2020-07-03	7.36894878867412	4.20604959191113	4.80943290263138	5.79572599658199	2.98137625120178	16.3476129222682	10.1460482470166	14.5496576847831
2020-07-04	7.48995827361832	4.27145660248217	4.78305699402728	5.8842086137292	2.98412181914188	15.9299833482853	10.2834447131979	14.0012183163206
2020-07-05	7.61216376571763	4.34095676938754	4.75884138435084	5.97690269843313	2.98934123109317	15.5518906059303	10.4172833511105	13.4775722998598
2020-07-06	7.73524341133856	4.41429118732743	4.73689973524997	6.07420721586915	2.99658741260849	15.2108908443133	10.5465944961893	12.9778554308021
2020-07-07	7.85887535684764	4.49120095100203	4.71734570837255	6.17652113121267	3.00541328924069	14.9045402125442	10.6704084838693	12.5012035045486
2020-07-08	7.98273774861136	4.57142715511156	4.70029296536649	6.28424340963908	3.01537178654262	14.630394859733	10.7877556495853	12.0467523165007
2020-07-09	8.10650873299625	4.6547108943562	4.68585516787967	6.39777301632375	3.02601583006712	14.3860109349897	10.8976663287723	11.6136376620595
2020-07-10	8.2298664563688	4.74079326343616	4.67414597756	6.51750891644209	3.03689834536704	14.1689445874241	10.9991708568651	11.2009953366265
2020-07-11	8.35248906509554	4.82941535705162	4.66527905605537	6.64385007516947	3.04757225799523	13.9767519661463	11.0912995692988	10.8079611356028
2020-07-12	8.47405470554297	4.92031826990281	4.65936806501368	6.7771954576813	3.05759049350454	13.8069892202663	11.1730828015081	10.4336708543896
2020-07-13	8.59416365924417	5.01319373774799	4.65646262307979	6.91772805570723	3.0665352589569	13.6573816689912	11.2437441949716	10.0774509068118
2020-07-14	8.71210474839852	5.10753606057787	4.6563561768864	7.064766967194	3.07410588745059	13.5263313119178	11.3032806153424	9.73939018038803
2020-07-15	8.82708893037192	5.20279017944122	4.65877813006318	7.21741531664265	3.080030993593	13.4124093187401	11.3518822343173	9.41976818106052
2020-07-16	8.93832716253033	5.29840103538682	4.6634578862398	7.37477622855419	3.08403919199149	13.314186859152	11.3897392235928	9.11886441477147
2020-07-17	9.04503040223966	5.39381356946346	4.67012484904594	7.53595282742964	3.08585909725345	13.2302351028477	11.4170417548657	8.83695838746309
2020-07-18	9.14640960686586	5.48847272271992	4.67850842211126	7.70004823777002	3.08521932398624	13.159125219521	11.4339799998327	8.57432960507758
2020-07-19	9.24167573377485	5.58182343620497	4.68833800906544	7.86616558407636	3.08184848679725	13.099428378866	11.4407441301905	8.33125757355714
2020-07-20	9.33012002123725	5.67330166632896	4.69931541968098	8.03339712120728	3.0755044681114	13.0497915975353	11.437604579649	8.10783041635734
2020-07-21	9.41135483114249	5.76230743094843	4.71103208830177	8.20079162545188	3.06606222162386	13.009165280015	11.4251528299711	7.90337072698712
2020-07-22	9.48507280628467	5.84823176328147	4.72305185541455	8.36738700345684	3.05342596884734	12.97657567775	11.4040606249329	7.71700971646879
2020-07-23	9.55096658945789	5.93046569654619	4.73493856150603	8.53222116186888	3.03749993129456	12.9510490421851	11.3749997083104	7.54787859582464
2020-07-24	9.60872882345628	6.00840026396068	4.74625604706294	8.69433200733469	3.01818833047825	12.9316116247651	11.3386418238798	7.39510857607698
2020-07-25	9.65805215107392	6.08142649874305	4.75656815257201	8.85275744650096	2.99539538791112	12.9172896769348	11.295658715417	7.25783086824813
2020-07-26	9.69862921510495	6.14893543411138	4.76543871851996	9.0065353860144	2.9690253251059	12.907109450139	11.2467221266982	7.13517668336037
2020-07-27	9.73015265834346	6.21031810328379	4.77243158539354	9.1547037325217	2.9389823635753	12.9000971958225	11.1925038014994	7.02627723243601
2020-07-28	9.75231512358356	6.26496553947836	4.77711059367945	9.29630039266956	2.90517072483203	12.8952791654302	11.1336754835968	6.93026372649736
2020-07-29	9.76480925361936	6.31226877591319	4.77903958386443	9.43036327310469	2.86749463038883	12.8916816104067	11.0709089167664	6.84626737656672
2020-07-30	9.76732769124497	6.35161884580639	4.7777823964352	9.55593028047377	2.8258583017584	12.8883307821969	11.0048758447843	6.77341939366638
2020-07-31	9.75956307925449	6.38240678237606	4.7729028718785	9.67203932142351	2.78016596045347	12.8842529322456	10.9362480114265	6.71085098881866
2020-08-01	9.74120806044205	6.40402361884028	4.76396485068105	9.77772830260061	2.73032182798676	12.8784743119976	10.8656971604692	6.65769337304585
2020-08-02	9.71195527760174	6.41586038841717	4.75053217332957	9.87203513065176	2.67623012587099	12.8700211728978	10.7938950356884	6.61307775737026
2020-08-03	9.67166683100048	6.41748945260196	4.7321858472215	9.95421585730136	2.61785261281031	12.8581052075556	10.7213785978047	6.57608585234794
2020-08-04	9.62088265079643	6.40920848599856	4.70857554739705	10.0243991145846	2.55538119627466	12.8426798732397	10.6481456753169	6.54560136666987
2020-08-05	9.56031212462056	6.39149649148799	4.67936811580713	10.0829316796144	2.48906532092542	12.8238840683837	10.5740593136682	6.52045850856082
2020-08-06	9.49066464010383	6.36483247195128	4.64423039440267	10.1301603295037	2.41915443142395	12.801856691421	10.4989825583018	6.49949148624552
2020-08-07	9.41264958487719	6.32969543026949	4.60282922513458	10.1664318413653	2.34589797243164	12.776736640785	10.4227784546611	6.48153450794871
2020-08-08	9.32697634657162	6.28656436932363	4.55483144995378	10.1920929923122	2.26954538860985	12.7486628149092	10.3453100481893	6.46542178189514
2020-08-09	9.23435431281809	6.23591829199477	4.49990391081118	10.2074905594573	2.19034612461997	12.717774112227	10.2664403843295	6.44998751630955
2020-08-10	9.13547505660318	6.17824781020099	4.43789658635011	10.2129868618624	2.1085733119794	12.6841089796422	10.1860964983613	6.43428942643657
2020-08-11	9.03095889233597	6.11408997200868	4.36939200198347	10.2090063863853	2.02459482962976	12.6473040579391	10.1044613849088	6.41827925560032
2020-08-12	8.92140831978117	6.04399343452129	4.29515581981659	10.1959891618329	1.93880224336868	12.6068955363723	10.0217820284321	6.40213225414481
2020-08-13	8.8074258387035	5.96850685484228	4.21595370195478	10.1743752170119	1.85158711899381	12.5624196041965	9.93830541339157	6.38602367241405
2020-08-14	8.68961394886765	5.88817889007508	4.13255131050336	10.1446045807291	1.76334102230281	12.5134124506663	9.85427852424746	6.37012876075205
2020-08-15	8.56857515003835	5.80355819732316	4.04571430756765	10.1071172817913	1.67445551909331	12.4594102650363	9.76994834546002	6.35462276950282
2020-08-16	8.4449119419803	5.71519343368996	3.95620835525295	10.0623533490053	1.58532217516295	12.3999492365612	9.68556186148951	6.33968094901037
2020-08-17	8.31922682445821	5.62363325627892	3.8647991156646	10.0107528111778	1.4963325563094	12.3345655544954	9.60136605679618	6.3254785496187
2020-08-18	8.19212229723678	5.52942632219351	3.77225225090789	9.95275569711573	1.40787822833028	12.2627954080937	9.5176079158403	6.31219082167184
2020-08-19	8.06420086008074	5.43312128853717	3.67933342308816	9.88880203562579	1.32035075702325	12.1841749866107	9.43453442308212	6.29999301551378
2020-08-20	7.93606501275477	5.33526681241336	3.58680829431072	9.81933185551477	1.23414170818595	12.098240479301	9.3523925629819	6.28906038148853
2020-08-21	7.8083172550236	5.23641155092551	3.49544252668088	9.74478518558947	1.14964264761603	12.0045280754191	9.27142931999989	6.2795681699401
2020-08-22	7.68156008665194	5.13710416117708	3.40600178230396	9.66560205465667	1.06724514111114	11.9025739642198	9.19189167859637	6.27169163121251
2020-08-23	7.55639600740448	5.03789330027153	3.31925172328528	9.58222249152316	0.987340754468914	11.7919143349577	9.11402662323158	6.26560601564976
2020-08-24	7.43339349126122	4.93929760637182	3.23588317651759	9.49505016999915	0.91032180384085	11.67252597356	9.03799702453312	6.26139911112225
2020-08-25	7.31298490906317	4.84171564187898	3.1562876280434	9.40434334390852	0.83658360679382	11.5461480526453	8.963629297798	6.25880885560597
2020-08-26	7.19556860586663	4.74551595025356	3.08078172869267	9.31032391207856	0.766522231248542	11.4149603415046	8.89066574449052	6.25748572460328
2020-08-27	7.0815429267279	4.65106707495612	3.00968212929534	9.21321377333659	0.700533745125732	11.281142609429	8.81884866607503	6.25708019361655
2020-08-28	6.97130621670328	4.5587375594472	2.94330548068137	9.11323482650989	0.639014216346108	11.1468746257097	8.74792036401585	6.25724273814815
2020-08-29	6.86525682084905	4.46889594718736	2.8819684336807	9.01060897042577	0.582359712830388	11.0143361596379	8.67762313977732	6.25762383370046
2020-08-30	6.76379308422151	4.38191078163715	2.82598763912328	8.90555810391153	0.530966302499291	10.8857069805046	8.60769929482375	6.25787395577584
2020-08-31	6.66724861453011	4.29811500575916	2.77562114772939	8.79831789251835	0.485097753586372	10.7627743560179	8.53786036486872	6.25771285575658
2020-09-01	6.57569807009692	4.21769916052418	2.73089260978066	8.68917906869292	0.444488635576541	10.6457555475537	8.46769482262264	6.25713738854456
2020-09-02	6.48915137189714	4.14081818640505	2.69176707544903	8.57844613160581	0.408741218267549	10.5344753149046	8.39676037504518	6.25621368492158
2020-09-03	6.40761844090599	4.06762702387459	2.65820959490645	8.46642358042759	0.377457771457144	10.4287584178634	8.324614729096	6.25500787566946
2020-09-04	6.33110919809869	3.99828061340565	2.63018521832487	8.35341591432883	0.350240564943075	10.3284296162227	8.25081559173477	6.25358609156999
2020-09-05	6.25963356445044	3.93293389547105	2.60765899587623	8.2397276324801	0.326691868523092	10.2333136697754	8.17492066992113	6.25201446340496
2020-09-06	6.19320146093646	3.87174181054363	2.59059597773249	8.12566323405198	0.306413951994945	10.1432353383141	8.09648767061475	6.25035912195619
2020-09-07	6.13182280853197	3.81485929909623	2.5789612140656	8.01152721821503	0.289009085156381	10.0580193816316	8.0150743007753	6.24868619800546
2020-09-08	6.07550752821217	3.76244130160166	2.5727197550475	7.89762408413982	0.274079537805151	9.97749055952058	7.93023826736242	6.24706182233458
2020-09-09	6.02426554095229	3.71464275853278	2.57183665085014	7.78425833099693	0.261227579739003	9.90147363177376	7.84153727733578	6.24555212572536
2020-09-10	5.97810676772754	3.67161861036241	2.57627695164547	7.67173445795692	0.250055480755687	9.82979335818389	7.74852903765504	6.24422323895959
2020-09-11	5.93704112951313	3.63352379756339	2.58600570760545	7.56035696419037	0.240165510652952	9.76227449854367	7.65077125527985	6.24314129281907
2020-09-12	5.90107854728427	3.60051326060855	2.60098796890201	7.45043034886784	0.231159939228547	9.69874181264584	7.54782163716988	6.2423724180856
2020-09-13	5.87022894201618	3.57274193997072	2.62118878570711	7.34225911115991	0.222641036280222	9.63902006028312	7.43923789028479	6.24198274554099
2020-09-14	5.84446998346894	3.55028766680537	2.64660234794428	7.23620083729203	0.214293270909507	9.58305604607451	7.32498505330178	6.24199015013795
2020-09-15	5.82365033654209	3.53291983499847	2.67733940454338	7.13282546170915	0.206129909433056	9.5312847539441	7.2066574917682	6.2422194835129
2020-09-16	5.80758641492004	3.52033072911865	2.71353984418586	7.03275600591112	0.198246417471306	9.48426321264224	7.08625690294897	6.24244734147317
2020-09-17	5.7960946322872	3.51221263373451	2.75534355555315	6.93661549139777	0.190738260644693	9.44254845091929	6.965784984109	6.24245031982609
2020-09-18	5.78899140232798	3.50825783341468	2.8028904273267	6.84502693966894	0.183700904573652	9.40669749752561	6.84724343251318	6.242005014379
2020-09-19	5.78609313872679	3.50815861272775	2.85632034818795	6.75861337222448	0.177229814878621	9.37726738121156	6.73263394542643	6.24088802093922
2020-09-20	5.78721625516803	3.51160725624234	2.91577320681835	6.67799781056422	0.171420457180034	9.3548151307275	6.62395822011365	6.23887593531408
2020-09-21	5.79222006870932	3.51830806950223	2.98137999196941	6.60374724867973	0.166454417705637	9.33986688694218	6.52277453905631	6.23578100528488
2020-09-22	5.80113550990112	3.52801344195181	3.05323609267288	6.53620457052951	0.162857765112406	9.33282523919786	6.42886752560221	6.23155808652872
2020-09-23	5.81403641266706	3.54048778401062	3.13142799803062	6.47565663256375	0.161242688664628	9.3340618889552	6.34157838831568	6.22619768669664
2020-09-24	5.8309966109308	3.55549550609823	3.21604219714445	6.42239029123269	0.162221377626587	9.34394853767488	6.26024833576108	6.21969031343971
2020-09-25	5.85208993861599	3.57280101863419	3.30716517911621	6.37669240298654	0.166406021262571	9.36285688681753	6.18421857650275	6.21202647440898
2020-09-26	5.87739022964629	3.59216873203805	3.40488343304773	6.33884982427551	0.174408808836864	9.39115863784383	6.11283031910506	6.20319667725551
2020-09-27	5.90697131794534	3.61336305672936	3.50928344804085	6.30914941154983	0.186841929613753	9.42922549221443	6.04542477213235	6.19319142963034
2020-09-28	5.9409070374368	3.63614840312767	3.62045171319741	6.2878780212597	0.204317572857523	9.47742915138999	5.98134314414897	6.18200123918454
2020-09-29	5.97927122204432	3.66028918165254	3.73847471761924	6.27532250985535	0.227447927832461	9.53614131683117	5.91992664371927	6.16961661356916
2020-09-30	6.02213770569155	3.68554980272353	3.86343895040817	6.271769733787	0.25684518380285	9.60573368999863	5.86051647940761	6.15602806043526
2020-10-01	6.06958032230214	3.71169467676017	3.99543090066604	6.27750654950485	0.293121530032979	9.68657797235302	5.80245385977833	6.14122608743388
2020-10-02	6.12167290579974	3.73848821418203	4.13453705749469	6.29281981345913	0.336889155787131	9.779045865355	5.74507999339579	6.12520120221609
2020-10-03	6.17848929010801	3.76569482540866	4.28084390999595	6.31799638210006	0.388760250329594	9.88350907046525	5.68773608882434	6.10794391243294
2020-10-04	6.2401033091506	3.79307892085961	4.43443794727165	6.35332311187784	0.449347002924652	10.0003392891444	5.62976335462832	6.08944472573549
2020-10-05	6.30657607036899	3.82050686319263	4.59536328267762	6.39899993107601	0.519238703359804	10.1296817766119	5.57065768205337	6.06989552257552
2020-10-06	6.37791777527604	3.84825282401822	4.76349452658562	6.45487905531136	0.598933043515396	10.2707760031223	5.51053369307022	6.05029367460775
2020-10-07	6.45412589890243	3.8766929271851	4.93866391362139	6.52072577203399	0.688904815794985	10.4226349926888	5.44966069233087	6.03183792628767
2020-10-08	6.53519791627883	3.90620329654196	5.1207036784107	6.59630536869398	0.78962881260213	10.5842717693248	5.38830798448734	6.01572702207072
2020-10-09	6.62113130243593	3.9371600559375	5.30944605557927	6.68138313274145	0.901579826340389	10.7546993570435	5.32674487419163	6.00315970641236
2020-10-10	6.71192353240442	3.96993932922043	5.50472327975287	6.77572435162648	1.02523264941332	10.9329307798583	5.26524066609575	5.99533472376806
2020-10-11	6.80757208121497	4.00491724023945	5.70636758555724	6.87909431279917	1.16106207422448	11.1179790617825	5.20406466485171	5.99345081859328
2020-10-12	6.90805802366761	4.04244719346492	5.91423549836776	6.99122153634145	1.30951021922053	11.3089988589185	5.1436216094134	5.9986087270306
2020-10-13	7.01329683363963	4.08279171585374	6.12828070655835	7.11168747286244	1.47088850702055	11.5057113557262	5.0848579759423	6.01151715197109
2020-10-14	7.12318758477767	4.12619061498448	6.34848118925254	7.24003680560312	1.64547568628672	11.7079793687544	5.02885567490175	6.03278678799291
2020-10-15	7.23762935072837	4.1728836984357	6.57481492557388	7.37581421780444	1.83355050568121	11.9156657145521	4.97669661675509	6.06302832967426
2020-10-16	7.35652120513836	4.22311077378596	6.8072598946459	7.51856439270735	2.03539171386621	12.1286332096683	4.9294627119657	6.10285247159332
2020-10-17	7.47976222165427	4.27711164861383	7.04579407559216	7.66783201355282	2.25127805950389	12.3467446706518	4.88823587099691	6.15286990832826
2020-10-18	7.60725147392275	4.33512613049787	7.29039544753619	7.8231617635818	2.48148829125643	12.5698629140518	4.85409800431209	6.21369133445727
2020-10-19	7.73888803559042	4.39739402701663	7.54104198960154	7.98409832603525	2.72630115778601	12.797850756417	4.82813102237457	6.28592744455853
2020-10-20	7.87457098030393	4.46415514574869	7.79771168091175	8.15018638415414	2.98599540775482	13.0305710142966	4.81141683564772	6.37018893321022
2020-10-21	8.0141993817099	4.5356492942726	8.06038250059036	8.32097062117941	3.26084978982502	13.2678865042393	4.80503735459488	6.46708649499053
2020-10-22	8.15767231345497	4.61211628016692	8.32903242776091	8.49599572035202	3.5511430526588	13.5096600427943	4.81007448967942	6.57723082447763
2020-10-23	8.30488884918578	4.69379591101022	8.60363944154695	8.67480636491294	3.85715394491834	13.7557544465104	4.82761015136467	6.7012326162497
2020-10-24	8.45574806254896	4.78092799438106	8.88418152107202	8.85694723810312	4.17916121526582	14.0060325319366	4.85872625011399	6.83970256488493
2020-10-25	8.61014902719115	4.87375233785801	9.17063664545966	9.04196302316353	4.51744361236342	14.2603571156218	4.90450469639074	6.99325136496149
2020-10-26	8.76803092853085	4.97255617966656	9.46306759489153	9.22933147770947	4.87232109593007	14.518740759188	4.96598840985791	7.16236608453847
2020-10-27	8.9294933990741	5.07781648062005	9.7618763537818	9.41826265685373	5.24427846991181	14.7817950045489	5.0440643469771	7.34703928559848
2020-10-28	9.0946761830988	5.19005763217874	10.0675497076027	9.60789969008343	5.63384174931142	15.0502811386912	5.13958047340955	7.54713990360504
2020-10-29	9.26371902488285	5.30980402580291	10.3805744418266	9.79738570688571	6.04153694913168	15.3249604486017	5.25338475481649	7.76253687402167
2020-10-30	9.43676166870416	5.43758005295282	10.7014373419257	9.9858638367477	6.46789008437539	15.606594221267	5.38632515685916	7.99309913231188
2020-10-31	9.61394385884064	5.57391010508874	11.0306251933723	10.1724772091565	6.91342717004533	15.8959437436739	5.53924964519882	8.2386956139392
2020-11-01	9.79540533957017	5.71931857367095	11.3686247816386	10.3563689535993	7.37867422114428	16.193770302809	5.71300618549669	8.49919525436714
2020-11-02	9.9812312872646	5.87417964198773	11.7157122620675	10.5368275346075	7.86398422111858	16.5006989288801	5.90840478717502	8.77448350633676
2020-11-03	10.1712886066714	6.03826666063948	12.071321269484	10.7137227568895	8.36901802718875	16.8168096249783	6.12610363470009	9.06451189169926
2020-11-04	10.3653896346321	6.21120277205461	12.4346748085836	10.887069760198	8.89326346501885	17.1420461374159	6.36672295629918	9.3692484495834
2020-11-05	10.5633467079879	6.39261111866152	12.8049958840617	11.0568836842856	9.43620836027293	17.4763522125052	6.63088298019958	9.68866121911795
2020-11-06	10.7649721635805	6.58211484288864	13.181507500614	11.2231796689051	9.99734053861506	17.8196715965581	6.91920393462856	10.0227182394316
2020-11-07	10.9700783382512	6.77933708716438	13.5634326629359	11.3859728538092	10.5761478257093	18.1719480358871	7.2323060478134	10.3713875496532
2020-11-08	11.1784775688413	6.98390099391714	13.949994375723	11.5452783787505	11.1721180472197	18.5331252768042	7.5708095479814	10.7346371889115
2020-11-09	11.3899821921925	7.19542970557534	14.3404156436708	11.7011113834818	11.7847390288104	18.9031470656217	7.93533466335982	11.1124351963352
2020-11-10	11.604404545146	7.41354636456739	14.7339194714747	11.8534870077556	12.4134985961453	19.2819571486517	8.32650162217595	11.504749611053
2020-11-11	11.8215569645433	7.63787411332171	15.1297288638304	12.0024203913248	13.0578845748886	19.6694992722065	8.74493065265708	11.9115484721938
2020-11-12	12.0412517872258	7.86803609426671	15.5270668254332	12.1479266739419	13.7173847907044	20.0657171825982	9.19124198303051	12.3327998188862
2020-11-13	12.2633013500349	8.1036554498308	15.9251563609789	12.2900209953598	14.3914870692566	20.4705546261391	9.66605584152348	12.7684716902591
2020-11-14	12.4875179898122	8.34435532244239	16.3232204751628	12.428718495331	15.0796792362093	20.8839553491414	10.1699924563633	13.2185321254411
2020-11-15	12.7137140433989	8.58975885452989	16.7204821726804	12.5640343136083	15.7814491172267	21.3058630979171	10.7036720557772	13.6829491635611
2020-11-16	12.941687366587	8.83939670035151	17.1160913309221	12.6960832119163	16.4961204612119	21.7360872834109	11.2677404092378	14.161643167412
2020-11-17	13.1711778909698	9.09242956148467	17.5089053180562	12.8253784398678	17.2223607100253	22.1738999750964	11.8629454511982	14.6543437944437
2020-11-18	13.401911067091	9.34792565133655	17.8977083749462	12.9525328690476	17.9586732287664	22.6184389070795	12.490060657357	15.1607330257702
2020-11-19	13.6336123454945	9.60495318331436	18.2812847424553	13.0781593710405	18.7035613825347	23.0688418134661	13.1498595034126	15.6804928425057
2020-11-20	13.8660071767241	9.8625803708253	18.6584186614468	13.2028708174311	19.4555285364296	23.5242464283623	13.8431154650636	16.2133052257643
2020-11-21	14.0988210113235	10.1198754272766	19.0278943727839	13.3272800798043	20.2130780555507	23.9837904858739	14.5706020180084	16.7588521566601
2020-11-22	14.3317792998365	10.3759065660754	19.3884961173299	13.4520000297449	20.9747133049976	24.4466117201068	15.3330926379455	17.3168156163071
2020-11-23	14.5647429645387	10.6299354449596	19.739372186452	13.5777888046359	21.7387417464418	24.9120442526675	16.1310514541301	17.8867965197198
2020-11-24	14.7981148146334	10.8819974989895	20.0811270735333	13.7059856050544	22.5026872278442	25.3802077551633	16.963705210045	18.468071517514
2020-11-25	15.0324331310556	11.1323216075563	20.4147293224606	13.8380748973759	23.2638776937378	25.8514182867025	17.8299713027294	19.059836194206
2020-11-26	15.2682361947405	11.3811366500509	20.7411474771211	13.9755411479756	24.0196410886555	26.3259919063928	18.7287671292227	19.661286134312
2020-11-27	15.506062286623	11.6286715058643	21.0613500814017	14.119868823229	24.7673053571303	26.8042446733422	19.6590100865643	20.2716169223482
2020-11-28	15.7464496876383	11.8751550543877	21.3763056791892	14.2725423895115	25.5041984436952	27.2864926466587	20.6196175717937	20.8900241428307
2020-11-29	15.9899366787215	12.120816175012	21.6869828143708	14.4350463131986	26.2276482928832	27.7730518854503	21.6095069819501	21.5157033802759
2020-11-30	16.2370615408075	12.3658837471283	21.9943500308335	14.6088650606655	26.9349828492271	28.2642384488248	22.627595714073	22.1478502191998
2020-12-01	16.4883625548316	12.6105866501275	22.2993758724641	14.7954830982878	27.6235300572601	28.7603683958903	23.6728011652017	22.7856602441187
2020-12-02	16.7443780017287	12.8551537634008	22.6030288831496	14.9963848924407	28.2906178615151	29.2617577857547	24.7440407323757	23.4283290395488
2020-12-03	17.005646162434	13.0998139663392	22.9062776067772	15.2130549094999	28.933574206525	29.7687226775259	25.8402318126343	24.0750521900063
2020-12-04	17.2727053178825	13.3447961383337	23.2100905872336	15.4469776158405	29.5497270368229	30.2815791303119	26.9602918030169	24.7250252800075
2020-12-05	17.5460937490093	13.5903291587753	23.5154363684059	15.6996374778381	30.1364042969417	30.8006432032206	28.1031381005628	25.3774438940685
2020-12-06	17.8263497367495	13.8366419070551	23.8232834941811	15.972518961868	30.6909339314144	31.3262309553601	29.2676881023116	26.0315036167055
2020-12-07	18.1139387486503	14.084138987401	24.1345153576651	16.2669188041341	31.2106119221053	31.858925864478	30.4528231436549	26.6863442830774
2020-12-08	18.4090349987076	14.3339279033887	24.4496747488391	16.5833828201544	31.692606400204	32.4003810828812	31.6572803133937	27.3408827309135
2020-12-09	18.7117398875294	14.587291883431	24.7692193069036	16.9222690952753	32.1340535342312	32.9525171815165	32.8797606386815	27.9939800485856
2020-12-10	19.0221548157237	14.8455141559404	25.0936066710588	17.2839357148432	32.5320894927079	33.5172547313304	34.1189651466717	28.6444973244658
2020-12-11	19.3403811838985	15.1098779493296	25.4232944805049	17.6687407642044	32.8838504441549	34.0965143032698	35.3735948645177	29.291295646926
2020-12-12	19.6665203926619	15.3816664920113	25.7587403744422	18.0770423287054	33.186472557093	34.6922164682812	36.642350819373	29.933236104338
2020-12-13	20.0006738426218	15.662163012398	26.100401992071	18.5091984936926	33.4370920000432	35.3062817973113	37.9239340383908	30.5691797850738
2020-12-14	20.342652548541	15.952116604307	26.4482271479826	18.964991900942	33.6335635559733	35.9399666678342	39.2168455548155	31.1980177891388
2020-12-15	20.6911059818007	16.2501398231729	26.800124358332	19.4419034179471	33.7766164656393	36.5918706834332	40.5187864262544	31.8187612630717
2020-12-16	21.044393227937	16.5543110898351	27.1534923146653	19.9368384686314	33.8676985842442	37.259929254219	41.8272577164059	32.4304513650448
2020-12-17	21.4008733724856	16.8627088251329	27.5057297085285	20.446702476918	33.908257766991	37.9420777903023	43.139760488968	33.0321292532303
2020-12-18	21.7589055009826	17.1734114499054	27.8542352314677	20.9684008667301	33.8997418690827	38.6362517017937	44.4537958076391	33.6228360858004
2020-12-19	22.116848698964	17.484497384992	28.196407575029	21.498839061991	33.8435987457223	39.3403863988039	45.7668647361173	34.2016130209273
2020-12-20	22.4730620519656	17.794045051232	28.5296454307584	22.034922486624	33.7412762521129	40.0524172914436	47.076468338101	34.7675012167833
2020-12-21	22.8259046455235	18.1001328694645	28.851347490202	22.5735565645522	33.5942222434573	40.7702797898235	48.3801076772883	35.3195418315406
2020-12-22	23.1737355651736	18.4008392605289	29.1589124449058	23.1116467196989	33.4038845749587	41.4919093040542	49.6752838173774	35.8567760233714
2020-12-23	23.5149138964518	18.6942426452645	29.4497389864159	23.6460983759874	33.17171110182	42.2152412442464	50.9594978220666	36.3782449504479
2020-12-24	23.8477987248941	18.9784214445104	29.7212258062783	24.1738169573408	32.8991496792442	42.9382110205109	52.2302507550541	36.8829897709423
2020-12-25	24.1707491360364	19.251454079106	29.9707715960392	24.6917078876824	32.5876481624343	43.6587540429583	53.4850436800382	37.3700516430268
2020-12-26	24.4821242154147	19.5114189698905	30.1957750472445	25.1966765909355	32.2386544065935	44.3748057216992	54.721377660717	37.8384717248737
2020-12-27	24.7802830485649	19.7563945377032	30.3936348514403	25.6856284910233	31.8536162669245	45.0843014668443	55.9367537607888	38.2872911746552
2020-12-28	25.0636841521814	19.9847054771351	30.5620978135646	26.1555590780516	31.4340849990718	45.7848425236217	57.1284085122997	38.7159154821296
2020-12-29	25.3311837675916	20.1956615777838	30.7003031921235	26.6038241068573	30.9820254604446	46.4726934777287	58.2925203206879	39.1252074633995
2020-12-30	25.5817375672816	20.3888189029987	30.807738359015	27.0278693984595	30.4995059088936	47.1437847499799	59.4250030597395	39.5163942661537
2020-12-31	25.8143012237373	20.5637335161294	30.8838906861369	27.4251407738777	29.9885946022694	47.7940467611899	60.5217706032403	39.8907030380807
2021-01-01	26.0278304094445	20.7199614805251	30.9282475453873	27.7930840541313	29.4513597984225	48.4194099321734	61.5787368249765	40.2493609268694
2021-01-02	26.2212807968893	20.8570588595353	30.9402963086642	28.1291450602395	28.8898697552037	49.015804683745	62.5918155987341	40.5935950802085
2021-01-03	26.3936080585574	20.9745817165093	30.9195243478654	28.4307696132217	28.3061927304635	49.5791614367194	63.5569207982991	40.9246326457867
2021-01-04	26.5440327044173	21.0722641428052	30.8656542166561	28.6960323120048	27.7025109442247	50.1059735071099	64.470348129666	41.2433687410844
2021-01-05	26.6728345943667	21.1505523418149	30.7793491957691	28.9255228671456	27.0814624651988	50.5949857917244	65.3299206276623	41.5493703627489
2021-01-06	26.7805584257856	21.210070544939	30.6615077477045	29.1204597671085	26.4457993242694	51.0455060825694	66.1338431593241	41.8418724772193
2021-01-07	26.8677488960541	21.2514429835781	30.5130283349622	29.2820615003576	25.7982735523203	51.4568421716515	66.8803205916874	42.1201100509346
2021-01-08	26.9349507025523	21.2752938891327	30.3348094200422	29.4115465553574	25.141637180235	51.8283018509772	67.5675577917882	42.3833180503339
2021-01-09	26.9827085426604	21.2822474930033	30.1277494654444	29.5101334205723	24.4786422388972	52.1591929125532	68.1937596266624	42.6307314418562
2021-01-10	27.0115671137583	21.2729280265906	29.8927469336689	29.5790405844664	23.8120407591907	52.448823148386	68.7571309633462	42.8615851919407
2021-01-11	27.0220711132262	21.2479597212952	29.6307002872155	29.6194865355041	23.144584771999	52.6965003504821	69.2558766688754	43.0751142670262
2021-01-12	27.0147652384443	21.2079668085174	29.3425079885844	29.6326897621498	22.4790263082058	52.9015323108482	69.6882016102861	43.2705536335519
2021-01-13	26.9901941867924	21.153573519658	29.0290685002753	29.6198687528677	21.8181173986948	53.0632268214907	70.0523106546143	43.4471382579569
2021-01-14	26.9489026556509	21.0854040861175	28.6912802847884	29.5822419961222	21.1646100743497	53.1808916744163	70.346408668896	43.6041031066801
2021-01-15	26.8914353423997	21.0040827392963	28.3300418046236	29.5210279803776	20.521256366054	53.2538346616315	70.5687005201672	43.7406831461607
2021-01-16	26.8183369444189	20.9102337105952	27.9462515222809	29.4374451940983	19.8908083046915	53.2813635751429	70.7173910754639	43.8561133428376
2021-01-17	26.7301521590886	20.8044812314147	27.5408079002601	29.3327121257485	19.2760179211458	53.262786206957	70.7906852018221	43.9496286631499
2021-01-18	26.6274648438249	20.6875160887618	27.114880686945	29.2081479646206	18.6793045089011	53.1980852665838	70.7873281107349	44.0201165500349
2021-01-19	26.5110154961876	20.5602952920698	26.6707247742534	29.065474703319	18.1017564118432	53.0899431335468	70.7082263915235	44.065074352422
2021-01-20	26.3815837737725	20.4238424063785	26.2108663399867	28.9065150352762	17.5441292364584	52.9417171048729	70.5548269779663	44.0816518957391
2021-01-21	26.2399493341754	20.2791809967278	25.7378315619465	28.7330916539245	17.007178589233	52.7567644775891	70.3285768038417	44.0669990054138
2021-01-22	26.0868918349919	20.1273346281575	25.2541466179343	28.5470272526966	16.4916600766534	52.5384425487223	70.0309228029281	44.018265506874
2021-01-23	25.923190933818	19.9693268657074	24.7623376857516	28.3501445250247	15.9983293052059	52.2901086152993	69.6633119090038	43.9326012255473
2021-01-24	25.7496262882493	19.8061812744173	24.2649309431999	28.1442661643414	15.5279418813768	52.0151199743472	69.2271910558472	43.8071559868616
2021-01-25	25.5668027631847	19.638770865196	23.7641010366633	27.9310038284574	15.0808406206596	51.7163311598881	68.7242067136878	43.639721080818
2021-01-26	25.3746260527347	19.4673664324281	23.2606164868569	27.7111250326969	14.6557171745765	51.3945856539254	68.1568034985599	43.4306536557119
2021-01-27	25.1728270583129	19.2920882163675	22.7548942830786	27.4851862567626	14.250850403657	51.0502241754578	67.527625562949	43.1809523244123
2021-01-28	24.9611366813329	19.1130564572677	22.247351414626	27.2537439803569	13.8645191684306	50.683587443484	66.8393170593403	42.891615699788
2021-01-29	24.7392858232082	18.9303913953825	21.738404870797	27.0173546831823	13.4950023294266	50.2950161770028	66.0945221402194	42.5636423947079
2021-01-30	24.5070053853525	18.7442132709655	21.2284716408893	26.7765748449415	13.1405787471746	49.8848510950128	65.2958849580717	42.1980310220409
2021-01-31	24.2640262691792	18.5546423242704	20.7179687142007	26.531960945337	12.7995272822038	49.4534329165126	64.4460496653826	41.7957801946559
2021-02-01	24.0100793761019	18.361798795551	20.2073130800289	26.2840694640713	12.4701267950439	49.0011023605011	63.5476604146375	41.3578885254219
2021-02-02	23.7448956075343	18.1658029250608	19.6969217276718	26.0334568808469	12.1506561462242	48.5282001459768	62.6033613583219	40.8853546272077
2021-02-03	23.4682058648899	17.9667749530537	19.1872116464272	25.7806796753665	11.8393941962741	48.0350669919385	61.6157966489212	40.3791771128822
2021-02-04	23.1797410495822	17.7648351197831	18.6785998255927	25.5262943273326	11.5346198057231	47.522043617385	60.5876104389208	39.8403545953143
2021-02-05	22.8792320630248	17.560103665503	18.1715032544662	25.2708573164476	11.2346118351007	46.9894707413148	59.5214468808061	39.269885687373
2021-02-06	22.5664098066314	17.3527008304668	17.6663389223454	25.0149251224142	10.9376491449362	46.4376890827266	58.4199501270625	38.668769001927
2021-02-07	22.2410051818154	17.1427468549284	17.1635238185281	24.759054224935	10.6420105957592	45.8670393606193	57.2857643301756	38.0380031518453
2021-02-08	21.9029353718858	16.9301901063085	16.6634613073199	24.5035798400057	10.3463357506686	45.2782430123676	56.1216819185198	37.379201979844
2021-02-09	21.5528626877329	16.7142914606963	16.1665002530575	24.2479521287956	10.0507069830424	44.673544348852	54.9310884240266	36.6964402480275
2021-02-10	21.1916357221424	16.4941399213482	15.6729758950853	23.9913999887672	9.75556736882799	44.0555683993289	53.7175176545167	35.9944079483476
2021-02-11	20.8201030679002	16.2688244915203	15.1832234727478	23.733152317383	9.4613599839729	43.4269401930548	52.4845034178107	35.2777950727559
2021-02-12	20.4391133177918	16.0374341744692	14.6975782253895	23.4724380121056	9.16852790442459	42.7902847592863	51.2355795217292	34.5512916132042
2021-02-13	20.0495150646029	15.799057973451	14.2163753923549	23.2084859703974	8.87751420613057	42.1482271272798	49.9742797740928	33.8195875616439
2021-02-14	19.6521569011193	15.5527848917222	13.7399502129884	22.9405250897211	8.58876196503831	41.5033923262919	48.7041379827222	33.0873729100269
2021-02-15	19.2479138671469	15.2979668729973	13.2687119190892	22.6679635612097	8.30280708255094	40.8580134727078	47.4284918610204	32.3586755376259
2021-02-16	18.8377667905733	15.0350076228246	12.8033657122754	22.390926750679	8.02055676189413	40.2127560314274	46.14989474472	31.6348748729977
2021-02-17	18.4227229463058	14.7645737872106	12.3446907866195	22.1097193176154	7.74301103174921	39.5678935544792	44.8707038751364	30.9166882320203
2021-02-18	18.0037896092523	14.487332012162	11.8934663361944	21.8246459215052	7.47116992079748	38.9236995938917	43.5932764935846	30.2048329305717
2021-02-19	17.5819740543203	14.2039489436852	11.4504715550727	21.5360112218347	7.20603345772025	38.2804477016936	42.3199698413799	29.5000262845299
2021-02-20	17.1582835564175	13.9150912277868	11.016485637327	21.2441198780904	6.94860167119885	37.6384114299133	41.0531411598372	28.8029856097727
2021-02-21	16.7337253904516	13.6214255104734	10.5922877770302	20.9492765497587	6.69987458991459	36.9978643305795	39.7951476902719	28.1144282221781
2021-02-22	16.3093068313302	13.3236184377516	10.1786571682548	20.6517858963258	6.46085224254877	36.3590799557205	38.548346673999	27.4350714376241
2021-02-23	15.886035153961	13.0223366556278	9.77637300507366	20.3519525772781	6.23253465778272	35.7223318573651	37.3150953523337	26.7656325719886
2021-02-24	15.4649176332516	12.7182468101088	9.38621448155935	20.0500812521021	6.01592186429774	35.0878935875418	36.0977509665912	26.1068289411496
2021-02-25	15.0469615441096	12.412015547201	9.00896079178461	19.746476580284	5.81201389077515	34.456038698279	34.8986707580866	25.459377860985
2021-02-26	14.6331741614427	12.104309512911	8.64539112982212	19.4414432213103	5.62181076589627	33.8270407416054	33.7202119681351	24.8239966473729
2021-02-27	14.2245627601585	11.7957953532453	8.29628468974459	19.1352858346672	5.44631251834241	33.2011732695495	32.5647318380518	24.201402616191
2021-02-28	13.8221346151648	11.4871397142106	7.96242066562472	18.8283090798413	5.28651917679489	32.5787098341398	31.4345876091518	23.5923130833175
2021-03-01	13.426840279945	11.1790271457565	7.64437781020164	18.5207560751245	5.14334927037002	31.9597483967013	30.3318900618527	22.9975255598843
2021-03-02	13.0394034222859	10.8722138136051	7.34193311088038	18.2126237740326	5.01739532992418	31.3436845557445	29.2577641329811	22.41815833804
2021-03-03	12.6604909885504	10.5674737874219	7.05466311373237	17.9038475888867	4.90916838674875	30.7297383190761	28.2130882984658	21.8554099051872
2021-03-04	12.2907699251012	10.265581136872	6.78214436482908	17.5943629320082	4.81917947213513	30.1171296945032	27.1987410342358	21.3104787487287
2021-03-05	11.9309071783011	9.96730993162083	6.52395341024196	17.2841052157184	4.74793961737469	29.5050786898325	26.21560081622	20.784563356067
2021-03-06	11.5815696945127	9.67343424133361	6.27966679604249	16.9730098523387	4.69595985375881	28.8928053128709	25.2645461203474	20.2788622146048
2021-03-07	11.2434244200989	9.38472813567565	6.0488610683021	16.6610122541903	4.66375121257889	28.2795295714253	24.3464554225468	19.7945738117447
2021-03-08	10.9170558201643	9.10190933460096	5.83111613419698	16.3482255883534	4.65164801901152	27.6646918012244	23.4619919019774	19.332637302754
2021-03-09	10.6027184347811	8.82547015921833	5.62602534532212	16.0354740409434	4.65927777377416	27.0486136496849	22.6109575507192	18.8929545143578
2021-03-10	10.3005843227634	8.55584658092523	5.43318541437726	15.7237595528346	4.68609127146949	26.4318370921452	21.7929390640824	18.4751679411458
2021-03-11	10.0108255429255	8.29347457111915	5.2521930540621	15.4140840649013	4.73153930670018	25.8149041039439	21.0075231373773	18.0789200777077
2021-03-12	9.73361415408135	8.03879010119757	5.08264497707638	15.1074495180176	4.79507267406892	25.1983566604194	20.254296465914	17.7038534186334
2021-03-13	9.46912221504519	7.79222914255799	4.9241378961198	14.8048578530579	4.87614216817837	24.5827367369103	19.5328457450029	17.3496104585124
2021-03-14	9.21752178463112	7.55422766659788	4.77626852389208	14.5073110108964	4.97419858363121	23.9685863087551	18.8427576699541	17.0158336919345
2021-03-15	8.97898492165328	7.32522164471473	4.63863357309295	14.2158109324074	5.08869271503012	23.3564473512922	18.1836189360779	16.7021656134894
2021-03-16	8.75368368492578	7.10564704830603	4.51082975642212	13.931359558465	5.21907535697778	22.7468618398603	17.5550162386845	16.4082487177668
2021-03-17	8.54179013326277	6.89593984876924	4.3924537865793	13.6549588299436	5.36479730407687	22.1403717497976	16.956536273084	16.1337254993564
2021-03-18	8.3434763254784	6.69653601750188	4.28310237626424	13.3876106877174	5.52530935093004	21.537519056443	16.3877657345868	15.878238452848
2021-03-19	8.15891432038678	6.50787152590142	4.18237223817663	13.1303170726607	5.70006229213999	20.9388457351347	15.8482913185032	15.6414300728313
2021-03-20	7.98827617680206	6.33038234536534	4.08986008501621	12.8840799256477	5.88850692230939	20.3448937612114	15.3376997201432	15.4229428538959
2021-03-21	7.83173395353835	6.16450444729113	4.00516262948268	12.6499011875526	6.09009403604092	19.7562051100114	14.8555776348172	15.2224192906317
2021-03-22	7.68933481849903	6.01051958455797	3.92793914796465	12.428590153581	6.30415321308115	19.1733314897423	14.4013389819388	15.0391855155437
2021-03-23	7.56062637594439	5.86809263597184	3.85809917160621	12.2201855362629	6.52952917375223	18.5968635400868	13.9737065773357	14.8713022127993
2021-03-24	7.44503133922394	5.73673426182039	3.79561479524035	12.0245334024597	6.76494542352025	18.0274016335966	13.5712304609389	14.7165137044812
2021-03-25	7.34197242168721	5.6159551223913	3.74045811370003	11.8414798190327	7.00912546785126	17.4655461428234	13.1924606726795	14.5725643126722
2021-03-26	7.25087233668372	5.50526587797224	3.69260122181824	11.6708708528432	7.26079281221133	16.9118974403189	12.8359472524886	14.437198359455
2021-03-27	7.17115379756298	5.40417718885087	3.65201621442796	11.5125525707526	7.51867096206652	16.3670558986347	12.5002402402973	14.3081601669124
2021-03-28	7.10223951767452	5.31219971531487	3.61867518636216	11.3663710396221	7.78148342288288	15.8316218903226	12.1838896760366	14.183194057127
2021-03-29	7.04357426906228	5.22888095248522	3.59250347117758	11.2321200163693	8.04809279782269	15.3062017353018	11.8854401533278	14.0603345990714
2021-03-30	6.99469105854793	5.15391573481617	3.57323935732597	11.1093840181365	8.31791808083295	14.7914255429619	11.6034144805526	13.9387773492762
2021-03-31	6.95514495164754	5.08703573159531	3.56057437198285	10.997695252122	8.59051736355685	14.2879293700602	11.3363300197826	13.818008111162
2021-04-01	6.92449101387721	5.02797261211021	3.55420004232374	10.8965859255244	8.86544873763761	13.7963492733538	11.0827041330897	13.6975126881492
2021-04-02	6.90228431075302	4.97645804564844	3.55380789552414	10.8055882455419	9.14227029471843	13.3173213095998	10.8410541825456	13.5767768836582
2021-04-03	6.88807990779104	4.93222370149757	3.55908945875958	10.7242344193732	9.42054012644251	12.8514815355556	10.6098975302222	13.4552865011094
2021-04-04	6.88143287050738	4.89500124894519	3.56973625920557	10.6520566542166	9.69981632445306	12.3994660079782	10.3877515381912	13.3325273439233
2021-04-05	6.88189826441812	4.86452235727885	3.58543982403762	10.5885871572705	9.97965698039327	11.961910783625	10.1731335685243	13.2079852155203
2021-04-06	6.88903115503933	4.84051869578616	3.60589168043125	10.5333581357334	10.2596201859063	11.5394519192529	9.9645609832934	13.0811459193209
2021-04-07	6.9023866078871	4.82272193375466	3.63078335556197	10.4859017968037	10.5392640326355	11.1327254716194	9.76055114457021	12.9514952587455
2021-04-08	6.92151968847753	4.81086374047194	3.6598063766053	10.4457503476798	10.8181466122239	10.7423674974814	9.55962141442652	12.8185190372145
2021-04-09	6.94598546232669	4.80467578522558	3.69265227073675	10.4124359955602	11.0958260163148	10.3690140535964	9.3602891549341	12.6817030581483
2021-04-10	6.97533899495068	4.80388973730314	3.72901256513183	10.3854909476434	11.3718603365514	10.0133011967213	9.16107172816473	12.5405331249675
2021-04-11	7.00913535186557	4.80823726599221	3.76857878696607	10.3644474111277	11.6458076645769	9.67586498361345	8.96048649619017	12.3944950410924
2021-04-12	7.04691062343095	4.8174780018047	3.81102665544635	10.3487401538644	11.9171642079446	9.35713712670436	8.75745191402916	12.243399159904
2021-04-13	7.08812499938046	4.83148342014988	3.85596865790508	10.337414186316	12.1851786378486	9.0567319611229	8.55249080848817	12.0883540346255
2021-04-14	7.13221969429122	4.8501529576614	3.90300147370602	10.329417079598	12.4490377413932	8.7740594776723	8.34652709932063	11.9307927684407
2021-04-15	7.17863592274035	4.87338605097286	3.95172178221297	10.3236964048257	12.7079283056825	8.5085296671558	8.14048470627997	11.7721484645332
2021-04-16	7.22681489930498	4.90108213671789	4.00172626278968	10.3191997331144	12.9610371178209	8.25955252037662	7.93528754911961	11.6138542260868
2021-04-17	7.27619783856224	4.93314065153012	4.05261159479995	10.3148746355796	13.2075509649125	8.02653802813799	7.73185954759297	11.4573431562852
2021-04-18	7.32622595508925	4.96946103204317	4.10397445760755	10.3096686833366	13.4466566340615	7.80889618124314	7.53112462145349	11.3040483583122
2021-04-19	7.37637328231457	5.00991323833899	4.15544345228147	10.3025257485182	13.677524392663	7.60601174392194	7.3338466420278	11.1551454292801
2021-04-20	7.42624512907238	5.05424932429282	4.20677486671164	10.2923749073266	13.8992584292756	7.4171685741108	7.14014928693535	11.0107799420159
2021-04-21	7.4754796230483	5.10219186722822	4.25775691049317	10.2781415369818	14.1109464127484	7.24162530317278	6.94999618536883	10.8708399632749
2021-04-22	7.52371489192795	5.15346344446878	4.3081777932212	10.2587510147033	14.3116760119307	7.07864056247093	6.76335096652091	10.7352135598129
2021-04-23	7.57058906339695	5.20778663333806	4.35782572449086	10.2331287177109	14.5005348956719	6.92747298336831	6.58017725958426	10.6037887983852
2021-04-24	7.6157402651409	5.26488401115963	4.40648891389729	10.2002000232244	14.6766107328213	6.78738119722797	6.40043869375156	10.4764537457474
2021-04-25	7.65880662484542	5.32447815525705	4.4539555710356	10.1588903084634	14.8389911922281	6.65762383541297	6.22409889821546	10.3530964686551
2021-04-26	7.69942627019612	5.3862916429539	4.50001390550095	10.1081249506477	14.9867639427417	6.53745952928636	6.05112150216865	10.2336050338637
2021-04-27	7.73723732887862	5.45004705157374	4.54445212688844	10.0468293269971	15.1190166532113	6.4261469102112	5.88147013480381	10.1178675081288
2021-04-28	7.77187792857853	5.51546695844015	4.58705844479323	9.97392881473117	15.2348369924862	6.32294460955053	5.71510842531359	10.0057719582059
2021-04-29	7.80298619698147	5.58227394087668	4.62762106881044	9.88834879106976	15.3333126294157	6.22711125866743	5.55200000289069	9.8972064508506
2021-04-30	7.83020026177305	5.65019057620692	4.66592820853519	9.78901463323259	15.4135312328492	6.13790548892493	5.39210849672776	9.79205905281831
2021-05-01	7.85315825063889	5.71893944175442	4.70176807356263	9.67485171843937	15.4745804716358	6.05458593168609	5.23539753601748	9.69021783086461
2021-05-02	7.87149829126459	5.78824311484277	4.73492887348787	9.54478542390983	15.515548014625	5.97641121831398	5.08183074995253	9.591570851745
2021-05-03	7.88487939985791	5.85785866405844	4.76521053085271	9.39772739439398	15.5356631011296	5.90265179676559	4.93136719832402	9.49586070960426
2021-05-04	7.89304414671516	5.92768112303966	4.79245981998549	9.23253434476292	15.5347212523167	5.83262538137374	4.78394766331687	9.40224810814403
2021-05-05	7.89575599065476	5.99764001668755	4.8165352281612	9.04804925741801	15.5126595598172	5.76566150306519	4.63950835771446	9.3097482784552
2021-05-06	7.89277839049515	6.06766486990324	4.83729524265483	8.84311511476063	15.4694151152619	5.7010896927667	4.49798549430013	9.21737645162866
2021-05-07	7.88387480505476	6.13768520758787	4.85459835074138	8.61657489919214	15.4049250102815	5.63823948140504	4.35931528585728	9.12414785875528
2021-05-08	7.86880869315203	6.20763055464257	4.86830303969584	8.36727159311394	15.3191263365069	5.57644039990696	4.22343394516925	9.02907773092596
2021-05-09	7.84734351360539	6.27743043596847	4.87826779679321	8.09404817892737	15.2119561855688	5.51502197919924	4.09027768501942	8.93118129923157
2021-05-10	7.81929105387481	6.34696876468253	4.88442506302337	7.79598868276542	15.0835334591527	5.45340746536761	3.95979583568207	8.82961476986305
2021-05-11	7.78465641598634	6.41594700676505	4.8870030942358	7.47314130568745	14.9347042991633	5.39139496513366	3.83199019739518	8.72409824941156
2021-05-12	7.74349303060756	6.48402101641213	4.88630409999488	7.12579529248449	14.76649665756	5.328876300378	3.70687568788765	8.61449281956831
2021-05-13	7.69585432840604	6.55084664781988	4.88263028986499	6.75423988794752	14.5799384863022	5.2657432929812	3.58446722488838	8.50065956202451
2021-05-14	7.64179374004938	6.61607975518441	4.87628387341048	6.35876433686752	14.3760577373491	5.20188776482383	3.46477972612627	8.38245955847136
2021-05-15	7.58136469620514	6.67937619270185	4.86756706019575	5.93965788403549	14.1558823626603	5.13720153778648	3.3478281093302	8.25975389060007
2021-05-16	7.51462062754092	6.74039181456829	4.85678205978516	5.49720977424241	13.920440314195	5.07157643374973	3.2336272922291	8.13240364010185
2021-05-17	7.44161496472428	6.79878247497986	4.84423108174308	5.03170925227928	13.6707595439127	5.00490427459416	3.12219219255184	8.00026988866791
2021-05-18	7.36240113842282	6.85420402813267	4.8302163356339	4.54344556293708	13.4078680037727	4.93707688220036	3.01353772802733	7.86321371798946
2021-05-19	7.2770325793041	6.90631232822282	4.81504003102198	4.03270795100681	13.1327936457345	4.86798607844889	2.90767881638447	7.7210962097577
2021-05-20	7.18556271803571	6.95476322944644	4.7990043774717	3.49978566127945	12.8465644217573	4.79752368522035	2.80463037535215	7.57377844566385
2021-05-21	7.08804498528523	6.99921258599964	4.78241158454744	2.944967938546	12.5502082838006	4.72558152439531	2.70440732265927	7.4211215073991
2021-05-22	6.98453281172024	7.03931625207852	4.76556386181357	2.36854402759744	12.2447531838237	4.65205141785436	2.60702457603474	7.26298647665468
2021-05-23	6.87507962800831	7.0747300818792	4.74876341883445	1.77080317322477	11.9312270737861	4.57682518747807	2.51249705320744	7.09923443512179
2021-05-24	6.75993731520675	7.10516603694349	4.73242991555197	1.15308124318938	11.6107044677835	4.49981839886649	2.42082534604075	6.9298831966674
2021-05-25	6.64015155593166	7.13056050819595	4.717452813418	0.520900597134231	11.2844461284581	4.42104159249751	2.33195274293588	6.75557750386154
2021-05-26	6.51696648318887	7.15090599390685	4.70483902426191	0	10.9537593805881	4.3405290525685	2.24580820642851	6.57711883145002
2021-05-27	6.3916262299842	7.16619499234643	4.69559545991306	0	10.6199515489522	4.2583150632768	2.16232069905433	6.39530865417863
2021-05-28	6.26537492932349	7.17642000178496	4.69072903220084	0	10.2843299583288	4.17443390881979	2.08141918334903	6.21094844679318
2021-05-29	6.13945671421257	7.18157352049271	4.69124665295461	0	9.94820193349629	4.08891987339482	2.00303262184829	6.02483968403946
2021-05-30	6.01511571765724	7.18164804673992	4.69815523400374	0	9.61287479923321	4.00180724119925	1.92708997708779	5.83778384066327
2021-05-31	5.89348097110381	7.17667155416955	4.71216309806148	0	9.27953615868758	3.91318402137982	1.85353582680155	5.65051578592413
2021-06-01	5.77522109976036	7.16681391791531	4.73278421137653	0	8.94889472848561	3.82335312288081	1.78237720951689	5.46350396713644
2021-06-02	5.66088962727544	7.15228048848362	4.75923395108148	0	8.6215395036231	3.73267117959591	1.71363677895946	5.27715022612833
2021-06-03	5.55104007729761	7.13327661638089	4.79072769430891	0	8.29805947909583	3.64149482541878	1.64733718885492	5.0918564047279
2021-06-04	5.44622597347541	7.11000765211351	4.82648081819139	0	7.97904364989958	3.55018069424309	1.58350109292893	4.90802434476328
2021-06-05	5.34700083945738	7.08267894618792	4.86570869986152	0	7.66508101103012	3.45908541996252	1.52215114490712	4.72605588806259
2021-06-06	5.2539181988921	7.0514958491105	4.90762671645188	0	7.35676055748325	3.36856563647073	1.46330999851517	4.54635287645396
2021-06-07	5.16753157542809	7.01666371138768	4.95145024509504	0	7.05467128425475	3.2789779776614	1.40700030747872	4.36931715176549
2021-06-08	5.08839449271391	6.97838788352587	4.99639466292358	0	6.75940218634039	3.1906790774282	1.35324472552343	4.19535055582532
2021-06-09	5.01706047439812	6.93687371603146	5.0416753470701	0	6.47154225873596	3.1040255696648	1.30206590637495	4.02485493046155
2021-06-10	4.95408304412925	6.89232655941087	5.08650767466716	0	6.19168049643725	3.01937408826487	1.25348650375893	3.85823211750232
2021-06-11	4.90001572555587	6.84495176417051	5.13010702284735	0	5.92040589444004	2.93708126712209	1.20752917140103	3.69588395877574
2021-06-12	4.85541204232651	6.7949546808168	5.17168876874326	0	5.6583074477401	2.85750374013013	1.16421656302689	3.53821229610992
2021-06-13	4.82082551808974	6.74254065985613	5.21046828948746	0	5.40597415133323	2.78099814118265	1.12357133236219	3.385618971333
2021-06-14	4.79646732679009	6.6877085976115	5.24576813099815	0	5.16389770390393	2.70787149036548	1.08560428083475	3.23851339882172
2021-06-15	4.78117924355614	6.62963157367225	5.27733951433594	0	4.93218061889171	2.63823235253308	1.05027880068123	3.09733528314739
2021-06-16	4.77346069381242	6.56727621344427	5.30504082934705	0	4.71082811342476	2.57213967873203	1.01754643184043	2.96253190142993
2021-06-17	4.77181110298351	6.49960914233347	5.32873046587772	0	4.49984540463132	2.50965242000894	0.987358714251188	2.83455053078929
2021-06-18	4.77472989649395	6.42559698574577	5.34826681377416	0	4.29923770963961	2.45082952741041	0.959667187852332	2.71383844834538
2021-06-19	4.78071649976831	6.34420636908708	5.36350826288261	0	4.10901024557784	2.39572995198304	0.934423392582686	2.60084293121816
2021-06-20	4.78827033823114	6.2544039177633	5.37431320304928	0	3.92916822957424	2.34441264477343	0.911578868381077	2.49601125652755
2021-06-21	4.79616554026533	6.15548030860116	5.38061074617029	0	3.75964232958752	2.29690663216758	0.89112304806692	2.3996651321193
2021-06-22	4.80427504608706	6.04802242411059	5.38261289234122	0	3.60006501689844	2.2531212419091	0.873196935981981	2.31162398874249
2021-06-23	4.81274649887085	5.93294119822236	5.38060236370754	0	3.44999421361824	2.21293587708101	0.857979429348614	2.23158168787197
2021-06-24	4.82172754179121	5.81114756486721	5.37486188241472	0	3.30898784185815	2.17622994076633	0.845649425389176	2.15923209098265
2021-06-25	4.83136581802265	5.68355245797592	5.36567417060823	0	3.17660382372943	2.14288283604806	0.836385821326019	2.09426905954939
2021-06-26	4.84180897073969	5.55106681147922	5.35332195043353	0	3.05240008134333	2.11277396600923	0.830367514381499	2.03638645504708
2021-06-27	4.85320464311684	5.41460155930788	5.3380879440361	0	2.93593453681108	2.08578273373284	0.827773401777971	1.9852781389506
2021-06-28	4.86570047832862	5.27506763539265	5.3202548735614	0	2.82676511224393	2.06178854230191	0.82878238073779	1.94063797273484
2021-06-29	4.87944411954953	5.13337597366429	5.30010546115491	0	2.72444972975312	2.04067079479946	0.833573348483309	1.90215981787466
2021-06-30	4.89458320995409	4.99043750805355	5.27792242896208	0	2.62854631144992	2.0223088943085	0.842325202236884	1.86953753584495
2021-07-01	4.91126539271682	4.84716317249119	5.25398849912839	0	2.53861277944554	2.00658224391205	0.85521683922087	1.8424649881206
2021-07-02	4.92963831101223	4.70446390090796	5.2285863937993	0	2.45420705585125	1.99337024669312	0.872427156657621	1.82063603617648
2021-07-03	4.94984960801483	4.56325062723463	5.2019988351203	0	2.37488706277829	1.98255230573473	0.894135051769491	1.80374454148747
2021-07-04	4.97204692689914	4.42443428540193	5.17450854523683	0.323589021355803	2.3002107223379	1.97400782411988	0.920519421778836	1.79148436552846
2021-07-05	4.99646977882343	4.28888007086177	5.14649851416509	0.664850294078763	2.22977937306257	1.96768408936424	0.951746883891151	1.7835515574489
2021-07-06	5.02372514688102	4.15727022515063	5.11875280340415	0.990437731037749	2.1633680191698	1.96379992671401	0.987934935244471	1.7796509170965
2021-07-07	5.05451188214901	4.03024125132611	5.09215574232379	1.30085597860279	2.1007950812983	1.96264204584805	1.02918879295998	1.77948943199355
2021-07-08	5.08952883570449	3.90842965244584	5.06759166029381	1.59660968314388	2.04187898008681	1.96449715644521	1.07561367415885	1.78277408966235
2021-07-09	5.12947485862455	3.79247193156743	5.04594488668399	1.87820349103103	1.98643813617405	1.96965196818433	1.12731479596228	1.78921187762518
2021-07-10	5.17504880198626	3.68300459174848	5.0280997508641	2.14614204863425	1.93429097019877	1.97839319074427	1.18439737549142	1.79850978340433
2021-07-11	5.22694951686673	3.58066413604662	5.01494058220395	2.40093000232353	1.88525590279968	1.99100753380388	1.24696662986747	1.81037479452209
2021-07-12	5.28587323527497	3.4860674622341	5.00722163118999	2.64320381271786	1.83916542455209	2.00767614313259	1.31511688172157	1.82456484480929
2021-07-13	5.35250571294768	3.39975304694182	5.00517683277535	2.8741271974322	1.79590830577754	2.0281579088622	1.38889887572473	1.84104165333092
2021-07-14	5.42753008655351	3.32223976151528	5.00891004302983	3.09499568833047	1.75538738673416	2.05210615721511	1.46835246205791	1.85981788546049
2021-07-15	5.51162949276109	3.25404647730003	5.01852511802324	3.30710481727662	1.71750550768006	2.07917421441369	1.5535174909021	1.88090620657153
2021-07-16	5.60548706823905	3.19569206564158	5.03412591382538	3.51175011613458	1.68216550887335	2.10901540668034	1.64443381243825	1.90431928203755
2021-07-17	5.70978594965604	3.14769539788547	5.05581628650605	3.71022711676828	1.64927023057216	2.14128306023744	1.74114127684736	1.9300697772321
2021-07-18	5.82520927368069	3.11057534537723	5.08370009213505	3.90383135104167	1.61872251303461	2.17563050130738	1.84367973431038	1.95817035752867
2021-07-19	5.95244017698163	3.08485077946237	5.11788118678219	4.09385835081867	1.59042519651881	2.21171105611255	1.95208903500829	1.98863368830081
2021-07-20	6.09216179622751	3.07104057148644	5.15846342651728	4.28160364796323	1.56428112128287	2.24917805087534	2.06640902912207	2.02147243492203
2021-07-21	6.24505726808695	3.06966359279496	5.2055506674101	4.46836277433927	1.54019312758493	2.28768481181813	2.18667956683268	2.05669926276585
2021-07-22	6.4118097292286	3.08123871473345	5.25924676553047	4.65543126181074	1.51806405568308	2.3268846651633	2.3129404983211	2.0943268372058
2021-07-23	6.59310231632108	3.10628480864745	5.31965557694819	4.84410464224157	1.49779674583546	2.36643093713326	2.4452316737683	2.13436782361539
2021-07-24	6.78961816603305	3.14532074588247	5.38688095773306	5.03567844749569	1.47929403830018	2.40597695395038	2.58359294335526	2.17683488736816
2021-07-25	7.00204041503313	3.19886539778406	5.46102676395488	5.23144820943705	1.46245877333536	2.44517604183705	2.72806415726293	2.22174069383762
2021-07-26	7.23100312943519	3.26727865449761	5.54213920484257	5.43274673276849	1.44720729318879	2.48376013435996	2.87866035788881	2.26913164668186
2021-07-27	7.47694409313406	3.35028448136803	5.63003390226142	5.64105591354853	1.43350994806705	2.52177559446307	3.03529735649636	2.31918910269721
2021-07-28	7.74025201946979	3.44744786254009	5.72446883123585	5.85789492067463	1.42135059016636	2.55934739243462	3.19786615656554	2.37212815696456
2021-07-29	8.02131562178243	3.55833378215859	5.82520196679028	6.08478292304422	1.41071307168297	2.59660049856286	3.36625776157634	2.42816390456479
2021-07-30	8.32052361341205	3.68250722436831	5.93199128394912	6.32323908955474	1.40158124481312	2.63365988313605	3.54036317500871	2.4875114405788
2021-07-31	8.63826470769868	3.81953317331401	6.04459475773678	6.57478258910364	1.39393896175305	2.67065051644243	3.72007340034264	2.55038586008748
2021-08-01	8.9749276179824	3.9689766131405	6.16277036317768	6.84093259058834	1.38777007469901	2.70769736877025	3.90527944105808	2.61700225817171
2021-08-02	9.33074579443507	4.13034606157961	6.28628981961144	7.12286706131	1.38307848827664	2.74492287114219	4.09583397441194	2.68745854287081
2021-08-03	9.70533163455586	4.30292417071149	6.41497982363851	7.42039916218447	1.37994831682918	2.78243929751861	4.2914363727688	2.76138387405767
2021-08-04	10.0981422726757	4.48593712620333	6.5486808161746	7.73300085253134	1.37848372712928	2.82035638259429	4.49174768227016	2.83829022456364
2021-08-05	10.5086348431257	4.67861111372235	6.68723323813535	8.06014409167015	1.37878888594959	2.85878386106402	4.69642894905753	2.91768956722004
2021-08-06	10.9362664802367	4.88017231893575	6.83047753043647	8.40130083892048	1.38096796006276	2.89783146762257	4.90514121927241	2.99909387485819
2021-08-07	11.3804943183397	5.08984692751074	6.97825413399361	8.75594305360189	1.38512511624143	2.93760893696472	5.11754553905631	3.08201512030942
2021-08-08	11.8407754917658	5.30686112511452	7.13040348972246	9.12354269503394	1.39136452125826	2.97822600378527	5.33330295455074	3.16596527640505
2021-08-09	12.3165671348458	5.5304410974143	7.2867660385387	9.50357172253621	1.3997903418859	3.01979240277898	5.5520745118972	3.25045631597642
2021-08-10	12.8073263819109	5.75981303007728	7.447182221358	9.89550209542825	1.41050674489698	3.06241786864065	5.77352125723719	3.33500021185485
2021-08-11	13.3125103672918	5.99420310877068	7.61149247909603	10.2988057730296	1.42361789706416	3.10621213606505	5.99730423671223	3.41910893687166
2021-08-12	13.8315762253197	6.23283751916169	7.77953725266848	10.7129547146599	1.43922796516009	3.15128493974698	6.22308449646381	3.50229446385819
2021-08-13	14.3639810903255	6.47494244691752	7.95115698299102	11.1374208796387	1.45744111595741	3.1977460143812	6.45052308263345	3.58406876564575
2021-08-14	14.9091820966403	6.71974407770538	8.12619211097933	11.5716762272854	1.47836151622878	3.2457050946625	6.67928104136265	3.66394381506567
2021-08-15	15.4666363785948	6.96646859719247	8.30448307754908	12.0151927169198	1.50209333274684	3.29527191528567	6.90901941879291	3.74143158494929
2021-08-16	16.0357312152698	7.21432559599901	8.4857953606437	12.4670886724026	1.52879083952059	3.34657337884708	7.13937095993262	3.8161147834352
2021-08-17	16.6155744647436	7.46245828455725	8.6695945863176	12.9250678757597	1.55880873950443	3.39980505954953	7.3698552052577	3.88785905989114
2021-08-18	17.2052041298442	7.70999327825246	8.85527141765293	13.3864804735582	1.59255184288913	3.4551796994974	7.59996339411096	3.95660079899209
2021-08-19	17.8036582133998	7.9560571924699	9.04221651773187	13.8486766123653	1.63042495986544	3.51291004079508	7.82918676583519	4.02227638541306
2021-08-20	18.4099747182384	8.19977664259483	9.22982054963656	14.309006438748	1.67283290062412	3.57320882554696	8.0570165597732	4.08482220382906
2021-08-21	19.0231916471878	8.44027824401252	9.41747417644917	14.7648200992735	1.72018047535593	3.63628879585743	8.28294401526778	4.14417463891508
2021-08-22	19.6423470030762	8.67668861210824	9.60456806125186	15.213467740509	1.77287249425161	3.70236269383088	8.50646037166175	4.20027007534614
2021-08-23	20.2665120167369	8.90824495715981	9.79058188341245	15.6527671499761	1.83132344487771	3.77164327018365	8.72711267960206	4.25310734359149
2021-08-24	20.894890831024	9.13462686901545	9.97535138744142	16.0824066790149	1.8959865243038	3.84434331008	8.94467123495238	4.30293505729749
2021-08-25	21.5267208167969	9.35562453241593	10.1588013341349	16.5025423199202	1.96732460697526	3.92067560729611	9.15896214488054	4.35006427590477
2021-08-26	22.1612393449152	9.57102813210201	10.3408564842891	16.9133300649866	2.04580056733744	4.0008529556082	9.36981151655436	4.39480605885394
2021-08-27	22.7976837862383	9.78062785281448	10.5214415987001	17.3149259065088	2.13187727983571	4.08508814879248	9.57704545714165	4.43747146558563
2021-08-28	23.4352915116256	9.9842138792941	10.7004814381641	17.7074858367815	2.22601761891541	4.17359398062513	9.78049007381026	4.47837155554045
2021-08-29	24.0732998919365	10.1815763962817	10.8779007634771	18.0911658480994	2.32868445902193	4.26658324488238	9.979971473728	4.51781738815903
2021-08-30	24.7109462980307	10.372505588518	11.0536243354355	18.4661219327572	2.44034067460061	4.36426873534042	10.1753157640627	4.556120022882
2021-08-31	25.3474681007673	10.5567916407437	11.2275769148353	18.8325100830495	2.56144914009682	4.46686324577545	10.3663490519822	4.59359051914996
2021-09-01	25.982102671006	10.7342247376997	11.3996832624726	19.190486291271	2.69247272995591	4.57457956996368	10.5528974446543	4.63053993640354
2021-09-02	26.6140873796062	10.9045950641268	11.5698681391436	19.5402065497166	2.83387431862325	4.68763050168132	10.7347870492468	4.66727933408338
2021-09-03	27.2426595974272	11.0676928047656	11.7380563056445	19.8818268506807	2.98611678054421	4.80622883470457	10.9118439729276	4.70411977163007
2021-09-04	27.8670566953287	11.2233081443571	11.9041725227713	20.2155031864582	3.14966299016413	4.93058736280962	11.0838943228645	4.74137230848425
2021-09-05	28.4865160441699	11.3712312676419	12.0681415513203	20.5413915493436	3.32497582192838	5.0609188797727	11.2507642062253	4.77934800408654
2021-09-06	29.1003047137224	11.5113754572788	12.2298986408981	20.8597481795006	3.51239040058538	5.19737649497812	11.4121780950662	4.81831846401116
2021-09-07	29.7078085694057	11.6441463875983	12.3894209963535	21.1712303085677	3.71173085209577	5.33987458024276	11.5674539209968	4.85839747836674
2021-09-08	30.3084431755512	11.7700728308488	12.5466963113456	21.4765954160523	3.92269355272325	5.4882678229916	11.715807980515	4.89965938339551
2021-09-09	30.9016240964904	11.8896835592788	12.7017122795337	21.7766009814619	4.14497487873151	5.64241091064964	11.8564565701188	4.94217851533969
2021-09-10	31.4867668965548	12.0035073451367	12.854456594577	22.072004484304	4.37827120638426	5.80215853064186	11.9886159863061	4.98602921044152
2021-09-11	32.0632871400759	12.1120729606711	13.0049169501349	22.3635634040859	4.6222789119452	5.96736537039327	12.1115025255748	5.03128580494322
2021-09-12	32.6306003913852	12.2159091781303	13.1530810398665	22.652035220315	4.87669437167802	6.13788611732884	12.224332484423	5.07802263508703
2021-09-13	33.1883255039442	12.3155179073241	13.2989700086417	22.9381006730866	5.14112329857975	6.31354415662998	12.3265782727689	5.12627475831862
2021-09-14	33.7368944877352	12.4112936083079	13.4427388061732	23.2221335448466	5.41480875258069	6.49403766450373	12.4187367542125	5.17592011689755
2021-09-15	34.2769426418704	12.5036038786982	13.5845758333842	23.5044308786287	5.69690313034447	6.67903351491351	12.5015609057741	5.22679737428682
2021-09-16	34.809105265462	12.5928163161117	13.7246694911982	23.7852897174667	5.98655882853474	6.86819858182278	12.5758037044741	5.27874519394942
2021-09-17	35.3340176576223	12.6792985181649	13.8632081805383	24.0650071043941	6.28292824381511	7.06119973919495	12.6422181273328	5.33160223934836
2021-09-18	35.8523151174637	12.7634180824746	14.0003803023279	24.3438800824447	6.58516377284922	7.25770386099348	12.7015571513705	5.38520717394664
2021-09-19	36.3646329440983	12.8455426066572	14.1363742574903	24.6222056946522	6.8924178123007	7.45737782118181	12.7545737536075	5.43939866120727
2021-09-20	36.8716064366384	12.9260396883295	14.2713784469489	24.9002809840504	7.20384275883319	7.65988849372336	12.8020209110643	5.49401536459324
2021-09-21	37.3738708941962	13.0052769251081	14.4055812716268	25.1784029936728	7.51859100911031	7.86490275258158	12.8446516007612	5.54889594756756
2021-09-22	37.8720616158842	13.0836219146095	14.5391711324475	25.4568687665532	7.83581495979569	8.07208747171991	12.8832187997184	5.60387907359323
2021-09-23	38.3668139008144	13.1614422544505	14.6723364303342	25.7359753457253	8.15466700755298	8.28110952510179	12.9184754849563	5.65880340613325
2021-09-24	38.8587630480992	13.2391055422476	14.8052655662102	26.0160197742229	8.47429954904579	8.49163578669065	12.9511746334953	5.71350760865062
2021-09-25	39.3485443568509	13.3169793756174	14.9381469409989	26.2972990950795	8.79386498093776	8.70333313044993	12.9820692223557	5.76783034460835
2021-09-26	39.8367931261817	13.3954313521766	15.0711689556235	26.5801103513289	9.11251569989253	8.91586843034307	13.0119122285578	5.82161027746944
