date	state	King	Snohomish	Pierce	Ann Arbor	Boston	San Diego	DC
2020-01-26	0	0	0	0	0	0	0	0
2020-01-27	0	0	0	0	0	0	0	0
2020-01-28	0	0	0	0	0	0	0	0
2020-01-29	0	0	0	0	0	0	0	0
2020-01-30	0	0	0	0	0	0	0	0
2020-01-31	0	0	0	0	0	0	0	0
2020-02-01	0	0	0	0	0	0	0	0
2020-02-02	0	0	0	0	0	0	0	0
2020-02-03	0	0	0	0	0	0	0	0
2020-02-04	0	0	0	0	0	0	0	0
2020-02-05	0	0	0	0	0	0	0	0
2020-02-06	0	0	0	0	0	0	0	0
2020-02-07	0	0	0	0	0	0	0	0
2020-02-08	0	0	0	0	0	0	0	0
2020-02-09	0	0	1.70864913492352	0	0	0	0	0
2020-02-10	0	2.343152072354	6.55642437754659	0	0	0	0	0
2020-02-11	0.442390944651704	6.21636236476617	11.612206642262	0	0	0	0	0
2020-02-12	2.84357102996672	10.2739066857064	16.8920051402365	0	0	0	0	0
2020-02-13	5.37733892558881	14.529255273301	22.4118290826371	0	0	0	0	0
2020-02-14	8.05299076913919	18.9958783656765	28.1876876806304	1.00047580020326	0	0	0	0
2020-02-15	10.8798226982391	23.6872462009591	34.2355901453833	2.88650289767929	0.706490017638456	0	0	0
2020-02-16	13.8671308505097	28.6168290172752	40.5715456880626	4.90121252816272	4.77528347568942	0	0	0
2020-02-17	17.0243454186032	33.7979118503287	47.211192719239	7.05275665441554	9.14668652037158	0	0	0
2020-02-18	20.3614328152963	39.2430389261336	54.168686447099	9.35110846548575	13.8437192106234	0	0	0
2020-02-19	23.8884935083964	44.9645692682812	61.4578112792328	11.8066964569928	18.8905492565899	0	0.311756014412619	0
2020-02-20	27.615627965711	50.9748619003629	69.0923516232309	14.4299491245563	24.3113443684164	17.4484830805889	1.38176730956764	0
2020-02-21	31.5529366550477	57.2862758459702	77.0860918866836	17.2312949637956	30.1302722562481	36.6102625472704	2.55064686593764	0
2020-02-22	35.7105200442141	63.9111701286945	85.4528164771811	20.2211624703303	36.37150063023	57.5202373396051	3.82517662141621	0
2020-02-23	40.0984786010175	70.8619037721271	94.2063098023138	23.4099801397799	43.0591972005073	80.2899655563907	5.21213851389696	0
2020-02-24	44.7240005073258	78.1461641358308	103.353991522043	26.8059928574753	50.2133726149999	105.019811683631	6.71760121081835	4.29773406811469
2020-02-25	49.582624801247	85.7529519232534	112.877822305814	30.4087110675931	57.837409272726	131.765365756157	8.3447802977985	12.1751495209413
2020-02-26	54.6669782349492	93.6665961738138	122.753398075442	34.2154616040215	65.9305325104784	160.571024196004	10.0961780900003	20.8131332676297
2020-02-27	59.9696875606006	101.871425926931	132.956314752745	38.2235713006486	74.49196766505	191.481183425208	11.9742969025869	30.2414293095329
2020-02-28	65.4833795303694	110.351770222024	143.462168259537	42.4303669913624	83.5209400732336	224.540239865807	13.981639050721	40.4897816480039
2020-02-29	71.2006808964237	119.091958098512	154.246554517635	46.8331755100512	93.016675071822	259.792589939837	16.1207068495658	51.5879342843956
2020-03-01	77.1142184109317	128.076318595814	165.285069448854	51.4293236906029	102.978397997608	297.282630069333	18.3940026142842	63.565631220061
2020-03-02	83.2166188260615	137.289180753349	176.553308975012	56.2161383669056	113.405334187385	337.054756676333	20.8040286600391	76.4526164563532
2020-03-03	89.5005088939815	146.714873610536	188.026869017923	61.1909463728476	124.296708977945	379.153366182873	23.3532873019936	90.2786339946251
2020-03-04	95.9585153668596	156.337726206794	199.681345499405	66.3510745423169	135.651747706081	423.622855010989	26.0442808553106	105.07342783623
2020-03-05	102.583264996864	166.142067581542	211.492334341273	71.6938497092016	147.469675708587	470.507619582719	28.8795116351531	120.86674198252
2020-03-06	109.367384536163	176.112226774199	223.435431465343	77.2165987073898	159.749718322254	519.852056320097	31.861481956684	137.688320434849
2020-03-07	116.303500736925	186.232532824185	235.486232793431	82.9166483707695	172.491100883877	571.700561645161	34.9926941350664	155.567907194569
2020-03-08	123.384240351317	196.487314770917	247.620334247353	88.791325533229	185.693048730246	626.097531979947	38.2756504854631	174.535246263034
2020-03-09	130.597842869304	206.854965151047	259.805253294927	94.8348574713956	199.345580673776	683.064014693722	41.7112746087805	194.614748665589
2020-03-10	137.914998732026	217.290130490154	271.976193587976	101.029073232854	213.401889429351	742.52766094467	45.2941752488981	215.809493523553
2020-03-11	145.30201111842	227.741520811047	284.060280324324	107.352702307929	227.80596118748	804.392772838208	49.0173824354388	238.117226982237
2020-03-12	152.725183207423	238.157846136537	295.984638701798	113.784474186944	242.501782138666	868.56365247975	52.8739261980255	261.53569518695
2020-03-13	160.150818177972	248.487816489434	307.676393918219	120.303118360223	257.433338473417	934.944601974711	56.8568365662808	286.062644283005
2020-03-14	167.545219209002	258.680141892548	319.062671171415	126.887364318091	272.544616382238	1003.43992342851	60.9591435698278	311.695820415712
2020-03-15	174.874689479451	268.68353236869	330.07059565921	133.515941550872	287.779602055635	1073.95391894655	65.1738772382893	338.432969730382
2020-03-16	182.107014987087	278.450997313645	340.633676017423	140.165243542548	303.07759302672	1146.36190016364	69.4928350235459	366.258914396009
2020-03-17	189.215913004997	287.952743615104	350.710954633863	146.802319751741	318.359132199024	1220.423216832	73.9028840665099	395.106780676322
2020-03-18	196.176583625104	297.163277533734	360.26785733433	153.39188363073	333.540073818685	1295.86822823328	78.3896589303514	424.896770858734
2020-03-19	202.964226939327	306.057105330201	369.269809944629	159.898648631793	348.536272131841	1372.4272936491	82.9387941782404	455.549087230655
2020-03-20	209.554043039587	314.608733265173	377.682238290561	166.287328207211	363.263581384629	1449.83077236106	87.5359243733469	486.983932079498
2020-03-21	215.921232017805	322.792667599314	385.470568197929	172.522635809263	377.637855823186	1527.80902365081	92.1666840788411	519.121507692675
2020-03-22	222.0409939659	330.583414593292	392.600225492536	178.569284890229	391.57494969365	1606.09240679995	96.816707857893	551.882016357598
2020-03-23	227.888528975793	337.955480507774	399.036636000185	184.391988902387	404.990717242159	1684.41128109012	101.471630273673	585.185660361678
2020-03-24	233.439037139404	344.883371603425	404.745225546677	189.955461298017	417.801012714849	1762.49600580293	106.11708588935	618.952641992329
2020-03-25	238.667718548655	351.341594140914	409.691419957816	195.224415529398	429.921690357858	1840.07694022001	110.738709268096	653.103163536962
2020-03-26	243.549773295465	357.304654380905	413.840645059404	200.163565048811	441.268604417323	1916.88444362298	115.322134973079	687.557427282988
2020-03-27	248.060401471754	362.747058584065	417.158326677244	204.737623308533	451.757609139383	1992.64887529347	119.852997567471	722.23563551782
2020-03-28	252.174803169444	367.643313011062	419.609890637138	208.911303760846	461.304558770174	2067.10059451308	124.31693161444	757.05799052887
2020-03-29	255.868178480454	371.967923922562	421.160762764889	212.649319858027	469.825307555834	2139.96996056346	128.699571677158	791.94469460355
2020-03-30	259.121848984795	375.700243275758	421.791366262806	215.923472826125	477.252832222426	2210.96883431983	132.989394798764	826.810826920125
2020-03-31	261.941622214835	378.839005813956	421.54211383922	218.733914986253	483.588599415716	2279.73508303197	137.186247942283	861.550974220272
2020-04-01	264.339427191033	381.38779197699	420.468415578969	221.087886433294	488.851198261397	2345.88807554324	141.292820550706	896.054600136524
2020-04-02	266.327192933848	383.350182204691	418.625681566892	222.992627262131	493.05921788516	2409.04718069703	145.311802067028	930.211168301408
2020-04-03	267.916848463738	384.729756936893	416.069321887825	224.455377567646	496.231247412698	2468.83176733671	149.245881934243	963.910142347458
2020-04-04	269.120322801161	385.530096613429	412.854746626607	225.483377444721	498.385875969702	2524.86120430566	153.097749595342	997.040985907203
2020-04-05	269.949544966577	385.754781674131	409.037365868075	226.083866988238	499.541692681865	2576.75486044726	156.870094493321	1029.49316261317
2020-04-06	270.418230177358	385.411295928856	404.669570369671	226.267152618267	499.721654129801	2624.1854932252	160.565308725082	1061.1669387887
2020-04-07	270.547238438537	384.522736667554	399.791673579243	226.055806055623	498.966186713812	2667.03941458442	164.184595003165	1092.00579152032
2020-04-08	270.359215952062	383.116104550198	394.440969617243	225.475465346309	497.320084289123	2705.25632509015	167.728858694021	1121.96400058535
2020-04-09	269.87680891988	381.218400236762	388.654752604123	224.551768536328	494.828140710958	2738.77592530765	171.199005164098	1150.99584576112
2020-04-10	269.12266354394	378.85662438722	382.470316660335	223.310353671682	491.535149834543	2767.53791580217	174.595939779848	1179.05560682498
2020-04-11	268.119426026188	376.057777661545	375.924955906331	221.776858798373	487.485905515102	2791.48199713894	177.92056790772	1206.09756355424
2020-04-12	266.889742568573	372.84886071971	369.055964462563	219.976921962404	482.72520160786	2810.54786988322	181.173794914163	1232.07599572623
2020-04-13	265.456259373041	369.256874221689	361.900636449482	217.936181209778	477.297831968041	2824.67523460025	184.356526165628	1256.94518311829
2020-04-14	263.841622641542	365.308818827456	354.496265987542	215.680274586498	471.248590450869	2833.80379185528	187.469667028565	1280.65940550775
2020-04-15	262.068478576022	361.031695196984	346.880147197192	213.234840138565	464.622270911571	2837.87324221356	190.514122869424	1303.17294267193
2020-04-16	260.159473378429	356.452503990246	339.089574198886	210.625515911982	457.463667205369	2836.82328624032	193.490799054653	1324.44007438817
2020-04-17	258.13725325071	351.598245867217	331.161841113076	207.877939952753	449.81757318749	2830.59362450083	196.400600950704	1344.41508043379
2020-04-18	256.024464394814	346.495921487869	323.134242060212	205.017750306879	441.728782713157	2819.12395756032	199.244433924027	1363.05224058612
2020-04-19	253.843753012687	341.172531512177	315.044071160748	202.070585020363	433.242089637595	2802.35398598403	202.02320334107	1380.3058346225
2020-04-20	251.61652900087	335.6540406588	306.925102048133	199.05951689571	424.402979609739	2780.28960107873	204.737480674884	1396.12989775328
2020-04-21	249.359257034269	329.962269881153	298.79702640781	195.997357761437	415.259705453365	2753.20145711714	207.38650182492	1410.47748692092
2020-04-22	247.087165482381	324.118004191337	290.676015438222	192.894354202562	405.861211785957	2721.42639911353	209.969168797226	1423.30141450088
2020-04-23	244.815482714705	318.14202860145	282.578240337811	189.760752804105	396.256443225002	2685.30127208213	212.484383597854	1434.55449286865
2020-04-24	242.559437100739	312.055128123595	274.519872305018	186.606800151085	386.494344387985	2645.16292103718	214.931048232854	1444.18953439971
2020-04-25	240.334257009981	305.878087769872	266.517082538284	183.44274282852	376.623859892391	2601.34819099295	217.308064708276	1452.15935146953
2020-04-26	238.155170811928	299.631692552382	258.586042236052	180.278827421431	366.693934355707	2554.19392696366	219.61433503017	1458.4167564536
2020-04-27	236.037302068978	293.336631307529	250.742657963175	177.125459653667	356.748750769068	2504.02259972391	221.850688508202	1462.92781257493
2020-04-28	233.995355115121	287.013208168934	243.001777750151	173.993681804408	346.813445618214	2451.09918308957	224.0256636665	1465.71158644674
2020-04-29	232.043929477243	280.681631094522	235.377984993891	170.894695291667	336.908393762534	2395.67427663689	226.149726332809	1466.80039552977
2020-04-30	230.197624682233	274.362108042218	227.885863091305	167.839701533454	327.053970061419	2337.99847994208	228.233342334871	1466.22655728479
2020-05-01	228.471040256978	268.074846969947	220.539995439302	164.839901947783	317.27054937426	2278.32239258137	230.286977500431	1464.02238917254
2020-05-02	226.878775728367	261.840055835634	213.354965434794	161.906497952663	307.578506560445	2216.89661413099	232.321097657232	1460.22020865378
2020-05-03	225.435430623288	255.677942597203	206.345356474689	159.050690966108	297.998216479366	2153.97174416716	234.34616863302	1454.85233318925
2020-05-04	224.155604468628	249.60871521258	199.525751955899	156.283682406129	288.550053990411	2089.79838226611	236.372656255537	1447.95108023972
2020-05-05	223.053896791275	243.652581639689	192.910735275333	153.616673690737	279.254393952972	2024.62712800407	238.411026352527	1439.54876726594
2020-05-06	222.144907118118	237.829749836455	186.514889829902	151.060866237945	270.131611226439	1958.70858095725	240.471744751735	1429.67771172865
2020-05-07	221.443234976044	232.160427760804	180.352799016515	148.627461465763	261.2020806702	1892.29334070189	242.565277280904	1418.37023108862
2020-05-08	220.96347989194	226.664823370659	174.439046232083	146.327660792205	252.486177143648	1825.63200681421	244.702089767778	1405.65864280659
2020-05-09	220.720241392696	221.363144623947	168.788214873515	144.172665635281	244.004275506171	1758.97517887044	246.892648040102	1391.57526434331
2020-05-10	220.728119005198	216.275599478591	163.414888337722	142.173677413003	235.77675061716	1692.5734564468	249.147417925618	1376.15241315955
2020-05-11	221.000930144191	211.422713497399	158.332670729979	140.341181259302	227.821603672257	1626.65989604459	251.480405419045	1359.43087105554
2020-05-12	221.549363775841	206.826282662709	153.551248989017	138.682797171788	220.147341212119	1561.39738186536	253.919777183001	1341.48527718941
2020-05-13	222.383326754172	202.50842056174	149.079330761931	137.205428863986	212.760096113653	1496.93125503576	256.497240047077	1322.39873505881
2020-05-14	223.512725933204	198.491240781712	144.925623695819	135.915980049425	205.666001253767	1433.40685668242	259.244500840864	1302.25434816137
2020-05-15	224.947468166963	194.796856909845	141.098835437776	134.821354441633	198.87118950937	1370.96952793196	262.193266393955	1281.1352199947
2020-05-16	226.697460309469	191.447382533359	137.607673634897	133.928455754136	192.38179375737	1309.76460991102	265.375243535939	1259.12445405645
2020-05-17	228.772609214745	188.464931239474	134.46084593428	133.244187700464	186.203946874675	1249.93744374622	268.82213909641	1236.30515384425
2020-05-18	231.180091965663	185.867840648212	131.665887400611	132.775434632558	180.344176953006	1191.61462511799	272.563613924328	1212.75938462112
2020-05-19	233.916166560485	183.659344510806	129.225642768947	132.529003456024	174.810592943337	1134.84776792185	276.621144946128	1188.56505871178
2020-05-20	236.974361226321	181.838900611291	127.141784191935	132.511681714883	169.611699011454	1079.66974060711	281.014163107618	1163.79905020631
2020-05-21	240.348204190284	180.405966733704	125.415983822222	132.730256953156	164.755999323143	1026.11341162308	285.762099354601	1138.53823319483
2020-05-22	244.031223679482	179.36000066208	124.049913812456	133.191516714864	160.25199804419	974.211649419058	290.884384632884	1112.85948176744
2020-05-23	248.016947921029	178.700460180455	123.045246315285	133.902248544027	156.108199340382	923.997322444367	296.400449888273	1086.83967001423
2020-05-24	252.298905142033	178.426803072864	122.403653483355	134.869239984666	152.333107377506	875.50329914831	302.329726066572	1060.55567202532
2020-05-25	256.870623569606	178.538487123343	122.126807469315	136.099278580802	148.935226321346	828.762447980197	308.691644113587	1034.08436189081
2020-05-26	261.725631430859	179.034970115928	122.216380425812	137.599151876456	145.92306033769	783.807637389337	315.505634975124	1007.5026137008
2020-05-27	266.857456952903	179.915709834654	122.674044505494	139.375647415649	143.305113592324	740.671735825038	322.791129596989	980.8873015454
2020-05-28	272.259628362848	181.180164063557	123.501471861007	141.435552742401	141.089890251034	699.387611736609	330.567558924986	954.315299514706
2020-05-29	277.925673887805	182.827790586672	124.700334645	143.785655400733	139.285894479607	659.988133573359	338.854353904921	927.863481698826
2020-05-30	283.849121754885	184.858047188036	126.27230501012	146.432742934667	137.901630443828	622.506169784597	347.670945482601	901.608722187862
2020-05-31	290.0235001912	187.270391651684	128.219055109015	149.383602888223	136.945602309485	586.974588819631	357.03676460383	875.627895071918
2020-06-01	296.444309959335	190.064939763061	130.541358993428	152.647423432502	136.426157717728	553.413438190147	366.969117981291	849.996847936442
2020-06-02	303.114941963786	193.244439313257	133.236398311496	156.242995246932	136.351018211167	521.791481657328	377.476815395183	824.787322348255
2020-06-03	310.040759644522	196.81229609477	136.300456610449	160.19150963802	136.727748807778	492.064662044736	388.56654239258	800.070033369522
2020-06-04	317.227126441513	200.771915900098	139.729817437519	164.514157912274	137.563914525536	464.18892217593	400.244984520557	775.915696062408
2020-06-05	324.679405794729	205.126704521741	143.520764339938	169.232131376201	138.867080382416	438.120204874471	412.51882732619	752.395025489078
2020-06-06	332.402961144141	209.880067752196	147.669580864937	174.366621336309	140.644811396393	413.814452963919	425.394756356553	729.578736711697
2020-06-07	340.40315592972	215.035411383963	152.172550559749	179.938819099106	142.904672585443	391.227609267834	438.879457158722	707.537544792431
2020-06-08	348.681985011733	220.591670722525	157.023574161587	185.964530998491	145.649999908791	370.315226218589	452.970222160644	686.334296283479
2020-06-09	357.227968931642	226.529899125299	162.207021167591	192.438023477932	148.867213090667	351.031294683803	467.626771313758	666.000363697179
2020-06-10	366.026259651208	232.826679462689	167.704878264884	199.348178008289	152.538502796551	333.329415139907	482.799431450374	646.559251035904
2020-06-11	375.06200913219	239.458594605096	173.499132140587	206.683876060423	156.646059691921	317.163188063332	498.438529402803	628.034462302026
2020-06-12	384.32036933635	246.402227422923	179.571769481824	214.433999105193	161.172074442259	302.486213930509	514.494392003356	610.449501497919
2020-06-13	393.786492225447	253.634160786573	185.904776975717	222.587428613459	166.098737713044	289.252093217869	530.917346084344	593.827872625955
2020-06-14	403.445529761242	261.130977566448	192.480141309387	231.133046056082	171.408240169755	277.414426401844	547.657718478077	578.193079688506
2020-06-15	413.282633905494	268.86926063295	199.279849169957	240.059732903921	177.082772477873	266.926813958865	564.665836016867	563.568626687946
2020-06-16	423.282956619964	276.825592856482	206.285887244549	249.356370627836	183.104525302877	257.742856365362	581.892025533023	549.978017626647
2020-06-17	433.431649866413	284.976557107447	213.480242220287	259.011840698688	189.455689310248	249.816154097767	599.286613858857	537.444756506982
2020-06-18	443.7138656066	293.298736256246	220.844900784291	269.015024587336	196.118455165464	243.100307632512	616.79992782668	525.992347331323
2020-06-19	454.114755802285	301.768713173283	228.361849623684	279.354803764641	203.075013534007	237.548917446026	634.382294268801	515.644294102044
2020-06-20	464.61947241523	310.363070728959	236.013075425589	290.020059701462	210.307555081356	233.115584014741	651.984040017534	506.424100821516
2020-06-21	475.213167407194	319.058391793677	243.780564877127	300.99967386866	217.798270472989	229.753907815089	669.555491905187	498.355271492114
2020-06-22	485.877763348861	327.829652846073	251.644827110295	312.278845244549	225.524315226253	227.416168220584	687.041183998639	491.450548044485
2020-06-23	496.582265246614	336.64540479771	259.580461036582	323.828042837271	233.442704265943	226.049360193075	704.36247930304	485.679624122386
2020-06-24	507.292448715758	345.472592168388	267.56058801235	335.614053162419	241.505417368724	225.599157591495	721.43494805811	481.001431297849
2020-06-25	517.9740893716	354.278159477903	275.558329393962	347.603662735588	249.664434311257	226.011234274776	738.174160503564	477.374901142906
2020-06-26	528.592962829446	363.029051246053	283.546806537782	359.763658072373	257.871734870205	227.231264101852	754.495686879122	474.75896522959
2020-06-27	539.114844704602	371.692211992635	291.499140800171	372.06082568837	266.07929882223	229.204920931655	770.315097424501	473.112555129931
2020-06-28	549.505510612374	380.234586237448	299.388453537492	384.461952099173	274.239105943993	231.877878623118	785.547962379418	472.394602415963
2020-06-29	559.730987894868	388.625682869207	307.188530769407	396.931958870425	282.30491892192	235.198985152344	800.119808323705	472.561060075103
2020-06-30	569.758310801383	396.845268252302	314.875817168768	409.428307767964	290.237632081476	239.129784964122	813.995987197641	473.555966756308
2020-07-01	579.554765308021	404.875673120041	322.427422071726	421.906595607677	297.99992265789	243.63499662041	827.151807281618	475.320382523919
2020-07-02	589.087637390882	412.699228205732	329.820454814433	434.322419205449	305.55446788639	248.679338683168	839.56257685603	477.79536744228
2020-07-03	598.324213026064	420.298264242685	337.032024733041	446.631375377166	312.863945002206	254.227529714355	851.203604201268	480.921981575731
2020-07-04	607.231778189669	427.655111964206	344.0392411637	458.789060938714	319.891031240565	260.244288275929	862.050197597726	484.641284988614
2020-07-05	615.777618857796	434.752102103605	350.819213442561	470.751072705979	326.598403836696	266.69433292985	872.077665325794	488.894337745273
2020-07-06	623.929021006546	441.571565394189	357.349050905776	482.473007494847	332.948740025827	273.542382238077	881.261315665867	493.622199910048
2020-07-07	631.653270612018	448.095832569266	363.605862889496	493.910462121204	338.904717043186	280.753154762568	889.576456898336	498.765931547282
2020-07-08	638.917653650313	454.307234362146	369.566758729873	505.019033400937	344.429012124002	288.291369065283	896.998397303594	504.266592721316
2020-07-09	645.68945609753	460.188101506136	375.208847763057	515.754318149931	349.484302503503	296.121743708181	903.502445162033	510.065243496493
2020-07-10	651.93596392977	465.720764734544	380.5092393252	526.071913184071	354.033265416918	304.208997253221	909.063908754046	516.102943937155
2020-07-11	657.624463123132	470.887554780678	385.445042752453	535.927415319245	358.038578099475	312.517848262362	913.658096360025	522.320754107643
2020-07-12	662.722239653716	475.670802377848	389.993367380968	545.276421371338	361.462917786402	321.013015297563	917.260316260362	528.6597340723
2020-07-13	667.201863521882	480.055422337016	394.133680322255	554.074476478189	364.28198416849	329.662348849092	919.85849516105	535.061252958937
2020-07-14	671.057040825018	484.036665779771	397.854879789267	562.276919065444	366.52356675878	338.44622712045	921.491033470476	541.46791614924
2020-07-15	674.286761684776	487.612367905355	401.148221770317	569.839035880702	368.228477525875	347.348160243451	922.208950022627	547.822638088366
2020-07-16	676.890016222802	490.780363913012	404.004962253717	576.716113671563	369.437528438377	356.351658349904	922.063263651491	554.06833322147
2020-07-17	678.865794560747	493.538489001986	406.41635722778	582.863439185626	370.191531464889	365.440231571621	921.104993191054	560.147915993708
2020-07-18	680.213086820258	495.884578371518	408.373662680818	588.23629917049	370.531298574015	374.597390040414	919.385157475305	566.004300850236
2020-07-19	680.930883122985	497.816467220853	409.868134601144	592.789980373754	370.497641734358	383.806643888094	916.954775338229	571.58040223621
2020-07-20	681.021727163386	499.334324573591	410.894910433202	596.490359307576	370.128456470056	393.050184272999	913.862102701204	576.827213985383
2020-07-21	680.50237692716	500.447654750756	411.464653445963	599.345671542352	369.449972527395	402.304926459577	910.144343835163	581.728047485895
2020-07-22	679.393143972812	501.168295897732	411.591908364527	601.374742413038	368.485503208197	411.546466738803	905.83594009843	586.274293514482
2020-07-23	677.714339858851	501.5080861599	411.291219913998	602.596397254589	367.258361814284	420.750401401651	900.971332849327	590.457342847882
2020-07-24	675.486276143783	501.478863682643	410.577132819477	603.029461401958	365.791861647478	429.892326739097	895.584963446178	594.268586262832
2020-07-25	672.729264386115	501.092466611342	409.464191806066	602.692760190102	364.109316009599	438.947839042116	889.711273247306	597.699414536068
2020-07-26	669.463616144355	500.36073309138	407.966941598867	601.605118953975	362.234038202471	447.892534601682	883.384703611034	600.741218444328
2020-07-27	665.70964297701	499.29550126814	406.099926922982	599.785363028532	360.189341527914	456.702009708771	876.639695895685	603.385388764347
2020-07-28	661.487656442586	497.908609287002	403.877692503514	597.252317748729	357.99853928775	465.351860654356	869.510691459583	605.623316272864
2020-07-29	656.817968099592	496.21189529335	401.314783065563	594.024808449521	355.684944783802	473.817683729414	862.032131661049	607.446391746615
2020-07-30	651.720889506534	494.217197432566	398.425743334232	590.121660465862	353.271871317891	482.075075224918	854.238457858409	608.846005962337
2020-07-31	646.216732221919	491.936353850032	395.225118034624	585.561699132707	350.782632191838	490.099631431844	846.164111409985	609.813549696767
2020-08-01	640.325807804255	489.381202691129	391.727451891839	580.363749785012	348.240540707466	497.866948641167	837.843533674099	610.340413726641
2020-08-02	634.068427812048	486.563582101241	387.94728963098	574.546637757731	345.668910166597	505.352623143862	829.311166009076	610.417988828698
2020-08-03	627.466979553448	483.493446111052	383.900439029413	568.134765106477	343.090855900316	512.53385523596	820.601888497804	610.041199004555
2020-08-04	620.552153335167	480.17321229246	379.607760073558	561.174840769487	340.528701356775	519.394261233723	811.752336121444	609.219101155366
2020-08-05	613.356715213561	476.603414102664	375.091375802102	553.719150405656	338.004572013387	525.919061458468	802.79958258572	607.964285407164
2020-08-06	605.913431244985	472.784584998864	370.373409253729	545.819979673879	335.540593347567	532.093476231514	793.780701596356	606.289341885982
2020-08-07	598.255067485793	468.717258438259	365.475983467124	537.529614233052	333.15889083673	537.902725874178	784.73276685908	604.206860717856
2020-08-08	590.41438999234	464.401967878052	360.421221480973	528.900339742068	330.881589958291	543.332030707778	775.692852079616	601.729432028819
2020-08-09	582.424164820982	459.83924677544	355.23124633396	519.984441859823	328.730816189664	548.366611053632	766.69803096369	598.869645944906
2020-08-10	574.315917091883	455.032539024088	349.927367591192	510.832171848011	326.729477728664	552.997355034523	757.780834233539	595.642281039382
2020-08-11	566.11620818045	449.996930263514	344.527640923459	501.48564337953	324.903613654703	557.237821979095	748.955620677452	592.070869674439
2020-08-12	557.8503585259	444.7504165697	339.049308527974	491.984935730074	323.280045767594	561.107239017455	740.23220610023	588.181132659502
2020-08-13	549.54368856745	439.310994018629	333.509612601948	482.370128175339	321.88559586715	564.624833279712	731.620406306675	583.998790803995
2020-08-14	541.221518744317	433.696658686284	327.925795342594	472.681299991023	320.747085753182	567.809831895974	723.130037101586	579.54956491734
2020-08-15	532.909169495717	427.925406648645	322.315098947124	462.958530452821	319.891337225504	570.681461996349	714.770914289765	574.859175808962
2020-08-16	524.631961260869	422.015233981696	316.694765612749	453.241898836428	319.345172083927	573.258950710945	706.552853676014	569.953344288285
2020-08-17	516.415214478988	415.984136761418	311.082037536681	443.571484417542	319.135412128264	575.561525169871	698.485671065133	564.857791164733
2020-08-18	508.284249589292	409.850111063795	305.494156916133	433.987366471857	319.288879158328	577.608412503234	690.579182261923	559.59823724773
2020-08-19	500.264387030998	403.631152964808	299.948365948317	424.529624275071	319.832394973931	579.418839841144	682.843203071185	554.200403346699
2020-08-20	492.380947243323	397.345258540439	294.461906830444	415.23833710288	320.792781374886	581.012034313708	675.287549297721	548.690010271064
2020-08-21	484.659250665482	391.01042386667	289.052021759726	406.153584230978	322.196860161005	582.407223051034	667.92203674633	543.092778830249
2020-08-22	477.124617736695	384.644645019484	283.735952933375	397.315444935063	324.071453132099	583.62363318323	660.756481221816	537.434429833679
2020-08-23	469.802368896177	378.265918074864	278.530942548604	388.76399849083	326.443382087983	584.680491840405	653.800698528977	531.740684090776
2020-08-24	462.716903190063	371.895631066658	273.455993988443	380.536356110822	329.335832704999	585.601077082741	647.058837037156	526.038127059437
2020-08-25	455.888934092161	365.568739860183	268.537155379198	372.657756754963	332.757446165618	586.42487069071	640.512375373858	520.35680279144
2020-08-26	449.338253683195	359.323592278623	263.802236032994	365.150471320024	336.71322752884	587.195405374859	634.137124731127	514.727619987038
2020-08-27	443.08465404389	353.198536145162	259.279045261955	358.036770702775	341.208181853665	587.956213845736	627.908896301008	509.181487346482
2020-08-28	437.14792725497	347.231919282983	254.995392378207	351.338925799987	346.247314199096	588.750828813886	621.803501275547	503.749313570024
2020-08-29	431.547865397162	341.462089515272	250.979086693873	345.07920750843	351.835629624133	589.622782989856	615.796750846788	498.462007357914
2020-08-30	426.304260551188	335.92739466521	247.25793752108	339.279886724874	357.978133187777	590.615609084193	609.864456206776	493.350477410405
2020-08-31	421.435272733324	330.663694620207	243.858319865936	333.961379078623	364.682443585326	591.769696212138	603.98708744879	488.441467181385
2020-09-01	416.952533702036	325.696897524566	240.800871510496	329.1366791291	371.966634057267	593.112859107712	598.163750271048	483.745059139298
2020-09-02	412.866043151341	321.050423586814	238.104795930798	324.816926168262	379.851391480385	594.669768909628	592.398209273	479.267170506225
2020-09-03	409.185800775254	316.74769301548	235.789296602881	321.013259488065	388.357402731465	596.465096756601	586.694229054097	475.013718504247
2020-09-04	405.921806267792	312.812126019091	233.873577002784	317.736818380467	397.50535468729	598.523513787346	581.055574213791	470.990620355445
2020-09-05	403.08405932297	309.267142806176	232.376840606547	314.998742137424	407.315934224646	600.869691140577	575.486009351532	467.203793281901
2020-09-06	400.682559634805	306.136163585261	231.318290890207	312.810170050891	417.809828220316	603.528299955008	569.989299066771	463.659154505695
2020-09-07	398.727306897312	303.442608564875	230.717131329805	311.182241412826	429.007723551086	606.524011369354	564.569207958959	460.362621248909
2020-09-08	397.228300804509	301.209897953546	230.592565401378	310.126095515184	440.93030709374	609.881496522329	559.229500627547	457.320110733624
2020-09-09	396.19554105041	299.4614519598	230.963796580966	309.652871649923	453.598265725062	613.625426552648	553.973941671987	454.53754018192
2020-09-10	395.639027329032	298.220690792167	231.850028344608	309.773709108998	467.032286321836	617.780472599024	548.806295691729	452.02082681588
2020-09-11	395.568759334391	297.511034659174	233.270464168343	310.499747184367	481.253055760848	622.371305800174	543.730327286224	449.775887857585
2020-09-12	395.994736760503	297.355903769348	235.244307528209	311.842125167985	496.281260918882	627.422597294811	538.749801054923	447.808640529115
2020-09-13	396.926959301383	297.778718331218	237.790761900246	313.811982351809	512.137588672722	632.959018221649	533.868481597277	446.125002052551
2020-09-14	398.373562601218	298.800687767295	240.927722852822	316.417658212505	528.837669577546	639.006841298797	529.091631676485	444.733838779801
2020-09-15	400.335226104864	300.434178356033	244.667854323621	319.656292965584	546.376908902105	645.598745561936	524.430506710728	443.655813582067
2020-09-16	402.81076520735	302.689345589869	249.022512342658	323.522227011263	564.745655593545	652.769011626141	519.897860281938	442.91453846038
2020-09-17	405.798995303703	305.576344961239	254.003052939946	328.009800749764	583.93425859901	660.551920106487	515.506445972045	442.533625415769
2020-09-18	409.29873178895	309.105331962581	259.620832145501	333.113354581304	603.933066865645	668.98175161805	511.269017362979	442.536686449262
2020-09-19	413.308790058119	313.286462086331	265.887205989335	338.827228906104	624.732429340595	678.092786775903	507.198328036669	442.947333561891
2020-09-20	417.827985506236	318.129890824928	272.813530501463	345.145764124383	646.322694971004	687.919306195124	503.307131575047	443.789178754682
2020-09-21	422.859158419803	323.646205048706	280.410199193981	352.065850399905	668.697874648248	698.495277916331	499.613465303157	445.084036761688
2020-09-22	428.421248651217	329.84771713959	288.683755507313	359.594576950617	691.866627040625	709.853419682329	496.156501518509	446.846533249038
2020-09-23	434.53722094435	336.747170857406	297.639780363966	367.741582758011	715.841272760662	722.026136661466	492.980696261727	449.089496615885
2020-09-24	441.230040043072	344.357309961976	307.283854686446	376.516506803577	740.634132420887	735.04583402209	490.130505573434	451.82575526138
2020-09-25	448.522670691255	352.690878213125	317.621559397259	385.928988068809	766.257526633828	748.944916932552	487.650385494254	455.068137584676
2020-09-26	456.43807763277	361.760619370676	328.658475418912	395.988665535197	792.723776012013	763.755790561198	485.584792064812	458.829471984924
2020-09-27	464.999225611487	371.579277194454	340.400183673911	406.705178184233	820.04520116797	779.510860076378	483.978181325731	463.122586861276
2020-09-28	474.22907937128	382.159595444282	352.852265084763	418.08816499741	848.234122714227	796.242530646441	482.875009317636	467.960310612884
2020-09-29	484.150603656017	393.514317879984	366.020300573973	430.147264956217	877.302861263311	813.983207439736	482.31973208115	473.3554716389
2020-09-30	494.786763209572	405.656188261384	379.909871064048	442.892117042147	907.263737427752	832.765295624611	482.356805656898	479.320898338475
2020-10-01	506.160522775814	418.597950348305	394.526557477494	456.332360236693	938.129071820076	852.621200369415	483.030686085504	485.869419110762
2020-10-02	518.294847098616	432.352347900572	409.875940736819	470.477633521344	969.911185052811	873.583326842496	484.385829407592	493.013862354912
2020-10-03	531.212700921847	446.932124678009	425.963601764527	485.337575877594	1002.62239773849	895.684080212205	486.466691663785	500.767056470078
2020-10-04	544.937048989381	462.350024440438	442.795121483126	500.921826286933	1036.27503048963	918.955865646888	489.317728894708	509.14182985541
2020-10-05	559.493471542155	478.622213808358	460.375698188243	517.241866824563	1070.87081960385	943.428317010174	492.988371463266	518.154186777393
2020-10-06	574.918010809388	495.778550844955	478.708999667997	534.316551940524	1106.36916411911	969.119982946803	497.547947021491	527.832834971832
2020-10-07	591.249324517361	513.852316474088	497.798311083625	552.166579178567	1142.71887875843	996.046640796795	503.070757543695	538.209658041864
2020-10-08	608.526070392362	532.876791619618	517.646917596366	570.812646082441	1179.86877824486	1024.22406790017	509.631105004191	549.316539590627
2020-10-09	626.786906160673	552.885257205404	538.25810436746	590.275450195896	1217.76767730143	1053.66804159694	517.30329137729	561.185363221258
2020-10-10	646.07048954858	573.910994155305	559.635156558145	610.575689062683	1256.36439065117	1084.39433922714	526.161618637306	573.848012536895
2020-10-11	666.415478282367	595.987283393183	581.78135932966	631.73406022655	1295.60773301713	1116.41873813077	536.280388758552	587.336371140674
2020-10-12	687.853291168858	619.137276615789	604.6984109697	653.767791708657	1335.45015957175	1149.75011694829	547.734392354937	601.678768737339
2020-10-13	710.38639133703	643.343608611453	628.381662271788	676.680233439787	1375.85868728511	1184.36975952182	560.600374598765	616.889319438052
2020-10-14	734.0100029964	668.578784941397	652.824877155904	700.471265828135	1416.80397357671	1220.25205099394	574.955569301936	632.978583455581
2020-10-15	758.719350356485	694.815311166844	678.021819542026	725.140769281895	1458.25667586604	1257.37137650719	590.877210276351	649.957121002695
2020-10-16	784.5096576268	722.025692849015	703.966253350133	750.688624209257	1500.18745157259	1295.70212120414	608.44253133391	667.835492292161
2020-10-17	811.376149016863	750.182435549132	730.651942500204	777.114711018416	1542.56695811585	1335.21867022734	627.728766286513	686.624257536747
2020-10-18	839.31404873619	779.258044828418	758.072650912219	804.418910117566	1585.36585291532	1375.89540871936	648.813148946061	706.333976949221
2020-10-19	868.318580994297	809.225026248095	786.222142506156	832.601101914899	1628.55479339049	1417.70672182276	671.772913124454	726.975210742352
2020-10-20	898.384970000702	840.055885369386	815.094181201994	861.661166818607	1672.10443696085	1460.6269946801	696.685292633594	748.558519128907
2020-10-21	929.508439964921	871.723127753512	844.682530919712	891.598985236886	1715.9854410459	1504.63061243393	723.627521285381	771.094462321654
2020-10-22	961.68421509647	904.199258961696	874.980955579291	922.414437577926	1760.16846306513	1549.69196022681	752.676832891714	794.593600533363
2020-10-23	994.907519604866	937.456784555161	905.983219100708	954.107404249923	1804.62416043803	1595.78542320131	783.910461264496	819.066493976799
2020-10-24	1029.17357769962	971.468210095127	937.683085403943	986.677765661068	1849.32319058409	1642.88538649999	817.405640215625	844.523702864732
2020-10-25	1064.47761359026	1006.20604114282	970.074318408974	1020.12540221955	1894.23621092281	1690.9662352654	853.239603557004	870.97578740993
2020-10-26	1100.79850063289	1041.62747437284	1003.13636426478	1054.43561205379	1939.31895488873	1740.00579844197	891.490756985554	898.42610263465
2020-10-27	1138.04970876997	1077.62847091332	1036.79139803632	1089.53536417301	1984.46745997663	1789.99568018155	932.242193738295	926.849182799112
2020-10-28	1176.12835709055	1114.08968300579	1070.94727701757	1125.33704530669	2029.56283969631	1840.93092843788	975.578178937264	956.212356973023
2020-10-29	1214.9315646837	1150.89176289175	1105.51185850248	1161.75304218427	2074.4862075576	1892.80659116467	1021.5829777045	986.482954226092
2020-10-30	1254.35645063847	1187.91536281273	1140.39299978502	1198.69574153522	2119.11867707032	1945.61771631564	1070.34085516205	1017.62830362803
2020-10-31	1294.30013404392	1225.04113501024	1175.49855815915	1236.07753008898	2163.34136174429	1999.35935184453	1121.93607643195	1049.61573424854
2020-11-01	1334.6597339891	1262.14973172581	1210.73639091884	1273.81079457503	2207.03537508933	2054.02654570505	1176.45290663624	1082.41257515734
2020-11-02	1375.33287762622	1299.1271074676	1246.02005154834	1311.80813034188	2250.07813954348	2109.61575521738	1233.95281087333	1115.98051344781
2020-11-03	1416.21922436013	1335.88042581047	1281.28587829307	1349.98296721432	2292.3323132577	2166.1290751675	1294.40605414714	1150.2586683081
2020-11-04	1457.21894165883	1372.32215259592	1316.47590558877	1388.2489436362	2333.65686331117	2223.57000970785	1357.76010143793	1185.18051695002
2020-11-05	1498.23219699032	1408.36475366546	1351.53216787115	1426.51969805136	2373.91075678308	2281.94206299087	1423.96241772601	1220.67953658539
2020-11-06	1539.1591578226	1443.9206948606	1386.39669957592	1464.70886890366	2412.95296075259	2341.24873916898	1492.96046799164	1256.68920442605
2020-11-07	1579.89999162368	1478.90244202285	1421.01153513882	1502.73009463695	2450.6424422989	2401.49354239463	1564.70171721511	1293.1429976838
2020-11-08	1620.35486586156	1513.2224609937	1455.31870899555	1540.49701369508	2486.83816850118	2462.67997682025	1639.13363037671	1329.97439357047
2020-11-09	1660.42394800423	1546.79321761468	1489.26025558185	1577.92326452191	2521.39910643861	2524.81154659828	1716.20367245671	1367.11686929788
2020-11-10	1700.0074055197	1579.52717772728	1522.77820933342	1614.92248556127	2554.18422319038	2587.89175588114	1795.85930843539	1404.50390207785
2020-11-11	1739.00540587596	1611.33680717303	1555.814604686	1651.40831525702	2585.05248583567	2651.92410882128	1878.04800329305	1442.0689691222
2020-11-12	1777.31811654104	1642.13457179341	1588.3114760753	1687.29439205302	2613.86286145365	2716.91210957114	1962.71722200995	1479.74554764275
2020-11-13	1814.84570498291	1671.83293742995	1620.21085793705	1722.49435439311	2640.47431712351	2782.85926228315	2049.81442956639	1517.46711485133
2020-11-14	1851.48833866958	1700.34436992414	1651.45478470695	1756.92184072114	2664.74581992444	2849.76907110973	2139.28709094264	1555.16714795975
2020-11-15	1887.14618506907	1727.5813351175	1681.98529082074	1790.49048948097	2686.5363369356	2917.64504020334	2231.08267111899	1592.77912417984
2020-11-16	1921.7242960058	1753.46395550593	1711.74320066198	1823.11747391441	2705.7283922614	2986.48016859547	2325.13831328859	1630.23591708163
2020-11-17	1955.14726073002	1777.94298020295	1740.66449840565	1854.73410645513	2722.29873810716	3056.22543483389	2421.34987349609	1667.46798566799
2020-11-18	1987.3445528484	1800.97681497645	1768.68395817458	1885.27523433478	2736.2476837034	3126.82131234546	2519.60288599903	1704.40518530002
2020-11-19	2018.24564596762	1822.52386559436	1795.73635409159	1914.675704785	2747.57553828065	3198.20827455701	2619.78288505494	1740.97737133881
2020-11-20	2047.78001369435	1842.54253782457	1821.75646027951	1942.87036503743	2756.28261106944	3270.32679489539	2721.77540492133	1777.11439914544
2020-11-21	2075.87712963528	1860.991237435	1846.67905086116	1969.79406232371	2762.36921130029	3343.11734678744	2825.46597985575	1812.74612408101
2020-11-22	2102.46646739708	1877.82837019355	1870.43889995937	1995.38164387548	2765.83564820375	3416.52040366	2930.74014411571	1847.80240150661
2020-11-23	2127.486527656	1893.0211360407	1892.97523470374	2019.57504655518	2766.6987693596	3490.44944754478	3037.46819139759	1882.21838325876
2020-11-24	2150.91191936657	1906.5719116072	1914.24509425097	2042.34456574844	2765.04157574468	3564.70999489285	3145.45945315313	1915.95040707569
2020-11-25	2172.72627855287	1918.49186769635	1934.20997076456	2063.66758647168	2760.9636066851	3639.08057076018	3254.5080202729	1948.96010717108
2020-11-26	2192.91324123901	1928.79217511147	1952.83135640798	2083.52149374131	2754.56440150695	3713.33970020269	3364.40798364751	1981.20911775859
2020-11-27	2211.45644344908	1937.48400465587	1970.0707433447	2101.88367257375	2745.94349953636	3787.26590827635	3474.95343416751	2012.65907305189
2020-11-28	2228.33952120717	1944.57852713285	1985.88962373823	2118.73150798543	2735.2004400994	3860.63772003708	3585.93846272349	2043.27160726466
2020-11-29	2243.54611053738	1950.08691334574	2000.24948975202	2134.04238499276	2722.4347625222	3933.23366054083	3697.15716020605	2073.00835461055
2020-11-30	2257.05984746382	1954.02033409785	2013.11183354957	2147.79368861216	2707.74600613086	4004.83225484356	3808.40361750576	2101.83094930324
2020-12-01	2268.86436801056	1956.38996019248	2024.43814729436	2159.96280386006	2691.23371025147	4075.2120280012	3919.47192551319	2129.7010255564
2020-12-02	2278.94330820171	1957.20696243294	2034.18992314987	2170.52711575288	2672.99741421015	4144.1515050697	4030.15617511894	2156.58021758369
2020-12-03	2287.28030406136	1956.48251162255	2042.32865327959	2179.46400930703	2653.13665733299	4211.429211105	4140.25045721359	2182.43015959879
2020-12-04	2293.8589916136	1954.22777856463	2048.81582984698	2186.75086953893	2631.7509789461	4276.82367116306	4249.54886268771	2207.21248581536
2020-12-05	2298.66300688255	1950.45393406247	2053.61294501554	2192.36508146501	2608.93991837558	4340.1134102998	4357.8454824319	2230.88883044707
2020-12-06	2301.67598589228	1945.1721489194	2056.68149094874	2196.28403010168	2584.80301494755	4401.07695357118	4464.93440733672	2253.42082770759
2020-12-07	2302.91450839397	1938.42163590249	2058.01292241676	2198.52243495448	2559.45310190106	4459.52755318888	4570.58820532767	2274.7869441292
2020-12-08	2302.52692904712	1930.35377563391	2057.71854461649	2199.24435348545	2533.05618812711	4515.41736998749	4674.49335246979	2295.03297551863
2020-12-09	2300.69454623831	1921.14799069956	2055.93962535154	2198.65117764573	2505.79157642965	4568.73329195735	4776.31480186303	2314.22155000123
2020-12-10	2297.59865835412	1910.9837036854	2052.81743242549	2196.94429938646	2477.83856961262	4619.4622070888	4875.71750660735	2332.41529570235
2020-12-11	2293.42056378112	1900.04033717733	2048.49323364193	2194.3251106588	2449.37647047998	4667.59100337216	4972.36641980269	2349.67684074731
2020-12-12	2288.3415609059	1888.49731376128	2043.10829680446	2190.99500341389	2420.58458183569	4713.10656879779	5065.92649454901	2366.06881326148
2020-12-13	2282.54294811502	1876.53405602319	2036.80388971666	2187.15536960288	2391.64220648368	4755.995791356	5156.06268394624	2381.65384137019
2020-12-14	2276.18137550669	1864.30702974438	2029.70147938274	2182.98002120688	2362.71106107961	4796.24190002652	5242.46018909062	2396.4814912231
2020-12-15	2269.31490002558	1851.8808734878	2021.84332960934	2178.53245032687	2333.88251768588	4833.81348774656	5324.88520306343	2410.54908106711
2020-12-16	2261.97693032799	1839.29726901181	2013.2519034037	2173.8485690938	2305.23036221658	4868.67548844271	5403.12416694221	2423.84086717345
2020-12-17	2254.20087507021	1826.59789807478	2003.94966377309	2168.96428963862	2276.82838058581	4900.79283604157	5476.96352180451	2436.34110581333
2020-12-18	2246.02014290854	1813.82444243505	1993.95907372475	2163.91552409227	2248.75035870767	4930.13046446974	5546.1897087279	2448.03405325797
2020-12-19	2237.46814249926	1801.01858385099	1983.30259626592	2158.7381845857	2221.07008249624	4956.65330765381	5610.58916878991	2458.90396577859
2020-12-20	2228.57828249868	1788.22200408096	1972.00269440387	2153.46818324986	2193.86133786563	4980.32629952038	5669.9483430681	2468.9350996464
2020-12-21	2219.3839715631	1775.47638488332	1960.08183114584	2148.14143221568	2167.19791072992	5001.11437399604	5724.05367264002	2478.11171113262
2020-12-22	2209.9186183488	1762.82340801641	1947.56246949908	2142.79384361413	2141.15358700321	5018.98246500739	5772.69159858321	2486.41805650847
2020-12-23	2200.21563151207	1750.30475523861	1934.46707247085	2137.46132957614	2115.8021525996	5033.89550648103	5815.64856197524	2493.83839204518
2020-12-24	2190.30841970923	1737.96210830826	1920.81810306838	2132.17980223266	2091.21739343319	5045.81843234354	5852.71100389365	2500.35697401395
2020-12-25	2180.23039159655	1725.83714898374	1906.63802429894	2126.98517371464	2067.47309541805	5054.71617652153	5883.66536541599	2505.958058686
2020-12-26	2170.01495583034	1713.97155902338	1891.94929916977	2121.91335615302	2044.6430444683	5060.55367294158	5908.29808761982	2510.62590233256
2020-12-27	2159.69552106689	1702.40702018556	1876.77439068813	2117.00026167875	2022.80102649803	5063.2958555303	5926.39561158268	2514.34476122483
2020-12-28	2149.26636975166	1691.14191851355	1861.11296305296	2112.24187803915	2001.98870844874	5062.87890018949	5937.76288450518	2517.08232856159
2020-12-29	2138.56527948682	1680.00145719023	1844.87348523	2107.47449544699	1982.11928137163	5059.12395072177	5942.27887808019	2518.7400452517
2020-12-30	2127.39090166369	1668.76754368341	1827.94162737669	2102.49447973142	1963.07381734532	5051.82339290497	5939.84107012361	2519.20278913162
2020-12-31	2115.54188767361	1657.22208546091	1810.20305965047	2097.09819672158	1944.73338844842	5040.76961251692	5930.34693845137	2518.35543803777
2021-01-01	2102.8168889079	1645.14698999053	1791.54345220877	2091.08201224663	1926.97906675953	5025.75499533545	5913.69396087938	2516.08286980658
2021-01-02	2089.01455675789	1632.32416474007	1771.84847520903	2084.2422921357	1909.69192435728	5006.57192713839	5889.77961522356	2512.26996227447
2021-01-03	2073.93354261492	1618.53551717734	1751.00379880869	2076.37540221795	1892.75303332027	4983.01279370357	5858.50137929982	2506.80159327789
2021-01-04	2057.41612211509	1603.6079323013	1728.92887686196	2067.31724675544	1876.06173344078	4954.93301725378	5819.82513433274	2499.58915945056
2021-01-05	2039.47906787363	1587.5482052355	1705.67829801016	2057.06188374188	1859.59043536573	4922.44016579167	5773.99037518156	2490.65013261547
2021-01-06	2020.18277675056	1570.40810863463	1681.34043459139	2045.6429096039	1843.32981745573	4885.70484376481	5721.30500011418	2480.0285033929
2021-01-07	1999.58764560587	1552.23941515338	1656.00365894372	2033.09392076814	1827.27055807137	4844.89765562083	5662.07690739849	2467.76826240312
2021-01-08	1977.75407129958	1533.09389744646	1629.75634340527	2019.44851366123	1811.40333557323	4800.18920580731	5596.6139953024	2453.91340026643
2021-01-09	1954.74245069169	1513.02332816855	1602.68686031412	2004.74028470981	1795.71882832191	4751.75009877185	5525.22416209379	2438.5079076031
2021-01-10	1930.61318064221	1492.07947997436	1574.88358200837	1989.00283034049	1780.20771467801	4699.75093896205	5448.21530604058	2421.59577503342
2021-01-11	1905.42665801116	1470.31412551858	1546.43488082611	1972.26974697992	1764.86067300211	4644.36233082551	5365.89532541064	2403.22099317767
2021-01-12	1879.24327965853	1447.77903745591	1517.42912910543	1954.57463105473	1749.66838165482	4585.75487880983	5278.57211847189	2383.42755265614
2021-01-13	1852.12344244434	1424.52598844104	1487.95469918443	1935.95107899155	1734.62151899671	4524.0991873626	5186.55358349222	2362.2594440891
2021-01-14	1824.12754322859	1400.60675112867	1458.0999634012	1916.43268721701	1719.7107633884	4459.56586093143	5090.14761873953	2339.76065809684
2021-01-15	1795.31597887129	1376.07309817349	1427.95329409383	1896.05305215774	1704.92679319046	4392.32550396391	4989.66212248171	2315.97518529965
2021-01-16	1765.74914623246	1350.97680223021	1397.60306360042	1874.84577024038	1690.26028676349	4322.54872090765	4885.40499298667	2290.94701631781
2021-01-17	1735.48744217209	1325.36963595351	1367.13764425906	1852.84443789156	1675.7019224681	4250.40611621023	4777.6841285223	2264.72014177159
2021-01-18	1704.59568072964	1299.30847331829	1336.64148655425	1830.08810687302	1661.2286345978	4176.08752491508	4666.83313094954	2237.34911520116
2021-01-19	1673.15634466234	1272.87059358026	1306.18335355607	1806.63765028695	1646.76238117794	4099.85970444887	4553.28841650153	2208.93074182611
2021-01-20	1641.25633390687	1246.1383773153	1275.82808648101	1782.55939657065	1632.21137616677	4022.00864283407	4437.51210500443	2179.57238978592
2021-01-21	1608.98254839989	1219.19420509933	1245.64052654556	1757.91967416143	1617.48383352257	3942.82032809319	4319.96631628442	2149.38142722008
2021-01-22	1576.42188807809	1192.12045750823	1215.68551496622	1732.7848114966	1602.48796720361	3862.58074824872	4201.11317016767	2118.46522226805
2021-01-23	1543.66125287813	1164.9995151179	1186.02789295947	1707.22113701345	1587.13199116816	3781.57589132314	4081.41478648037	2086.93114306931
2021-01-24	1510.78754273669	1137.91375850425	1156.73250174179	1681.29497914928	1571.32411937449	3700.09174533894	3961.33328504867	2054.88655776335
2021-01-25	1477.88370759538	1110.94047567492	1127.85747784342	1655.07309229266	1554.99947471197	3618.39856961019	3841.28700930208	2022.4385532982
2021-01-26	1445.01689741553	1084.13658436451	1099.43413904953	1628.62393463713	1538.20081579432	3536.7037086173	3721.51919708338	1989.69309185623
2021-01-27	1412.25031216339	1057.55390973939	1071.48709845901	1602.01639032753	1520.99781016637	3455.19877813226	3602.2293098387	1956.75585442839
2021-01-28	1379.64715180524	1031.24427696591	1044.04096917079	1575.31934350865	1503.46012537295	3374.07539392706	3483.61680901415	1923.7325220056
2021-01-29	1347.27061630732	1005.25951121042	1017.12036428376	1548.60167832531	1485.65742895888	3293.52517177368	3365.88115605583	1890.72877557882
2021-01-30	1315.18390563591	979.651437639296	990.749896896843	1521.93227892232	1467.659388469	3213.73972744412	3249.22181240986	1857.85029613897
2021-01-31	1283.45021975726	954.471881418881	964.954180108931	1495.3800294445	1449.53567144812	3134.91067671037	3133.83823952236	1825.202764677
2021-02-01	1252.13275863765	929.772667715534	939.757827018938	1469.01381403666	1431.35594544108	3057.22963534442	3019.92989883944	1792.89186218385
2021-02-02	1221.29472224332	905.605621695612	915.185450725769	1442.90251684361	1413.18987799269	2980.88821911825	2907.69625180722	1761.02326965045
2021-02-03	1190.99931054054	882.022568525472	891.261664328333	1417.11502201017	1395.10713664779	2906.07804380386	2797.33675987181	1729.70266806775
2021-02-04	1161.30972349558	859.075333371471	868.011080925536	1391.72021368115	1377.1773889512	2832.99072517323	2689.05088447931	1699.03573842668
2021-02-05	1132.28916107469	836.815741399965	845.458313616284	1366.78697600135	1359.47030244775	2761.81787899836	2583.03808707585	1669.12816171818
2021-02-06	1104.00082324414	815.29561777731	823.627975499486	1342.3841931156	1342.05554468226	2692.75112105123	2479.49782910755	1640.08561893319
2021-02-07	1076.50790997018	794.566787669864	802.544679674048	1318.58074916871	1325.00278319957	2625.98206710384	2378.6295720205	1612.01379106265
2021-02-08	1049.86820675049	774.677453577316	782.227882301325	1295.44271814583	1308.39404089324	2561.67910225339	2280.60601854266	1585.00598607758
2021-02-09	1024.11784120832	755.661327332689	762.676411792463	1273.02493339349	1292.36076205191	2499.91768889798	2185.49283652921	1559.10601986934
2021-02-10	999.287526498338	737.548498102336	743.883939621056	1251.37941809855	1277.04674631293	2440.75005876093	2093.32893511719	1534.34533530937
2021-02-11	975.407975775203	720.369055052615	725.844137260698	1230.55819544789	1262.59579331369	2384.22844356555	2004.15322344361	1510.75537526911
2021-02-12	952.509902193578	704.153087349879	708.550676184982	1210.61328862836	1249.15170269155	2330.40507503516	1918.00461064549	1488.36758262001
2021-02-13	930.624018908127	688.930684160484	691.997227867502	1191.59672082685	1236.85827408389	2279.33218489307	1834.92200585987	1467.21340023349
2021-02-14	909.781039073512	674.731934650785	676.177463781853	1173.56051523021	1225.85930712808	2231.0620048626	1754.94431822376	1447.32427098101
2021-02-15	890.007313549902	661.583065635993	661.089723927922	1156.5505993753	1216.28786517844	2185.63034076682	1678.09573882106	1428.71827084025
2021-02-16	871.311744019493	649.494854526741	646.751022410773	1140.58851819893	1208.23406645707	2143.00729482782	1604.3415865232	1411.3600082139
2021-02-17	853.698869869987	638.474216382517	633.183041861766	1125.68972098789	1201.77729290302	2103.14654336744	1533.63246214847	1395.20072461091
2021-02-18	837.173230489087	628.528066262809	620.407464912258	1111.86965702898	1196.99692645535	2066.00176270753	1465.91896651517	1380.19166154021
2021-02-19	821.739365264495	619.663319227105	608.445974193609	1099.143775609	1193.97234905309	2031.52662916994	1401.15170044161	1366.28406051076
2021-02-20	807.401813583914	611.886890334894	597.320252337178	1087.52752601474	1192.7829426353	1999.67481907651	1339.28126474608	1353.42916303148
2021-02-21	794.165114835046	605.205694645665	587.051981974323	1077.036357533	1193.50808914103	1970.40000874908	1280.25826024688	1341.57821061133
2021-02-22	782.033808405594	599.626647218905	577.662845736403	1067.68571945057	1196.22717050933	1943.6558745095	1224.03328776232	1330.68244475923
2021-02-23	771.01243368326	595.156663114103	569.174526254776	1059.49106105425	1201.01956867925	1919.39609267961	1170.55694811068	1320.69310698415
2021-02-24	761.105530055748	591.802657390747	561.608706160801	1052.46783163084	1207.96466558984	1897.57433958126	1119.77984211028	1311.56143879501
2021-02-25	752.317636910758	589.571545108326	554.987068085838	1046.63148046712	1217.14184318014	1878.1442915363	1071.65257057941	1303.23868170075
2021-02-26	744.653293635994	588.470241326327	549.331294661244	1041.9974568499	1228.63048338922	1861.05962486656	1026.12573433636	1295.67607721033
2021-02-27	738.117039619158	588.50566110424	544.663068518378	1038.58121006597	1242.50996815611	1846.2740158939	983.149934199453	1288.82486683267
2021-02-28	732.713414247953	589.684719501552	541.004072288599	1036.39818940213	1258.85967941986	1833.74114094015	942.675770986971	1282.63629207673
2021-03-01	728.443358833716	592.00777743046	538.374079284669	1035.45916983235	1277.74383788982	1823.4059504181	904.643551478407	1277.05682533249
2021-03-02	725.293422382331	595.44897921399	536.785225544957	1035.75622907935	1299.1660193565	1815.17849110429	868.952406297999	1272.01386251414
2021-03-03	723.246555823312	599.975915027878	536.247737789236	1037.27677055302	1323.11463838069	1808.96008386617	835.491172031172	1267.43003041691
2021-03-04	722.285710086177	605.556175047858	536.77184273728	1040.00819766324	1349.57810952319	1804.65204957123	804.148685263352	1263.22795583604
2021-03-05	722.393836100444	612.157349449665	538.367767108861	1043.93791381992	1378.5448473448	1802.15570908692	774.813782579966	1259.33026556677
2021-03-06	723.553884795629	619.747028409035	541.045737623752	1049.05332243294	1410.00326640631	1801.37238328072	747.375300566439	1255.65958640432
2021-03-07	725.74880710125	628.292802101701	544.815981001725	1055.34182691219	1443.94178126852	1802.20339302009	721.722075808198	1252.13854514394
2021-03-08	728.957099564073	637.757690064082	549.679466698342	1062.78411979284	1480.31303528572	1804.5386824721	697.749614929477	1248.69924664716
2021-03-09	733.139441199868	648.086429275331	555.60013511232	1071.33405011112	1518.92658698611	1808.22268900219	675.38010470975	1245.31170804078
2021-03-10	738.252056641654	659.219186075282	562.532669378161	1080.9387560285	1559.55622369138	1813.0884732754	654.542401967299	1241.9554245179
2021-03-11	744.251170522451	671.096126803771	570.43175263037	1091.54537570649	1601.97573272321	1818.96909595675	635.165363520406	1238.60989127161
2021-03-12	751.093007475278	683.657417800634	579.252068003451	1103.10104730657	1645.9589014033	1825.69761771128	617.177846187354	1235.25460349502
2021-03-13	758.733792133156	696.843225405706	588.948298631908	1115.55290899025	1691.27951705333	1833.10709920404	600.508706786425	1231.86905638122
2021-03-14	767.129749129102	710.593715958823	599.475127650245	1128.84809891901	1737.71136699499	1841.03060110005	585.086802135902	1228.43274512331
2021-03-15	776.237103096136	724.84905579982	610.787238192966	1142.93375525434	1785.02823854998	1849.30118406435	570.840989054067	1224.92516491438
2021-03-16	786.012078667279	739.549411268533	622.839313394576	1157.75701615775	1833.00391903997	1857.75190876197	557.700124359203	1221.32581094755
2021-03-17	796.41090047555	754.634948704797	635.586036389578	1173.26501979071	1881.41219578666	1866.21583585795	545.593064869591	1217.6141784159
2021-03-18	807.389793153968	770.045834448448	648.982090312477	1189.40490431472	1930.02685611173	1874.52602601733	534.448667403515	1213.76976251254
2021-03-19	818.904981335552	785.72223483932	662.982158297776	1206.12380789128	1978.62168733688	1882.51553990514	524.195788779257	1209.77205843056
2021-03-20	830.912689653321	801.60431621725	677.54092347998	1223.36886868187	2026.97047678379	1890.01743818641	514.763285815099	1205.60056136307
2021-03-21	843.369142740297	817.632244922073	692.613068993593	1241.087224848	2074.84701177415	1896.86478152618	506.080015329324	1201.23476650316
2021-03-22	856.228143996781	833.74639840934	708.146597271752	1259.22458937861	2122.00103427469	1902.890048317	498.075782719885	1196.65047053517
2021-03-23	869.433811892218	849.887998597466	724.062787942128	1277.72097457255	2168.08610483237	1907.9233878615	490.684187703423	1191.80867610843
2021-03-24	882.927843663335	865.99847852058	740.276239931026	1296.5149675561	2212.73173863916	1911.79436718983	483.83977857625	1186.66668736349
2021-03-25	896.651936546859	882.019271212812	756.70155216475	1315.54515545558	2255.56745088705	1914.33255333214	477.477103634675	1181.18180844092
2021-03-26	910.547787779518	897.891809708294	773.253323569605	1334.75012539728	2296.22275676803	1915.36751331857	471.530711175012	1175.31134348128
2021-03-27	924.557094598039	913.557527041154	789.846153071894	1354.0684645075	2334.32717147409	1914.72881417927	465.935149493572	1169.01259662513
2021-03-28	938.62155423915	928.957856245522	806.394639597924	1373.43875991254	2369.51021019722	1912.24602294438	460.624966886667	1162.24287201303
2021-03-29	952.684174409424	944.036824746076	822.81839542666	1392.80105934182	2401.44540651143	1907.7830558636	455.540618664632	1154.96579518206
2021-03-30	966.693204694823	958.748837529685	839.05708624773	1412.10125293721	2429.98236751876	1901.34122606482	450.646188193908	1147.17027725537
2021-03-31	980.598205151153	973.050893973763	855.05539110342	1431.28669144373	2455.01471870331	1892.95619589548	445.91166585496	1138.85155075262
2021-04-01	994.348735834221	986.899993455728	870.757989036021	1450.30472560636	2476.43608554915	1882.66362770302	441.307042028251	1130.00484819347
2021-04-02	1007.89435679983	1000.25313535299	886.109559087819	1469.1027061701	2494.14009354037	1870.49918383486	436.802307094247	1120.62540209759
2021-04-03	1021.1846281038	1013.06731904298	901.054780301105	1487.62798387995	2508.02036816103	1856.49852663846	432.367451433411	1110.70844498463
2021-04-04	1034.16910980192	1025.29954390309	915.538331718167	1505.82790948092	2517.97053489522	1840.69731846124	427.97246542621	1100.24920937426
2021-04-05	1046.79736195001	1036.90680931076	929.504892381293	1523.64983371799	2523.88421922701	1823.13122165065	423.587339453108	1089.24292778614
2021-04-06	1059.01894460388	1047.84611464339	942.899141332771	1541.04110733617	2525.6550466405	1803.83589855412	419.182063894568	1077.68483273994
2021-04-07	1070.78341781932	1058.0744592784	955.665757614892	1557.94908108045	2523.17664261974	1782.84701151908	414.726629131057	1065.57015675532
2021-04-08	1082.04034165216	1067.54884259321	967.749420269943	1574.32110569584	2516.34263264883	1760.20022289299	410.191025543038	1052.89413235193
2021-04-09	1092.73927615818	1076.22626396523	979.094808340213	1590.10453192733	2505.04664221184	1735.93119502326	405.545243510976	1039.65199204945
2021-04-10	1102.82978139321	1084.06372277187	989.64660086799	1605.24671051992	2489.18229679285	1710.07559025735	400.759273415336	1025.83896836753
2021-04-11	1112.26141741305	1091.01821839056	999.349476895564	1619.6949922186	2468.64322187594	1682.66907094269	395.803105636582	1011.45029382583
2021-04-12	1120.98659264464	1097.04835506083	1008.15391002634	1633.39273281287	2443.39782873855	1653.76444252811	390.657435873872	996.488776502632
2021-04-13	1128.96910899949	1102.11915647069	1016.03355210822	1646.26730827011	2413.71367183157	1623.483082868	385.345781101135	980.987526710611
2021-04-14	1136.17561676024	1106.19725117026	1022.96784955022	1658.24209960222	2379.93309139926	1591.96351291815	379.902363610992	964.987230321061
2021-04-15	1142.57276620954	1109.24926770969	1028.93624876134	1669.24048782109	2342.39842768586	1559.34425363436	374.361405696065	948.528573205273
2021-04-16	1148.12720763004	1111.24183463909	1033.9181961506	1679.18585393859	2301.45202093564	1525.7638259724	368.757129648974	931.652241234537
2021-04-17	1152.80559130437	1112.14158050859	1037.89313812703	1688.00157896661	2257.43621139284	1491.36075088808	363.123757762341	914.398920280146
2021-04-18	1156.57456751517	1111.91513386833	1040.84052109962	1695.61104391705	2210.69333930172	1456.27354933717	357.495512328788	896.809296213389
2021-04-19	1159.40665437052	1110.53671247103	1042.74430045113	1701.9469315031	2161.54441202206	1420.62937323343	351.899442004517	878.921462680876
2021-04-20	1161.29784128015	1108.0108908798	1043.60646745923	1706.97913124325	2110.22510537583	1384.50989832246	346.333900900054	860.76314443049
2021-04-21	1162.24998547921	1104.34983286032	1043.43352237529	1710.68683435728	2056.94976230048	1347.98543130781	340.790069489506	842.359473985432
2021-04-22	1162.26494420285	1099.56570217831	1042.23196545071	1713.04923206501	2001.93272573351	1311.12627889302	335.25912824698	823.735583868903
2021-04-23	1161.34457468623	1093.67066259944	1040.00829693689	1714.04551558623	1945.3883386124	1274.00274778168	329.732257646583	804.916606604104
2021-04-24	1159.4907341645	1086.67687788944	1036.76901708522	1713.65487614074	1887.53094387463	1236.68514467731	324.200638162422	785.927674714235
2021-04-25	1156.70527987282	1078.59651181398	1032.52062614708	1711.85650494833	1828.57488445767	1199.24377628349	318.655450268605	766.793920722498
2021-04-26	1152.99006904633	1069.44172813878	1027.26962437388	1708.62959322881	1768.73450329901	1161.74894930377	313.087874439237	747.540477152093
2021-04-27	1148.3469589202	1059.22469062952	1021.022512017	1703.95333220198	1708.22414333613	1124.27097044171	307.489091148426	728.192476526221
2021-04-28	1142.77780672958	1047.95756305192	1013.78578932783	1697.80691308762	1647.25814750651	1086.88014640085	301.850280870279	708.775051368085
2021-04-29	1136.28446970961	1035.65250917165	1005.56595655777	1690.16952710555	1586.05085874764	1049.64678388477	296.162624078903	689.313334200883
2021-04-30	1128.86880509546	1022.32169275443	996.369513958203	1681.02036547556	1524.81661999699	1012.641189597	290.417301248405	669.832457547818
2021-05-01	1120.53267012228	1007.97727756594	986.202961780529	1670.33861941745	1463.76977419204	975.933670241117	284.605492852892	650.35755393209
2021-05-02	1111.27792202522	992.631427371894	975.072800276137	1658.10348015102	1403.12466427027	939.594532520668	278.718379366471	630.913755876901
2021-05-03	1101.11503802179	976.308639019504	962.996185059014	1644.30716401231	1343.07565260483	903.688220822452	272.747530254197	611.525891871453
2021-05-04	1090.08897525895	959.082741682078	950.032893193524	1628.99398780234	1283.73717931149	868.255730266244	266.686070944919	592.217574268957
2021-05-05	1078.25331086599	941.039897614443	936.253357106625	1612.22129343837	1225.20370394168	833.332193655057	260.527515858435	573.012111388627
2021-05-06	1065.66162197224	922.266269071427	921.728009225277	1594.04642283767	1167.56968604683	798.952743791907	254.265379414541	553.932811549675
2021-05-07	1052.36748570699	902.848018307858	906.527281976439	1574.52671791749	1110.92958517837	765.15251347981	247.893176033035	535.002983071315
2021-05-08	1038.42447919954	882.871307578565	890.721607787069	1553.71952059511	1055.37786088773	731.966635521782	241.404420133713	516.245934272761
2021-05-09	1023.88617957922	862.422299138374	874.381419084128	1531.68217278779	1001.00897272635	699.430242720837	234.792626136373	497.684973473224
2021-05-10	1008.80243056657	841.582439235032	857.573657899488	1508.47085673487	947.906442893142	667.574959246012	228.05751479209	479.34252638739
2021-05-11	993.208142247128	820.414310087957	840.351304684689	1484.137115964	896.110044177004	636.418374730424	221.223632177055	461.237488311826
2021-05-12	977.134491297662	798.975777909487	822.763849496185	1458.73133432493	845.648612014321	605.974570173219	214.321730698736	443.387871938575
2021-05-13	960.612654394953	777.324708911959	804.86078239043	1432.30389566739	796.550981841473	576.257626573533	207.382562764603	425.811689959674
2021-05-14	943.673808215777	755.518969307709	786.691593423878	1404.90518384113	748.845989094843	547.281624930509	200.436880782124	408.526955067164
2021-05-15	926.349129436911	733.616425309073	768.305772652983	1376.58558269588	702.562469210813	519.060646243286	193.515437158767	391.551679953085
2021-05-16	908.669794735131	711.674943128389	749.752810134199	1347.39547608138	657.729257625767	491.608771511005	186.648984302002	374.903877309476
2021-05-17	890.666980787214	689.752388977994	731.08219592398	1317.38524784737	614.375189776087	464.940081732805	179.868274619297	358.601559828378
2021-05-18	872.371864269937	667.906629070224	712.343420078779	1286.60528184358	572.529101098156	439.068657907829	173.204060518122	342.66274020183
2021-05-19	853.815621860076	646.195529617416	693.585972655052	1255.10596191975	532.219827028357	414.008581035216	166.687094405944	327.105431121872
2021-05-20	835.029430234408	624.676956831907	674.859343709251	1222.93767192563	493.476203003072	389.773932114106	160.348128690232	311.947645280545
2021-05-21	816.044466069709	603.408776926034	656.213023297831	1190.15079571095	456.327064458685	366.37879214364	154.217915778456	297.207395369887
2021-05-22	796.891906042756	582.448856112133	637.696501477247	1156.79571712545	420.801246831579	343.837242122959	148.327208078084	282.902694081939
2021-05-23	777.602926830326	561.855060602541	619.359268303951	1122.92282001887	386.927585558136	322.163363051203	142.706757996585	269.05155410874
2021-05-24	758.21267752794	541.68042924083	601.250477524485	1088.59438938135	354.72542189608	301.36874360514	137.387433143826	255.668230781313
2021-05-25	738.772196906102	521.958691395502	583.41793764573	1053.92031476469	324.176120388497	281.455003172048	132.40056193927	242.751949986609
2021-05-26	719.336496154058	502.718749066297	565.909120864656	1019.02238686108	295.251551399813	262.421268816831	127.77758800478	230.298180250562
2021-05-27	699.960586461058	483.989504252953	548.771499378233	984.022396362722	267.923585294456	244.266667604396	123.549954962217	218.302390099106
2021-05-28	680.699479016349	465.799858955208	532.052545383429	949.042133961819	242.164092436853	226.990326599646	119.749106433444	206.760048058174
2021-05-29	661.608185009179	448.1787151728	515.799731077212	914.203390350567	217.944943191429	210.591372867488	116.406486040321	195.6666226537
2021-05-30	642.741715628796	431.154974905468	500.060528656553	879.627956221167	195.238007922612	195.068933472827	113.55353740471	185.017582411617
2021-05-31	624.15482568153	414.756079895702	484.880998150406	845.433305942603	174.013488342281	180.422425184948	111.224143386191	174.812041759228
2021-06-01	605.90124444203	399.003630857001	470.301550915669	811.719648591009	154.234911552125	166.65242359066	109.461943795205	165.063698729307
2021-06-02	588.03444480203	383.917768245619	456.361186141225	778.582876919303	135.864136001284	153.759793981152	108.313017679911	155.789897255997
2021-06-03	570.607899653262	369.518632517805	443.098903015959	746.118883680406	118.863020138899	141.745401647614	107.823444088469	147.00798127344
2021-06-04	553.675081887457	355.826364129812	430.553700728754	714.423561627235	103.19342241411	130.610111881236	108.039302069037	138.735294715779
2021-06-05	537.289464396347	342.861103537893	418.764578468493	683.592803512712	88.8172012760593	120.354789973205	109.006670669775	130.989181517157
2021-06-06	521.504520071665	330.642991198298	407.770535424061	653.722502089754	75.6962151738866	110.980301214712	110.77162893884	123.786985611717
2021-06-07	506.373721805143	319.192167567279	397.610570784341	624.908550111281	63.7923225567329	102.487510896947	113.380255924393	117.146050933601
2021-06-08	491.950542488513	308.528773101089	388.323683738217	597.246840330213	53.0673818737389	94.8772843110971	116.878630674591	111.083721416951
2021-06-09	478.288455013507	298.67294825598	379.948873474573	570.833265499468	43.4832515740456	88.1504867483532	121.312832237595	105.617340995912
2021-06-10	465.440932271856	289.644833488202	372.525139182292	545.763718371967	35.0017901067935	82.3079834999043	126.728939661562	100.764253604624
2021-06-11	453.461447155294	281.464569254008	366.091480050258	522.134091700628	27.5848559211236	77.3506398569396	133.173031994652	96.541803177232
2021-06-12	442.403472555552	274.15229600965	360.686895267355	500.04027823837	21.1943074661764	73.2793211106486	140.691188285024	92.9673336478774
2021-06-13	432.320481364362	267.728154211379	356.350384022466	479.578170738113	15.7920031910929	70.0948925522205	149.329487580836	90.0581889507032
2021-06-14	423.266321695703	262.212631140105	353.119740155486	460.83583424918	11.3417837245595	67.7999229085443	159.137542778604	87.8327121676044
2021-06-15	415.296342552543	257.627601375367	351.027936110351	443.870023006511	7.81541841344541	66.4037946493078	170.179102168268	86.313242971485
2021-06-16	408.466268160095	253.995286321361	350.106738982006	428.729663541451	5.18665878416567	65.9175936798987	182.521447888123	85.5231201830012
2021-06-17	402.831822743575	251.337907382283	350.387915865398	415.463682385342	3.42925636313527	66.3524059057044	196.231862076467	85.4856826228093
2021-06-18	398.448730528195	249.67768596233	351.903233855473	404.12100606953	2.51696267676919	67.7193172321125	211.377626871594	86.2242691115654
2021-06-19	395.372715739171	249.036843465698	354.684460047177	394.750561125357	2.42352925148243	70.0294135645105	228.026024411802	87.7622184699258
2021-06-20	393.659502601717	249.437601296584	358.763361535457	387.401274084169	3.12270761368995	73.293780808286	246.244336835386	90.1228695185468
2021-06-21	393.361708530561	250.902281160454	364.168213208262	382.118308085236	4.59129066749223	77.5220132063385	266.08950852303	93.3284570275954
2021-06-22	394.519523698487	253.453605967855	370.913321125552	378.931772699543	6.8182368277316	82.7177383516157	287.577132824967	97.3967995652816
2021-06-23	397.170031467795	257.114398930605	379.009499140293	377.868014106002	9.79554588693587	88.8830921745773	310.712465333821	102.344611649327
2021-06-24	401.350315200785	261.907483260522	388.467561105448	378.953378483523	13.5152176376328	96.0202106056832	335.500761642212	108.188607797451
2021-06-25	407.097458259753	267.855682169422	399.29832087398	382.21421201102	17.9692518723503	104.131229575393	361.947277342762	114.945502527376
2021-06-26	414.448544007001	274.981818869124	411.512592298856	387.676860867402	23.1496483836161	113.218285014167	390.057268028093	122.632010356823
2021-06-27	423.440655804826	283.308716571445	425.121189233038	395.367671231582	29.0484069639581	123.283512852463	419.835989290826	131.264845803512
2021-06-28	434.110877015528	292.859198488202	440.13492552949	405.312989282472	35.657527405904	134.329049020743	451.288696723583	140.860723385165
2021-06-29	446.496291001405	303.656087831213	456.564615041178	417.539161198984	42.9690095019816	146.357029449466	484.420645918986	151.436357619502
2021-06-30	460.633981124757	315.722207812296	474.421071621064	432.072533160028	50.9748530447187	159.369590069092	519.237092469657	163.008463024244
2021-07-01	476.561030747882	329.080381643267	493.715109122114	448.939451344517	59.6670578266433	173.36886681008	555.743291968216	175.593754117112
2021-07-02	494.31452323308	343.753432535945	514.457541397291	468.166261931362	69.037623640283	188.35699560289	593.944500007287	189.208945415828
2021-07-03	513.931541942649	359.764183702147	536.659182299559	489.779311099475	79.0785502781656	204.336112377981	633.845972179489	203.870751438112
2021-07-04	535.449170238888	377.135458353691	560.330845681883	513.804945027767	89.7818375328191	221.308353065815	675.452964077446	219.595886701685
2021-07-05	558.895817281457	395.88405468731	585.469861397223	540.260215175638	101.140733597311	239.270071338243	718.752357101549	236.397228675931
2021-07-06	584.265195419438	416.002670839397	612.019623298516	569.124994124425	113.153480266864	258.194491832687	763.657535883254	254.272306636879
2021-07-07	611.542342799277	437.477979931262	639.910041238696	600.369859735954	125.819567737241	278.049056927963	810.06351086179	273.214812812222
2021-07-08	640.712297567422	460.296655084216	669.071025070699	633.965389872052	139.138486204205	298.801209002887	857.865292476387	293.218439429655
2021-07-09	671.760097870315	484.445369419567	699.432484647458	669.882162394544	153.10972586352	320.418390436273	906.957891166272	314.276878716869
2021-07-10	704.670781854402	509.910796058626	730.924329821907	708.090755165256	167.732776910947	342.868043606938	957.236317370674	336.383822901558
2021-07-11	739.429387666128	536.679608122702	763.476470446981	748.561746046015	183.00712954225	366.117610893697	1008.59558152882	359.532964211415
2021-07-12	776.013936933681	564.730649875623	797.024131515206	791.256501280164	198.928919020576	390.130830875403	1060.92200885968	383.713441172331
2021-07-13	814.374385212226	594.011450151286	831.523798577479	836.099540637129	215.480860878605	414.856626931067	1114.06718370119	408.896177502997
2021-07-14	854.453671538669	624.461708926106	866.937272324288	883.006172267852	232.642315716402	440.240218639737	1167.87400517102	435.0475432203
2021-07-15	896.194734949918	656.021126176496	903.226353446123	931.891704323276	250.392644134031	466.226825580462	1222.18537238684	462.133908341131
2021-07-16	939.540514482881	688.629401878872	940.352842633471	982.671444954346	268.711206731557	492.76166733229	1276.84418446633	490.121642882378
2021-07-17	984.433949174465	722.226236009648	978.278540576824	1035.260702312	287.577364109044	519.789963474269	1331.69334052717	518.977116860929
2021-07-18	1030.81797806158	756.751328545239	1016.96524796667	1089.5747845472	306.970476866557	547.25693358545	1386.57573968703	548.666700293674
2021-07-19	1078.63554018112	792.144379462059	1056.37476549349	1145.52899981086	326.86990560416	575.107797244878	1441.33428106357	579.156763197502
2021-07-20	1127.82957457001	828.345088736524	1096.46889384779	1203.03865625395	347.255010921919	603.287774031604	1495.81186377449	610.4136755893
2021-07-21	1178.34302026516	865.293156345047	1137.20943372004	1262.01906202739	368.105153419896	631.742083524676	1549.85138693744	642.403807485959
2021-07-22	1230.11881630345	902.928282264044	1178.55818580075	1322.38552528215	389.399693698158	660.415945303142	1603.29574967012	675.093528904366
2021-07-23	1283.09990172182	941.190166469928	1220.47695078038	1384.05335416915	411.117992356768	689.254578946051	1655.98785109018	708.449209861412
2021-07-24	1337.22921555716	980.018508939115	1262.92752934945	1446.93785683934	433.239409995791	718.203204032452	1707.7705903153	742.437220373983
2021-07-25	1392.44969684637	1019.35300964802	1305.87172219843	1510.95434144367	455.743307215292	747.207040141392	1758.48686646316	777.023930458971
2021-07-26	1448.67893760544	1059.10973238359	1349.25350117623	1575.99039715651	478.604641062749	776.20905543174	1807.98203430724	812.164776294774
2021-07-27	1505.73314176662	1099.11019617488	1392.94552276544	1641.82273724594	501.780754375302	805.143212381637	1856.11127124427	847.771458705841
2021-07-28	1563.40316624121	1139.15228386149	1436.80261460707	1708.20035600347	525.224586437501	833.941222049043	1902.73221032676	883.744744678131
2021-07-29	1621.47986794052	1179.03387828302	1480.67960434213	1774.87224772061	548.889076533902	862.534795491919	1947.70248460725	919.985401197603
2021-07-30	1679.75410377588	1218.55286227907	1524.43131961162	1841.58740668888	572.727163949056	890.855643768227	1990.87972713827	956.394195250216
2021-07-31	1738.0167306586	1257.50711868921	1567.91258805655	1908.09482719978	596.691787967516	918.835477935925	2032.12157097235	992.87189382193
2021-08-01	1796.05860549998	1295.69453035306	1610.97823731794	1974.14350354483	620.735887873835	946.406009052976	2071.28564916201	1029.3192638987
2021-08-02	1853.6877768046	1332.93762113943	1653.49429356281	2039.50402589016	644.816414654215	973.50719489866	2108.24673097204	1065.64399238946
2021-08-03	1910.78105944997	1369.15747903403	1695.37157706232	2104.03336790038	668.906366101459	1000.11198013754	2142.94813051627	1101.78144589499
2021-08-04	1967.23245990687	1404.29983305181	1736.53210661366	2167.61009911471	692.982751710016	1026.2015561555	2175.35029812077	1137.67391093904
2021-08-05	2022.93598464608	1438.3104122077	1776.89790101402	2230.11278907237	717.022580974338	1051.75711433843	2205.41368411162	1173.26367404535
2021-08-06	2077.78564013838	1471.13494551664	1816.39097906058	2291.42000731259	741.002863388877	1076.75984607222	2233.0987388149	1208.49302173769
2021-08-07	2131.67543285454	1502.71916199357	1854.93335955053	2351.41032337461	764.900608448081	1101.19094274273	2258.36591255668	1243.30424053979
2021-08-08	2184.49936926533	1533.00879065343	1892.44706128106	2409.96230679764	788.692825646405	1125.03159573587	2281.17565566305	1277.63961697541
2021-08-09	2236.15145584153	1561.94956051115	1928.85410304934	2466.95452712091	812.356524478296	1148.26299643751	2301.48841846009	1311.4414375683
2021-08-10	2286.52569905392	1589.48720058169	1964.07650365258	2522.26555388365	835.868714438208	1170.86633623355	2319.26465127386	1344.65198884221
2021-08-11	2335.51610537326	1615.56743987996	1998.03628188795	2575.77395662509	859.20640502059	1192.82280650986	2334.46480443046	1377.21355732089
2021-08-12	2383.01668127034	1640.13600742092	2030.65545655264	2627.35830488444	882.346605719894	1214.11359865233	2347.04932825596	1409.06842952808
2021-08-13	2428.92143321593	1663.13863221951	2061.85604644384	2676.89716820094	905.266326030572	1234.71990404684	2356.97867307643	1440.15889198754
2021-08-14	2473.12436768081	1684.52104329065	2091.56007035873	2724.26911611382	927.942575447072	1254.62291407928	2364.21328921797	1470.42723122302
2021-08-15	2515.51949113575	1704.2289696493	2119.6895470945	2769.35271816229	950.352363463848	1273.80382013554	2368.71362700663	1499.81573375827
2021-08-16	2556.0139330761	1722.22355838948	2146.18068990978	2812.04515546916	972.475636326404	1292.2478876761	2370.45878514802	1528.27667619256
2021-08-17	2594.56731509552	1738.52762892161	2171.0264899089	2852.31805549154	994.30408728446	1309.95667845993	2369.50245586571	1555.80229542728
2021-08-18	2631.15238181225	1753.17941873519	2194.23413265765	2890.16165727013	1015.83234633879	1326.93582832057	2365.9169797628	1582.39481843936
2021-08-19	2665.74187784454	1766.21716531975	2215.81080372182	2925.5661998456	1037.05504349018	1343.1909730916	2359.77469744238	1608.0564722057
2021-08-20	2698.30854781061	1777.67910616477	2235.76368866719	2958.52192225866	1057.96680873939	1358.72774860656	2351.14794950756	1632.78948370323
2021-08-21	2728.82513632871	1787.60347875978	2254.09997305954	2989.01906354998	1078.5622720872	1373.55179069902	2340.10907656142	1656.59607990885
2021-08-22	2757.26438801707	1796.02852059428	2270.82684246465	3017.04786276025	1098.83606353439	1387.66873520255	2326.73041920705	1679.4784877995
2021-08-23	2783.61126303228	1802.99487473729	2285.95994890142	3042.61331666347	1118.78329483264	1401.08292968519	2311.09281459764	1701.44080959964
2021-08-24	2807.89958368434	1808.55280657586	2299.54881020118	3065.77945296678	1138.40100473735	1413.79356865299	2293.31108608672	1722.494648524
2021-08-25	2830.17538782162	1812.75498707657	2311.65141064838	3086.62505711063	1157.68671375478	1425.79855834649	2273.50855357791	1742.65348303486
2021-08-26	2850.48471329246	1815.65408720598	2322.32573452747	3105.2289145355	1176.63794239124	1437.09580500625	2251.80853697482	1761.93079159453
2021-08-27	2868.87359794521	1817.30277793064	2331.6297661229	3121.66981068181	1195.25221115301	1447.68321487278	2228.33435618108	1780.34005266528
2021-08-28	2885.38807962823	1817.75373021713	2339.62148971911	3136.02653099004	1213.52704054638	1457.55869418665	2203.20933110031	1797.8947447094
2021-08-29	2900.07419618988	1817.05961503202	2346.35888960056	3148.37786090062	1231.45995107765	1466.72014918839	2176.55678163612	1814.60834618919
2021-08-30	2912.97798547851	1815.27310334186	2351.89995005168	3158.80258585402	1249.04846325311	1475.16548611853	2148.50002769213	1830.49433556691
2021-08-31	2924.14548534247	1812.44686611323	2356.30265535693	3167.37949129069	1266.29009757904	1482.89261121764	2119.16238917197	1845.56619130488
2021-09-01	2933.62273363011	1808.63357431268	2359.62498980075	3174.18736265108	1283.18237456174	1489.89943072623	2088.66718597924	1859.83739186536
2021-09-02	2941.4557681898	1803.88589890679	2361.9249376676	3179.30498537564	1299.7228147075	1496.18385088486	2057.13773801758	1873.32141571066
2021-09-03	2947.69062686988	1798.25651086212	2363.26048324191	3182.81114490483	1315.9089385226	1501.74377793407	2024.6973651906	1886.03174130306
2021-09-04	2952.37334751871	1791.79808114523	2363.68961080814	3184.78462667909	1331.73826651335	1506.57711811441	1991.46938740192	1897.98184710483
2021-09-05	2955.54996798464	1784.56328072269	2363.27030465074	3185.30421613889	1347.20831918602	1510.6817776664	1957.57712455515	1909.18521157829
2021-09-06	2957.27582067116	1776.60495356968	2362.05690773866	3184.46158199111	1362.32179041004	1514.05320696646	1923.13533018979	1919.64421839685
2021-09-07	2957.64341620229	1767.97663569582	2360.08919777887	3182.3999260084	1377.10206750738	1516.67703293448	1888.22449238877	1929.31687207853
2021-09-08	2956.75455975721	1758.73203611935	2357.40331116287	3179.27533322984	1391.57771116311	1518.53642662619	1852.91653287088	1938.15008235249
2021-09-09	2954.71105651506	1748.92486385851	2354.03538428214	3175.24388869451	1405.77728206233	1519.61455909734	1817.28337335494	1946.0907589479
2021-09-10	2951.61471165501	1738.60882793153	2350.02155352816	3170.46167744148	1419.72934089014	1519.8946014037	1781.39693555975	1953.08581159392
2021-09-11	2947.56733035622	1727.83763735665	2345.39795529243	3165.08478450986	1433.46244833161	1519.35972460099	1745.3291412041	1959.08215001971
2021-09-12	2942.67071779785	1716.66500115211	2340.20072596642	3159.2692949387	1447.00516507184	1517.99309974497	1709.15191200679	1964.02668395442
2021-09-13	2937.02006465383	1705.14076935981	2334.46747775506	3153.1496606536	1460.38330321081	1515.7909807676	1672.92530415624	1967.88858093396
2021-09-14	2930.68410357712	1693.29935611628	2328.24172611697	3146.77380112611	1473.61168050797	1512.80195310572	1636.66191171926	1970.72603972112
2021-09-15	2923.72495271546	1681.17131658174	2321.56846232423	3140.16800271429	1486.70236613769	1509.08768507239	1600.36246323224	1972.61951688544
2021-09-16	2916.20473021659	1668.78720591636	2314.4926776489	3133.35855177621	1499.66742927432	1504.70984498066	1564.02768723162	1973.64946899645
2021-09-17	2908.18555422825	1656.17757928037	2307.05936336304	3126.37173466992	1512.51893909221	1499.73010114359	1527.6583122538	1973.89635262368
2021-09-18	2899.72954289816	1643.37299183395	2299.31351073871	3119.23383775348	1525.26896476572	1494.21012187424	1491.25506683519	1973.44062433666
2021-09-19	2890.89881437408	1630.40399873732	2291.30011104799	3111.97114738495	1537.9295754692	1488.21157548565	1454.81867951222	1972.36274070493
2021-09-20	2881.75548680373	1617.30115515066	2283.06415556293	3104.60994992239	1550.512840377	1481.79613029089	1418.34987882128	1970.74315829802
2021-09-21	2872.36167833484	1604.09501623418	2274.65063555561	3097.17653172385	1563.03082866347	1475.02545460301	1381.8493932988	1968.66233368546
2021-09-22	2862.77950711517	1590.81613714808	2266.10454229807	3089.69717914741	1575.49560950298	1467.96121673506	1345.31795148119	1966.20072343678
2021-09-23	2853.07109129243	1577.49507305256	2257.4708670624	3082.19817855111	1587.91925206986	1460.66508500011	1308.75628190486	1963.43878412152
2021-09-24	2843.29854901438	1564.16237910783	2248.79460112065	3074.70581629302	1600.31382553848	1453.19872771121	1272.16511310622	1960.45697230921
2021-09-25	2833.52399842874	1550.84861047407	2240.12073574489	3067.24637873119	1612.69139908319	1445.62381318141	1235.54517362169	1957.33574456938
2021-09-26	2823.80955768325	1537.58432231149	2231.49426220718	3059.84615222368	1625.06404187834	1438.00200972377	1198.89719198767	1954.15555747156
