date	state	King	Snohomish	Pierce	Ann Arbor	Boston	San Diego	DC	USA
2020-01-22	0	0	0	0	0	0	0	0	0.00304655573119389
2020-01-23	0	0	0	0	0	0	0	0	0
2020-01-24	0	0	0	0	0	0	0	0	0
2020-01-25	0	0	0	0	0	0	0	0	0
2020-01-26	0	0	0	0	0	0	0	0	0
2020-01-27	0	0	0	0	0	0	0	0	0
2020-01-28	0	0	0	0	0	0	0	0	0
2020-01-29	0	0	0	0	0	0	0	0	0
2020-01-30	0	0	0	0	0	0	0	0	0
2020-01-31	0	0	0	0	0	0	0	0	0
2020-02-01	0	0	0	0	0	0	0	0	0
2020-02-02	0	0	0	0	0	0	0	0	0
2020-02-03	0	0	0	0	0	0	0	0	0
2020-02-04	0	0	0	0	0	0	0	0	0
2020-02-05	0	0	0	0	0	0	0	0	0
2020-02-06	0	0	0	0	0	0	0	0	0
2020-02-07	0	0	0	0	0	0	0	0	0
2020-02-08	0	0	0	0	0	0	0	0	0
2020-02-09	0	0	0	0	0	0	0	0	0
2020-02-10	0	0	0	0	0	0	0	0	0
2020-02-11	0	0	0	0	0	0	0	0	0
2020-02-12	0	0	0	0	0	0	0	0	0
2020-02-13	0	0	0	0	0	0	0	0	0
2020-02-14	0	0	0	0	0	0	0	0	0
2020-02-15	0	0	0	0	0	0	0	0	0
2020-02-16	0	0	0	0	0	0	0	0	0
2020-02-17	0	0	0	0	0	0	0	0	0
2020-02-18	0	0	0	0	0	0	0	0	0
2020-02-19	0	0	0	0	0	0	0	0	0
2020-02-20	0	0	0	0	0	0	0	0	0
2020-02-21	0	0	0	0	0	0	0	0	0
2020-02-22	0	0	0	0	0	0	0	0	0
2020-02-23	0	0	0	0	0	0	0	0	0
2020-02-24	0	0	0	0	0	0	0	0	0
2020-02-25	0	0	0	0	0	0	0	0	0
2020-02-26	0	0	0	0	0	0	0	0	0
2020-02-27	0	0	0	0	0	0	0	0	0
2020-02-28	0	0	0	0	0	0	0	0	0
2020-02-29	0.131321608852547	0.443895592205549	0	0	0	0	0	0	0.00304655573119389
2020-03-01	0	0	0	0	0	0	0	0	0
2020-03-02	0.656608044262736	1.77558236882219	1.21642218608097	0	0	0	0	0	0.0152327786559695
2020-03-03	0.131321608852547	0.443895592205549	0	0	0	0	0	0	0.00304655573119389
2020-03-04	0.393964826557642	1.33168677661665	0	0	0	0	0	0	0.0121862229247756
2020-03-05	0.131321608852547	0.443895592205549	0	0	0	0	0	0	0.00304655573119389
2020-03-06	0.262643217705094	0.887791184411097	0	0	0	0	0	0	0.00609311146238779
2020-03-07	0.393964826557642	1.33168677661665	0	0	0	0	0	0	0.00913966719358168
2020-03-08	0.262643217705094	0.887791184411097	0	0	0	0	0	0	0.0121862229247756
2020-03-09	0.131321608852547	0	0	0	0	0	0	0	0.00609311146238779
2020-03-10	0.525286435410189	1.77558236882219	0	0	0	0	0	0	0.0152327786559695
2020-03-11	0.131321608852547	0.443895592205549	0	0	0	0	0	0	0.0152327786559695
2020-03-12	0.919251261967831	2.21947796102774	2.43284437216193	0	0	0	0	0	0.0335121130431328
2020-03-13	0.787929653115283	2.21947796102774	1.21642218608097	0	0	0	0	0	0.0213258901183573
2020-03-14	0.262643217705094	0.887791184411097	0	0	0	0	0	0	0.027419001580745
2020-03-15	0.131321608852547	0.443895592205549	0	0	0	0	0	0	0.0335121130431328
2020-03-16	1.05057287082038	3.55116473764439	0	0	0	0	0	0	0.0761638932798474
2020-03-17	0.919251261967831	1.33168677661665	2.43284437216193	0	0	0	0	0	0.10967600632298
2020-03-18	1.57585930623057	4.43895592205549	0	1.10499679550929	0	0	0	0	0.198026122527603
2020-03-19	0.787929653115283	1.77558236882219	1.21642218608097	0	0	0	0	0	0.228491679839542
2020-03-20	1.31321608852547	3.10726914543884	1.21642218608097	0	0	1.24392498137222	0	1.4169343491808	0.319888351775359
2020-03-21	1.44453769737802	3.10726914543884	2.43284437216193	0	0	0	0	-1.4169343491808	0.316841796044165
2020-03-22	0.393964826557642	0.443895592205549	0	0	0	0	0	2.8338686983616	0.368633243474461
2020-03-23	1.57585930623057	5.32674710646658	1.21642218608097	0	0	0	0.299550973091336	0	0.569705921733258
2020-03-24	0.919251261967831	0	6.08211093040484	0	8.16102241288789	0	0	0	0.740313042680116
2020-03-25	2.2324673504933	6.21453829087768	0	1.10499679550929	0	0	0.299550973091336	0	1.01450305848757
2020-03-26	2.2324673504933	3.55116473764439	2.43284437216193	2.20999359101859	0	1.24392498137222	0.299550973091336	1.4169343491808	1.27041373990785
2020-03-27	0.919251261967831	0	6.08211093040484	1.10499679550929	0	0	0	0	1.59030209168321
2020-03-28	4.07096987442896	11.9851809895498	0	0	0	1.24392498137222	0.898652919274008	1.4169343491808	2.17219423634125
2020-03-29	1.31321608852547	2.21947796102774	0	1.10499679550929	5.44068160859192	0	0.299550973091336	1.4169343491808	1.69083843081261
2020-03-30	0.919251261967831	1.33168677661665	0	0	2.72034080429596	2.48784996274445	0	5.6677373967232	2.15391490195408
2020-03-31	2.62643217705094	2.66337355323329	12.1642218608097	0	2.72034080429596	1.24392498137222	0	0	3.28723363395821
2020-04-01	11.1623367524665	19.0875104648386	17.0299106051335	2.20999359101859	2.72034080429596	8.70747486960556	0.599101946182672	0	3.88740511300341
2020-04-02	3.93964826557642	4.88285151426103	6.08211093040484	2.20999359101859	0	7.46354988823334	1.79730583854802	4.2508030475424	4.60334570983397
2020-04-03	3.80832665672387	5.77064269867213	2.43284437216193	0	0	2.48784996274445	0.299550973091336	4.2508030475424	4.32610913829533
2020-04-04	3.80832665672387	5.32674710646658	4.86568874432387	4.41998718203717	0	6.21962490686112	0.299550973091336	8.5016060950848	4.89276850429739
2020-04-05	3.67700504787132	7.10232947528878	3.6492665582429	2.20999359101859	0	1.24392498137222	0.299550973091336	1.4169343491808	4.92932717307172
2020-04-06	3.15171861246113	5.77064269867213	2.43284437216193	1.10499679550929	5.44068160859192	4.97569992548889	0.299550973091336	2.8338686983616	5.27968108215902
2020-04-07	3.15171861246113	6.65843388308323	1.21642218608097	2.20999359101859	2.72034080429596	11.19532483235	0	-2.8338686983616	7.84792756355547
2020-04-08	1.96982413278821	4.43895592205549	1.21642218608097	1.10499679550929	5.44068160859192	9.95139985097779	3.59461167709603	7.084671745904	6.55314137779807
2020-04-09	2.36378895934585	3.10726914543884	3.6492665582429	2.20999359101859	5.44068160859192	0	1.49775486545668	7.084671745904	6.74202783313209
2020-04-10	2.2324673504933	5.32674710646658	1.21642218608097	2.20999359101859	0	0	1.19820389236534	8.5016060950848	6.65977082838985
2020-04-11	3.02039700360859	4.88285151426103	6.08211093040484	2.20999359101859	8.16102241288789	38.5616744225389	1.19820389236534	12.7524091426272	6.52267582048613
2020-04-12	1.96982413278821	2.21947796102774	2.43284437216193	1.10499679550929	0	8.70747486960556	0.299550973091336	4.2508030475424	5.75494377622527
2020-04-13	2.62643217705094	3.55116473764439	3.6492665582429	2.20999359101859	0	0	0	2.8338686983616	6.02608723630152
2020-04-14	2.2324673504933	2.21947796102774	4.86568874432387	4.41998718203717	8.16102241288789	0	0.599101946182672	21.254015237712	7.54022543470489
2020-04-15	1.31321608852547	2.21947796102774	6.08211093040484	0	8.16102241288789	73.3915739009612	1.79730583854802	7.084671745904	7.8814396765986
2020-04-16	2.75775378590349	5.32674710646658	2.43284437216193	1.10499679550929	2.72034080429596	0	2.09685681163935	12.7524091426272	6.66891049558343
2020-04-17	2.4951105681984	3.10726914543884	3.6492665582429	2.20999359101859	0	23.6345746460722	0.898652919274008	7.084671745904	6.39472047977598
2020-04-18	2.2324673504933	5.32674710646658	1.21642218608097	0	10.8813632171838	29.8541995529334	2.09685681163935	7.084671745904	5.92250434144093
2020-04-19	3.15171861246113	5.77064269867213	6.08211093040484	2.20999359101859	2.72034080429596	59.7083991058667	0.299550973091336	7.084671745904	6.04132001495749
2020-04-20	2.4951105681984	2.66337355323329	2.43284437216193	7.73497756856505	2.72034080429596	0	0	12.7524091426272	6.83951761653029
2020-04-21	2.10114574164076	6.21453829087768	0	0	19.0423856300717	60.9523240872389	0.299550973091336	9.9185404442656	7.56459788055444
2020-04-22	1.18189447967293	2.21947796102774	0	2.20999359101859	5.44068160859192	0	7.18922335419207	21.254015237712	7.4853874315434
2020-04-23	1.70718091508311	2.21947796102774	1.21642218608097	2.20999359101859	5.44068160859192	0	1.19820389236534	17.0032121901696	7.384851092414
2020-04-24	1.96982413278821	3.55116473764439	0	2.20999359101859	13.6017040214798	0	0.599101946182672	19.8370808885312	6.60797938095956
2020-04-25	2.2324673504933	4.43895592205549	2.43284437216193	0	8.16102241288789	131.856048025456	2.69595875782202	17.0032121901696	5.27663452642782
2020-04-26	2.62643217705094	3.99506032984994	4.86568874432387	1.10499679550929	0	0	0	18.4201465393504	4.28345735805862
2020-04-27	1.44453769737802	2.66337355323329	1.21642218608097	1.10499679550929	13.6017040214798	70.9037239382167	0	9.9185404442656	4.50890248216696
2020-04-28	1.31321608852547	2.21947796102774	0	0	2.72034080429596	26.1224246088167	0.599101946182672	7.084671745904	6.82733139360552
2020-04-29	1.05057287082038	2.66337355323329	0	0	8.16102241288789	43.5373743480278	2.09685681163935	21.254015237712	7.2843147532846
2020-04-30	1.05057287082038	1.77558236882219	0	0	5.44068160859192	24.8784996274445	0	26.9217526344352	6.67805016277702
2020-05-01	1.83850252393566	3.10726914543884	0	1.10499679550929	13.6017040214798	32.3420495156778	1.19820389236534	9.9185404442656	5.81587489084914
2020-05-02	1.57585930623057	1.77558236882219	1.21642218608097	0	10.8813632171838	23.6345746460722	2.99550973091336	12.7524091426272	5.30405352800857
2020-05-03	1.57585930623057	1.77558236882219	1.21642218608097	2.20999359101859	2.72034080429596	23.6345746460722	1.49775486545668	15.5862778409888	3.66500654462625
2020-05-04	1.44453769737802	3.10726914543884	0	0	13.6017040214798	9.95139985097779	0	9.9185404442656	4.13722268296131
2020-05-05	1.70718091508311	1.77558236882219	2.43284437216193	2.20999359101859	0	16.1710247578389	1.49775486545668	8.5016060950848	6.76640027898164
2020-05-06	1.70718091508311	2.21947796102774	0	1.10499679550929	2.72034080429596	41.0495243852834	4.1937136232787	18.4201465393504	7.06496274063864
2020-05-07	1.83850252393566	2.21947796102774	1.21642218608097	1.10499679550929	0	26.1224246088167	0	11.3354747934464	5.84024733669869
2020-05-08	2.10114574164076	2.66337355323329	2.43284437216193	2.20999359101859	8.16102241288789	24.8784996274445	2.09685681163935	26.9217526344352	5.39849675567558
2020-05-09	1.44453769737802	1.77558236882219	2.43284437216193	1.10499679550929	2.72034080429596	24.8784996274445	1.19820389236534	9.9185404442656	4.46015759046786
2020-05-10	2.10114574164076	4.43895592205549	1.21642218608097	1.10499679550929	0	18.6588747205834	1.79730583854802	17.0032121901696	3.04960228692509
2020-05-11	0.787929653115283	0.887791184411097	1.21642218608097	1.10499679550929	0	16.1710247578389	0	7.084671745904	3.15013862605449
2020-05-12	2.10114574164076	1.33168677661665	0	1.10499679550929	2.72034080429596	1.24392498137222	4.49326459637004	11.3354747934464	4.84707016832949
2020-05-13	0.787929653115283	0.443895592205549	2.43284437216193	2.20999359101859	2.72034080429596	21.1467246833278	0	19.8370808885312	5.27663452642782
2020-05-14	1.05057287082038	1.33168677661665	1.21642218608097	1.10499679550929	8.16102241288789	12.4392498137222	2.99550973091336	11.3354747934464	5.42591575725633
2020-05-15	1.57585930623057	0.443895592205549	3.6492665582429	2.20999359101859	2.72034080429596	11.19532483235	0	14.169343491808	5.07251529243783
2020-05-16	1.05057287082038	1.77558236882219	0	2.20999359101859	2.72034080429596	12.4392498137222	2.69595875782202	9.9185404442656	3.64977376597029
2020-05-17	1.44453769737802	1.77558236882219	6.08211093040484	0	0	11.19532483235	0	11.3354747934464	2.53168781262213
2020-05-18	0.787929653115283	0.443895592205549	2.43284437216193	0	2.72034080429596	7.46354988823334	0	12.7524091426272	3.71375143632536
2020-05-19	0.919251261967831	1.77558236882219	1.21642218608097	2.20999359101859	0	4.97569992548889	3.89416265018737	11.3354747934464	4.40227303157518
2020-05-20	0.525286435410189	1.33168677661665	0	0	2.72034080429596	12.4392498137222	2.39640778473069	9.9185404442656	4.56069392959726
2020-05-21	1.18189447967293	1.33168677661665	2.43284437216193	0	13.6017040214798	7.46354988823334	0	7.084671745904	3.63758754304551
2020-05-22	0.656608044262736	0.887791184411097	2.43284437216193	1.10499679550929	2.72034080429596	6.21962490686112	3.2950607040047	8.5016060950848	3.66805310035745
2020-05-23	1.18189447967293	1.77558236882219	1.21642218608097	0	0	11.19532483235	2.39640778473069	12.7524091426272	3.27200085530224
2020-05-24	1.18189447967293	1.33168677661665	3.6492665582429	1.10499679550929	0	13.6831747950945	0	7.084671745904	1.95284222369529
2020-05-25	0.525286435410189	1.33168677661665	1.21642218608097	0	0	1.24392498137222	0	11.3354747934464	1.81879377152275
2020-05-26	0.787929653115283	0.443895592205549	2.43284437216193	1.10499679550929	0	6.21962490686112	0	0	1.99854055966319
2020-05-27	1.44453769737802	2.66337355323329	1.21642218608097	1.10499679550929	2.72034080429596	7.46354988823334	0	7.084671745904	4.50280937070458
2020-05-28	0.525286435410189	0.443895592205549	1.21642218608097	0	8.16102241288789	2.48784996274445	3.2950607040047	11.3354747934464	3.31769919127015
2020-05-29	0.787929653115283	1.33168677661665	1.21642218608097	0	0	11.19532483235	0	9.9185404442656	3.40604930747477
2020-05-30	0.262643217705094	0.443895592205549	0	1.10499679550929	0	8.70747486960556	2.69595875782202	2.8338686983616	2.8942279446342
2020-05-31	0.787929653115283	0.887791184411097	1.21642218608097	0	-2.72034080429596	3.73177494411667	0	5.6677373967232	1.89191110907141
2020-06-01	0.656608044262736	0.887791184411097	1.21642218608097	1.10499679550929	0	31.0981245343056	0	2.8338686983616	2.34889446875049
2020-06-02	0.787929653115283	0.887791184411097	1.21642218608097	2.20999359101859	0	7.46354988823334	0	2.8338686983616	2.9947642837636
2020-06-03	0.656608044262736	0.443895592205549	0	0	2.72034080429596	7.46354988823334	2.09685681163935	4.2508030475424	3.07397473277464
2020-06-04	1.44453769737802	1.33168677661665	1.21642218608097	1.10499679550929	0	6.21962490686112	2.09685681163935	2.8338686983616	3.06483506558106
2020-06-05	0.656608044262736	0.443895592205549	0	1.10499679550929	0	11.19532483235	1.49775486545668	5.6677373967232	2.67487593198824
2020-06-06	0.525286435410189	0.443895592205549	0	0	2.72034080429596	1.24392498137222	2.39640778473069	5.6677373967232	1.94065600077051
2020-06-07	1.44453769737802	1.33168677661665	0	1.10499679550929	0	1.24392498137222	0	8.5016060950848	1.39227596915561
2020-06-08	1.31321608852547	0.887791184411097	0	1.10499679550929	0	8.70747486960556	0	2.8338686983616	1.55678997864008
2020-06-09	0.656608044262736	0.443895592205549	0	0	0	4.97569992548889	0	5.6677373967232	2.78455193831122
2020-06-10	0.131321608852547	0	0	0	0	1.24392498137222	2.69595875782202	5.6677373967232	2.66878282052585
2020-06-11	1.57585930623057	2.21947796102774	0	0	0	2.48784996274445	0.898652919274008	4.2508030475424	2.48598947665422
2020-06-12	0.656608044262736	1.33168677661665	0	0	0	3.73177494411667	0	5.6677373967232	2.50731536677257
2020-06-13	0.525286435410189	0.443895592205549	1.21642218608097	0	0	2.48784996274445	3.2950607040047	7.084671745904	2.19961323792199
2020-06-14	0.262643217705094	0.443895592205549	0	0	0	8.70747486960556	0	5.6677373967232	1.05715483872428
2020-06-15	0.262643217705094	0	1.21642218608097	0	0	1.24392498137222	0.299550973091336	0	1.22166884820875
2020-06-16	1.05057287082038	0.887791184411097	2.43284437216193	1.10499679550929	0	1.24392498137222	0.898652919274008	7.084671745904	2.39763936044959
2020-06-17	0.787929653115283	0	2.43284437216193	1.10499679550929	0	8.70747486960556	0	4.2508030475424	2.27882368693303
2020-06-18	0.919251261967831	0.443895592205549	0	1.10499679550929	5.44068160859192	4.97569992548889	2.39640778473069	5.6677373967232	2.12649590037334
2020-06-19	0.919251261967831	0	0	1.10499679550929	0	9.95139985097779	0.299550973091336	4.2508030475424	1.90714388772738
2020-06-20	0.525286435410189	0.443895592205549	0	0	0	2.48784996274445	1.79730583854802	1.4169343491808	1.7456764339741
2020-06-21	0.656608044262736	0.887791184411097	1.21642218608097	0	0	6.21962490686112	0	2.8338686983616	0.965758166788464
2020-06-22	0.656608044262736	0	1.21642218608097	1.10499679550929	0	1.24392498137222	0	2.8338686983616	1.15159806639129
2020-06-23	1.31321608852547	1.33168677661665	1.21642218608097	2.20999359101859	0	-3.73177494411667	0.898652919274008	2.8338686983616	2.25140468535229
2020-06-24	0.393964826557642	0	2.43284437216193	0	0	9.95139985097779	1.79730583854802	5.6677373967232	2.30014957705139
2020-06-25	0.525286435410189	0.887791184411097	0	0	0	7.46354988823334	1.49775486545668	2.8338686983616	1.66951254069425
2020-06-26	1.44453769737802	0.443895592205549	2.43284437216193	1.10499679550929	2.72034080429596	8.70747486960556	1.79730583854802	4.2508030475424	1.90714388772738
2020-06-27	0.919251261967831	0.443895592205549	0	1.10499679550929	0	8.70747486960556	0.599101946182672	2.8338686983616	1.51109164267217
2020-06-28	0.525286435410189	0	1.21642218608097	1.10499679550929	0	0	0.299550973091336	2.8338686983616	0.97794438971324
2020-06-29	0.656608044262736	0	1.21642218608097	1.10499679550929	0	3.73177494411667	0	1.4169343491808	1.12417906481055
2020-06-30	0.787929653115283	0	0	4.41998718203717	2.72034080429596	-6.21962490686112	1.19820389236534	0	1.70302465373739
2020-07-01	0.787929653115283	0.887791184411097	1.21642218608097	0	0	2.48784996274445	1.49775486545668	2.8338686983616	2.12649590037334
2020-07-02	1.31321608852547	0.887791184411097	1.21642218608097	0	2.72034080429596	4.97569992548889	2.09685681163935	1.4169343491808	2.25140468535229
2020-07-03	1.18189447967293	1.33168677661665	0	1.10499679550929	0	1.24392498137222	2.99550973091336	1.4169343491808	2.06251823001827
2020-07-04	0.919251261967831	0	0	2.20999359101859	0	-1.24392498137222	0	2.8338686983616	0.920059830820556
2020-07-05	0.919251261967831	0.443895592205549	0	0	0	-1.24392498137222	0	2.8338686983616	0.980990945444434
2020-07-06	1.18189447967293	0.887791184411097	1.21642218608097	2.20999359101859	0	1.24392498137222	0	2.8338686983616	1.13027217627293
2020-07-07	1.18189447967293	0.887791184411097	0	0	2.72034080429596	0	3.59461167709603	0	3.47916664502343
2020-07-08	1.05057287082038	0.887791184411097	0	0	0	4.97569992548889	2.09685681163935	4.2508030475424	2.56215336993407
2020-07-09	2.10114574164076	2.21947796102774	2.43284437216193	0	0	1.24392498137222	2.69595875782202	5.6677373967232	3.1409989588609
2020-07-10	1.18189447967293	0.443895592205549	0	1.10499679550929	0	3.73177494411667	1.49775486545668	0	2.48598947665422
2020-07-11	0.919251261967831	0.443895592205549	1.21642218608097	0	2.72034080429596	2.48784996274445	0.599101946182672	0	2.2971030213202
2020-07-12	0.656608044262736	0	1.21642218608097	0	0	2.48784996274445	0	0	1.44102086085471
2020-07-13	1.18189447967293	0.443895592205549	1.21642218608097	1.10499679550929	0	0	0	0	1.32525174306934
2020-07-14	1.57585930623057	0.887791184411097	0	1.10499679550929	0	2.48784996274445	4.1937136232787	0	2.72971393514973
2020-07-15	0.393964826557642	0.443895592205549	0	0	2.72034080429596	2.48784996274445	3.59461167709603	4.2508030475424	2.93992628060211
2020-07-16	0.787929653115283	0	1.21642218608097	0	0	3.73177494411667	5.09236654255271	4.2508030475424	2.92774005767733
2020-07-17	0.787929653115283	0	0	0	0	3.73177494411667	0	4.2508030475424	2.78759849404241
2020-07-18	0.919251261967831	0.887791184411097	0	0	0	6.21962490686112	3.89416265018737	1.4169343491808	2.68706215491301
2020-07-19	1.18189447967293	0.887791184411097	0	0	0	0	0	0	1.45016052804829
2020-07-20	1.44453769737802	0.887791184411097	0	1.10499679550929	0	0	0	1.4169343491808	1.61162798180157
2020-07-21	1.57585930623057	0.443895592205549	0	2.20999359101859	2.72034080429596	4.97569992548889	2.69595875782202	1.4169343491808	3.33902508138851
2020-07-22	1.05057287082038	0.887791184411097	0	0	0	0	5.39191751564405	0	3.73203077071252
2020-07-23	1.18189447967293	0.443895592205549	1.21642218608097	0	0	3.73177494411667	2.09685681163935	1.4169343491808	3.30855952407657
2020-07-24	1.70718091508311	0.443895592205549	0	2.20999359101859	0	2.48784996274445	3.59461167709603	0	3.33293196992612
2020-07-25	1.57585930623057	0.443895592205549	0	2.20999359101859	0	2.48784996274445	0	0	2.95211250352688
2020-07-26	1.96982413278821	0.887791184411097	0	3.31499038652788	0	2.48784996274445	2.69595875782202	0	1.62686076045754
2020-07-27	1.05057287082038	0.443895592205549	1.21642218608097	1.10499679550929	0	0	0	1.4169343491808	3.35121130431328
2020-07-28	1.70718091508311	0.887791184411097	1.21642218608097	1.10499679550929	0	4.97569992548889	0	1.4169343491808	3.72289110351894
2020-07-29	2.10114574164076	1.33168677661665	2.43284437216193	0	0	2.48784996274445	5.69146848873539	1.4169343491808	4.38704025291921
2020-07-30	1.70718091508311	0.887791184411097	0	0	5.44068160859192	0	1.79730583854802	0	3.92701033750893
2020-07-31	1.96982413278821	2.21947796102774	2.43284437216193	2.20999359101859	0	1.24392498137222	0.898652919274008	1.4169343491808	3.60407543000238
2020-08-01	2.10114574164076	1.33168677661665	1.21642218608097	0	0	2.48784996274445	0	0	3.40909586320597
2020-08-02	1.18189447967293	0.443895592205549	0	2.20999359101859	0	1.24392498137222	1.19820389236534	1.4169343491808	1.39227596915561
2020-08-03	1.31321608852547	1.33168677661665	0	2.20999359101859	0	1.24392498137222	0	0	1.70302465373739
2020-08-04	2.36378895934585	2.66337355323329	0	4.41998718203717	0	3.73177494411667	0.898652919274008	1.4169343491808	3.82342744264834
2020-08-05	2.75775378590349	1.33168677661665	1.21642218608097	3.31499038652788	0	1.24392498137222	0	0	4.289550469521
2020-08-06	1.05057287082038	0.443895592205549	0	2.20999359101859	0	3.73177494411667	4.49326459637004	0	3.59798231853999
2020-08-07	2.2324673504933	3.10726914543884	0	3.31499038652788	0	6.21962490686112	0	2.8338686983616	3.93310344897132
2020-08-08	1.18189447967293	0.887791184411097	1.21642218608097	0	2.72034080429596	2.48784996274445	0.898652919274008	1.4169343491808	3.31160607980776
2020-08-09	1.44453769737802	0.887791184411097	2.43284437216193	1.10499679550929	0	1.24392498137222	2.09685681163935	1.4169343491808	1.74262987824291
2020-08-10	1.44453769737802	0.887791184411097	1.21642218608097	2.20999359101859	0	0	0.299550973091336	0	1.57506931302724
2020-08-11	1.05057287082038	0	1.21642218608097	1.10499679550929	0	2.48784996274445	0	2.8338686983616	3.3420716371197
2020-08-12	1.83850252393566	1.77558236882219	3.6492665582429	1.10499679550929	0	0	2.39640778473069	0	4.61553193275875
2020-08-13	1.31321608852547	0.887791184411097	1.21642218608097	1.10499679550929	0	0	1.79730583854802	1.4169343491808	3.16232484897926
2020-08-14	1.96982413278821	1.77558236882219	1.21642218608097	1.10499679550929	2.72034080429596	0	4.1937136232787	0	3.98794145213281
2020-08-15	1.44453769737802	0.887791184411097	0	1.10499679550929	0	0	0	4.2508030475424	3.18365073909762
2020-08-16	1.44453769737802	0.887791184411097	0	5.52498397754646	0	0	1.19820389236534	0	1.85230588456589
2020-08-17	0.919251261967831	0.887791184411097	1.21642218608097	0	0	0	0	0	1.42883463792994
2020-08-18	0.919251261967831	1.77558236882219	0	1.10499679550929	2.72034080429596	0	0	2.8338686983616	3.72593765925013
2020-08-19	1.57585930623057	0.887791184411097	1.21642218608097	1.10499679550929	0	0	3.59461167709603	1.4169343491808	3.92091722604654
2020-08-20	1.05057287082038	0	0	2.20999359101859	0	18.6588747205834	1.79730583854802	1.4169343491808	3.37253719443164
2020-08-21	0.525286435410189	0.443895592205549	0	1.10499679550929	0	1.24392498137222	2.39640778473069	1.4169343491808	3.35425786004448
2020-08-22	0.656608044262736	0.887791184411097	1.21642218608097	1.10499679550929	0	1.24392498137222	2.39640778473069	2.8338686983616	2.98257806083882
2020-08-23	0.525286435410189	0	0	0	0	0	0	0	1.50804508694098
2020-08-24	0.919251261967831	0.443895592205549	0	1.10499679550929	0	2.48784996274445	0	0	1.3465776331877
2020-08-25	0.787929653115283	0.887791184411097	0	1.10499679550929	0	2.48784996274445	1.49775486545668	0	3.75944977229327
2020-08-26	1.96982413278821	1.77558236882219	1.21642218608097	0	0	4.97569992548889	0.898652919274008	1.4169343491808	3.58884265134641
2020-08-27	1.18189447967293	0	0	1.10499679550929	0	4.97569992548889	1.49775486545668	0	3.39690964028119
2020-08-28	1.05057287082038	0.443895592205549	0	1.10499679550929	0	1.24392498137222	0.898652919274008	0	2.86680894305345
2020-08-29	0.656608044262736	0	0	2.20999359101859	0	1.24392498137222	0.898652919274008	0	2.9947642837636
2020-08-30	0.656608044262736	0.443895592205549	0	1.10499679550929	0	0	0.898652919274008	1.4169343491808	1.36790352330606
2020-08-31	1.05057287082038	1.33168677661665	0	3.31499038652788	0	2.48784996274445	0	1.4169343491808	1.50499853120978
2020-09-01	0.787929653115283	0	0	1.10499679550929	0	1.24392498137222	1.79730583854802	0	3.23239563079672
2020-09-02	0.787929653115283	0.887791184411097	0	1.10499679550929	0	-7.46354988823334	2.09685681163935	1.4169343491808	3.20497662921598
2020-09-03	0.787929653115283	0.887791184411097	1.21642218608097	0	-2.72034080429596	2.48784996274445	1.49775486545668	1.4169343491808	3.1409989588609
2020-09-04	0.262643217705094	0	0	1.10499679550929	0	1.24392498137222	0.299550973091336	2.8338686983616	2.98257806083882
2020-09-05	1.31321608852547	1.33168677661665	0	3.31499038652788	0	3.73177494411667	0.898652919274008	0	2.49817569957899
2020-09-06	0.787929653115283	0.443895592205549	0	0	0	0	0.898652919274008	0	1.34048452172531
2020-09-07	0.525286435410189	0.443895592205549	0	0	0	1.24392498137222	0	0	0.974897833982046
2020-09-08	0.262643217705094	0	0	0	0	0	0.299550973091336	0	1.42578808219874
2020-09-09	0.525286435410189	0	0	1.10499679550929	0	0	3.89416265018737	5.6677373967232	3.36644408296925
2020-09-10	0.919251261967831	0	1.21642218608097	0	0	2.48784996274445	1.19820389236534	1.4169343491808	2.81501749562316
2020-09-11	0.919251261967831	0.887791184411097	1.21642218608097	3.31499038652788	0	1.24392498137222	1.49775486545668	0	3.52181842526014
2020-09-12	0.787929653115283	0	0	2.20999359101859	0	2.48784996274445	1.19820389236534	0	2.28187024266423
2020-09-13	0.656608044262736	0.443895592205549	1.21642218608097	0	0	0	0	0	1.21862229247756
2020-09-14	0.919251261967831	0	0	2.20999359101859	0	3.73177494411667	0	0	1.28869307429502
2020-09-15	1.18189447967293	1.33168677661665	1.21642218608097	1.10499679550929	2.72034080429596	1.24392498137222	2.39640778473069	0	3.66195998889506
2020-09-16	1.05057287082038	0.887791184411097	1.21642218608097	0	0	2.48784996274445	1.79730583854802	1.4169343491808	2.90946072329017
2020-09-17	0.656608044262736	0	0	1.10499679550929	0	0	1.79730583854802	2.8338686983616	2.63831726321391
2020-09-18	1.05057287082038	0.443895592205549	0	1.10499679550929	0	2.48784996274445	0.898652919274008	0	2.92469350194614
2020-09-19	0.656608044262736	0	0	3.31499038652788	0	4.97569992548889	11.6824879505621	0	2.16610112487886
2020-09-20	1.05057287082038	1.33168677661665	1.21642218608097	0	0	3.73177494411667	-10.7838350312881	1.4169343491808	0.822570047422351
2020-09-21	0.787929653115283	0.443895592205549	0	1.10499679550929	0	0	0	1.4169343491808	1.25822751698308
2020-09-22	1.44453769737802	0	1.21642218608097	1.10499679550929	0	0	1.49775486545668	0	3.15318518178568
2020-09-23	0.787929653115283	0	0	1.10499679550929	0	0	0.599101946182672	0	3.2445818537215
2020-09-24	0.787929653115283	0.443895592205549	0	0	0	1.24392498137222	1.79730583854802	0	2.76322604819286
2020-09-25	0.919251261967831	0	0	3.31499038652788	0	1.24392498137222	0.599101946182672	2.8338686983616	2.78759849404241
2020-09-26	0.525286435410189	0.443895592205549	0	1.10499679550929	2.72034080429596	1.24392498137222	0	1.4169343491808	2.38545313752482
2020-09-27	0.919251261967831	0	1.21642218608097	2.20999359101859	0	1.24392498137222	0.299550973091336	0	0.950525388132495
2020-09-28	0.919251261967831	0.443895592205549	0	0	0	0	0	0	1.03887550433712
2020-09-29	0.656608044262736	0.443895592205549	0	0	0	0	1.49775486545668	2.8338686983616	2.74799326953689
2020-09-30	0.919251261967831	0.443895592205549	0	0	0	2.48784996274445	0.599101946182672	1.4169343491808	2.83938994147271
2020-10-01	1.31321608852547	2.21947796102774	0	0	0	6.21962490686112	2.69595875782202	1.4169343491808	2.79064504977361
2020-10-02	0.787929653115283	0.443895592205549	0	0	2.72034080429596	0	0.599101946182672	1.4169343491808	2.56215336993407
2020-10-03	0.787929653115283	0.443895592205549	2.43284437216193	0	-2.72034080429596	0	1.19820389236534	0	2.08993723159901
2020-10-04	0.525286435410189	0	1.21642218608097	1.10499679550929	0	0	1.49775486545668	2.8338686983616	1.12417906481055
2020-10-05	1.05057287082038	1.77558236882219	0	1.10499679550929	0	0	0	0	1.46843986243546
2020-10-06	1.44453769737802	1.77558236882219	1.21642218608097	0	0	0	0.898652919274008	0	2.13563556756692
2020-10-07	0.656608044262736	1.33168677661665	1.21642218608097	1.10499679550929	0	1.24392498137222	2.09685681163935	0	2.79978471696719
2020-10-08	0.919251261967831	0.887791184411097	0	2.20999359101859	0	0	1.79730583854802	4.2508030475424	2.9917177280324
2020-10-09	0.919251261967831	0.443895592205549	0	0	0	1.24392498137222	0.599101946182672	0	2.96429872645166
2020-10-10	0.393964826557642	0.443895592205549	0	1.10499679550929	0	1.24392498137222	1.19820389236534	2.8338686983616	2.01072678258797
2020-10-11	0.393964826557642	0	1.21642218608097	2.20999359101859	0	2.48784996274445	0.299550973091336	1.4169343491808	1.42274152646755
2020-10-12	1.57585930623057	1.33168677661665	0	2.20999359101859	0	0	0	0	1.21252918101517
2020-10-13	0.525286435410189	0.443895592205549	0	0	0	1.24392498137222	4.1937136232787	0	2.36717380313766
2020-10-14	1.18189447967293	0	2.43284437216193	1.10499679550929	0	2.48784996274445	1.19820389236534	1.4169343491808	3.0435091754627
2020-10-15	0.525286435410189	0	0	0	0	3.73177494411667	0.898652919274008	0	2.57433959285884
2020-10-16	0.656608044262736	0	0	0	0	2.48784996274445	5.39191751564405	4.2508030475424	2.87290205451584
2020-10-17	0.787929653115283	0.443895592205549	1.21642218608097	0	0	1.24392498137222	1.19820389236534	0	2.49817569957899
2020-10-18	1.31321608852547	0.887791184411097	2.43284437216193	2.20999359101859	0	0	-4.79281556946138	0	1.41055530354277
2020-10-19	1.31321608852547	0.887791184411097	1.21642218608097	0	2.72034080429596	4.97569992548889	0	0	1.49281230828501
2020-10-20	0.787929653115283	0.443895592205549	3.6492665582429	1.10499679550929	-2.72034080429596	1.24392498137222	1.19820389236534	1.4169343491808	2.85462272012868
2020-10-21	1.44453769737802	1.33168677661665	0	1.10499679550929	0	2.48784996274445	1.79730583854802	0	3.57665642842163
2020-10-22	1.44453769737802	0.443895592205549	1.21642218608097	1.10499679550929	0	3.73177494411667	0.898652919274008	0	2.61089826163317
2020-10-23	0.919251261967831	0.887791184411097	1.21642218608097	1.10499679550929	0	2.48784996274445	0.299550973091336	0	2.8942279446342
2020-10-24	1.44453769737802	1.33168677661665	0	0	2.72034080429596	0	0.299550973091336	0	2.93383316913972
2020-10-25	1.05057287082038	0.443895592205549	1.21642218608097	1.10499679550929	0	1.24392498137222	0.599101946182672	0	1.3953225248868
2020-10-26	1.18189447967293	0.443895592205549	1.21642218608097	0	2.72034080429596	2.48784996274445	0	0	1.59030209168321
2020-10-27	1.31321608852547	0.887791184411097	1.21642218608097	3.31499038652788	0	0	2.09685681163935	2.8338686983616	3.08006784423703
2020-10-28	1.57585930623057	0.887791184411097	0	1.10499679550929	2.72034080429596	2.48784996274445	1.19820389236534	0	3.15013862605449
2020-10-29	0.525286435410189	0.443895592205549	0	1.10499679550929	2.72034080429596	4.97569992548889	1.19820389236534	1.4169343491808	3.05569539838748
2020-10-30	1.44453769737802	0.443895592205549	1.21642218608097	0	0	3.73177494411667	0.898652919274008	1.4169343491808	3.2415352979903
2020-10-31	1.83850252393566	0.887791184411097	3.6492665582429	2.20999359101859	-2.72034080429596	1.24392498137222	0.898652919274008	0	2.83634338574152
2020-11-01	1.05057287082038	0	1.21642218608097	0	0	2.48784996274445	0	0	1.53241753279053
2020-11-02	0.656608044262736	0.887791184411097	0	0	2.72034080429596	1.24392498137222	0	1.4169343491808	1.696931542275
2020-11-03	1.31321608852547	0.443895592205549	1.21642218608097	3.31499038652788	2.72034080429596	0	2.99550973091336	0	4.86534950271665
2020-11-04	1.57585930623057	0.443895592205549	0	2.20999359101859	-5.44068160859192	3.73177494411667	0.898652919274008	0	3.41214241893716
2020-11-05	1.57585930623057	0.443895592205549	3.6492665582429	2.20999359101859	0	2.48784996274445	0	4.2508030475424	3.54923742684089
2020-11-06	1.83850252393566	0.443895592205549	2.43284437216193	3.31499038652788	0	2.48784996274445	0.898652919274008	2.8338686983616	3.69851865766939
2020-11-07	0.656608044262736	0.443895592205549	1.21642218608097	1.10499679550929	2.72034080429596	2.48784996274445	0.299550973091336	2.8338686983616	3.40300275174358
2020-11-08	1.44453769737802	0	3.6492665582429	2.20999359101859	0	6.21962490686112	0	0	1.71521087666216
2020-11-09	1.31321608852547	1.33168677661665	0	2.20999359101859	5.44068160859192	3.73177494411667	8.98652919274008	1.4169343491808	2.31233579997617
2020-11-10	1.83850252393566	1.33168677661665	0	2.20999359101859	0	0	-6.88967238110073	2.8338686983616	4.31392291537055
2020-11-11	0.919251261967831	0.443895592205549	2.43284437216193	1.10499679550929	-2.72034080429596	0	0	0	4.39617992011279
2020-11-12	1.70718091508311	0.443895592205549	0	2.20999359101859	0	2.48784996274445	0.898652919274008	0	3.66805310035745
2020-11-13	1.44453769737802	0.443895592205549	1.21642218608097	2.20999359101859	2.72034080429596	1.24392498137222	0.898652919274008	0	3.65586687743267
2020-11-14	2.10114574164076	0.887791184411097	1.21642218608097	2.20999359101859	5.44068160859192	1.24392498137222	1.49775486545668	1.4169343491808	4.18292101892922
2020-11-15	1.57585930623057	0.887791184411097	2.43284437216193	3.31499038652788	0	3.73177494411667	0	2.8338686983616	2.40068591618079
2020-11-16	1.96982413278821	1.77558236882219	1.21642218608097	2.20999359101859	2.72034080429596	1.24392498137222	0	0	2.47989636519183
2020-11-17	1.57585930623057	0.887791184411097	3.6492665582429	0	0	1.24392498137222	2.09685681163935	0	5.20656374461036
2020-11-18	1.70718091508311	0.443895592205549	1.21642218608097	1.10499679550929	0	6.21962490686112	3.59461167709603	7.084671745904	5.91641122997854
2020-11-19	1.57585930623057	2.21947796102774	2.43284437216193	0	5.44068160859192	3.73177494411667	2.09685681163935	2.8338686983616	6.22106680309793
2020-11-20	2.10114574164076	0.443895592205549	1.21642218608097	3.31499038652788	5.44068160859192	7.46354988823334	2.39640778473069	2.8338686983616	5.9377371200969
2020-11-21	2.88907539475604	2.66337355323329	7.2985331164858	3.31499038652788	-2.72034080429596	0	1.79730583854802	1.4169343491808	4.9902582876956
2020-11-22	2.2324673504933	2.66337355323329	4.86568874432387	2.20999359101859	0	1.24392498137222	0.599101946182672	0	3.23239563079672
2020-11-23	2.4951105681984	0.887791184411097	4.86568874432387	3.31499038652788	5.44068160859192	2.48784996274445	0	2.8338686983616	3.26895429957105
2020-11-24	1.83850252393566	0.887791184411097	4.86568874432387	2.20999359101859	0	1.24392498137222	4.79281556946138	1.4169343491808	6.50744304183016
2020-11-25	2.2324673504933	0.887791184411097	2.43284437216193	3.31499038652788	0	3.73177494411667	1.19820389236534	5.6677373967232	6.86389006237984
2020-11-26	2.4951105681984	1.77558236882219	6.08211093040484	4.41998718203717	0	0	0	0	4.27431769086503
2020-11-27	1.83850252393566	0.443895592205549	2.43284437216193	1.10499679550929	5.44068160859192	3.73177494411667	2.39640778473069	0	4.72825449481292
2020-11-28	2.4951105681984	2.21947796102774	0	2.20999359101859	5.44068160859192	6.21962490686112	0.299550973091336	1.4169343491808	4.13722268296131
2020-11-29	2.2324673504933	1.33168677661665	1.21642218608097	1.10499679550929	0	8.70747486960556	0	2.8338686983616	3.20193007348478
2020-11-30	4.07096987442896	4.43895592205549	10.9477996747287	2.20999359101859	0	2.48784996274445	0	0	3.99708111932639
2020-12-01	2.75775378590349	1.77558236882219	1.21642218608097	2.20999359101859	2.72034080429596	2.48784996274445	6.59012140800939	7.084671745904	7.77481022600682
2020-12-02	3.02039700360859	3.99506032984994	4.86568874432387	0	-2.72034080429596	7.46354988823334	4.79281556946138	7.084671745904	8.62175271927872
2020-12-03	2.2324673504933	3.10726914543884	1.21642218608097	3.31499038652788	16.3220448257758	6.21962490686112	1.49775486545668	2.8338686983616	9.04522396591467
2020-12-04	3.41436183016623	4.43895592205549	2.43284437216193	1.10499679550929	2.72034080429596	6.21962490686112	2.09685681163935	1.4169343491808	7.95760356987845
2020-12-05	2.36378895934585	1.33168677661665	4.86568874432387	4.41998718203717	5.44068160859192	8.70747486960556	2.39640778473069	2.8338686983616	7.28126819755341
2020-12-06	2.10114574164076	0.887791184411097	4.86568874432387	1.10499679550929	0	2.48784996274445	2.09685681163935	2.8338686983616	4.27431769086503
2020-12-07	2.88907539475604	3.10726914543884	1.21642218608097	1.10499679550929	0	1.24392498137222	0	5.6677373967232	4.74958038493128
2020-12-08	1.31321608852547	1.77558236882219	1.21642218608097	2.20999359101859	10.8813632171838	2.48784996274445	7.78832530037474	0	7.86925345367383
2020-12-09	0.919251261967831	1.77558236882219	0	2.20999359101859	2.72034080429596	12.4392498137222	4.49326459637004	4.2508030475424	9.69109378092778
2020-12-10	1.44453769737802	1.33168677661665	4.86568874432387	0	5.44068160859192	3.73177494411667	3.2950607040047	5.6677373967232	9.09701541334497
2020-12-11	0.787929653115283	1.33168677661665	0	1.10499679550929	2.72034080429596	3.73177494411667	6.88967238110073	1.4169343491808	10.3004049271666
2020-12-12	0.262643217705094	0.443895592205549	1.21642218608097	0	10.8813632171838	2.48784996274445	4.1937136232787	5.6677373967232	7.71692566711413
2020-12-13	0	0	0	0	0	2.48784996274445	3.2950607040047	2.8338686983616	5.05423595805067
2020-12-14	0	0	0	0	5.44068160859192	0	0	1.4169343491808	5.02377040073873
2020-12-15	0	0	0	0	5.44068160859192	9.95139985097779	9.58563113892276	5.6677373967232	9.10006196907616
2020-12-16	13.2634824941073	0	15.8134884190526	2.20999359101859	10.8813632171838	3.73177494411667	6.88967238110073	0	11.3727925445468
2020-12-17	9.84912066394104	14.2046589505776	9.73137748864774	7.73497756856505	8.16102241288789	1.24392498137222	6.59012140800939	7.084671745904	10.5106172726189
2020-12-18	-1.70718091508311	-5.32674710646658	0	0	5.44068160859192	0	4.1937136232787	4.2508030475424	8.96296696117244
2020-12-19	0	0	0	0	13.6017040214798	2.48784996274445	8.08787627346607	2.8338686983616	8.39021448370798
2020-12-20	0	0	0	0	0	3.73177494411667	0	9.9185404442656	5.389357088482
2020-12-21	0.262643217705094	0	2.43284437216193	0	0	6.21962490686112	0.898652919274008	7.084671745904	5.47466064895543
2020-12-22	3.28304022131368	3.55116473764439	3.6492665582429	3.31499038652788	19.0423856300717	6.21962490686112	8.38742724655741	2.8338686983616	10.0475408014775
2020-12-23	4.07096987442896	4.43895592205549	4.86568874432387	2.20999359101859	0	8.70747486960556	11.6824879505621	9.9185404442656	10.2943118157042
2020-12-24	2.88907539475604	0.887791184411097	0	5.52498397754646	0	11.19532483235	9.58563113892276	7.084671745904	8.90203584654856
2020-12-25	0	0	0	0	0	0	5.99101946182672	0	4.58506637544681
2020-12-26	0	0	0	0	21.7627264343677	2.48784996274445	0	8.5016060950848	5.82806111377392
2020-12-27	0	0	0	0	0	11.19532483235	0	8.5016060950848	4.38094714145682
2020-12-28	1.31321608852547	0.443895592205549	1.21642218608097	0	-2.72034080429596	6.21962490686112	0.599101946182672	4.2508030475424	5.71838510745094
2020-12-29	22.8499599403432	19.9753016492497	42.5747765128339	24.3099295012044	13.6017040214798	4.97569992548889	9.28608016583142	5.6677373967232	11.0163455239971
2020-12-30	6.69740205147991	6.65843388308323	3.6492665582429	9.94497115958364	2.72034080429596	9.95139985097779	11.0833860043794	7.084671745904	11.9821036907856
2020-12-31	5.25286435410189	5.77064269867213	4.86568874432387	2.20999359101859	0	6.21962490686112	18.5721603316628	8.5016060950848	10.1358909176821
2021-01-01	0	0	0	0	0	0	17.3739564392975	2.8338686983616	6.6841432742394
2021-01-02	0	0	0	0	13.6017040214798	3.73177494411667	0	5.6677373967232	7.91799834537293
2021-01-03	-0.131321608852547	-0.443895592205549	0	0	0	6.21962490686112	0	2.8338686983616	4.37790058572563
2021-01-04	3.02039700360859	1.33168677661665	-1.21642218608097	12.1549647506022	5.44068160859192	6.21962490686112	1.79730583854802	4.2508030475424	6.03218034776391
2021-01-05	7.74797492230029	7.10232947528878	9.73137748864774	7.73497756856505	10.8813632171838	9.95139985097779	16.7748544931148	5.6677373967232	10.9797868552228
2021-01-06	8.40458296656302	7.54622506749432	8.51495530256677	12.1549647506022	2.72034080429596	7.46354988823334	11.0833860043794	7.084671745904	11.9546846892048
2021-01-07	3.80832665672387	3.55116473764439	4.86568874432387	1.10499679550929	8.16102241288789	6.21962490686112	14.0788957352928	2.8338686983616	12.271526485249
2021-01-08	8.53590457541557	5.32674710646658	13.3806440468906	9.94497115958364	0	7.46354988823334	9.88518211201409	1.4169343491808	12.7620219579712
2021-01-09	-0.131321608852547	0	0	0	13.6017040214798	3.73177494411667	15.8762015738408	5.6677373967232	9.91958546076732
2021-01-10	0	0	0	0	0	13.6831747950945	9.88518211201409	5.6677373967232	6.40995325843195
2021-01-11	0.131321608852547	0	0	0	0	4.97569992548889	0	5.6677373967232	5.59347632247199
2021-01-12	11.8189447967293	7.54622506749432	15.8134884190526	8.83997436407434	5.44068160859192	11.19532483235	12.2815898967448	5.6677373967232	13.37133310421
2021-01-13	6.43475883377481	5.77064269867213	6.08211093040484	11.0499679550929	0	11.19532483235	16.1757525469321	8.5016060950848	12.2410609279371
2021-01-14	4.9902211363968	3.99506032984994	3.6492665582429	6.62998077305576	5.44068160859192	13.6831747950945	15.8762015738408	15.5862778409888	11.5525393326872
2021-01-15	3.54568343901878	3.55116473764439	2.43284437216193	4.41998718203717	0	7.46354988823334	9.58563113892276	0	11.6134704473111
2021-01-16	0	0	0	0	2.72034080429596	16.1710247578389	8.38742724655741	7.084671745904	10.8975298504806
2021-01-17	0	0	0	0	0	3.73177494411667	11.3829369774708	4.2508030475424	6.06569246080704
2021-01-18	0	0	0	0	0	7.46354988823334	0	9.9185404442656	4.76785971931844
2021-01-19	4.85889952754425	6.21453829087768	2.43284437216193	6.62998077305576	0	3.73177494411667	1.79730583854802	5.6677373967232	7.31478031059654
2021-01-20	0	0	0	0	2.72034080429596	9.95139985097779	19.4708132509368	2.8338686983616	13.5328005579633
2021-01-21	16.4152011065684	11.0973898051387	27.9777102798623	16.5749519326394	5.44068160859192	9.95139985097779	14.3784467083841	1.4169343491808	12.6036010599491
2021-01-22	6.43475883377481	5.32674710646658	3.6492665582429	6.62998077305576	0	2.48784996274445	23.6645268742156	4.2508030475424	11.5068409967193
2021-01-23	0	0	0	0	8.16102241288789	13.6831747950945	12.8806918429275	4.2508030475424	10.8335521801255
2021-01-24	0	0	0	0	0	7.46354988823334	9.28608016583142	2.8338686983616	5.66050054855825
2021-01-25	4.46493470098661	7.10232947528878	1.21642218608097	4.41998718203717	0	6.21962490686112	0	9.9185404442656	5.39240364421319
2021-01-26	2.4951105681984	0.443895592205549	2.43284437216193	4.41998718203717	0	6.21962490686112	13.7793447622015	12.7524091426272	12.1313849216141
2021-01-27	5.77815078951208	4.43895592205549	7.2985331164858	6.62998077305576	0	7.46354988823334	13.1802428160188	9.9185404442656	12.5761820583684
2021-01-28	4.20229148328151	1.33168677661665	6.08211093040484	3.31499038652788	2.72034080429596	8.70747486960556	20.6690171433022	9.9185404442656	11.7292395650965
2021-01-29	5.51550757180698	3.99506032984994	6.08211093040484	8.83997436407434	0	9.95139985097779	11.0833860043794	7.084671745904	10.9645540765668
2021-01-30	0	0	0	0	0	6.21962490686112	9.58563113892276	2.8338686983616	8.83805817619349
2021-01-31	0	0	0	0	0	2.48784996274445	4.79281556946138	5.6677373967232	5.96210956594645
2021-02-01	4.33361309213406	4.43895592205549	1.21642218608097	2.20999359101859	5.44068160859192	3.73177494411667	0	4.2508030475424	5.41372953433155
2021-02-02	-0.262643217705094	-0.887791184411097	0	0	2.72034080429596	2.48784996274445	2.99550973091336	0	10.763481398308
2021-02-03	9.4551558373834	6.21453829087768	4.86568874432387	8.83997436407434	0	4.97569992548889	16.1757525469321	14.169343491808	11.9333587990865
2021-02-04	3.67700504787132	1.77558236882219	1.21642218608097	4.41998718203717	2.72034080429596	11.19532483235	16.4753035200235	8.5016060950848	11.8328224599571
2021-02-05	4.33361309213406	3.99506032984994	0	3.31499038652788	0	8.70747486960556	11.6824879505621	11.3354747934464	11.1930457564064
2021-02-06	0	0	0	0	0	4.97569992548889	10.4842840581968	9.9185404442656	8.33842303627769
2021-02-07	0	0	0	0	0	6.21962490686112	2.69595875782202	7.084671745904	4.49976281497338
2021-02-08	0.131321608852547	-0.443895592205549	1.21642218608097	-1.10499679550929	2.72034080429596	7.46354988823334	0	5.6677373967232	4.42055236596234
2021-02-09	14.1827337560751	6.21453829087768	10.9477996747287	14.3649583416208	8.16102241288789	3.73177494411667	9.58563113892276	7.084671745904	9.33769331610929
2021-02-10	5.90947239836463	2.21947796102774	9.73137748864774	5.52498397754646	-2.72034080429596	13.6831747950945	15.2770996276581	5.6677373967232	10.3796153761776
2021-02-11	4.07096987442896	4.43895592205549	0	2.20999359101859	2.72034080429596	12.4392498137222	15.2770996276581	11.3354747934464	9.72155933823972
2021-02-12	5.51550757180698	2.66337355323329	4.86568874432387	4.41998718203717	0	7.46354988823334	7.18922335419207	4.2508030475424	8.78626672876319
2021-02-13	0	0	0	0	10.8813632171838	11.19532483235	8.98652919274008	4.2508030475424	6.99489195882118
2021-02-14	0	0	0	0	0	4.97569992548889	8.38742724655741	0	3.64977376597029
2021-02-15	0	0	0	0	0	6.21962490686112	0	1.4169343491808	2.89118138890301
2021-02-16	4.46493470098661	4.43895592205549	3.6492665582429	3.31499038652788	2.72034080429596	3.73177494411667	1.49775486545668	2.8338686983616	5.00853762208276
2021-02-17	6.43475883377481	3.55116473764439	1.21642218608097	9.94497115958364	-2.72034080429596	6.21962490686112	17.0744054662062	4.2508030475424	7.45187531850026
2021-02-18	5.77815078951208	8.43401625190542	3.6492665582429	6.62998077305576	5.44068160859192	8.70747486960556	10.7838350312881	9.9185404442656	7.94237079122248
2021-02-19	2.4951105681984	3.99506032984994	3.6492665582429	2.20999359101859	5.44068160859192	0	10.1847330851054	1.4169343491808	7.72301877857652
2021-02-20	0	0	0	0	2.72034080429596	2.48784996274445	5.69146848873539	1.4169343491808	5.8889922283978
2021-02-21	0	0	0	0	0	6.21962490686112	0.599101946182672	1.4169343491808	3.73812388217491
2021-02-22	4.59625630983915	5.77064269867213	4.86568874432387	5.52498397754646	2.72034080429596	1.24392498137222	0	0	3.65891343316387
2021-02-23	3.15171861246113	0.443895592205549	0	4.41998718203717	0	3.73177494411667	8.38742724655741	4.2508030475424	6.9339608441973
2021-02-24	4.07096987442896	3.99506032984994	2.43284437216193	6.62998077305576	0	4.97569992548889	3.59461167709603	4.2508030475424	9.94395790661687
2021-02-25	3.93964826557642	4.43895592205549	3.6492665582429	3.31499038652788	0	4.97569992548889	8.98652919274008	5.6677373967232	7.40313042680116
2021-02-26	1.83850252393566	1.77558236882219	0	6.62998077305576	0	2.48784996274445	0	5.6677373967232	6.56532760072284
2021-02-27	0	0	0	0	0	7.46354988823334	3.2950607040047	1.4169343491808	4.63381126714591
2021-02-28	0	0	0	0	0	4.97569992548889	3.89416265018737	9.9185404442656	3.37253719443164
2021-03-01	1.70718091508311	0	0	3.31499038652788	0	3.73177494411667	5.69146848873539	2.8338686983616	4.01840700944475
2021-03-02	2.4951105681984	1.33168677661665	0	0	0	1.24392498137222	4.1937136232787	0	5.8889922283978
2021-03-03	3.02039700360859	3.99506032984994	0	2.20999359101859	0	7.46354988823334	7.4887743272834	5.6677373967232	7.86316034221144
2021-03-04	2.62643217705094	3.10726914543884	2.43284437216193	5.52498397754646	2.72034080429596	7.46354988823334	5.09236654255271	1.4169343491808	5.94687678729048
2021-03-05	1.18189447967293	0.887791184411097	0	2.20999359101859	0	-1.24392498137222	3.59461167709603	4.2508030475424	5.24921552484708
2021-03-06	0	0	0	0	2.72034080429596	7.46354988823334	4.1937136232787	4.2508030475424	4.66427682445785
2021-03-07	0	0	0	0	0	2.48784996274445	0	0	2.16610112487886
2021-03-08	2.88907539475604	4.43895592205549	0	7.73497756856505	0	0	1.49775486545668	7.084671745904	2.1478217904917
2021-03-09	1.83850252393566	0.887791184411097	2.43284437216193	4.41998718203717	0	1.24392498137222	4.49326459637004	1.4169343491808	5.43505542444991
2021-03-10	3.15171861246113	2.66337355323329	0	3.31499038652788	0	9.95139985097779	2.39640778473069	1.4169343491808	4.7891856094368
2021-03-11	0.919251261967831	0.887791184411097	1.21642218608097	6.62998077305576	0	11.19532483235	2.69595875782202	1.4169343491808	4.79527872089919
2021-03-12	2.10114574164076	1.77558236882219	2.43284437216193	1.10499679550929	-2.72034080429596	3.73177494411667	0	0	4.35962125133846
2021-03-13	0	0	0	0	2.72034080429596	7.46354988823334	6.59012140800939	2.8338686983616	3.03741606400031
2021-03-14	0	0	0	0	0	2.48784996274445	2.39640778473069	1.4169343491808	1.62076764899515
2021-03-15	1.57585930623057	0.443895592205549	1.21642218608097	2.20999359101859	0	3.73177494411667	0	1.4169343491808	2.13258901183573
2021-03-16	1.83850252393566	1.33168677661665	1.21642218608097	1.10499679550929	0	0	2.99550973091336	0	3.8417067770355
2021-03-17	0.919251261967831	-0.443895592205549	1.21642218608097	3.31499038652788	0	7.46354988823334	2.39640778473069	2.8338686983616	3.70765832486297
2021-03-18	1.57585930623057	3.10726914543884	1.21642218608097	3.31499038652788	0	2.48784996274445	2.39640778473069	2.8338686983616	5.02072384500754
2021-03-19	0.787929653115283	0	0	4.41998718203717	2.72034080429596	2.48784996274445	3.89416265018737	1.4169343491808	3.18669729482881
2021-03-20	0	0	0	0	0	1.24392498137222	0	2.8338686983616	2.35498758021288
2021-03-21	0	0	0	0	0	6.21962490686112	0.898652919274008	1.4169343491808	2.40677902764318
2021-03-22	1.18189447967293	0.887791184411097	1.21642218608097	0	0	1.24392498137222	0	0	1.62381420472635
2021-03-23	0.393964826557642	0.443895592205549	0	0	2.72034080429596	2.48784996274445	1.19820389236534	1.4169343491808	2.87899516597823
2021-03-24	1.83850252393566	2.66337355323329	0	2.20999359101859	2.72034080429596	2.48784996274445	3.2950607040047	2.8338686983616	4.67646304738263
2021-03-25	1.70718091508311	0.887791184411097	1.21642218608097	4.41998718203717	0	0	3.2950607040047	0	4.13722268296131
2021-03-26	0.525286435410189	-0.887791184411097	2.43284437216193	0	-2.72034080429596	3.73177494411667	1.49775486545668	2.8338686983616	3.55837709403447
2021-03-27	0.131321608852547	0	0	0	2.72034080429596	6.21962490686112	4.49326459637004	1.4169343491808	2.47989636519183
2021-03-28	0	0	0	0	0	2.48784996274445	2.09685681163935	0	1.37095007903725
2021-03-29	1.05057287082038	1.33168677661665	0	2.20999359101859	2.72034080429596	1.24392498137222	0	4.2508030475424	1.99244744820081
2021-03-30	1.44453769737802	1.33168677661665	1.21642218608097	1.10499679550929	0	0	2.39640778473069	2.8338686983616	2.81806405135435
2021-03-31	1.31321608852547	0.443895592205549	1.21642218608097	0	0	4.97569992548889	0	4.2508030475424	3.35425786004448
2021-04-01	1.96982413278821	1.33168677661665	2.43284437216193	4.41998718203717	2.72034080429596	3.73177494411667	0	2.8338686983616	3.42128208613074
2021-04-02	2.10114574164076	0.887791184411097	0	3.31499038652788	0	3.73177494411667	3.89416265018737	4.2508030475424	2.7449467138057
2021-04-03	0	0	0	0	2.72034080429596	1.24392498137222	0	1.4169343491808	2.34889446875049
2021-04-04	0	0	0	0	0	0	0.898652919274008	0	0.880454606315035
2021-04-05	0.919251261967831	1.33168677661665	0	1.10499679550929	2.72034080429596	4.97569992548889	3.59461167709603	2.8338686983616	1.43492774939232
2021-04-06	1.83850252393566	0.887791184411097	0	2.20999359101859	5.44068160859192	2.48784996274445	0.599101946182672	2.8338686983616	2.63222415175152
2021-04-07	0.919251261967831	1.33168677661665	0	1.10499679550929	0	0	0.898652919274008	2.8338686983616	7.90276556671696
2021-04-08	1.31321608852547	1.33168677661665	0	0	0	0	1.19820389236534	1.4169343491808	3.17755762763523
2021-04-09	0.787929653115283	0.443895592205549	0	4.41998718203717	0	1.24392498137222	2.39640778473069	2.8338686983616	2.77236571538644
2021-04-10	0	0	0	0	5.44068160859192	0	3.89416265018737	2.8338686983616	2.20570634938438
2021-04-11	0	0	0	0	0	0	2.39640778473069	0	0.86826838339026
2021-04-12	0.919251261967831	0.443895592205549	1.21642218608097	2.20999359101859	0	2.48784996274445	0	4.2508030475424	1.37704319049964
2021-04-13	1.44453769737802	1.77558236882219	0	2.20999359101859	2.72034080429596	0	0.599101946182672	1.4169343491808	2.67182937625704
2021-04-14	2.2324673504933	1.33168677661665	1.21642218608097	2.20999359101859	2.72034080429596	3.73177494411667	7.4887743272834	4.2508030475424	2.85157616439748
2021-04-15	0.656608044262736	0.443895592205549	0	1.10499679550929	0	1.24392498137222	1.49775486545668	2.8338686983616	2.75713293673047
2021-04-16	2.36378895934585	1.33168677661665	3.6492665582429	2.20999359101859	-2.72034080429596	0	2.69595875782202	4.2508030475424	2.62308448455794
2021-04-17	0	0	0	0	5.44068160859192	0	3.59461167709603	2.8338686983616	2.15696145768528
2021-04-18	0	0	0	0	0	1.24392498137222	0	1.4169343491808	1.00231683556279
2021-04-19	1.83850252393566	1.77558236882219	1.21642218608097	1.10499679550929	0	1.24392498137222	0	0	1.53546408852172
2021-04-20	1.70718091508311	1.33168677661665	1.21642218608097	3.31499038652788	2.72034080429596	0	0	1.4169343491808	2.58043270432123
2021-04-21	2.10114574164076	0.887791184411097	0	2.20999359101859	2.72034080429596	0	2.09685681163935	0	2.70838804503137
2021-04-22	0.787929653115283	0.443895592205549	0	0	2.72034080429596	1.24392498137222	0.898652919274008	1.4169343491808	2.87899516597823
2021-04-23	0.787929653115283	0	1.21642218608097	0	2.72034080429596	0	0	1.4169343491808	2.32147546716975
2021-04-24	0	0	0	0	0	0	1.19820389236534	0	2.32756857863213
2021-04-25	0	0	0	0	0	0	1.19820389236534	0	0.895687384971005
2021-04-26	2.10114574164076	0.443895592205549	2.43284437216193	3.31499038652788	0	1.24392498137222	0	0	1.44102086085471
2021-04-27	1.57585930623057	0.887791184411097	0	3.31499038652788	10.8813632171838	1.24392498137222	0	1.4169343491808	2.05947167428707
2021-04-28	1.57585930623057	2.21947796102774	1.21642218608097	3.31499038652788	0	0	1.79730583854802	5.6677373967232	3.02827639680673
2021-04-29	1.70718091508311	0.443895592205549	2.43284437216193	1.10499679550929	5.44068160859192	1.24392498137222	0.599101946182672	1.4169343491808	2.72057426795615
2021-04-30	1.57585930623057	0.887791184411097	-1.21642218608097	3.31499038652788	0	3.73177494411667	0.599101946182672	0	2.46161703080467
2021-05-01	0	0	0	0	2.72034080429596	2.48784996274445	1.19820389236534	0	2.26968401973945
2021-05-02	0	0	0	0	0	1.24392498137222	1.79730583854802	1.4169343491808	0.97794438971324
2021-05-03	1.05057287082038	0.887791184411097	2.43284437216193	2.20999359101859	0	0	0	0	1.44102086085471
2021-05-04	2.75775378590349	3.10726914543884	1.21642218608097	4.41998718203717	2.72034080429596	0	0.299550973091336	0	2.77845882684883
2021-05-05	1.44453769737802	0	0	0	2.72034080429596	0	0.898652919274008	4.2508030475424	2.47684980946064
2021-05-06	1.83850252393566	1.33168677661665	1.21642218608097	0	10.8813632171838	0	0	1.4169343491808	2.51950158969735
2021-05-07	1.44453769737802	2.21947796102774	1.21642218608097	0	0	0	0.599101946182672	0	2.51036192250377
2021-05-08	0	0	0	0	0	2.48784996274445	2.09685681163935	0	1.93456288930812
2021-05-09	0	0	0	0	0	0	0	0	0.728126819755341
2021-05-10	2.88907539475604	1.33168677661665	2.43284437216193	5.52498397754646	0	1.24392498137222	0	0	1.21557573674636
2021-05-11	0.919251261967831	1.33168677661665	0	2.20999359101859	8.16102241288789	0	0	4.2508030475424	2.13258901183573
2021-05-12	2.75775378590349	1.33168677661665	0	6.62998077305576	0	3.73177494411667	1.19820389236534	2.8338686983616	2.43115147349273
2021-05-13	1.57585930623057	1.33168677661665	1.21642218608097	1.10499679550929	8.16102241288789	1.24392498137222	0	0	2.40677902764318
2021-05-14	-0.656608044262736	-1.77558236882219	0	-1.10499679550929	0	2.48784996274445	0.898652919274008	1.4169343491808	1.92542322211454
2021-05-15	0	0	0	0	5.44068160859192	1.24392498137222	1.49775486545668	2.8338686983616	1.61162798180157
2021-05-16	0	0	0	0	0	1.24392498137222	1.49775486545668	2.8338686983616	0.804290713035188
2021-05-17	2.4951105681984	2.66337355323329	3.6492665582429	-1.10499679550929	0	3.73177494411667	0	2.8338686983616	1.20034295809039
2021-05-18	1.70718091508311	1.77558236882219	2.43284437216193	0	2.72034080429596	0	0	0	2.37631347033124
2021-05-19	2.62643217705094	1.77558236882219	1.21642218608097	4.41998718203717	8.16102241288789	0	1.19820389236534	2.8338686983616	2.08384412013662
2021-05-20	2.2324673504933	0.443895592205549	0	4.41998718203717	2.72034080429596	-1.24392498137222	0.898652919274008	1.4169343491808	2.08384412013662
2021-05-21	1.57585930623057	1.77558236882219	2.43284437216193	2.20999359101859	0	0	0	0	1.93456288930812
2021-05-22	0	0	0	0	0	0	0.599101946182672	0	1.47453297389784
2021-05-23	0	0	0	0	0	0	0	2.8338686983616	0.57884558892684
2021-05-24	0.919251261967831	1.33168677661665	0	1.10499679550929	0	1.24392498137222	0	4.2508030475424	1.33439141026293
2021-05-25	1.70718091508311	1.33168677661665	0	5.52498397754646	2.72034080429596	0	0.599101946182672	0	1.97112155808245
2021-05-26	2.4951105681984	1.77558236882219	0	3.31499038652788	2.72034080429596	1.24392498137222	0.599101946182672	1.4169343491808	2.97648494937643
2021-05-27	1.70718091508311	2.21947796102774	3.6492665582429	3.31499038652788	2.72034080429596	0	0.299550973091336	1.4169343491808	4.12808301576773
2021-05-28	1.44453769737802	1.33168677661665	0	5.52498397754646	2.72034080429596	1.24392498137222	0	0	1.6451400948447
2021-05-29	0	0	0	0	2.72034080429596	2.48784996274445	0	0	1.06629450591786
2021-05-30	0	0	0	0	0	0	0	0	0.393005689324012
2021-05-31	0	0	0	0	0	0	0	0	0.481355805528635
2021-06-01	3.15171861246113	3.55116473764439	0	2.20999359101859	0	0	0	2.8338686983616	2.01986644978155
2021-06-02	1.57585930623057	1.33168677661665	0	2.20999359101859	2.72034080429596	0	1.19820389236534	1.4169343491808	1.71825743239336
2021-06-03	2.62643217705094	1.33168677661665	0	3.31499038652788	0	0	0.299550973091336	1.4169343491808	1.9467491122329
2021-06-04	1.96982413278821	0.887791184411097	0	3.31499038652788	0	3.73177494411667	0.599101946182672	0	1.60553487033918
2021-06-05	0	0	0	0	2.72034080429596	1.24392498137222	0.299550973091336	0	1.77004887982365
2021-06-06	0	0	0	0	0	0	0	0	0.478309249797441
2021-06-07	1.70718091508311	-1.77558236882219	4.86568874432387	2.20999359101859	0	0	0	0	0.953571943863689
2021-06-08	-9.32383422853085	2.66337355323329	-7.2985331164858	-48.6198590024089	2.72034080429596	0	0	1.4169343491808	1.00840994702518
2021-06-09	1.96982413278821	3.99506032984994	0	2.20999359101859	0	0	0.299550973091336	0	1.46234675097307
2021-06-10	1.31321608852547	3.10726914543884	3.6492665582429	-1.10499679550929	2.72034080429596	2.48784996274445	0.299550973091336	0	1.27346029563905
2021-06-11	1.57585930623057	1.33168677661665	0	0	2.72034080429596	0	0.599101946182672	0	1.64209353911351
2021-06-12	0	0	0	0	0	1.24392498137222	0.599101946182672	1.4169343491808	0.840849381809515
2021-06-13	0	0	0	0	0	0	0	0	0.316841796044165
2021-06-14	-4.33361309213406	0	0	-37.569891047316	0	0	0	0	0.548380031614901
2021-06-15	2.36378895934585	1.33168677661665	2.43284437216193	2.20999359101859	0	0	0	0	1.01754961421876
2021-06-16	0.131321608852547	-3.55116473764439	3.6492665582429	0	0	0	0	1.4169343491808	1.16683084504726
2021-06-17	1.18189447967293	0.443895592205549	2.43284437216193	1.10499679550929	0	0	0	1.4169343491808	0.965758166788464
2021-06-18	1.31321608852547	0	2.43284437216193	2.20999359101859	2.72034080429596	0	0.299550973091336	1.4169343491808	1.87058521895305
2021-06-19	0	0	0	0	0	1.24392498137222	0	0	0.533147252958932
2021-06-20	0	0	0	0	0	1.24392498137222	0	0	0.213258901183573
2021-06-21	2.36378895934585	1.77558236882219	1.21642218608097	5.52498397754646	0	0	0	0	0.807337268766382
2021-06-22	0.656608044262736	0.443895592205549	0	-1.10499679550929	2.72034080429596	0	0	0	1.06934106164906
2021-06-23	6.04079400721717	15.5363457271942	0	2.20999359101859	-2.72034080429596	0	1.79730583854802	0	1.21557573674636
2021-06-24	1.18189447967293	0.887791184411097	3.6492665582429	0	0	0	0.299550973091336	0	1.03582894860592
2021-06-25	0.525286435410189	0	1.21642218608097	2.20999359101859	0	0	0.299550973091336	0	1.59334864741441
2021-06-26	0	0	0	0	0	0	0.299550973091336	0	0.478309249797441
2021-06-27	0	0	0	0	0	0	0	0	0.213258901183573
2021-06-28	1.18189447967293	0	0	4.41998718203717	2.72034080429596	1.24392498137222	0	0	0.463076471141472
2021-06-29	1.18189447967293	0.443895592205549	1.21642218608097	1.10499679550929	2.72034080429596	0	0	0	1.02668928141234
2021-06-30	1.31321608852547	1.33168677661665	3.6492665582429	-2.20999359101859	0	0	0	0	0.898733940702199
2021-07-01	1.05057287082038	0.443895592205549	1.21642218608097	1.10499679550929	2.72034080429596	1.24392498137222	0	0	0.871314939121454
2021-07-02	0.131321608852547	0	0	1.10499679550929	-2.72034080429596	0	0	0	1.32525174306934
2021-07-03	0	0	0	0	0	0	0	0	0.249817569957899
2021-07-04	0	0	0	0	0	0	0	0	0.115769117785368
2021-07-05	0	0	0	0	0	0	0	0	0.371679799205655
2021-07-06	2.75775378590349	1.77558236882219	3.6492665582429	6.62998077305576	2.72034080429596	1.24392498137222	0.599101946182672	1.4169343491808	0.953571943863689
2021-07-07	1.70718091508311	1.33168677661665	2.43284437216193	0	0	0	0	1.4169343491808	0.97794438971324
2021-07-08	1.70718091508311	0.443895592205549	0	2.20999359101859	0	1.24392498137222	0.299550973091336	0	0.755545821336086
2021-07-09	1.44453769737802	0.887791184411097	1.21642218608097	0	0	1.24392498137222	0.299550973091336	0	1.40750874781158
2021-07-10	0	0	0	0	0	0	0	0	0.252864125689093
2021-07-11	0	0	0	0	0	0	0	0	0.332074574700134
2021-07-12	0.393964826557642	0.887791184411097	0	1.10499679550929	0	-1.24392498137222	0.299550973091336	1.4169343491808	0.728126819755341
2021-07-13	2.88907539475604	2.66337355323329	2.43284437216193	2.20999359101859	2.72034080429596	0	0	0	1.09371350749861
2021-07-14	0.656608044262736	0.443895592205549	0	0	0	0	0	1.4169343491808	1.01145650275637
2021-07-15	1.05057287082038	-0.443895592205549	0	2.20999359101859	0	0	0.299550973091336	0	0.993177168369209
2021-07-16	0.919251261967831	1.33168677661665	0	1.10499679550929	-2.72034080429596	0	0	1.4169343491808	1.09066695176741
2021-07-17	0	0	0	0	0	0	0	0	0.204119233989991
2021-07-18	0	0	0	0	0	0	0	0	0.527054141496544
2021-07-19	0.131321608852547	-1.33168677661665	1.21642218608097	0	0	1.24392498137222	0	0	0.609311146238779
2021-07-20	1.70718091508311	0	0	3.31499038652788	2.72034080429596	1.24392498137222	0	0	0.889594273508617
2021-07-21	0.919251261967831	0.443895592205549	0	0	0	-1.24392498137222	0.299550973091336	0	1.07238761738025
2021-07-22	0.393964826557642	0	0	0	0	1.24392498137222	0.299550973091336	0	0.895687384971005
2021-07-23	0	0	0	0	2.72034080429596	0	1.49775486545668	0	1.70607120946858
2021-07-24	1.57585930623057	0.443895592205549	2.43284437216193	2.20999359101859	0	0	0	0	0.362540132012073
2021-07-25	0	0	0	0	0	0	0	0	0.258957237151481
2021-07-26	1.44453769737802	0.443895592205549	0	0	0	0	0	1.4169343491808	0.807337268766382
2021-07-27	1.05057287082038	0	1.21642218608097	0	2.72034080429596	2.48784996274445	1.49775486545668	0	1.37095007903725
2021-07-28	0.393964826557642	-0.443895592205549	0	1.10499679550929	0	0	0	1.4169343491808	1.16073773358487
2021-07-29	2.4951105681984	0.887791184411097	2.43284437216193	2.20999359101859	0	2.48784996274445	0	1.4169343491808	0.996223724100403
2021-07-30	0.393964826557642	0	1.21642218608097	0	-2.72034080429596	0	0	0	2.65964315333227
2021-07-31	0	0	0	0	0	0	0	0	0.466123026872666
2021-08-01	0	0	0	0	0	0	0	0	0.648916370744299
2021-08-02	0.656608044262736	0	0	0	0	1.24392498137222	0	0	1.099806618961
2021-08-03	1.18189447967293	0.887791184411097	3.6492665582429	1.10499679550929	5.44068160859192	0	1.49775486545668	0	1.77918854701723
2021-08-04	1.18189447967293	0.887791184411097	0	0	0	0	0.599101946182672	0	1.62381420472635
2021-08-05	1.31321608852547	0	1.21642218608097	1.10499679550929	0	0	0.299550973091336	0	1.53546408852172
2021-08-06	1.70718091508311	0.887791184411097	1.21642218608097	0	-5.44068160859192	0	1.19820389236534	0	3.51572531379775
2021-08-07	0	0	0	0	0	0	0.299550973091336	0	0.755545821336086
2021-08-08	0	0	0	0	0	0	0	0	0.347307353356104
2021-08-09	1.18189447967293	0.887791184411097	0	0	0	0	0	0	1.54155719998411
2021-08-10	1.31321608852547	0.443895592205549	1.21642218608097	1.10499679550929	0	1.24392498137222	1.19820389236534	0	2.63527070748272
2021-08-11	2.2324673504933	1.33168677661665	1.21642218608097	2.20999359101859	2.72034080429596	1.24392498137222	0.898652919274008	0	2.37326691460004
2021-08-12	1.44453769737802	-0.443895592205549	2.43284437216193	-1.10499679550929	0	1.24392498137222	0.898652919274008	1.4169343491808	3.08311439996822
2021-08-13	3.15171861246113	1.33168677661665	2.43284437216193	0	2.72034080429596	1.24392498137222	0	0	3.21716285214075
2021-08-14	0	0	0	0	0	0	0.898652919274008	0	0.773825155723249
2021-08-15	0	0	0	0	0	0	0	0	0.536193808690125
2021-08-16	1.18189447967293	0.443895592205549	0	1.10499679550929	0	0	0	0	3.20802318494717
2021-08-17	2.75775378590349	1.33168677661665	0	5.52498397754646	0	1.24392498137222	0	1.4169343491808	3.12881273593613
2021-08-18	3.67700504787132	1.33168677661665	1.21642218608097	0	0	0	2.99550973091336	2.8338686983616	3.57970298415283
2021-08-19	4.33361309213406	3.10726914543884	3.6492665582429	2.20999359101859	0	0	1.49775486545668	2.8338686983616	5.42591575725633
2021-08-20	3.41436183016623	1.77558236882219	1.21642218608097	0	0	1.24392498137222	2.09685681163935	0	4.50585592643577
2021-08-21	0	0	0	0	0	0	0.599101946182672	0	1.63600042765112
2021-08-22	0	0	0	0	0	0	0	0	0.517914474302962
2021-08-23	3.54568343901878	1.33168677661665	3.6492665582429	5.52498397754646	0	0	0	0	4.21947968770354
2021-08-24	4.46493470098661	2.21947796102774	3.6492665582429	4.41998718203717	0	1.24392498137222	0.898652919274008	0	4.33220224975772
2021-08-25	4.07096987442896	1.77558236882219	1.21642218608097	3.31499038652788	0	0	2.39640778473069	0	4.5393680394789
2021-08-26	3.02039700360859	0.887791184411097	2.43284437216193	2.20999359101859	0	1.24392498137222	2.99550973091336	4.2508030475424	6.76640027898164
2021-08-27	4.7275779186917	4.88285151426103	1.21642218608097	5.52498397754646	2.72034080429596	1.24392498137222	2.39640778473069	1.4169343491808	5.24616896911589
2021-08-28	0	0	0	0	0	0	0.898652919274008	0	1.88886455334021
2021-08-29	0	0	0	0	0	0	0	0	0.825616603153545
2021-08-30	3.54568343901878	2.21947796102774	2.43284437216193	2.20999359101859	0	0	1.49775486545668	0	5.37412430982603
2021-08-31	5.25286435410189	0.887791184411097	1.21642218608097	2.20999359101859	0	0	0.898652919274008	1.4169343491808	4.39617992011279
2021-09-01	4.85889952754425	2.66337355323329	3.6492665582429	6.62998077305576	2.72034080429596	0	5.99101946182672	1.4169343491808	6.19669435724838
2021-09-02	4.20229148328151	2.21947796102774	0	6.62998077305576	0	2.48784996274445	0.299550973091336	0	8.99647907421557
2021-09-03	6.30343722492227	2.66337355323329	3.6492665582429	8.83997436407434	0	2.48784996274445	0.599101946182672	1.4169343491808	5.99562167898958
2021-09-04	0	0	0	0	0	0	0.898652919274008	0	1.8462127731035
2021-09-05	0	0	0	0	0	0	0	0	1.15464462212249
2021-09-06	0	0	0	0	0	0	2.39640778473069	0	1.7974678814044
2021-09-07	6.82872366033246	3.55116473764439	1.21642218608097	2.20999359101859	-2.72034080429596	1.24392498137222	0	1.4169343491808	6.50134993036777
2021-09-08	6.30343722492227	1.77558236882219	1.21642218608097	6.62998077305576	2.72034080429596	1.24392498137222	1.19820389236534	0	6.94005395565969
2021-09-09	7.74797492230029	2.66337355323329	1.21642218608097	7.73497756856505	0	0	0.898652919274008	1.4169343491808	10.0048890212407
2021-09-10	8.92986940197321	6.21453829087768	8.51495530256677	0	0	0	3.59461167709603	1.4169343491808	7.40313042680116
2021-09-11	0	0	0	0	0	0	0.299550973091336	0	2.35803413594407
2021-09-12	0	0	0	0	0	0	0	0	0.953571943863689
2021-09-13	8.27326135771048	3.10726914543884	1.21642218608097	7.73497756856505	0	0	5.69146848873539	0	6.6841432742394
2021-09-14	7.35401009574265	3.99506032984994	2.43284437216193	6.62998077305576	0	1.24392498137222	1.49775486545668	2.8338686983616	5.87071289401063
2021-09-15	6.82872366033246	3.55116473764439	2.43284437216193	4.41998718203717	0	1.24392498137222	5.09236654255271	0	8.42677315248231
2021-09-16	7.35401009574265	0.887791184411097	3.6492665582429	3.31499038652788	0	1.24392498137222	3.2950607040047	0	10.5441293856621
2021-09-17	7.35401009574265	1.33168677661665	4.86568874432387	3.31499038652788	0	2.48784996274445	2.39640778473069	0	7.45187531850026
2021-09-18	0	0	0	0	0	0	1.19820389236534	0	2.78759849404241
2021-09-19	0	0	0	0	0	0	0	0	0.987084056906822
2021-09-20	9.19251261967831	4.88285151426103	3.6492665582429	5.52498397754646	0	1.24392498137222	0.898652919274008	4.2508030475424	7.17768530269281
2021-09-21	5.77815078951208	0	1.21642218608097	5.52498397754646	0	0	3.59461167709603	1.4169343491808	7.17463874696162
2021-09-22	7.61665331344774	2.21947796102774	4.86568874432387	1.10499679550929	5.44068160859192	2.48784996274445	1.79730583854802	0	8.66745105524663
2021-09-23	8.01061814000538	0.887791184411097	3.6492665582429	3.31499038652788	0	1.24392498137222	3.59461167709603	1.4169343491808	9.95309757381045
2021-09-24	7.87929653115283	2.66337355323329	0	4.41998718203717	5.44068160859192	1.24392498137222	2.09685681163935	0	7.56764443628563
2021-09-25	0	0	0	0	0	0	1.49775486545668	0	2.294056465589
2021-09-26	0	0	0	0	0	0	0	0	1.57506931302724
2021-09-27	4.46493470098661	1.77558236882219	2.43284437216193	4.41998718203717	5.44068160859192	0	0.898652919274008	2.8338686983616	7.22643019439192
2021-09-28	8.27326135771048	3.10726914543884	3.6492665582429	3.31499038652788	0	3.73177494411667	0	0	7.79918267185637
2021-09-29	8.27326135771048	3.10726914543884	4.86568874432387	7.73497756856505	5.44068160859192	2.48784996274445	3.59461167709603	0	7.95760356987845
2021-09-30	9.4551558373834	3.55116473764439	1.21642218608097	6.62998077305576	0	2.48784996274445	3.59461167709603	0	8.51816982441813
2021-10-01	5.12154274524934	1.33168677661665	2.43284437216193	5.52498397754646	0	2.48784996274445	0.898652919274008	2.8338686983616	6.50439648609896
2021-10-02	0	0	0	0	0	0	0	0	2.2453115738899
2021-10-03	0	0	0	0	0	0	0	0	1.45320708377949
2021-10-04	5.51550757180698	3.10726914543884	3.6492665582429	2.20999359101859	0	1.24392498137222	2.69595875782202	2.8338686983616	6.19364780151719
2021-10-05	6.960045269185	3.55116473764439	2.43284437216193	4.41998718203717	0	0	0.599101946182672	1.4169343491808	5.80368866792437
2021-10-06	7.35401009574265	1.33168677661665	6.08211093040484	5.52498397754646	0	2.48784996274445	3.59461167709603	1.4169343491808	8.00939501730875
2021-10-07	7.35401009574265	2.66337355323329	2.43284437216193	7.73497756856505	0	4.97569992548889	2.09685681163935	1.4169343491808	7.54631854616728
2021-10-08	6.56608044262736	2.21947796102774	2.43284437216193	2.20999359101859	5.44068160859192	2.48784996274445	0.599101946182672	1.4169343491808	5.58129009954721
2021-10-09	0	0	0	0	0	0	0	0	1.12417906481055
2021-10-10	0	0	0	0	0	0	0	0	1.35571730038128
2021-10-11	5.51550757180698	1.33168677661665	2.43284437216193	5.52498397754646	0	0	3.2950607040047	0	3.58884265134641
2021-10-12	-0.262643217705094	-0.443895592205549	0	0	0	4.97569992548889	3.89416265018737	0	7.15940596830565
2021-10-13	11.6876231878767	2.21947796102774	9.73137748864774	11.0499679550929	2.72034080429596	1.24392498137222	1.19820389236534	1.4169343491808	9.82209567736911
2021-10-14	6.17211561606972	3.55116473764439	3.6492665582429	4.41998718203717	0	0	2.99550973091336	0	6.52267582048613
2021-10-15	4.59625630983915	2.66337355323329	4.86568874432387	2.20999359101859	2.72034080429596	2.48784996274445	2.39640778473069	0	5.55387109796647
2021-10-16	0	0	0	0	0	0	1.19820389236534	0	1.43492774939232
2021-10-17	0	0	0	0	0	0	0	0	1.29478618575741
2021-10-18	0	0	0	0	2.72034080429596	4.97569992548889	1.79730583854802	1.4169343491808	5.52340554065453
2021-10-19	11.6876231878767	7.10232947528878	6.08211093040484	7.73497756856505	0	0	0.299550973091336	1.4169343491808	6.49221026317419
2021-10-20	6.30343722492227	1.33168677661665	2.43284437216193	4.41998718203717	5.44068160859192	1.24392498137222	2.39640778473069	0	9.73983867262688
2021-10-21	6.04079400721717	2.66337355323329	3.6492665582429	9.94497115958364	0	0	1.49775486545668	1.4169343491808	6.04132001495749
2021-10-22	4.46493470098661	5.32674710646658	3.6492665582429	-2.20999359101859	2.72034080429596	1.24392498137222	0	0	5.76103688768765
2021-10-23	0	0	0	0	0	0	0	0	1.53851064425292
2021-10-24	0	0	0	0	0	0	0	0	0.639776703550718
2021-10-25	3.80832665672387	0.887791184411097	3.6492665582429	1.10499679550929	8.16102241288789	1.24392498137222	3.89416265018737	0	4.47234381339264
2021-10-26	4.07096987442896	0.887791184411097	2.43284437216193	0	0	3.73177494411667	0.599101946182672	1.4169343491808	4.90190817149098
2021-10-27	5.64682918065953	2.66337355323329	4.86568874432387	2.20999359101859	2.72034080429596	0	2.69595875782202	0	6.30332380784017
2021-10-28	4.07096987442896	2.66337355323329	1.21642218608097	6.62998077305576	0	1.24392498137222	0	1.4169343491808	5.59652287820318
2021-10-29	5.64682918065953	3.99506032984994	4.86568874432387	4.41998718203717	2.72034080429596	1.24392498137222	1.79730583854802	2.8338686983616	5.26140174777186
2021-10-30	0	0	0	0	0	0	0	0	1.06020139445548
2021-10-31	0	0	0	0	0	0	0	0	0.651962926475493
2021-11-01	4.07096987442896	2.21947796102774	2.43284437216193	3.31499038652788	0	0	1.49775486545668	1.4169343491808	3.85693955569147
2021-11-02	4.46493470098661	2.66337355323329	1.21642218608097	8.83997436407434	0	1.24392498137222	4.1937136232787	2.8338686983616	3.88740511300341
2021-11-03	4.46493470098661	2.21947796102774	1.21642218608097	4.41998718203717	2.72034080429596	0	0	0	5.96210956594645
2021-11-04	5.25286435410189	2.21947796102774	1.21642218608097	3.31499038652788	0	2.48784996274445	2.69595875782202	0	3.61626165292715
2021-11-05	4.07096987442896	3.55116473764439	3.6492665582429	3.31499038652788	0	1.24392498137222	1.49775486545668	0	6.4373722600127
2021-11-06	0	0	0	0	0	0	0	0	1.27041373990785
2021-11-07	0	0	0	0	0	0	0	0	0.481355805528635
2021-11-08	3.80832665672387	2.21947796102774	2.43284437216193	3.31499038652788	0	1.24392498137222	1.19820389236534	0	3.83256710984192
2021-11-09	4.07096987442896	1.33168677661665	3.6492665582429	1.10499679550929	0	1.24392498137222	2.69595875782202	0	4.47843692485502
2021-11-10	-0.131321608852547	-0.443895592205549	0	0	2.72034080429596	3.73177494411667	3.89416265018737	0	5.06337562524425
2021-11-11	0	0	0	0	0	0	0	0	2.42810491776153
2021-11-12	10.1117638816461	3.55116473764439	2.43284437216193	15.4699551371301	0	-1.24392498137222	0	1.4169343491808	7.6316221066407
2021-11-13	0	0	0	0	0	0	2.39640778473069	0	1.45930019524188
2021-11-14	0	0	0	0	0	0	0	0	0.450890248216696
2021-11-15	7.35401009574265	1.33168677661665	3.6492665582429	4.41998718203717	8.16102241288789	2.48784996274445	0	1.4169343491808	3.9422431161649
2021-11-16	5.12154274524934	1.77558236882219	1.21642218608097	6.62998077305576	0	2.48784996274445	1.19820389236534	0	3.93005689324012
2021-11-17	3.54568343901878	0.887791184411097	0	5.52498397754646	0	0	0.898652919274008	0	4.9872117319644
2021-11-18	3.93964826557642	0.887791184411097	3.6492665582429	7.73497756856505	0	0	4.1937136232787	1.4169343491808	3.89959133592818
2021-11-19	3.15171861246113	2.66337355323329	1.21642218608097	6.62998077305576	5.44068160859192	2.48784996274445	2.99550973091336	0	5.36193808690125
2021-11-20	0	0	0	0	0	0	0	0	1.02668928141234
2021-11-21	0	0	0	0	0	0	0	0	0.356447020549686
2021-11-22	3.80832665672387	2.21947796102774	0	5.52498397754646	-2.72034080429596	-1.24392498137222	1.79730583854802	0	3.75640321656207
2021-11-23	4.9902211363968	1.77558236882219	3.6492665582429	1.10499679550929	0	2.48784996274445	0	0	3.96661556201445
2021-11-24	4.07096987442896	0	4.86568874432387	5.52498397754646	2.72034080429596	1.24392498137222	0.599101946182672	0	5.07251529243783
2021-11-25	0	0	0	0	0	0	0	0	1.12113250907935
2021-11-26	0	0	0	0	0	1.24392498137222	0	0	0.792104490110412
2021-11-27	0	0	0	0	0	0	0	0	0.569705921733258
2021-11-28	0	0	0	0	0	0	0	0	0.313795240312971
2021-11-29	6.43475883377481	3.10726914543884	4.86568874432387	1.10499679550929	10.8813632171838	3.73177494411667	1.79730583854802	0	5.97734234460242
2021-11-30	6.04079400721717	2.21947796102774	6.08211093040484	8.83997436407434	0	1.24392498137222	2.99550973091336	0	4.37180747426324
2021-12-01	0	0	0	0	21.7627264343677	1.24392498137222	1.49775486545668	0	5.97124923314003
2021-12-02	10.1117638816461	6.21453829087768	8.51495530256677	11.0499679550929	0	1.24392498137222	1.79730583854802	1.4169343491808	11.5769117785368
2021-12-03	4.33361309213406	1.77558236882219	1.21642218608097	3.31499038652788	5.44068160859192	2.48784996274445	1.19820389236534	0	5.46856753749304
2021-12-04	0	0	0	0	0	0	0	0	1.5446037557153
2021-12-05	0	0	0	0	0	0	0	0	0.490495472722217
2021-12-06	3.02039700360859	2.21947796102774	3.6492665582429	-1.10499679550929	8.16102241288789	0	0.299550973091336	0	4.21034002050996
