date	state	King	Snohomish	Pierce	Ann Arbor	Boston	San Diego	DC
2020-01-26	0	0	0	0	0	0	0	0
2020-01-27	0	0	0	0	0	0	0	0
2020-01-28	0	0	0	0	0	0	0	0
2020-01-29	0	0	0	0	0	0	0	0
2020-01-30	0	0	0	0	0	0	0	0
2020-01-31	0	0	0	0	0	0	0	0
2020-02-01	0	0	0	0	0	0	0	0
2020-02-02	0	0	0	0	0	0	0	0
2020-02-03	0	0	0	0	0	0	0	0
2020-02-04	0	0	0	0	0	0	0	0
2020-02-05	0	0	0	0	0	0	0	0
2020-02-06	0	0	0	0	0	0	0	0
2020-02-07	0	0	0	0	0	0	0	0
2020-02-08	0	0	0	0	0	0	0	0
2020-02-09	0	0	0	0	0	0	0	0
2020-02-10	0	0.0564766450734493	0	0	0	0	0	0
2020-02-11	0	0.298099696657311	0	0	0	0	0	0
2020-02-12	0	0.555611737753995	0	0	0	0	0	0
2020-02-13	0.0497551183590297	0.829968433311331	0	0	0	0	0	0
2020-02-14	0.171138621371786	1.12212544827714	0.0346048733087263	0	0	0	0	0
2020-02-15	0.302399991313675	1.43303844759926	0.192228936267921	0	0	0	0	0
2020-02-16	0.444174242772584	1.76366309622552	0.363722875767729	0	0	0	0	0
2020-02-17	0.597096390336401	2.11495505910373	0.549982782267027	0	0	0	0	0
2020-02-18	0.761801448593013	2.48787000118174	0.751904746224696	0	0	0	0	0
2020-02-19	0.938924432130309	2.88336358740737	0.970384858099611	0	0	0	0	0
2020-02-20	1.12910035553618	3.30239148272844	1.20631920835065	0	0	0	0	0
2020-02-21	1.3329642333985	3.74590935209278	1.4606038874367	0	0	0	0	0
2020-02-22	1.55115108030517	4.21487286044823	1.73413498581662	0	0	0	0	0
2020-02-23	1.78429591084408	4.7102376727426	2.02780859394931	0.0362724291031873	0	0	0	0
2020-02-24	2.03292470166331	5.23267294336724	2.34238569105542	0.111471366463607	0	0	0	0
2020-02-25	2.29712727765176	5.78170178448753	2.67808681140274	0.194609705830681	0	0	0	0
2020-02-26	2.57688442575853	6.35656079771232	3.03499737802086	0.286082982181094	0	0	0	0
2020-02-27	2.87217693293269	6.95648658465052	3.41320281393936	0.386286730491533	0	0	0	0
2020-02-28	3.18298558612337	7.58071574691099	3.8127885421878	0.495616485738684	0	0	0	0
2020-02-29	3.50929117227964	8.22848488610263	4.23383998579579	0.614467782899234	0	0	0	0
2020-03-01	3.8510744783506	8.89903060383429	4.67644256779288	0.743236156949867	0.165067481473491	0	0.0319232220942107	0
2020-03-02	4.20827041965554	9.59150925724377	5.1406015653408	0.882312764806083	0.411348881472086	0	0.0886565309375384	0
2020-03-03	4.58063042499452	10.3047562255844	5.62600167212985	1.03207125113862	0.684283759565529	0	0.151571165305151	0
2020-03-04	4.96786005153779	11.0375266436384	6.13224743598247	1.19288088255703	0.985647016111795	0	0.221072076173548	0
2020-03-05	5.36966485645561	11.788575646188	6.65894340472108	1.36511092567085	1.31721355146885	0	0.297564214519229	0.0407190941588383
2020-03-06	5.78575039691821	12.5566583680154	7.20569412616813	1.54913064708965	1.68075826599467	0.0177560877197146	0.381452531318694	0.553023621804607
2020-03-07	6.21582223009586	13.3405299439029	7.77210414814605	1.74530931342297	2.07805606004723	1.10651880367865	0.473141977548442	1.12503291082205
2020-03-08	6.65958591315882	14.1389455086327	8.35777801847727	1.95401619128037	2.5108818339845	2.3223927241532	0.573037504184973	1.76042985859022
2020-03-09	7.1164617612805	14.9503006382698	8.96187144910123	2.17543145515312	2.98064265264378	3.67226245964618	0.68146331294742	2.46248740746621
2020-03-10	7.58472912164718	15.7715526740106	9.58174480842532	2.4089789110595	3.48727423877972	5.16032438501825	0.798420608525452	3.23283867971932
2020-03-11	8.06238209944826	16.5992993983342	10.2143096289739	2.6538932728995	4.0303444796263	6.79010281621948	0.923829846351369	4.07270684259688
2020-03-12	8.54741479987318	17.4301385937196	10.8564774432715	2.90940925457313	4.6094212624175	8.56512206919999	1.05761148185747	4.98331506334623
2020-03-13	9.03782132811136	18.2606680426461	11.5051597838423	3.17476156998038	5.22407247438731	10.4889064599099	1.19968597047607	5.96588650921471
2020-03-14	9.53159578935226	19.0874855275927	12.1572681832108	3.44918493302125	5.8738660027697	12.5649803042992	1.34997376763945	7.02164434744965
2020-03-15	10.0267322887853	19.9071888310387	12.8097141739014	3.73191405759576	6.55836973479865	14.7968679183182	1.50839532877993	8.15181174529838
2020-03-16	10.5212249315999	20.716375735463	13.4594092884385	4.02218365760389	7.27715155770815	17.1880936179167	1.6748711093298	9.35761187000825
2020-03-17	11.0130678229854	21.5116440233449	14.1032650593464	4.31922844694564	8.02977935873218	19.7421817190451	1.84932156472136	10.6402678888266
2020-03-18	11.5002550681314	22.2895914771635	14.7381930191496	4.62228313952103	8.81582102510471	22.4626565376533	2.03166715038692	12.0010029690008
2020-03-19	11.9807807722273	23.0468158793979	15.3611047003724	4.93058244923005	9.63484444405974	25.3530423896915	2.22182832175878	13.4410402777781
2020-03-20	12.4526390404624	23.7799150125272	15.9689116355392	5.2433610899727	10.4864175028312	28.4168635911098	2.41972553426924	14.9616029824059
2020-03-21	12.9138239780263	24.4854866590305	16.5585253571745	5.55985377564898	11.3701080886532	31.6576444578582	2.62527924335061	16.5639142501315
2020-03-22	13.3623296901083	25.1601286013871	17.1268573978026	5.87929522015889	12.2854840887596	35.0789093058869	2.83840990443517	18.2491972482023
2020-03-23	13.7959645161196	25.8003836826545	17.6705701629282	6.20070737329384	13.2316640132135	38.6824688998024	3.05890748663877	20.0179018277576
2020-03-24	14.2117937323582	26.402574988205	18.1853295499772	6.52226112841083	14.2059688633947	42.463279798837	3.28604001381132	21.867384575505
2020-03-25	14.606696849344	26.962970663989	18.6665523293561	6.8419146147583	15.2052702635122	46.4145850108796	3.51894502348627	23.794228762044
2020-03-26	14.9775533775967	27.4778388559574	19.109655271471	7.15762596158465	16.2264398377747	50.5296275438187	3.75676005319707	25.7950176579743
2020-03-27	15.321242827636	27.9434477100608	19.5100551467283	7.46735329813831	17.2663492103912	54.8016504055432	3.99862264047716	27.8663345338953
2020-03-28	15.6346447099818	28.3560653722497	19.8631687255342	7.7690547536677	18.3218700055706	59.2238966039419	4.24367032286001	30.0047626604068
2020-03-29	15.9146385351538	28.711959988475	20.164412778295	8.06068845742122	19.3898738475217	63.7896091469036	4.49104063787904	32.2068853081082
2020-03-30	16.1588208030318	29.0083373998188	20.4103506319066	8.34046766717243	20.4670358775219	68.4892404661242	4.73989747899626	34.46853466004
2020-03-31	16.3676559709362	29.2461542278894	20.602131839223	8.60762615479537	21.5492453051221	73.3020806885296	4.9895101633878	36.7825385490065
2020-04-01	16.5423254855471	29.4273047894266	20.7420525095878	8.8616528206892	22.6321948569417	78.2046293648528	5.23917436415835	39.1409737202526
2020-04-02	16.6840107935451	29.5536834011702	20.8324087523446	9.10203656525311	23.7115772596	83.1733860458268	5.48818575441258	41.5359169190234
2020-04-03	16.7938933416103	29.6271843798602	20.8754966768368	9.32826628888626	24.7830852397164	88.1848502821846	5.73584000725518	43.959444890564
2020-04-04	16.873154576423	29.6497020422363	20.8736123924082	9.53983089198782	25.8424115239102	93.2155216246593	5.98143279579082	46.4036343801193
2020-04-05	16.9229759446637	29.6231307050384	20.8290520084023	9.73621927495696	26.8852488388008	98.241899623984	6.22425979312419	48.8605621329346
2020-04-06	16.9445388930127	29.5493646850063	20.7441116341626	9.91692033819285	27.9072899110076	103.240483830892	6.46361667235997	51.3223048942548
2020-04-07	16.9390248681502	29.4302982988798	20.6210873790328	10.0814229820947	28.9042274671499	108.187773796115	6.69879910660284	53.7809394093249
2020-04-08	16.9076153167565	29.2678258633989	20.4622753523565	10.2292161070616	29.8717542338471	113.060269070388	6.92910276895747	56.2285424233901
2020-04-09	16.8514916855121	29.0638416953032	20.2699716634771	10.3597886134927	30.8055629377185	117.834469204443	7.15382333252856	58.6571906816954
2020-04-10	16.7718354210972	28.8202401113327	20.0464724217384	10.4726294017873	31.7013463053835	122.486873749013	7.37225647042078	61.0589609294858
2020-04-11	16.6698279701921	28.5389154282272	19.7940737364838	10.5672273723445	32.5547970634614	126.993982254832	7.58369785573881	63.4259299120064
2020-04-12	16.5466507794773	28.2217619627265	19.5150717170569	10.6430714255635	33.3616079385717	131.332294272631	7.78744316158734	65.7501743745023
2020-04-13	16.4035331027456	27.8707373130044	19.2119313015481	10.6998011246825	34.1172880219709	135.47735249646	7.98285636012632	68.0231733467798
2020-04-14	16.2418954222414	27.4880522029706	18.8877927430341	10.7376586842964	34.8166118634644	139.400872193626	8.16957461973686	70.2340149968903
2020-04-15	16.0632060273217	27.0759806379684	18.5459651233385	10.7570369818391	35.4541703774948	143.07361177475	8.34730340785533	72.3711897774463
2020-04-16	15.8689332073432	26.6367966233415	18.1897575242849	10.7583288947444	36.024554478505	146.466329650455	8.51574819191814	74.4231881410606
2020-04-17	15.6605452516631	26.1727741644333	17.8224790276968	10.7419273004463	36.5223550809374	149.549784231363	8.67461443936164	76.3785005403459
2020-04-18	15.4395104496383	25.6861872665875	17.4474387153978	10.7082250763786	36.9421630992348	152.294733928097	8.82360761762223	78.2256174279146
2020-04-19	15.2072970906256	25.1793099351474	17.0679456692114	10.6576150999754	37.2785694478399	154.671937151278	8.96243319413629	79.9530292563797
2020-04-20	14.965312100362	24.6544210993672	16.6871306638427	10.5907211599378	37.5272151277798	156.657300024682	9.09093121387549	81.5504983449136
2020-04-21	14.7147169501034	24.1138193841429	16.3074112455233	10.5090906900366	37.6879414864197	158.247319524694	9.20948003195262	83.0128744789295
2020-04-22	14.4566117474857	23.559808338281	15.9310266533662	10.4145020353097	37.7616399577095	159.443640340852	9.31859258101576	84.3362793104004
2020-04-23	14.1920966001448	22.9946915105881	15.5602161264847	10.3087335407953	37.7492019755989	160.247907162694	9.41878179371298	85.5168344912995
2020-04-24	13.9222716157165	22.4207724498707	15.1972189039917	10.1935635515313	37.6515189740377	160.661764679757	9.51056060269237	86.5506616735996
2020-04-25	13.6482369018367	21.8403547049353	14.8442742250005	10.0707704125559	37.4694823869757	160.686857581581	9.594441940602	87.4338825092739
2020-04-26	13.3710925661413	21.2557418245885	14.5036213286241	9.94213246890703	37.2039836483627	160.324830557702	9.67093874008996	88.1626186502956
2020-04-27	13.0918366182472	20.6690487010061	14.177032940195	9.80914251491055	36.8566460298633	159.580934712787	9.7404428610374	88.7342721537199
2020-04-28	12.8110586756962	20.0816355998409	13.8644157299238	9.67215114204357	36.4320201540016	158.474846812013	9.80286187225788	89.1513666969309
2020-04-29	12.5292462580111	19.4946741301149	13.5652098542402	9.53122339107098	35.9353884810166	157.029850035686	9.85798226979801	89.4177063623953
2020-04-30	12.2468868847147	18.9093359008505	13.278855469574	9.38642430275769	35.3720334711471	155.269227564111	9.90559054970444	89.5370952325793
2020-05-01	11.9644680753299	18.3267925210695	13.0047927323551	9.23781891786857	34.7472375846322	153.216262577592	9.94547320802381	89.5133373899494
2020-05-02	11.6824773493795	17.7482155997941	12.7424617990133	9.08547227716855	34.0662832817109	150.894238256436	9.97741674080272	89.3502369169722
2020-05-03	11.4014022263864	17.1747767460465	12.4913028259784	8.92944942142251	33.334453022622	148.326437780948	10.0012076440878	89.0515978961139
2020-05-04	11.1217302258733	16.6076475688486	12.2507559696803	8.76981539139535	32.5570292676045	145.536144331432	10.0166324139258	88.6212244098412
2020-05-05	10.8439488673632	16.0479996772227	12.0202613865488	8.60663522785197	31.7392944768974	142.546641088195	10.0234775463631	88.0629205406204
2020-05-06	10.5685456703788	15.4970046801908	11.7992592330136	8.43997397155726	30.8865311107396	139.381211231541	10.0215295374466	87.3804903709179
2020-05-07	10.296008154443	14.9558341867749	11.5871896655048	8.26989666327613	30.0040216293701	136.063137941776	10.0105748832228	86.5777379832003
2020-05-08	10.0268238390787	14.4256598059973	11.383492840452	8.09646834377346	29.0970484930278	132.615704399206	9.99040007973835	85.658467459934
2020-05-09	9.76148024380866	13.90765314688	11.1876089142851	7.91975405381417	28.1708941619518	129.062193784134	9.96079162303988	84.6264828835853
2020-05-10	9.50046488815574	13.4029858184451	10.9989780434339	7.73981883416313	27.2308410963808	125.425889276868	9.92153600917402	83.4855883366208
2020-05-11	9.24429046673522	12.9126252394766	10.8168459714193	7.55694223741557	26.2816741145026	121.729453168427	9.87257320455429	82.2405105173522
2020-05-12	8.99357037453214	12.4367220678061	10.639680790126	7.37226186348795	25.326187466299	117.993064192693	9.81445705706175	80.8996665874728
2020-05-13	8.74894318162398	11.9752227710273	10.4657561785297	7.18712982412702	24.3666777597005	114.236280194266	9.74789488494433	79.4723963245209
2020-05-14	8.51104745808823	11.5280738167336	10.2933458156061	7.00289823107958	23.4054416026377	110.478659017743	9.67359400644997	77.9680395060351
2020-05-15	8.28052177400238	11.0952216725186	10.1207233803311	6.82091919609238	22.4447756030411	106.739758507721	9.59226173982661	76.3959359095539
2020-05-16	8.0580046994439	10.6766128059759	9.94616255168026	6.6425448309122	21.4869763688412	103.039136508799	9.50460540332218	74.7654253126158
2020-05-17	7.84413480449027	10.272193684699	9.76793700862939	6.4691272472858	20.5343405079687	99.396350865575	9.41133231518464	73.0858474927593
2020-05-18	7.63944889327213	9.88189165471043	9.58474908671331	6.30181081642688	19.5891523776585	95.8278777590401	9.31317673779267	71.3660283248249
2020-05-19	7.44407670613266	9.50555757574846	9.39701574770331	6.14090894741679	18.653647332364	92.3378667157603	9.21098071004808	69.6127380728615
2020-05-20	7.25804621746821	9.14302318598038	9.20558260992978	5.98652730880381	17.7300484758434	88.9273855986952	9.10561321498343	67.83223309822
2020-05-21	7.0813854016751	8.79412022357343	9.01129529172313	5.83877156913621	16.8205789118546	85.5975022708043	8.99794323563128	66.0307697622515
2020-05-22	6.91412223314967	8.45868042669487	8.81499941141373	5.69774739696225	15.9274617441556	82.349284595047	8.8888397550242	64.2146044263067
2020-05-23	6.75628468628826	8.13653553351195	8.61754058733198	5.56356046083021	15.0529200765043	79.1838004343827	8.77917175619474	62.3899934517366
2020-05-24	6.6079007354872	7.82751728219193	8.41976443780829	5.43631642928838	14.1991770126589	76.1021176517713	8.66980822217548	60.5631931998922
2020-05-25	6.46899835514282	7.53145741090207	8.22251658117304	5.316120970885	13.3684556563773	73.1053041101718	8.56161813599897	58.7404600321243
2020-05-26	6.33960551965147	7.24818765780961	8.02664263575662	5.20307975416837	12.5629791114175	70.1944276725441	8.45547048069778	56.928050309784
2020-05-27	6.21975020340948	6.97753976108181	7.83298821988944	5.09729844768674	11.7849704815374	67.3705562018474	8.35223423930447	55.1322203942221
2020-05-28	6.10946038081317	6.71934545888593	7.64239895190188	4.9988827199884	11.0366528704952	64.6347575610414	8.2527783948516	53.3592266467896
2020-05-29	6.0087640262589	6.47343648938924	7.45572045012434	4.90793823962162	10.3202493820488	61.9880996130854	8.15797193037174	51.6153254288374
2020-05-30	5.91768911414298	6.23964459075896	7.27379833288722	4.82457067513467	9.63798311995616	59.4316502209391	8.06868382889745	49.9067731017165
2020-05-31	5.83626361886177	6.01780150116238	7.0974782185209	4.74888569507581	8.99207718797534	56.9664772475619	7.9857830734613	48.2398260267776
2020-06-01	5.76445819793881	5.80770704284494	6.9275935249946	4.68099298366978	8.38430546984523	54.5933702294308	7.91003873191365	46.6194269326796
2020-06-02	5.70201424140661	5.60903337436495	6.76492886883279	4.62101828784709	7.81464496922836	52.3120053970925	7.84182021137614	45.0452640173119
2020-06-03	5.64861582242488	5.42142073835893	6.61025666619877	4.56909137021469	7.28262346976817	50.1217806546114	7.78139700378821	43.5157118458715
2020-06-04	5.60394701415333	5.24450937746338	6.46434933325583	4.52534199337957	6.78776875510808	48.0220939060515	7.72903860108929	42.0291449835556
2020-06-05	5.56769188975169	5.07793953431482	6.32797928616726	4.48989991994867	6.32960860889152	46.0123430554773	7.68501449521884	40.5839379955614
2020-06-06	5.53953452237966	4.92135145154976	6.20191894109635	4.46289491252897	5.90767081476194	44.091926006953	7.64959417811628	39.178465447086
2020-06-07	5.51915898519698	4.77438537180471	6.08694071420641	4.44445673372742	5.52148315636276	42.2602406645427	7.62304714172106	37.8111019033266
2020-06-08	5.50630940041748	4.63677416550948	5.9834869194259	4.43461230999999	5.17035791424701	40.5159458129016	7.6056693678924	36.4804461443291
2020-06-09	5.50097008647154	4.50862121426706	5.89067946174408	4.43297722319863	4.85274535660602	38.8547437590474	7.59786279816868	35.185993809534
2020-06-10	5.50318541084366	4.39012252747376	5.80731014391538	4.43906421902429	4.56688024854072	37.2715976905888	7.60005586400804	33.9274647532308
2020-06-11	5.51299974101833	4.28147411452587	5.73217076869424	4.45238604317792	4.31099735515204	35.7614707951345	7.61267699686863	32.704578829709
2020-06-12	5.53045744448005	4.18287198481968	5.66405313883509	4.47245544136046	4.0833314415409	34.3193262602929	7.63615462820862	31.5170558932579
2020-06-13	5.55560288871333	4.09451214775149	5.60174905709237	4.49878515927288	3.88211727280822	32.9401272736728	7.67091718948615	30.3646157981669
2020-06-14	5.58848044120265	4.0165906127176	5.54405032622051	4.53088794261611	3.70558961405495	31.6188370228828	7.71739311215936	29.2469783987254
2020-06-15	5.62907860969133	3.94921753415601	5.48990508057724	4.56828268633402	3.55204438126358	30.3511921387663	7.77584451831579	28.1638546268836
2020-06-16	5.67716246295784	3.89215964667163	5.43888678093342	4.6105128823421	3.42002209394304	29.136023025107	7.84586829256032	27.1149197252355
2020-06-17	5.73244121003948	3.84509782991106	5.3907252196632	4.65712817179875	3.30812442248385	27.9729335289233	7.92689501012722	26.0998400140357
2020-06-18	5.79462405997351	3.80771296352091	5.34515018914074	4.70767819586238	3.2149530372765	26.8615274972335	8.01835524625075	25.1182818135389
2020-06-19	5.86342022179725	3.77968592714779	5.30189148174018	4.76171259569139	3.13910960871151	25.8014087770561	8.11967957616517	24.1699114439999
2020-06-20	5.93853890454795	3.76069760043832	5.26067888983567	4.81878101244417	3.07919580717938	24.7921812154097	8.23029857510475	23.2543952256732
2020-06-21	6.01968931726292	3.7504288630391	5.22124220580138	4.87843308727915	3.03381330307063	23.8334486593125	8.34964281830375	22.3713994788136
2020-06-22	6.10658066897943	3.74856059459675	5.18331122201144	4.94021846135471	3.00156376677577	22.9248149557831	8.47714288099642	21.5205905236759
2020-06-23	6.19892216873477	3.75477367475787	5.14661573084001	5.00368677582926	2.98104886868531	22.0658839518398	8.61222933841703	20.7016346805146
2020-06-24	6.29642302556622	3.76874898316908	5.11088552466124	5.0683876718612	2.97087027918975	21.2562594945012	8.75433276579985	19.9141982695846
2020-06-25	6.39879244851108	3.79016739947699	5.07585039584929	5.13387079060894	2.96962966867961	20.4955454307857	8.90288373837913	19.1579476111404
2020-06-26	6.50573964660662	3.81870980332821	5.04124013677829	5.19968577323088	2.97592870754539	19.7833456077116	9.05731283138913	18.4325490254369
2020-06-27	6.61697382889013	3.85405707436934	5.00678453982242	5.26538226088542	2.98836906617761	19.1192638722976	9.21705062006412	17.7376688327286
2020-06-28	6.7322042043989	3.89589009224701	4.9722133973558	5.33050989473097	3.00555241496677	18.5029040715619	9.38152767963836	17.0729733532704
2020-06-29	6.85113779837574	3.94388875810844	4.93738388118342	5.39493071124307	3.02620159566968	17.9336482438765	9.54997975319925	16.4379318297993
2020-06-30	6.97347290088564	3.99772905910337	4.90266268083351	5.45975632816583	3.0495241355083	17.4099911930276	9.72086325524673	15.8312251949826
2020-07-01	7.09890561819911	4.05708600388217	4.8685438652651	5.52641075856053	3.07484873307089	16.9302059141547	9.8924397681339	15.2513373039699
2020-07-02	7.22713205658669	4.12163460109518	4.83552150343725	5.59631801548842	3.1015040869457	16.4925654023973	10.0629708742139	14.6967520119106
2020-07-03	7.35784832231886	4.19104985939277	4.804089664309	5.67090211201075	3.12881889572098	16.095342652895	10.2307181558397	14.1659531739546
2020-07-04	7.49075052166617	4.26500678742529	4.77474241683941	5.75158706118879	3.156121857985	15.7368106607874	10.3939431953645	13.6574246452514
2020-07-05	7.62553476089913	4.34318039384311	4.74797382998751	5.83979687608381	3.182741672326	15.4152424212141	10.5509075751413	13.1696502809507
2020-07-06	7.76186006507563	4.42525150229152	4.72420319041584	5.93665779439152	3.20810086346115	15.128833612027	10.7000860292863	12.7013507346321
2020-07-07	7.89923713440307	4.51092419639553	4.70355065560093	6.04210495234553	3.2319972606232	14.8754706419278	10.8408058989676	12.2521938535956
2020-07-08	8.03713958787625	4.59990837477507	4.6860616007228	6.15577571081389	3.25432251917379	14.6529626023304	10.9726076771165	11.8220842835714
2020-07-09	8.17504104448993	4.6919139360501	4.67178140096145	6.27730743066466	3.27496829447458	14.4591185846489	11.0950318566641	11.4109266702895
2020-07-10	8.3124151232389	4.78665077884054	4.66075543149692	6.4063374727659	3.29382624188723	14.2917476802974	11.2076189305417	11.01862565948
2020-07-11	8.44873544311795	4.88382880176636	4.6530290675092	6.54250319798569	3.31078801677338	14.1486589806897	11.3099093916805	10.6450858968729
2020-07-12	8.58347562312185	4.98315790344748	4.64864768417832	6.68544196719207	3.32574527449469	14.0276615772401	11.4014437330117	10.2902120281984
2020-07-13	8.71610928224538	5.08434798250385	4.64765665668429	6.8347911412531	3.3385896704128	13.9265645613623	11.4817624474664	9.95390869918656
2020-07-14	8.84611003948334	5.18710893755541	4.65010136020713	6.99018808103685	3.34921285988938	13.8431770244706	11.5504060279759	9.63608055556741
2020-07-15	8.97295151383048	5.29115066722209	4.65602716992686	7.15127014741138	3.35750649828607	13.7753080579789	11.6069149674713	9.33663224307106
2020-07-16	9.09610732428161	5.39618307012385	4.66547946102348	7.31767470124475	3.36336224096452	13.7207667533012	11.650829758884	9.05546840742758
2020-07-17	9.21505108983151	5.50191604488063	4.67850360867703	7.48903910340502	3.36667174328639	13.6773622018515	11.6816908951451	8.79249369436707
2020-07-18	9.32925642947494	5.60805949011236	4.6951449880675	7.66500071476026	3.36732666061333	13.6429034950439	11.6990388691857	8.54761274961959
2020-07-19	9.43819696220671	5.714323304439	4.71544897437493	7.84519689617852	3.36521864830699	13.6151997242924	11.7024141739372	8.32073021891522
2020-07-20	9.5412783650058	5.82026928182201	4.73927514703557	8.02908813454656	3.36018449140856	13.5923286421224	11.6916618210945	8.11170734234273
2020-07-21	9.6376345467881	5.92486679758909	4.76573990251078	8.215427420826	3.35184149367736	13.5734426455057	11.6678448974077	7.9202317374255
2020-07-22	9.72633147445373	6.02693712240943	4.79377384151813	8.40279087199713	3.33975208855225	13.5579627925254	11.6323310083909	7.7459476160456
2020-07-23	9.80643511490279	6.12530152695227	4.82230756477521	8.58975460504026	3.32347870947209	13.5453101412645	11.586487759558	7.58849919008508
2020-07-24	9.87701143503539	6.21878128188682	4.85027167299962	8.77489473693569	3.30258378987575	13.5349057498061	11.531682756423	7.44753067142601
2020-07-25	9.93712640175164	6.3061976578823	4.87659676690894	8.95678738466374	3.27662976320208	13.5261706762334	11.4692836044998	7.32268627195045
2020-07-26	9.98584598195166	6.38637192560792	4.90021344722077	9.1340086652047	3.24517906288994	13.5185259786296	11.4006579093025	7.21361020354046
2020-07-27	10.0223865103693	6.45823026711396	4.92015069590213	9.30515542094803	3.20791065661647	13.5114299742691	11.3270684582689	7.11975547953372
2020-07-28	10.0465657930733	6.52111850997492	4.93583101991786	9.46890739591973	3.16496964901191	13.5044900171925	11.2493587665336	7.03981031909035
2020-07-29	10.0583520039663	6.57448739314637	4.94677530748221	9.62396505955491	3.1166176789448	13.4973507206317	11.1682675311547	6.9722717428261
2020-07-30	10.0577133169508	6.61778765558386	4.95250444680943	9.76902888128873	3.06311638528365	13.4896566978186	11.0845334491907	6.91563677135672
2020-07-31	10.0446179059294	6.65047003624295	4.95253932611381	9.90279933055633	3.004727406897	13.4810525619851	10.9988952177	6.86840242529794
2020-08-01	10.0190339448046	6.6719852740792	4.94640083360959	10.0239768767928	2.94171238265336	13.4711829263632	10.912091533741	6.82906572526551
2020-08-02	9.98092960747897	6.68178410804818	4.93360985751103	10.1312619894334	2.87433295142127	13.4596924041847	10.8248610943719	6.79612369187516
2020-08-03	9.93041044797535	6.67951288520999	4.91379213460164	10.2236619858322	2.80285012832417	13.4462025624637	10.7378118168012	6.768227179596
2020-08-04	9.86813154079796	6.66560038504304	4.88699279594186	10.3014115750195	2.72752243350528	13.4302427833417	10.6510284988373	6.74464237831044
2020-08-05	9.79488534057131	6.64067099513023	4.85336182116135	10.3650523139446	2.64860776336271	13.4113194027426	10.5644651584385	6.7247893117543
2020-08-06	9.71146430191993	6.60534910305453	4.8130491898898	10.4151257595568	2.5663640142946	13.3889387565901	10.478075813563	6.70808800366333
2020-08-07	9.61866087946834	6.56025909639885	4.76620488175688	10.4521734688056	2.48104908269908	13.3626071808077	10.3918144821694	6.69395847777335
2020-08-08	9.51726752784106	6.50602536274614	4.71297887639226	10.4767369986401	2.39292086497429	13.3318310113194	10.3056351822159	6.68182075782011
2020-08-09	9.40807670166261	6.44327228967934	4.65352115342561	10.4893579060098	2.30223725751834	13.2961165840486	10.2194919316608	6.67109486753942
2020-08-10	9.29188085555751	6.37262426478139	4.58798169248661	10.4905777478638	2.20925615672937	13.2549702349193	10.1333387484626	6.66120083066706
2020-08-11	9.16947244415028	6.29470567563522	4.51651047320494	10.4809380811517	2.11423545900552	13.207898299855	10.0471296505796	6.65155867093881
2020-08-12	9.04164392206544	6.21014090982376	4.43925747521027	10.4609804628226	2.01743306074491	13.1544071147795	9.96081865597002	6.64158841209045
2020-08-13	8.90918774392751	6.11955435492996	4.35637267813227	10.4312464498259	1.91910685834566	13.0940030156164	9.87435978259236	6.63071007785777
2020-08-14	8.77289636436101	6.02357039853675	4.26800606160061	10.3922775991109	1.81951474820592	13.0261923382896	9.78770704840491	6.61834369197656
2020-08-15	8.63356223799047	5.92281342822707	4.17430760524497	10.344615467627	1.71891462672382	12.9504814187226	9.70081447136602	6.6039092781826
2020-08-16	8.49197781944041	5.81790783158386	4.07542728869503	10.2888016123235	1.61756439029748	12.8663765928393	9.61363606943405	6.58682686021167
2020-08-17	8.3489185448018	5.70949291963165	3.97174300464746	10.2253857627541	1.51583355957162	12.7735390747968	9.52624689054148	6.56677368039857
2020-08-18	8.2050917760315	5.5982676971613	3.86454429806693	10.1549503388907	1.41453815217736	12.6722495916863	9.43920610251737	6.54445585547407
2020-08-19	8.06118785655282	5.4849460924053	3.75534862698511	10.0780859333097	1.31460580999239	12.5629437488328	9.35319390316492	6.52083672076798
2020-08-20	7.91789712978907	5.37024203359609	3.64567344943367	9.99538313858742	1.21696417489441	12.4460571515609	9.26889049028732	6.49687961161008
2020-08-21	7.77590993916357	5.25486944896616	3.53703622344427	9.9074325473001	1.12254088876111	12.3220254051954	9.18697606168777	6.47354786333015
2020-08-22	7.63591662809962	5.13954226674795	3.4309544070486	9.81482475202413	1.03226359347019	12.1912841150612	9.10813081516948	6.45180481125801
2020-08-23	7.49860754002054	5.02497441517395	3.32894545827831	9.71815034533583	0.947059930899346	12.054268886483	9.03303494853563	6.43261379072343
2020-08-24	7.36460206172974	4.91181882575592	3.23228427734361	9.61794335972441	0.867687037854048	11.9115425647442	8.96215405997088	6.41672278545095
2020-08-25	7.23423575355104	4.80048444312284	3.14127553316884	9.51451158733058	0.79422003085081	11.7641769549624	8.89509534918558	6.40401837274415
2020-08-26	7.10777321918836	4.691319215183	3.05598133685684	9.40810626020795	0.726563521333917	11.6133711022139	8.83125141627154	6.39417177830132
2020-08-27	6.98547906234561	4.58467108984467	2.97646379951049	9.29897861041011	0.664622120747655	11.4603240515748	8.77001486132058	6.38685422782079
2020-08-28	6.8676178867267	4.48088801501615	2.90278503223264	9.18737986999064	0.608300440536306	11.3062348481215	8.71077828442451	6.38173694700086
2020-08-29	6.75445429603557	4.38031793860573	2.83500714612615	9.07356127100315	0.557503092144157	11.1523025369301	8.65293428567512	6.37849116153985
2020-08-30	6.64625289397611	4.28330880852167	2.77319225229388	8.95777404550122	0.51213468701549	10.9997261630768	8.59587546516423	6.37678809713606
2020-08-31	6.54327828425225	4.19020857267228	2.7174024618387	8.84026942553845	0.47209983659459	10.8497047716379	8.53899442298365	6.37629897948781
2020-09-01	6.44579507056791	4.10136517896582	2.66769988586346	8.72129864316844	0.437303152325743	10.7034374076897	8.48168375922518	6.37669503429342
2020-09-02	6.35406785662699	4.0171265753106	2.62414663547103	8.60111293044478	0.407649245653232	10.5621231163082	8.42333607398064	6.37764748725119
2020-09-03	6.26836124613343	3.93784070961489	2.58680482176427	8.47996351942105	0.383042728021342	10.4269609425698	8.36334396734183	6.37882756405944
2020-09-04	6.18893984279114	3.86385552978698	2.55573655584603	8.35810164215086	0.363388210874357	10.2991499315507	8.30110003940056	6.37990649041648
2020-09-05	6.11606825030402	3.79551898373515	2.53100394881918	8.2357785306878	0.348590305656562	10.179889128327	8.23599689024864	6.38055549202062
2020-09-06	6.050011072376	3.73317901936769	2.51266911178658	8.11324541708546	0.338553623812241	10.0703775779752	8.16742711997788	6.38044579457017
2020-09-07	5.99093278945199	3.67711206379639	2.50074566624481	7.99074087072131	0.333044520032828	9.97139281390806	8.09478488304233	6.37937198175286
2020-09-08	5.93859738894088	3.62730846094709	2.49505327526532	7.86845281026832	0.331276321998351	9.88202632288625	8.01747055134508	6.37762206921407
2020-09-09	5.89266873499255	3.58368703394912	2.49536311231326	7.74655649172334	0.332324100635989	9.80094808000709	7.93488605115147	6.37560743058858
2020-09-10	5.85281069175688	3.54616660593183	2.50144635085381	7.62522717108321	0.335262926872921	9.72682806036793	7.84643330872682	6.37373943951119
2020-09-11	5.81868712338376	3.51466600002456	2.51307416435214	7.50464010434478	0.339167871636324	9.65833623906609	7.75151425033647	6.37242946961669
2020-09-12	5.78996189402306	3.48910403935665	2.5300177262734	7.3849705475049	0.343114005853377	9.59414259119894	7.64953080224576	6.37208889453986
2020-09-13	5.76629886782468	3.46939954705744	2.55204821008276	7.26639375656041	0.346176400451258	9.53291709186381	7.53988489072001	6.3731290879155
2020-09-14	5.74738893079822	3.45542952064909	2.57900401145684	7.14919436701275	0.347602187376028	9.4737099749101	7.42254450325283	6.37581243305451
2020-09-15	5.73303105639221	3.4469036552249	2.61099241491799	7.03409453238168	0.347326742649274	9.41709250919533	7.29974187225082	6.37980535197227
2020-09-16	5.72305123991493	3.443489820271	2.64818792720001	6.92192578569157	0.345457503311467	9.36401622232907	7.17427529134888	6.38462527636025
2020-09-17	5.71727547667464	3.44485588527351	2.69076505503671	6.81351965996678	0.342101906403077	9.3154326419209	7.04894305418186	6.38978963790996
2020-09-18	5.71552976197961	3.45066971971856	2.7388983051619	6.70970768823166	0.337367388964573	9.27229329558036	6.92654345438467	6.39481586831287
2020-09-19	5.7176400911381	3.46059919309226	2.79276218430937	6.61132140351059	0.331361388036428	9.23554971091706	6.80987478559217	6.39922139926048
2020-09-20	5.72343245945837	3.47431217488074	2.85253119921293	6.51919233882792	0.324191340659109	9.20615341554053	6.70173534143923	6.40252366244426
2020-09-21	5.73277732495259	3.4914712562072	2.91836752911872	6.43407177157507	0.316065080982591	9.18497237673237	6.60428156921733	6.40429934160575
2020-09-22	5.74572299644852	3.51171791474311	2.99038404332229	6.35638995661178	0.307592031594858	9.17254032046221	6.51710253084425	6.40436212868659
2020-09-23	5.76236224547779	3.53468834979702	3.06868128363149	6.28649689316481	0.299482012193398	9.16930741237167	6.43914544189438	6.40258496767847
2020-09-24	5.78278784357206	3.56001876067751	3.15335979185422	6.22474258046096	0.292444842475699	9.1757238181024	6.36935751794209	6.39884080257307
2020-09-25	5.80709256226297	3.58734534669311	3.24452010979834	6.17147701772702	0.28719034213925	9.19223970329602	6.30668597456175	6.39300257736209
2020-09-26	5.83536917308218	3.61630430715239	3.34226277927174	6.12705020418977	0.284428330881537	9.21930523359419	6.25007802732776	6.3849432360372
2020-09-27	5.86771044756132	3.6465318413639	3.44668834208229	6.091812139076	0.284868628400049	9.25737057463852	6.19848089181448	6.37453572259009
2020-09-28	5.90420915723205	3.6776641486362	3.55789734003785	6.06611282161249	0.289221054392273	9.30688589207067	6.15084178359629	6.36165298101246
2020-09-29	5.94495807362602	3.70933742827784	3.67599031494632	6.05030225102603	0.298195428555699	9.36830135153225	6.10610791824757	6.34616795529597
2020-09-30	5.99004996827486	3.74118787959737	3.80106780861556	6.0447304265434	0.312501570587812	9.44206711866492	6.06322651134271	6.32795358943233
2020-10-01	6.03957761271024	3.77285170190336	3.93323036285346	6.0497473473914	0.332849300186102	9.52863335911031	6.02114477845606	6.30688282741322
2020-10-02	6.09363377846378	3.80396509450435	4.07257851946788	6.06570301279681	0.359948437048056	9.62845023851006	5.97880993516203	6.28282861323032
2020-10-03	6.15231123706716	3.8341642567089	4.21921282026671	6.09294742198641	0.394508800871162	9.74196792250579	5.93516919703497	6.25566389087531
2020-10-04	6.21570276005201	3.86308538782558	4.37323380705782	6.13183057418699	0.437240211352909	9.86963657673915	5.88916977964928	6.2252616043399
2020-10-05	6.28388887516905	3.89050995492978	4.5346824052188	6.18260000716334	0.488813415866915	10.0115988895195	5.83996311404424	6.19176431159028
2020-10-06	6.35690113504529	3.91680049616437	4.70336107440609	6.24509341283224	0.549742872491333	10.1667676398272	5.78751749311884	6.15639302649083
2020-10-07	6.4347588485268	3.94246481743905	4.87901265784588	6.31904602164848	0.620503966980448	10.3337481293103	5.73200542523699	6.12063837688041
2020-10-08	6.51748132445968	3.96801072466354	5.06137999876432	6.40419306406685	0.701572085088544	10.5111456596169	5.67359941876259	6.08599099059793
2020-10-09	6.60508787169	3.99394602374755	5.25020594038758	6.50026977054213	0.793422612569904	10.6975655323951	5.61247198205953	6.05394149548226
2020-10-10	6.69759779906384	4.02077852060079	5.44523332594182	6.6070113715291	0.896530935178814	10.8916130492929	5.54879562349173	6.0259805193723
2020-10-11	6.79503041542727	4.04901602113297	5.64620499865321	6.72415309748256	1.01137243866956	11.0918935119584	5.48274285142309	6.00359869010692
2020-10-12	6.89737983726022	4.07913315183187	5.85291207972343	6.85137648287634	1.13839733529027	11.2972145069973	5.41466878227246	5.98816089010022
2020-10-13	7.00453941157787	4.11147182149747	6.06533880225622	6.98814827826046	1.2779551432645	11.5071927608458	5.34565896467852	5.98052902006702
2020-10-14	7.11637729302926	4.14634075950783	6.28351767733083	7.133881538204	1.43037020730963	11.7216472848975	5.27698155533491	5.98143923529738
2020-10-15	7.23276163626342	4.18404869524101	6.50748121602652	7.28798931727603	1.59596687214306	11.9403970905461	5.20990471093525	5.99162769108133
2020-10-16	7.35356059592938	4.22490435807507	6.73726192942253	7.44988467004564	1.77506948248218	12.1632611891855	5.14569658817318	6.01183054270891
2020-10-17	7.47864232667616	4.26921647738805	6.97289232859813	7.61898065108189	1.96800238304439	12.3900585922094	5.08562534374233	6.04278394547015
2020-10-18	7.6078749831528	4.31729378255802	7.21440492463256	7.79469031495385	2.17508991854709	12.6206083110114	5.03095913433634	6.08522405465509
2020-10-19	7.74112672000832	4.36944500296303	7.46183222860509	7.97642671623062	2.39665643370765	12.8547293569853	4.98296611664883	6.13988702555378
2020-10-20	7.87826569189176	4.42597886798113	7.71520675159495	8.16360290948125	2.63302627324349	13.0922407415249	4.94291444737343	6.20750901345625
2020-10-21	8.01916005345214	4.48720410699039	7.97456100468142	8.35563194927483	2.884523781872	13.3329614760239	4.91207228320378	6.28882617365253
2020-10-22	8.16367795933849	4.55342944936884	8.23992749894374	8.55192689018043	3.15147330431056	13.5767105718759	4.89170778083352	6.38457466143267
2020-10-23	8.31168756419984	4.62496362449455	8.51133874546116	8.75190078676713	3.43419918527657	13.8233070404749	4.88308909695626	6.4954906320867
2020-10-24	8.46305702268522	4.70211536174558	8.78882725531293	8.95496669360399	3.73302576948742	14.0725698932144	4.88748438826565	6.62231024090466
2020-10-25	8.61765448944366	4.78519339049998	9.07242553957831	9.1605376652601	4.04827740166052	14.3243181414882	4.90616181145532	6.76576964317659
2020-10-26	8.77540685195078	4.8745649061244	9.36224220443109	9.36796163054004	4.38035244748309	14.5785608889507	4.94029606798831	6.9263881084159
2020-10-27	8.93647592898859	4.97083096793991	9.65869023642315	9.57632601519038	4.72994535652178	14.8360676082989	4.99068803840526	7.10381736302946
2020-10-28	9.10108227216571	5.07465110125617	9.96225871720089	9.78465311919322	5.09782459931307	15.0977978644906	5.05804514801626	7.29749224764753
2020-10-29	9.26944643309072	5.18668483138283	10.2734367284107	9.99196524253064	5.48475864639345	15.3647112224835	5.14307482213137	7.50684760290036
2020-10-30	9.44178896337223	5.30759168362956	10.5927133516991	10.1972846851847	5.89151596829939	15.6377672472352	5.24648448606064	7.73131826941819
2020-10-31	9.61833041461886	5.43803118330602	10.9205776687124	10.3996337471376	6.31886503556738	15.9179255037035	5.36898156511416	7.97033908783128
2020-11-01	9.79929133843919	5.57866285572187	11.2575187610971	10.5980347283713	6.76757431873391	16.2061455568461	5.51127348460197	8.22334489876988
2020-11-02	9.98480840412316	5.7299781956961	11.6038686444678	10.7915992133543	7.23827294085446	16.5032451310729	5.6740991893615	8.4899406593507
2020-11-03	10.174682751686	5.89179657608504	11.959331070313	10.9797959245007	7.73103263506063	16.8094745886027	5.85832370233957	8.77041179263633
2020-11-04	10.3686316388241	6.06376933925432	12.3234527240891	11.162182868711	8.2457857870029	17.1249424511066	6.06484356601028	9.06521383817577
2020-11-05	10.566372323234	6.24554782756959	12.6957802912527	11.3383180528854	8.78246478233186	17.4497572402555	6.29455532284781	9.37480233551809
2020-11-06	10.7676220626122	6.4367833833965	13.0758604572605	11.5077594839246	9.34100200669808	17.7840274777205	6.5483555153263	9.69963282421231
2020-11-07	10.9720981146553	6.63712734910069	13.4632399075691	11.670065168729	9.92132984575211	18.1278616851727	6.8271406859199	10.0401608438075
2020-11-08	11.1795177370597	6.84623106704782	13.8574653276351	11.8247931141989	10.5233806851445	18.481368384283	7.13180737710276	10.3968419338526
2020-11-09	11.389606337519	7.06368761447325	14.2579255641613	11.9716486796992	11.1469332898648	18.8445845033719	7.46321852120992	10.7700190405956
2020-11-10	11.6021219237153	7.28885700809124	14.663378108836	12.1109266344518	11.7911519422586	19.2172605973573	7.82210261002001	11.1595847370797
2020-11-11	11.8168306533279	7.52104099948575	15.0724226145937	12.243069100143	12.4550473040104	19.5990756278067	8.20915452517254	11.5653190030469
2020-11-12	12.0334986840359	7.75954134024074	15.4836587343687	12.3685181984592	13.1376300368047	19.9897085562872	8.62506914830702	11.9870018182393
2020-11-13	12.2518921735186	8.00365978194021	15.8956861210957	12.4877160510867	13.8379108023261	20.3888383443664	9.07054136106297	12.424413162399
2020-11-14	12.4717772794551	8.2526980761681	16.3071044277091	12.6011047797117	14.5549002622592	20.7961439536115	9.54626604507991	12.877333015268
2020-11-15	12.6929201595247	8.5059579745084	16.7165133071433	12.7091265060205	15.2876090782884	21.2113043455899	10.0529380819974	13.3455413565884
2020-11-16	12.9150869714066	8.76274122854508	17.1225124123329	12.8122233516996	16.0350479120982	21.6339984818689	10.5912523534548	13.8288181661022
2020-11-17	13.1380438727799	9.0223495898621	17.5237013962123	12.9108374384351	16.7962274253734	22.0639053240159	11.1619037410918	14.3269434235516
2020-11-18	13.3615570213239	9.28408481004343	17.9186799117161	13.0054108879133	17.5701582797982	22.5007038335983	11.7655871265479	14.8396971086785
2020-11-19	13.5853925747178	9.54724864067305	18.3060476117786	13.0963858218207	18.3558511370574	22.9440729721833	12.4029973914625	15.3668592012251
2020-11-20	13.8093166906409	9.81114283333494	18.6844041493345	13.1842043618434	19.1523166588355	23.3936917013384	13.0748294174753	15.9082096809334
2020-11-21	14.0330955267722	10.075069139613	19.0523491773181	13.2693086296678	19.9585655068169	23.8492389826309	13.7817780862256	16.4635285275455
2020-11-22	14.256495240791	10.3383293110913	19.408482348664	13.3521407469802	20.7736083426863	24.3103937776282	14.524538279353	17.0325957208034
2020-11-23	14.479383009602	10.6002040519797	19.7518130900492	13.4334124745875	21.596119541214	24.7765892007566	15.3036219969701	17.6150197268758
2020-11-24	14.7020300870117	10.8598898769916	20.082989923121	13.5149141297788	22.4234283295143	25.2462749778786	16.1188097130811	18.2097229576377
2020-11-25	14.924808746052	11.1165622534665	20.4030711432692	13.5987056689638	23.2525276477872	25.717654987716	16.9696990201637	18.8154563113909
2020-11-26	15.1480912597551	11.3693966487438	20.7131150458838	13.6868470485523	24.0804104362328	26.1889331089903	17.8558875106951	19.4309706864371
2020-11-27	15.3722499011528	11.6175685301628	21.0141799263545	13.7813982249539	24.9040696350513	26.6583132204232	18.7769727771528	20.0550169810778
2020-11-28	15.5976569432771	11.860253365063	21.3073240800712	13.8844191545784	25.7204981844427	27.1239992007361	19.7325524120141	20.6863460936149
2020-11-29	15.8246846591601	12.0966266207837	21.5936058024239	13.9979697938354	26.526689024607	27.5841949286508	20.7222240077566	21.3237089223499
2020-11-30	16.0538792990807	12.3263691555959	21.8743026238011	14.1242297355644	27.3193651711081	28.0380391794994	21.7453617662258	21.9660510225438
2020-12-01	16.2864830223062	12.5511833914963	22.1515690145872	14.2658571183225	28.0941699409637	28.4884103150568	22.8004463267407	22.6130965772938
2020-12-02	16.5239119653509	12.7732771414132	22.4277786801652	14.4256297170967	28.8464767265553	28.9391215937082	23.8857349379885	23.2647644266566
2020-12-03	16.7675822647291	12.994858218275	22.7053053259182	14.6063253068739	29.5716589202646	29.3939862738391	24.9994848486563	23.9209734106887
2020-12-04	17.018910056955	13.2181344350099	22.9865226572293	14.810721662641	30.265089914473	29.8568176138348	26.1399533074313	24.5816423694465
2020-12-05	17.2793114785429	13.4453136045463	23.2738043794815	15.0415965593848	30.9221431015619	30.3314288720808	27.3053975630007	25.2466901429868
2020-12-06	17.5502026660072	13.6786035398124	23.5695241980581	15.3017277720924	31.5381918739128	30.8216333069623	28.4940748640516	25.9160355713659
2020-12-07	17.8326800747034	13.9198192110965	23.8755480104254	15.5932426136026	32.1092170792582	31.3305762619244	29.7043207670669	26.5893194758296
2020-12-08	18.1265614353526	14.169204218127	24.1917104823836	15.9156665481624	32.6336293867332	31.8587314206506	30.9347840597108	27.2650706023799
2020-12-09	18.4313447975171	14.4266093179924	24.5173384718163	16.2678745778711	33.1104469208241	32.405904551884	32.1841918374437	27.9415396782078
2020-12-10	18.7465282107591	14.691885267781	24.851758836607	16.6487417048276	33.5386878060169	32.9719014243677	33.4512711957256	28.6169774305045
2020-12-11	19.0716097246411	14.9648828245813	25.1942984346392	17.0571429311312	33.9173701667978	33.5565278068449	34.7347492300165	29.2896345864612
2020-12-12	19.4060873887254	15.2454527454817	25.5442841237965	17.491953258881	34.245512127653	34.1595894680586	36.0333530357766	29.957761873269
2020-12-13	19.7494592525743	15.5334457875707	25.9010427619625	17.952047690176	34.5221318130685	34.780892176752	37.3458097084659	30.619610018119
2020-12-14	20.1012233657502	15.8287127079366	26.2639012070207	18.4363012271154	34.7462473475305	35.4202417016682	38.6708463435445	31.2734297482022
2020-12-15	20.4608777778153	16.1311042636678	26.6321863168546	18.9435888717983	34.9168768555252	36.0774438115503	40.0071900364724	31.91747179071
2020-12-16	20.827920538332	16.4404712118528	27.0052249493477	19.4727856263238	35.0330384615386	36.7523042751415	41.3535678827099	32.5499868728333
2020-12-17	21.2018496968627	16.75666430958	27.3823439623837	20.022766492791	35.0937502900569	37.4446288611849	42.7087069777169	33.1692257217634
2020-12-18	21.5821633029696	17.0795343139377	27.7628702138461	20.5924064732991	35.0980304655663	38.1542233384235	44.0713344169535	33.7734390646912
2020-12-19	21.9683594062151	17.4089319820146	28.1461305616184	21.1805805699471	35.0448971125528	38.8808934756006	45.4401772958798	34.3608776288081
2020-12-20	22.3599360561616	17.7447080708988	28.5314518635842	21.7861637848342	34.9333683555026	39.6244450414591	46.8139627099559	34.929792141305
2020-12-21	22.7557984745081	18.0859854305483	28.9172138292454	22.4070223206501	34.7631291308705	40.384123242094	48.1908857161512	35.4788632175394
2020-12-22	23.1524805715008	18.4289752823982	29.2980075745774	23.0369871824467	34.5365316229855	41.1569310330068	49.567013217472	36.0084910255339
2020-12-23	23.5459234295226	18.7691609407533	29.667477067174	23.6688805758664	34.2565948281454	41.9393108070505	50.937880078434	36.519505621477
2020-12-24	23.9320681309565	19.1020257199182	30.0192662746291	24.295524706552	33.9263377426479	42.7277049570783	52.2990211635529	37.0127370615578
2020-12-25	24.3068557581853	19.4230529341975	30.3470191645364	24.9097417801457	33.5487793627908	43.5185558759434	53.6459713373442	37.4890154019647
2020-12-26	24.6662273935919	19.7277258978958	30.6443797044897	25.5043540022902	33.1269386848718	44.3083059564989	54.9742654643237	37.9491706988867
2020-12-27	25.0061241195593	20.0115279253178	30.9049918620828	26.0721835786279	32.6638347051886	45.093397591598	56.2794384090071	38.3940330085126
2020-12-28	25.3231899608089	20.2707856001185	31.1237213865775	26.6071892955657	32.1624785220926	45.8702197063239	57.5572241172557	38.8243023229681
2020-12-29	25.6168807114159	20.5051985833546	31.3003211539075	27.1078762625674	31.6258496421498	46.6349473546798	58.8041528603142	39.2401583781274
2020-12-30	25.8873551077941	20.7153098054331	31.4357658216746	27.573886169861	31.0569196739801	47.3837021228992	60.0169539907731	39.6416508458019
2020-12-31	26.1347718863571	20.901662196761	31.5310300474805	28.0048607076747	30.4586602262031	48.1126055972153	61.1923568612229	40.0288293978027
2021-01-01	26.3592897835188	21.0647986877455	31.5870884889269	28.4004415662366	29.8340429074384	48.8177793638615	62.3270908242539	40.4017437059412
2021-01-02	26.5610675356929	21.2052622087935	31.6049158036154	28.7602704357748	29.186039326306	49.495345009071	63.4178852324566	40.7604434420286
2021-01-03	26.740263879293	21.3235956903121	31.5854866491479	29.0839890065173	28.5176210914253	50.1414241190774	64.4614694384215	41.1049782778762
2021-01-04	26.897037550733	21.4203420627084	31.529775683126	29.3712389686924	27.8317598114163	50.7521382801138	65.454572794739	41.4353978852952
2021-01-05	27.0315472864265	21.4960442563894	31.4387575631514	29.6216620125281	27.1314270948986	51.3236090784135	66.3939246539995	41.751751936097
2021-01-06	27.1439518227873	21.5512452017622	31.3134069468259	29.8348998282524	26.4195945504918	51.85195810021	67.2762543687935	42.0540901020927
2021-01-07	27.2344098962291	21.5864878292337	31.1546984917511	30.0105941060936	25.6992337868158	52.3333069317366	68.0982912917114	42.3424620550937
2021-01-08	27.3030802431657	21.6023150692112	30.9636068555288	30.1483865362797	24.9733164124903	52.7637771592265	68.8567647753437	42.6169174669112
2021-01-09	27.3501216000108	21.5992698521015	30.7411066957607	30.2479188090388	24.2448140361349	53.1394903689132	69.5484041722808	42.8775060093565
2021-01-10	27.3756927031781	21.5778951083118	30.4881726700485	30.308832614599	23.5166982663694	53.4565681470299	70.1699388351133	43.1242773542409
2021-01-11	27.3800921109273	21.5387901583468	30.2057448304524	30.3312864166481	22.7919256453273	53.7122082843559	70.7183805090345	43.3571331738978
2021-01-12	27.364177668902	21.4827798831019	29.8946248068663	30.3175057727123	22.0733924491976	53.907913389854	71.1918705096507	43.5753831427491
2021-01-13	27.3289470445918	21.4107455535703	29.5555796236425	30.2702330137776	21.3639798876829	54.0462622770332	71.5888325451711	43.778188935739
2021-01-14	27.2753979054861	21.3235684407452	29.1893763051334	30.1922104708299	20.666569170486	54.1298337594021	71.907690323805	43.9647122278117
2021-01-15	27.2045279190746	21.2221298156197	28.7967818756914	30.0861804748551	19.9840415073096	54.1612066504695	72.1468675537615	44.1341146939113
2021-01-16	27.1173347528468	21.1073109491869	28.3785633596689	29.9548853568392	19.3192781078563	54.1429597637443	72.30478794325	44.2855580089821
2021-01-17	27.0148160742921	20.9799931124401	27.9354877814182	29.8010674477681	18.675160181829	54.0776719127352	72.3798752004796	44.418203847968
2021-01-18	26.8979778981721	20.8411438422333	27.4687788732638	29.6273752174514	18.0542774072442	53.9680021010176	72.3710909613184	44.5306310436526
2021-01-19	26.7678596283351	20.6920757388649	26.9814871994188	29.4360816909932	17.4580533353742	53.8169300924334	72.2795485722698	44.6190870601765
2021-01-20	26.6255090159016	20.5341876684941	26.4771200320686	29.2293660323214	16.8876199858051	53.6275158408909	72.1068993074956	44.6792365195196
2021-01-21	26.4719738119919	20.3688784972802	25.9591846433984	29.0094074053637	16.3441093781229	53.4028193002985	71.854794441158	44.7067440436619
2021-01-22	26.3083017677264	20.1975470913826	25.4311883055934	28.7783849740481	15.8286535319138	53.1459004245648	71.524885247419	44.6972742545833
2021-01-23	26.1355406342254	20.0215923169605	24.896638290839	28.5384779023024	15.3423844667639	52.859819167598	71.1188230004407	44.6464917742636
2021-01-24	25.9547381626092	19.8424130401733	24.3590418713205	28.2918653540543	14.8864342022593	52.5476354833066	70.6382589743851	44.5500612246828
2021-01-25	25.7666737249672	19.6611829559362	23.8213569772377	28.0404620969536	14.4613009268452	52.2119507328542	70.0850784203341	44.4045602407478
2021-01-26	25.5710531772648	19.4781750741891	23.28434417085	27.7851253135379	14.0649475044028	51.8535319064247	69.4621024970487	44.2102185090728
2021-01-27	25.3673139964363	19.2934372336276	22.748214672431	27.5264477900667	13.6947029676723	51.4726874014572	68.7723863402095	43.9681787291992
2021-01-28	25.1548936594163	19.1070172729477	22.2131797022547	27.2650223127993	13.3478963493941	51.0697256153909	68.0189850854974	43.6795836006681
2021-01-29	24.9332296431389	18.918963030845	21.6794504805949	27.0014416679954	13.0218566823083	50.6449549456649	67.2049538685931	43.3455758230208
2021-01-30	24.7017594245386	18.7293223460153	21.1472382277256	26.7362986419143	12.7139129991553	50.1986837897184	66.3333478251774	42.9672980957985
2021-01-31	24.4599204805499	18.5381430571545	20.6167541639204	26.4701860208155	12.4213943326753	49.7312205449904	65.4072220909311	42.5458931185426
2021-02-01	24.207150288107	18.3454730029582	20.0882095094534	26.2036965909584	12.1416297156085	49.2428736089201	64.4296318015349	42.0825035907941
2021-02-02	23.9428863241443	18.1513600221224	19.5618154845983	25.9374231386027	11.8719481806953	48.7339513789466	63.4036320926696	41.5782722120944
2021-02-03	23.6665660655963	17.9558519533428	19.037783309629	25.6719584500076	11.6096787606758	48.204762252509	62.332278100016	41.0343416819846
2021-02-04	23.3776269893973	17.7589966353151	18.5163242048194	25.4078953114327	11.3521504882904	47.6556146270464	61.2186249592547	40.4518547000062
2021-02-05	23.0755065724817	17.5608419067352	17.9976493904433	25.1458265091375	11.0966923962793	47.086816899998	60.0657278060667	39.8319539657002
2021-02-06	22.7596422917839	17.3614356062988	17.4819700867746	24.8863448293815	10.8406335173828	46.4986774688029	58.8766417761325	39.1757821786079
2021-02-07	22.4294716242382	17.1608255727018	16.9694975140871	24.630043058424	10.5813028843411	45.8915047309003	57.6544220051331	38.4844820382705
2021-02-08	22.0846819410793	16.9588098596725	16.4604392730467	24.3771940723879	10.316578845892	45.2660926758822	56.4022641305638	37.7600197734841
2021-02-09	21.7259601907427	16.7541873810702	15.9549884858873	24.1267911068492	10.0465370147635	44.6251776619529	55.1239257971785	37.0076557300631
2021-02-10	21.3542432159642	16.5455072657868	15.4533346552347	23.8775074872473	9.77180231968108	43.9719816394697	53.8233051515455	36.2334737830768
2021-02-11	20.9704678594795	16.3313186427141	14.9556672837149	23.6280165390216	9.49299968937021	43.30972655879	52.5043003402335	35.4435578075946
2021-02-12	20.5755709640244	16.1101706407441	14.4621758739537	23.3769915876114	9.21075405255637	42.641634370271	51.170809509811	34.6439916786857
2021-02-13	20.1704893723347	15.8806123887686	13.9730499285769	23.123105958456	8.92569033796505	41.97092702427	49.8267308068463	33.8408592714194
2021-02-14	19.7561599271461	15.6411930156795	13.4884789502105	22.8650329769949	8.63843347432175	41.3008264711442	48.475962377908	33.040244460865
2021-02-15	19.3335623769653	15.3908409134112	13.0087790862579	22.6017149069825	8.34973625020188	40.6340389411437	47.1221813935805	32.2473137751706
2021-02-16	18.9038480933829	15.1300015260688	12.5347730632324	22.3331697654339	8.06086289358058	39.9712077840888	45.7681811205117	31.4635643547999
2021-02-17	18.4682113537603	14.8594995607998	12.067410252425	22.0596845076792	7.77320549228294	39.3124606296923	44.4165338493653	30.6895759932954
2021-02-18	18.0278464354588	14.5801597247517	11.6076400251267	21.7815460890487	7.48815613413404	38.6579251076674	43.069811870805	29.9259284841996
2021-02-19	17.5839476158399	14.2928067250721	11.1564117526283	21.4990414648724	7.20710690695894	38.0077288477269	41.7305874754947	29.173201621055
2021-02-20	17.1377091722651	13.9982652689086	10.7146748062209	21.2124575904806	6.93144989858274	37.3619994795838	40.401432954098	28.4319751974041
2021-02-21	16.6903253820958	13.6973600634086	10.2833785571952	20.9220814212034	6.6625771968305	36.7208646329511	39.0849205972788	27.7028290067895
2021-02-22	16.2429905226934	13.3909158157199	9.8634723768423	20.6281999123711	6.40188088952731	36.0844519375417	37.7836226957008	26.9863428427536
2021-02-23	15.7968988714193	13.0797572329898	9.45590563645309	20.3311000193137	6.15075306449825	35.4528890230687	36.5001115400277	26.283096498839
2021-02-24	15.3532447056349	12.764709022366	9.0616277073185	20.0310686973614	5.91058580956839	34.8263035192449	35.2369594209234	25.5936697685882
2021-02-25	14.9132223027018	12.446595890996	8.68158796072945	19.7283929018445	5.68277121256282	34.2048230557833	33.9967386290515	24.9186424455437
2021-02-26	14.4780259399812	12.1262425460274	8.31673576797689	19.4233595880931	5.4687013613066	33.588575262397	32.7820214550759	24.2585943232481
2021-02-27	14.0488498948347	11.8044736946077	7.96802050035173	19.1162557114373	5.26976834362483	32.9776877687988	31.5953801896602	23.6141051952438
2021-02-28	13.6268884446237	11.4821140438845	7.63639152914492	18.8073682272074	5.08736424734257	32.3722882047017	30.4393871234683	22.9857548550733
2021-03-01	13.2132270294855	11.1599688518774	7.32253798285594	18.4968799202814	4.9227444831414	31.7722152734396	29.316262612171	22.3742107043024
2021-03-02	12.8085157406613	10.8387655800942	7.02610801881856	18.1845568937296	4.77661775312883	31.1761519728297	28.2268192714673	21.7804905765891
2021-03-03	12.4132958321683	10.5192122409146	6.74648955157515	17.87006108017	4.6495560822689	30.5824923743102	27.1715177820637	21.2056999136148
2021-03-04	12.0281085580235	10.2020168467185	6.48307049566801	17.5530544122207	4.54213149552561	29.9896305493193	26.1508188246662	20.6509441570609
2021-03-05	11.653495172244	9.88788740988572	6.23523876563951	17.2331988224999	4.45491601786296	29.395960569295	25.1651830799812	20.1173287486087
2021-03-06	11.2899969288469	9.57753194279608	6.00238227603195	16.9101562436257	4.38848167424498	28.7998765056756	24.2150712287149	19.6059591299395
2021-03-07	10.9381550818495	9.27165845782938	5.78388894138769	16.583588608216	4.34340048963569	28.1997724298992	23.3009439515735	19.1179407427345
2021-03-08	10.5985249933955	8.97103553684641	5.57914845988895	16.253500360602	4.32009960578315	27.5944959461634	22.4231877344158	18.6542673854447
2021-03-09	10.2717184581361	8.67667403963185	5.38755766427749	15.9212659919652	4.31842663157174	26.9847087897031	21.5818922837118	18.2154862835985
2021-03-10	9.95836137884948	8.38964539545136	5.20851517093498	15.5886025052005	4.3380842926699	26.3715262285128	20.7770731110839	17.8020330194939
2021-03-11	9.65907965831347	8.11102103357057	5.04141959624306	15.2572269032025	4.37877531474605	25.756063530587	20.0087457281545	17.4143431754291
2021-03-12	9.37449919930613	7.84187238325516	4.88566955658339	14.9288561888656	4.44020242346864	25.13943596392	19.2769256465461	17.0528523337018
2021-03-13	9.10524590460546	7.58327087377074	4.74066366833764	14.6052073650846	4.5220683445061	24.5227587965062	18.5816283778812	16.7179960766102
2021-03-14	8.85194567698945	7.33628793438299	4.60580054788744	14.2879974347541	4.62407580352687	23.9071472963402	17.9228694337823	16.4102099864523
2021-03-15	8.61505414572082	7.10178568983524	4.48053122061183	13.9787499221401	4.74579542493822	23.2935918531791	17.3004556738007	16.1295572572151
2021-03-16	8.39434584600115	6.87978904678154	4.36451634787932	13.6782144369939	4.88626942810277	22.6825833438311	16.713359349203	15.8746115296418
2021-03-17	8.18942503951673	6.67011360735364	4.2574690000558	13.3869471104384	5.04440793112201	22.0744877668673	16.1603440591848	15.6435740561644
2021-03-18	7.99989598795386	6.47257497368329	4.15910224750714	13.1055040735963	5.21912105209739	21.4696711208586	15.6401734029415	15.4346460892153
2021-03-19	7.82536295299884	6.28698874790223	4.06912916059925	12.8344414575905	5.40931890913038	20.8684994043761	15.1516109796685	15.2460288812266
2021-03-20	7.66543019633795	6.1131705321422	3.98726280969799	12.5743153935436	5.61391162032247	20.2713386159907	14.6934203885615	15.0759236846304
2021-03-21	7.5197019796575	5.95093592853497	3.91321626516926	12.3256820125786	5.83180930377509	19.6785547542736	14.2643652288158	14.9225317518589
2021-03-22	7.38778256464378	5.80010053921227	3.84670259737895	12.0890974458181	6.06192207758973	19.0905138177956	13.8632090996269	14.7840543353443
2021-03-23	7.26927621298309	5.66047996630585	3.78743487669293	11.865117824385	6.30316005986786	18.5075818051279	13.4887156001905	14.6586926875189
2021-03-24	7.16378718636171	5.53188981194745	3.73512617347709	11.6542992794021	6.55443336871094	17.9301247148413	13.1396483297018	14.5446480608147
2021-03-25	7.07091974646595	5.41414567826882	3.68948955809731	11.457197941992	6.81465212222044	17.358508545507	12.8147708873565	14.4401217076639
2021-03-26	6.99027815498209	5.30706316740171	3.65023810091949	11.2743699432777	7.08272643849782	16.793099295696	12.5128468723499	14.3433148804988
2021-03-27	6.92146667359644	5.21045788147786	3.6170848723095	11.1063714143819	7.35756643564457	16.2342629639791	12.2326398838777	14.2524288317514
2021-03-28	6.86408956399529	5.12414542262901	3.58974294263323	10.9537584864274	7.63808223176214	15.6823655489275	11.9729135211352	14.165664813854
2021-03-29	6.81773070147977	5.04787106562528	3.56799563077464	10.816886556304	7.92324527824526	15.1379872694724	11.7321601032782	14.081238224244
2021-03-30	6.78189241581037	4.98109877579022	3.55190724968998	10.6953080839705	8.21227235966166	14.6025652259861	11.507786829303	13.9974210403796
2021-03-31	6.7560566503624	4.92322219108577	3.54161236085357	10.5883747951525	8.50444159387235	14.077750739201	11.2969296181662	13.9124993847243
2021-04-01	6.73970534851121	4.87363494947384	3.53724552573974	10.4954384155758	8.79903109873831	13.5651951298495	11.0967243888245	13.8247593797415
2021-04-02	6.73232045363211	4.83173068891635	3.53894130582281	10.415850670966	9.09531899212055	13.0665497186641	10.9043070602345	13.7324871478948
2021-04-03	6.73338390910042	4.79690304737523	3.5468342625771	10.348963287049	9.39258339188006	12.5834658263774	10.7168135513526	13.6339688116475
2021-04-04	6.74237765829147	4.76854566281241	3.56105895747694	10.2941279895505	9.69010241587782	12.1175947737218	10.5313797811356	13.5274904934632
2021-04-05	6.75878017080547	4.74612860192256	3.58164213975435	10.2506842225969	9.98722068136972	11.6703090017497	10.3456111097413	13.4117674089109
2021-04-06	6.78205602114219	4.72942764633144	3.60817930967217	10.2179223039184	10.2835488031911	11.2418654327932	10.1589906621322	13.2872311459817
2021-04-07	6.81166631002626	4.71829500639755	3.64015815525094	10.1951202696456	10.578763895572	10.8322421095046	9.97147100447249	13.1547423857726
2021-04-08	6.84707213818233	4.71258289247939	3.67706636451119	10.1815561559093	10.8725430727428	10.4414170745359	9.78300470292595	13.0151618093803
2021-04-09	6.88773460633506	4.71214351493548	3.71839162547347	10.1765079988404	11.1645634489336	10.0693683705393	9.59354432365653	12.8693500979015
2021-04-10	6.93311481520908	4.71682908412432	3.76362162615831	10.1792538345696	11.4545021383746	9.71607404016683	9.40304243282816	12.7181679324331
2021-04-11	6.98267386552904	4.72649181040441	3.81224405458624	10.1890716992277	11.7420362552959	9.38151212607074	9.21145159660476	12.5624759940719
2021-04-12	7.0358728580196	4.74098390413427	3.86374659877782	10.2052396289454	12.0268429139278	9.0656606709031	9.01872438115027	12.4031349639146
2021-04-13	7.09217289340539	4.7601575756724	3.91761694675358	10.2270356598536	12.3085992285005	8.76849771731603	8.8248133526286	12.2410055230581
2021-04-14	7.15103507241107	4.7838650353773	3.97334278653405	10.2537378280831	12.586982313244	8.49000130796168	8.62967107720369	12.0769483525991
2021-04-15	7.21192049576128	4.81195849360749	4.03041180613977	10.2846241697645	12.8616692823887	8.23014948549217	8.43325012103945	11.9118241336344
2021-04-16	7.27429026418067	4.84429016072147	4.08831169359129	10.3189727210288	13.1323372501647	7.98892029255963	8.23550305029982	11.7464935472608
2021-04-17	7.33760547839388	4.88071224707774	4.14653013690913	10.3560615180067	13.3986633308022	7.76629177181617	8.03638243114872	11.5818172745751
2021-04-18	7.40132723912556	4.92107696303482	4.20455482411385	10.3951685968289	13.6603246385314	7.56224196591394	7.83584082975007	11.4186559966741
2021-04-19	7.46492701061036	4.9652214778938	4.2619275539372	10.4353837563457	13.9167435423566	7.37650498687815	7.63398768770778	11.257852052855
2021-04-20	7.52791771112293	5.01292279672609	4.31840656795594	10.4750438462842	14.1663234303794	7.20783922422639	7.43155994838562	11.1001744152163
2021-04-21	7.58982262244792	5.06394288354573	4.37380421845803	10.5122974790914	14.4072129454752	7.05475913684932	7.22945143058734	10.9463737140573
2021-04-22	7.65016502636999	5.1180437023667	4.42793285773144	10.5452932672138	14.6375607305197	6.91577918363762	7.02855595311669	10.7972005796768
2021-04-23	7.70846820467378	5.17498721720303	4.48060483806414	10.5721798230982	14.8555154283885	6.78941382348195	6.82976733477741	10.653405642374
2021-04-24	7.76425543914394	5.23453539206874	4.53163251174411	10.5911057591912	15.0592256819572	6.674177515273	6.63397939437328	10.5157395324478
2021-04-25	7.81705001156513	5.29645019097781	4.58082823105931	10.6002196879395	15.2468401341014	6.56858471790145	6.44208595070803	10.3849528801973
2021-04-26	7.86640882126747	5.36050840389793	4.6280077626798	10.5977713467831	15.4166632624236	6.47127958238921	6.25479617305349	10.2615601168479
2021-04-27	7.91202323776298	5.42654612461132	4.67300053080393	10.5824149731345	15.5676228834339	6.38142502828328	6.07208063255375	10.1451308773294
2021-04-28	7.95361824810914	5.49441427285388	4.71563937401214	10.5529059293994	15.698802648369	6.29831366726189	5.89372525082101	10.0349985974983
2021-04-29	7.99091883936343	5.56396376836149	4.75575713088487	10.5079995779836	15.8092862084659	6.22123811100328	5.71951594946742	9.93049671321074
2021-04-30	8.02364999858334	5.63504553087005	4.79318664000256	10.4464512812927	15.8981572149615	6.14949097118571	5.54923865010518	9.8309586603231
2021-05-01	8.05153671282637	5.70751048011545	4.82776073994564	10.3670164017326	15.9644993190925	6.0823648594874	5.38267927434645	9.73571787469162
2021-05-02	8.07430396914998	5.78120953583356	4.85931226929456	10.2684503017089	16.007396172096	6.0191523875866	5.21962374380341	9.64410779217259
2021-05-03	8.09168636782054	5.85597947005224	4.88768365634433	10.1495552714196	16.0261563130371	5.95918863035855	5.0598917841341	9.55544214534559
2021-05-04	8.10345696193986	5.93160046396712	4.91275568824838	10.0093213122316	16.0209878322941	5.90197851546648	4.90343833718	9.46895585368327
2021-05-05	8.1093984178186	6.00783855106581	4.93441874187471	9.84678535330398	15.9923237080738	5.84706943377061	4.75025214882845	9.38386413338159
2021-05-06	8.10929340176745	6.08445976483589	4.95256319409133	9.6609843237958	15.9405969185828	5.79400877613117	4.60032196496677	9.2993822006365
2021-05-07	8.10292458009708	6.16123013876496	4.96707942176624	9.45095515286619	15.8662404420277	5.74234393340838	4.45363653148231	9.21472527164395
2021-05-08	8.09007461911816	6.23791570634063	4.97785780176745	9.21573476967423	15.7696872566154	5.69162229646247	4.3101845942624	9.1291085625999
2021-05-09	8.07052618514138	6.31428250105047	4.98478871096296	8.95436010337902	15.6513703405524	5.64139125615366	4.16995489919438	9.04174728970029
2021-05-10	8.0440619444774	6.3900965563821	4.98776252622077	8.66586808313962	15.5117226720454	5.59119820334218	4.03293619216558	8.95185666914108
2021-05-11	8.01046456343689	6.4651239058231	4.98666962440891	8.34929563811518	15.3511772293011	5.54059052888826	3.89911721906335	8.85865191711822
2021-05-12	7.96951670833055	6.53913058286108	4.98140038239536	8.00367969746476	15.1701669905262	5.48911562365211	3.76848672577502	8.76134824982766
2021-05-13	7.92100104546903	6.61188262098361	4.97184517704815	7.62805719034746	14.9691249339273	5.43632087849397	3.64103345818792	8.65916088346535
2021-05-14	7.86470024116301	6.68314605367831	4.95789438523526	7.22146504592238	14.7484840377112	5.38175368427406	3.5167461621894	8.55130503422725
2021-05-15	7.80039696172318	6.75268691443277	4.93943838382472	6.7829401933486	14.5086772800845	5.3249614318526	3.39561358366679	8.43699591830931
2021-05-16	7.72787387346021	6.82027123673457	4.91636754968451	6.31151956178523	14.2501376392539	5.26549151208982	3.27762446850742	8.31544875190747
2021-05-17	7.64699574655336	6.88564832304396	4.88882315792971	5.80643734024787	13.9735414806467	5.2029614698526	3.1627824117108	8.18604166251405
2021-05-18	7.55795576665632	6.94850055171164	4.85795007666357	5.26771675717822	13.6805387185729	5.13726946603437	3.05115040472505	8.04880442280681
2021-05-19	7.46102922329137	7.00849357006098	4.82514407223639	4.69557830087449	13.3730226545631	5.06838381553523	2.94280628811046	7.90392971675985
2021-05-20	7.35649140598077	7.06529302541533	4.79180091099848	4.09024245963489	13.052886590148	4.99627283325527	2.83782790242731	7.7516102283473
2021-05-21	7.2446176042468	7.11856456509805	4.75931635930014	3.45192972175763	12.7220238268581	4.92090483409459	2.7362930882359	7.59203864154327
2021-05-22	7.12568310761174	7.16797383643249	4.72908618349169	2.78086057554093	12.3823276662242	4.84224813295329	2.63827968609652	7.42540764032187
2021-05-23	6.99996320559787	7.213186486742	4.70250614992343	2.07725550928299	12.0356914097768	4.76027104473144	2.54386553656945	7.25190990865722
2021-05-24	6.86792613510454	7.25393301015313	4.6807665727967	1.34262858844371	11.6838596108143	4.67499163749042	2.45310079962701	7.07183752170575
2021-05-25	6.73081192253939	7.29020328800518	4.66423595771692	0.583668187129653	11.3279818297062	4.58662699193662	2.36592491288964	6.88588011935316
2021-05-26	6.59005354168715	7.32205204844067	4.65307735814059	0	10.9690588785897	4.49544394193772	2.28224963338983	6.69482673266748
2021-05-27	6.44708396633253	7.34953401960208	4.64745382752415	0	10.608091569602	4.40170932136139	2.20198671816003	6.4994663927167
2021-05-28	6.30333617026029	7.37270392963191	4.64752841932409	0	10.2460807148803	4.30568996407531	2.12504792423273	6.30058813056888
2021-05-29	6.16024312725513	7.39161650667268	4.65346418699688	0	9.88402712656195	4.20765270394714	2.05134500864039	6.09898097729202
2021-05-30	6.01923781110179	7.40632647886687	4.66542418399897	0	9.52293161678405	4.10786437484456	1.9807897284155	5.89543396395413
2021-05-31	5.88175319558498	7.41688857435698	4.68357146378684	0	9.16379499768385	4.00659181063524	1.91329384059053	5.69073612162324
2021-06-01	5.74922225448943	7.42335752128552	4.70806907981696	0	8.80761808139857	3.90410184518685	1.84876910219795	5.48567648136737
2021-06-02	5.62307796159986	7.42578804779497	4.7390800855458	0	8.45540168006542	3.80066131236706	1.78712727027022	5.28104407425454
2021-06-03	5.504753290701	7.42423488202786	4.77676753442983	0	8.10814660582163	3.69653704604355	1.72828010183984	5.07762793135276
2021-06-04	5.39568121557758	7.41875275212667	4.82129447992552	0	7.76685367080441	3.59199588008398	1.67213935393926	4.87621708373006
2021-06-05	5.29729471001432	7.4093963862339	4.87282397548932	0	7.43252368715099	3.48730464835604	1.61861678360097	4.67760056245445
2021-06-06	5.21102674779594	7.39622051249205	4.93151907457773	0	7.10615746699858	3.38273018472738	1.56762414785743	4.48256739859395
2021-06-07	5.13802988697175	7.37934658850665	4.99717925476057	0	6.78867693114356	3.2785998212136	1.51909560701159	4.29181225457346
2021-06-08	5.07833502264937	7.35916298973528	5.0681496900612	0	6.48068843501887	3.1754828824219	1.47305493444823	4.10565231824537
2021-06-09	5.031692634201	7.33612482109858	5.14241197861636	0	6.18271944271663	3.07400919110743	1.4295483068226	3.92431040881894
2021-06-10	4.99785320099883	7.31068718751716	5.21794771856278	0	5.89529741832894	2.97480857002532	1.38862190078996	3.74800934550344
2021-06-11	4.97656720241507	7.28330519391163	5.29273850803717	0	5.61894982594791	2.87851084193068	1.35032189300557	3.57697194750813
2021-06-12	4.96758511782192	7.25443394520263	5.36476594517629	0	5.35420412966565	2.78574582957866	1.31469446012466	3.41142103404228
2021-06-13	4.97065742659157	7.22452854631076	5.43201162811685	0	5.10158779357425	2.69714335572437	1.28178577880249	3.25157942431515
2021-06-14	4.98527945443599	7.19365957460743	5.49280243595706	0	4.86152268279291	2.61323479322753	1.25160224999799	3.09775334116217
2021-06-15	5.00992591242625	7.16035949726712	5.54684637164104	0	4.63400826654903	2.53415771536606	1.22399117188466	2.95058262192333
2021-06-16	5.04281635797316	7.1227762539151	5.59419671907439	0	4.41893841509713	2.45995124552246	1.19876006693972	2.81079050756478
2021-06-17	5.08217034848757	7.07905778417664	5.6349067621627	0	4.21620699869167	2.39065450707923	1.17571645764033	2.6791002390527
2021-06-18	5.12620744138028	7.02735202767701	5.66902978481156	0	4.02570788758717	2.32630662341888	1.15466786646371	2.55623505735321
2021-06-19	5.17314719406213	6.96580692404147	5.69661907092657	0	3.8473349520381	2.2669467179239	1.13542181588703	2.44291820343249
2021-06-20	5.22120916394395	6.89257041289528	5.71772790441333	0	3.68098206229897	2.2126139139768	1.11778582838749	2.33987291825669
2021-06-21	5.26887545152342	6.8062321276064	5.73242470354166	0	3.52645021630056	2.1633218383154	1.10161030604492	2.24762906170419
2021-06-22	5.31567832964571	6.70714847651346	5.74083842403828	0	3.38316892267886	2.11898213109889	1.08691716934978	2.16594296930233
2021-06-23	5.36141261424284	6.59611756169776	5.74311315599412	0	3.25047481774618	2.07948093584175	1.07377121839518	2.09437759549068
2021-06-24	5.40587312124683	6.47393748524062	5.73939298950015	0	3.12770453781482	2.04470439605849	1.06223725327423	2.0324958947088
2021-06-25	5.44885466658971	6.34140634922334	5.72982201464729	0	3.01419471919705	2.01453865526361	1.05238007408002	1.97986082139627
2021-06-26	5.49015206620349	6.19932225572724	5.7145443215265	0	2.90928199820519	1.98886985697161	1.04426448090566	1.93603532999265
2021-06-27	5.52956013602019	6.04848330683362	5.69370400022873	0	2.81230301115153	1.967584144697	1.03795527384427	1.90058237493751
2021-06-28	5.56687369197185	5.8896876046238	5.66744514084492	0	2.72259439434836	1.95056766195427	1.03351725298894	1.87306491067043
2021-06-29	5.60188754999048	5.72373325117909	5.63591183346601	0	2.63949278410797	1.93770655225793	1.03101521843278	1.85304589163096
2021-06-30	5.63439652600811	5.55141834858078	5.59924816818294	0	2.56233481674267	1.92888695912248	1.0305139702689	1.84008827225869
2021-07-01	5.66419543595675	5.37354099891021	5.55759823508667	0.0995551622832628	2.49045712856475	1.92399502606241	1.0320783085904	1.83375500699316
2021-07-02	5.69107909576844	5.19089930424867	5.51110612426814	0.591502654013223	2.4231963558865	1.92291689659224	1.03577303349039	1.83360905027397
2021-07-03	5.71484232137519	5.00429136667748	5.45991592581829	1.06533416698393	2.35988913502023	1.92553871422646	1.04166294506198	1.83921335654067
2021-07-04	5.73527992870902	4.81451528827795	5.40417172982807	1.51825080723133	2.29987210227822	1.93174662247957	1.04981284339826	1.85013088023284
2021-07-05	5.75226561573852	4.62223403509428	5.34413831510159	1.94809251286105	2.24256256429795	1.94153684117927	1.06024897099327	1.86592906661209
2021-07-06	5.76598860857849	4.42757002902232	5.28056321529559	2.3552545502576	2.18770050901756	1.95534589540601	1.07284333994473	1.88619332422829
2021-07-07	5.77671701538029	4.23051055592081	5.21431465277998	2.74077101787518	2.1351065947004	1.97372038655343	1.08742940475128	1.91051355245335
2021-07-08	5.7847189442953	4.03104290164847	5.14626084992467	3.10567601416802	2.08460147960978	1.99720691601519	1.10384061991156	1.93847965065919
2021-07-09	5.79026250347486	3.82915435206406	5.07727002909958	3.45100363759031	2.03600582200904	2.02635208518493	1.1219104399242	1.96968151821771
2021-07-10	5.79361580107036	3.62483219302631	5.0082104126746	3.77778798659627	1.98914028016151	2.06170249545629	1.14147231928786	2.00370905450084
2021-07-11	5.79504694523314	3.41806371039395	4.93995022301964	4.08706315964011	1.9438255123305	2.10380474822293	1.16235971250117	2.04015215888048
2021-07-12	5.79480719142084	3.20888712120138	4.87319922419655	4.37988627581662	1.89986611108441	2.153027695176	1.18441483025062	2.07866362239698
2021-07-13	5.79308038431618	2.99754436718556	4.80803334703487	4.65740653678293	1.85700240621178	2.20902918919676	1.20751490797411	2.11914780276436
2021-07-14	5.79003351590812	2.7843283212591	4.74437006405607	4.92079616483677	1.81495866180622	2.27128933346399	1.23154593729738	2.16157194936507
2021-07-15	5.78583357818566	2.56953185633463	4.68212684778163	5.17122738227584	1.77345914196133	2.33928823115645	1.25639390984618	2.20590331158154
2021-07-16	5.78064756313778	2.35344784532476	4.62122117073301	5.40987241139786	1.73222811077071	2.41250598545291	1.28194481724625	2.25210913879625
2021-07-17	5.77464246275344	2.13636916114209	4.56157050543169	5.63790347450055	1.69098983232797	2.49042269953216	1.30808465112334	2.30015668039162
2021-07-18	5.76798526902164	1.91858867669926	4.50309232439914	5.85649279388161	1.64946857072672	2.57251847657295	1.33469940310319	2.35001318575011
2021-07-19	5.76084297393134	1.70039926490888	4.44570410015684	6.06681259183876	1.60738859006054	2.65827341975406	1.36167506481155	2.40164590425416
2021-07-20	5.75338256947154	1.48209379868355	4.38932330522626	6.27003509066971	1.56447415442306	2.74716763225426	1.38889762787416	2.45502208528622
2021-07-21	5.74577104763121	1.26396515093591	4.33386741212887	6.46733251267219	1.52044952790787	2.83868121725233	1.41625308391677	2.51010897822874
2021-07-22	5.73817540039934	1.04630619457855	4.27925389338615	6.65987708014389	1.47503897460857	2.93229427792703	1.44362742456512	2.56687383246416
2021-07-23	5.73076261976489	0.829409802524101	4.22540022151956	6.84884101538255	1.42796675861876	3.02748691745714	1.47090664144496	2.62528389737494
2021-07-24	5.72369969771685	0.613568847685175	4.17222386905059	7.03539654068587	1.37895714403206	3.12373923902144	1.49797672618203	2.68530642234353
2021-07-25	5.7171536262442	0.399076202974386	4.11964230850069	7.22071587835157	1.32773439494206	3.22053134579868	1.52472367040208	2.74690865675235
