date	state	King	Snohomish	Pierce	Ann Arbor	Boston	San Diego	DC
2020-01-26	0	0	0	0	0	0	0	0
2020-01-27	0	0	0	0	0	0	0	0
2020-01-28	0	0	0	0	0	0	0	0
2020-01-29	0	0	0	0	0	0	0	0
2020-01-30	0	0	0	0	0	0	0	0
2020-01-31	0	0	0	0	0	0	0	0
2020-02-01	0	0	0	0	0	0	0	0
2020-02-02	0	0	0	0	0	0	0	0
2020-02-03	0	0	0	0	0	0	0	0
2020-02-04	0	0	0	0	0	0	0	0
2020-02-05	0	0	0	0	0	0	0	0
2020-02-06	0	0	0	0	0	0	0	0
2020-02-07	0	0	0	0	0	0	0	0
2020-02-08	0	0	0	0	0	0	0	0
2020-02-09	0	0	0	0	0	0	0	0
2020-02-10	0	0	0	0	0	0	0	0
2020-02-11	0	0.496982207601821	3.40891649459174	0	0	0	0	0
2020-02-12	0	3.79688057337892	7.79387780952176	0	0	0	0	0
2020-02-13	0.843830374496177	7.33396697330442	12.4763581380383	0	0	0	0	0
2020-02-14	3.02494922382686	11.1233433350437	17.4739746619176	0	0	0	0	0
2020-02-15	5.38385586525587	15.1801115862623	22.804344562936	0	0	0	0	0
2020-02-16	7.93197223582312	19.5193736546256	28.4850850228695	0.0551748892830676	0	0	0	0
2020-02-17	10.6807202725685	24.156231467799	34.5338132234944	1.79056589423343	0	0	0	0
2020-02-18	13.6415219125319	29.105786953448	40.968146346587	3.69611200544356	0.977112959135572	0	0	0
2020-02-19	16.8257990927533	34.3831420392379	47.8057015739234	5.78237640649059	5.10627748808721	0	0	0
2020-02-20	20.2449737502725	40.0033986528342	55.0640960872799	8.05992228095164	9.65995832579545	0	0	0
2020-02-21	23.9104678221294	45.9816587219024	62.7609470684327	10.5393128124039	14.6629115873319	0	0	0
2020-02-22	27.833703245364	52.3330241741079	70.9138716991581	13.2311111844244	20.139893387768	1.36409678231759	1.02796146284322	0
2020-02-23	32.0261019570161	59.0725969371161	79.5404871612322	16.1458805805903	26.1156598421753	19.913044358349	2.221007344879	0
2020-02-24	36.4970978323198	66.2118320691324	88.6534587994981	19.293191550341	32.6131792813336	40.4682045136984	3.53813306969256	0
2020-02-25	41.2481724992848	73.7475971505215	98.2456446110654	22.6786441065644	39.6482688988552	63.1316667117996	4.98531592362526	0
2020-02-26	46.2788195241154	81.6731128921881	108.304950756111	26.3068456280105	47.2349581040605	88.0054506194587	6.56846869216958	1.04450690798517
2020-02-27	51.5885324730154	89.981600005037	118.81928339481	30.1824034934294	55.3872763062701	115.191575903482	8.29350416081799	8.88334677694157
2020-02-28	57.176804912189	98.666279199973	129.776548687341	34.3099250815714	64.1192529148043	144.792062230674	10.166335115063	17.5825237077792
2020-02-29	63.04313040784	107.720371187901	141.164652793879	38.6940177711864	73.4449173389836	176.908929267843	12.192874340397	27.189622315061
2020-03-01	69.1870025261726	117.137096679725	152.971501874601	43.3392889410245	83.3782989881286	211.644196681794	14.3790346223125	37.75222721335
2020-03-02	75.6057312625856	126.905808777148	165.179120669549	48.2490248623558	93.9323028824946	249.097163396648	16.7303933553197	49.3178614329307
2020-03-03	82.2878923292573	137.000390145063	177.746008238229	53.4212273765296	105.115336486076	289.356245365787	19.2511863699995	61.9338016669731
2020-03-04	89.2198778675608	147.390855839164	190.624782220014	58.852577217415	116.934682873802	332.507137799909	21.9453141059505	75.6472630243691
2020-03-05	96.3880800188693	158.04722091514	203.768060254273	64.5397551188813	129.397625120602	378.635535909712	24.8166770027715	90.5054606140102
2020-03-06	103.778890924556	168.939500428685	217.128459980379	70.4794418147976	142.511446301405	427.827134905893	27.8691755000609	106.555609544788
2020-03-07	111.378702725994	180.037709435489	230.658599037705	76.6683180390332	156.283429491141	480.16762999915	31.1067100374175	123.844924925595
2020-03-08	119.173907564556	191.311862991244	244.31109506562	83.1030645254573	170.720857764738	535.74271640018	34.5331810544399	142.420621865322
2020-03-09	127.146864708722	202.728656703457	258.034570174758	89.7756199344642	185.815365347495	594.594492335474	38.1498327870241	162.316925025138
2020-03-10	135.263801935394	214.241508386897	271.761664360788	96.6589546325493	201.495991066181	656.590668094693	41.9472846562562	183.516097275327
2020-03-11	143.486914148581	225.800516408148	285.421022090643	103.721296912733	217.676124897934	721.555356983293	45.9134998795195	205.987411038448
2020-03-12	151.778396252293	237.355779133794	298.941287831253	110.930875068035	234.269156819892	789.312672306728	50.0364416741975	229.700138737061
2020-03-13	160.100443150539	248.857394930419	312.251106049549	118.255917391478	251.188476809193	859.686727370453	54.3040732576735	254.623552793728
2020-03-14	168.415249747326	260.255462164606	325.279121212462	125.66465217608	268.347474842975	932.501635479923	58.7043578473311	280.726925631007
2020-03-15	176.685010946665	271.50007920294	337.953977786923	133.125307714862	285.659540898377	1007.58150994059	63.2252586605537	307.979529671459
2020-03-16	184.871921652564	282.541344412004	350.204320239864	140.606112300845	303.038064952535	1084.75046405791	67.8547389147246	336.350637337644
2020-03-17	192.938176769033	293.329356158382	361.958793038214	148.07529422705	320.396436982589	1163.83261113735	72.5807618272273	365.809521052123
2020-03-18	200.845971200079	303.814212808659	373.146040648906	155.501081786496	337.648046965676	1244.65206448434	77.3912906154452	396.325453237456
2020-03-19	208.557499849712	313.946012729419	383.694707538871	162.851703272205	354.706284878934	1327.03293740436	82.2742884967617	427.867706316203
2020-03-20	216.034957621942	323.674854287244	393.533438175038	170.095386977196	371.484540699502	1410.79934320285	87.2177186885603	460.405552710923
2020-03-21	223.240539420776	332.95083584872	402.59087702434	177.20036119449	387.896204404516	1495.77539518526	92.2095444082244	493.908264844178
2020-03-22	230.136440150224	341.72405578043	410.795668553708	184.134854217108	403.854665971116	1581.78520665706	97.2377288731374	528.345115138528
2020-03-23	236.686447835129	349.949312617601	418.085260677965	190.862111287028	419.267430481219	1668.60482345711	102.288481493118	563.664902413685
2020-03-24	242.860722983667	357.600205570035	424.432315103511	197.325445442055	434.018463435861	1755.81802155795	107.340996447725	599.734531077971
2020-03-25	248.631019224848	364.655034016175	429.818296984637	203.463186668953	447.985845440858	1842.96050946551	112.372714108954	636.400431936864
2020-03-26	253.969090187683	371.092097334466	434.224671475637	209.213664954487	461.047657102026	1929.56799568573	117.3610748488	673.509035795836
2020-03-27	258.846689501183	376.889694903352	437.632903730801	214.51521028542	473.081979025182	2015.17618872458	122.283519039256	710.906773460364
2020-03-28	263.235570794357	382.026126101277	440.024458904422	219.306152648515	483.966891816141	2099.32079708798	127.117487052317	748.440075735923
2020-03-29	267.107487696216	386.479690306685	441.380802150793	223.524822030537	493.580476080718	2181.53752928189	131.840419259979	785.955373427989
2020-03-30	270.442591452546	390.235438787109	441.696272986982	227.124142467755	501.828371702726	2261.39017744607	136.434439645251	823.311431009261
2020-03-31	273.254623776236	393.305430366432	441.016708381166	230.115414194463	508.726455677954	2338.55486825566	140.900406635206	860.416347621345
2020-04-01	275.565723996953	395.708475757629	439.400819664302	232.524531494462	514.318164280184	2412.73581201959	145.243862267931	897.190556073069
2020-04-02	277.398031444361	397.463385673672	436.907318167344	234.377388651552	518.646933783203	2483.63721904681	149.470348581514	933.554489173265
2020-04-03	278.773685448126	398.588970827532	433.594915221246	235.699879949533	521.756200460794	2550.96329964629	153.585407614044	969.428579730762
2020-04-04	279.714825337913	399.104041932183	429.522322156963	236.517899672206	523.689400586741	2614.41826412696	157.594581403608	1004.73326055439
2020-04-05	280.243590443388	399.027409700598	424.74825030545	236.85734210337	524.489970434829	2673.70632279778	161.503411988295	1039.38896445298
2020-04-06	280.382120094216	398.377884845749	419.331410997662	236.744101526827	524.201346278842	2728.53168596769	165.317441406191	1073.31612423536
2020-04-07	280.152553620062	397.174278080609	413.330515564554	236.204072226375	522.866964392564	2778.59856394565	169.042211695385	1106.43517271035
2020-04-08	279.577030350593	395.43540011815	406.804275337081	235.263148485817	520.530261049779	2823.61116704061	172.683264893965	1138.6665426868
2020-04-09	278.677689615472	393.180061671346	399.811401646196	233.947224588951	517.234672524272	2863.27370556152	176.246143040019	1169.93066697353
2020-04-10	277.476670744366	390.427073453168	392.410605822855	232.282194819578	513.023635089827	2897.29038981732	179.736388171635	1200.14797837937
2020-04-11	275.99611306694	387.195246176589	384.660599198014	230.293953461498	507.940585020228	2925.36543011697	183.159542326899	1229.23890971315
2020-04-12	274.25815591286	383.503390554583	376.620093102626	228.008394798512	502.028958589259	2947.20303676941	186.521147543902	1257.1238937837
2020-04-13	272.286001221733	379.373048755718	368.343895903633	225.45266307531	495.33618048639	2962.57401156228	189.824933173806	1283.73191766684
2020-04-14	270.107101372941	374.836688770951	359.871204111927	222.658902380139	487.925629063829	2971.51552219787	193.067377820085	1309.0261855064
2020-04-15	267.749971355807	369.929510046833	351.237311274385	219.660506762137	479.864671089469	2974.13132785718	196.243147399287	1332.97845571318
2020-04-16	265.243126159656	364.686712029917	342.477510937886	216.490870270443	471.220673331206	2970.52518772119	199.346907827961	1355.560486698
2020-04-17	262.615080773811	359.143494166755	333.627096649306	213.183386954192	462.061002556932	2960.80086097089	202.373325022657	1376.74403687166
2020-04-18	259.894350187596	353.335055903901	324.721361955526	209.771450862525	452.453025534541	2945.06210678725	205.317064899922	1396.50086464499
2020-04-19	257.109449390335	347.296596687905	315.795600403421	206.288456044577	442.464109031927	2923.41268435126	208.172793376306	1414.80272842879
2020-04-20	254.286743374978	341.061215708981	306.88190145484	202.763848364557	432.159271423026	2895.99988325656	210.93568479359	1431.61532247462
2020-04-21	251.443997148984	334.653611131983	297.999538231509	199.211280946952	421.594137505948	2863.1451147474	213.602947194484	1446.88008439702
2020-04-22	248.596825723437	328.096380865423	289.164579770124	195.640458731322	410.821983684845	2825.21332048069	216.172297046929	1460.53238765125
2020-04-23	245.760844109422	321.412122817814	280.393095107379	192.061086657223	399.89608636387	2782.56944211332	218.641450818867	1472.50760569261
2020-04-24	242.951667318025	314.623434897671	271.701153279971	188.482869664214	388.869721947174	2735.5784213022	221.00812497824	1482.74111197635
2020-04-25	240.184910360329	307.752915013506	263.104823324596	184.915512691854	377.796166838909	2684.60519970423	223.27003599299	1491.16827995777
2020-04-26	237.476188247421	300.823161073833	254.620174277948	181.3687206797	366.728697443229	2630.01471897632	225.424900331059	1497.72448309214
2020-04-27	234.841048270155	293.856417300317	246.262718864189	177.852244370918	355.714780442843	2572.16172809501	227.472383410882	1502.36213034489
2020-04-28	232.294766838475	286.873513167232	238.045744557343	174.376017723103	344.778643634697	2511.36020531541	229.419946452872	1505.10177272213
2020-04-29	229.852552642093	279.894924462003	229.981982518899	170.950020497461	333.938705094292	2447.91393621227	231.276999627934	1505.98099674011
2020-04-30	227.529614370722	272.941126972057	222.084163910347	167.584232455194	323.213382897132	2382.12670636032	233.052953106977	1505.0373889151
2020-05-01	225.341160714076	266.032596484819	214.365019893175	164.288633357506	312.621095118718	2314.30230133432	234.757217060905	1502.30853576335
2020-05-02	223.302400361868	259.189808787714	206.837281628874	161.073202965601	302.180259834555	2244.74450670902	236.399201660626	1497.83202380113
2020-05-03	221.428542003811	252.433239668169	199.513680278931	157.947921040682	291.909295120144	2173.75710805917	237.988317077046	1491.64543954469
2020-05-04	219.734794329618	245.783364913609	192.406947004838	154.922767343954	281.826619050988	2101.6438909595	239.533973481071	1483.7863695103
2020-05-05	218.236366029002	239.260660311459	185.529812968083	152.00772163662	271.95064970259	2028.70864098478	241.045581043607	1474.29240021421
2020-05-06	216.948465791676	232.885601649146	178.895009330155	149.212763679883	262.299805150453	1955.25514370974	242.532549935562	1463.20111817269
2020-05-07	215.886302307354	226.678664714096	172.515267252545	146.547873234948	252.892503470078	1881.58718470913	244.004290327841	1450.55010990199
2020-05-08	215.065084265749	220.660325293733	166.40331789674	144.023030063018	243.74716273697	1808.0085495577	245.470212391352	1436.37696191838
2020-05-09	214.500020356574	214.851059175483	160.571892424231	141.648213925297	234.88220102663	1734.8230238302	246.939726296999	1420.71926073811
2020-05-10	214.206319269543	209.271342146773	155.033721996506	139.433404582988	226.316036414562	1662.33439310137	248.422242215691	1403.61459287745
2020-05-11	214.198410276897	203.942439619208	149.800722005596	137.38761150317	218.064025734303	1590.81866230417	249.93194987905	1385.10969285867
2020-05-12	214.487604981	198.888775501107	144.881544765689	135.515962976416	210.12928085153	1520.4407138043	251.502157261571	1365.28788722816
2020-05-13	215.084435566744	194.135563324973	140.284026821514	133.822616999176	202.511852389959	1451.33764932569	253.170951898465	1344.2416505383
2020-05-14	215.99943421902	189.708016623306	136.0160047178	132.311731567897	195.211790973301	1383.64657059225	254.976421324944	1322.06345734148
2020-05-15	217.243133122722	185.631348928606	132.085314999276	130.987464679028	188.229147225269	1317.5045793279	256.956653076219	1298.84578219012
2020-05-16	218.82606446274	181.930773773374	128.49979421067	129.853974329017	181.563971769578	1253.04877725656	259.149734687503	1274.68109963659
2020-05-17	220.758760423968	178.63150469011	125.267278896712	128.915418514313	175.21631522994	1190.41626610215	261.593753694006	1249.66188423329
2020-05-18	223.048537174675	175.754246857576	122.39471234558	128.176502109827	169.187878224523	1129.72376327603	264.325070433486	1223.87949089139
2020-05-19	225.689846816648	173.301672039572	119.885464819249	127.64411750432	163.486961349317	1071.00644893945	267.373136453885	1197.42079595715
2020-05-20	228.673925435048	171.271943646161	117.742013323144	127.325703965018	158.123515194764	1014.27911894108	270.765676105693	1170.3715561356
2020-05-21	231.992009115039	169.663225087405	115.966834862688	127.228700759143	153.107490351309	959.556569129596	274.530413739397	1142.81752813176
2020-05-22	235.635333941785	168.473679773364	114.562406443307	127.360547153921	148.448837409395	906.853595353694	278.695073705486	1114.84446865066
2020-05-23	239.595136000449	167.701471114101	113.531205070425	127.728682416575	144.157506959465	856.184993462054	283.287380354449	1086.53813439733
2020-05-24	243.862651376194	167.344762519678	112.875707749467	128.340545814331	140.243449591965	807.565559303361	288.335058036773	1057.98428207681
2020-05-25	248.429116154183	167.401717400156	112.598391485857	129.203576614412	136.716615897337	761.010088726298	293.865831102949	1029.26866839411
2020-05-26	253.28576641958	167.870499165597	112.701733285019	130.325214084042	133.586956466024	716.533377579549	299.907423903464	1000.47705005427
2020-05-27	258.423838257548	168.749271226062	113.188210152378	131.712897490447	130.864421888472	674.150221711796	306.487560788806	971.695183762309
2020-05-28	263.834567753251	170.036196991614	114.060299093359	133.37406610085	128.558962755122	633.875416971727	313.633966109465	943.008826223268
2020-05-29	269.509190991851	171.729439872314	115.320477113385	135.316159182475	126.68052965642	595.723759208023	321.374364215928	914.50373414217
2020-05-30	275.438944058513	173.827163278224	116.971221217882	137.546616002548	125.239073182809	559.710044269368	329.736479458685	886.265664224043
2020-05-31	281.615063038399	176.327530619406	119.015008412274	140.072875828291	124.244543924732	525.849068004447	338.748036188224	858.380373173917
2020-06-01	288.031835287301	179.229835182679	121.453036755863	142.905604265808	123.707023013437	494.141899901727	348.43288396457	830.930215914486
2020-06-02	294.695753243531	182.537889761894	124.281388523465	146.068372276712	123.637113743383	464.534704008805	358.799373185899	803.983940239101
2020-06-03	301.616360616028	186.25663702766	127.494867043772	149.587977161495	124.045549949836	436.959918013064	369.851979459924	777.606892158783
2020-06-04	308.803201113731	190.391019650587	131.088275645477	153.491216220647	124.943065468058	411.349979601883	381.595178394358	751.864417684548
2020-06-05	316.26581844558	194.945980301283	135.056417657273	157.804886754662	126.340394133314	387.637326462645	394.033445596912	726.821862827414
2020-06-06	324.013756320515	199.926461650356	139.394096407854	162.555786064029	128.248269780868	365.75439628273	407.171256675301	702.544573598401
2020-06-07	332.056558447474	205.337406368417	144.096115225911	167.770711449241	130.677426245983	345.63362674952	421.013087237236	679.097896008526
2020-06-08	340.401095064733	211.179916631259	149.156373184506	173.472311987929	133.635442553337	327.209744311165	435.55676502682	656.546100421746
2020-06-09	349.043542527901	217.439732635426	154.565152334175	179.666643866276	137.117278485267	310.426630458895	450.773526333711	634.949154613775
2020-06-10	357.977403721926	224.098754082645	160.31183046982	186.355615047607	141.114739013521	295.230455444709	466.627959583958	614.365950713265
2020-06-11	367.19618153175	231.138880674643	166.385785386345	193.541133495247	145.619629109849	281.567389520606	483.084653203607	594.855380848868
2020-06-12	376.693378842322	238.542012113148	172.776394878654	201.225107172518	150.623753746003	269.383602938584	500.108195618707	576.476337149236
2020-06-13	386.462498538585	246.29004809989	179.47303674165	209.409444042745	156.11891789373	258.625265950642	517.663175255307	559.287711743022
2020-06-14	396.497043505485	254.364888336594	186.465088770236	218.096052069252	162.096926524781	249.23854880878	535.714180539453	543.348396758878
2020-06-15	406.787236950234	262.745596640301	193.739284603078	227.282241816301	168.545156743283	241.169681239124	554.217993283122	528.704489698562
2020-06-16	417.310183369105	271.399893289292	201.271781253895	236.946934251909	175.433274182866	234.36513086431	573.100168842007	515.35090955626
2020-06-17	428.039707580637	280.292662677159	209.036091580168	247.064452945032	182.726516609539	228.771424781102	592.278455957726	503.269780699263
2020-06-18	438.94963440337	289.388789197494	217.005728439377	257.609121464626	190.390121789309	224.335090086263	611.670603371902	492.443227494864
2020-06-19	450.013788655843	298.65315724389	225.154204689004	268.555263379646	198.389327488185	221.002653876558	631.194359826154	482.853374310353
2020-06-20	461.205995156596	308.050651209939	233.45503318653	279.877202259048	206.689371472175	218.72064324875	650.767474062102	474.482345513022
2020-06-21	472.500078724168	317.546155489234	241.881726789435	291.549261671787	215.255491507286	217.435585299603	670.307694821368	467.312265470163
2020-06-22	483.869864177098	327.104554475366	250.4077983552	303.54576518682	224.052925359527	217.094007125881	689.73277084557	461.325258549067
2020-06-23	495.289176333927	336.690732561929	259.006760741308	315.841036373102	233.046910794905	217.642435824347	708.960450876331	456.503449117026
2020-06-24	506.731840013194	346.269574142515	267.652126805238	328.409398799589	242.202685579429	219.027398491765	727.908483655271	452.828961541332
2020-06-25	518.171680033436	355.805963610715	276.317409404472	341.225176035236	251.485487479107	221.195422224899	746.494617924008	450.283920189277
2020-06-26	529.582521213195	365.264785360123	284.97612139649	354.262691649	260.860554259945	224.093034120513	764.636602424165	448.850449428151
2020-06-27	540.93818837101	374.61092378433	293.601775638773	367.496269209835	270.293123687953	227.666761275371	782.252185897361	448.510673625247
2020-06-28	552.21250632542	383.80926327693	302.167884988804	380.900232286697	279.748433529138	231.863130786235	799.259117085216	449.246717147856
2020-06-29	563.374483962638	392.827300704237	310.647430870825	394.444310652762	289.183306846123	236.630321798126	815.5769993718	451.029272918508
2020-06-30	574.37386643957	401.642982823467	319.011268976139	408.079858898084	298.520907887983	241.92312164908	831.13285471097	453.783308080687
2020-07-01	585.155582980794	410.236868864556	327.229723562808	421.753637816935	307.675986200411	247.697969725392	845.855559699034	457.422358333117
2020-07-02	595.664562810892	418.589518057442	335.273118888898	435.41240820359	316.563291329096	253.911305413354	859.673990932297	461.859959374521
2020-07-03	605.845735154441	426.681489632063	343.111779212472	449.002930852321	325.09757281973	260.519568099259	872.517025007066	467.009646903621
2020-07-04	615.644029236022	434.493342818356	350.716028791594	462.471966557401	333.193580218003	267.4791971694	884.313538519648	472.784956619139
2020-07-05	625.004374280213	442.005636846258	358.056191884328	475.766276113105	340.766063069606	274.746632010071	894.992408066349	479.0994242198
2020-07-06	633.877875446134	449.200161429739	365.104620942622	488.832568640681	347.745096725291	282.282931300412	904.4990877333	485.87026433667
2020-07-07	642.240341631064	456.0636282189	371.841781193951	501.617346569288	354.122059756056	290.067630890962	912.845341565932	493.029407330198
2020-07-08	650.073757666821	462.583979347874	378.250166059674	514.067060655058	359.903656537961	298.084885925107	920.0595110995	500.512462493176
2020-07-09	657.360108385226	468.749156950793	384.312268961149	526.128161654125	365.096591447063	306.318851546231	926.169937869259	508.255039118396
2020-07-10	664.081378618095	474.547103161789	390.010583319734	537.747100322624	369.707568859423	314.753682897722	931.204963410463	516.192746498652
2020-07-11	670.21955319725	479.965760114996	395.327602556789	548.870327416687	373.743293151099	323.373535122965	935.19292925837	524.261193926737
2020-07-12	675.756616954507	484.993069944546	400.245820093672	559.444293692448	377.210468698151	332.162563365346	938.162176948233	532.395990695442
2020-07-13	680.674554721687	489.616974784571	404.747729351741	569.415449906042	380.115799876636	341.104922768251	940.141048015307	540.532746097561
2020-07-14	684.955351330608	493.825416769205	408.815823752354	578.730246813601	382.465991062615	350.184768475066	941.157883994849	548.607069425887
2020-07-15	688.580991613089	497.60633803258	412.432596716871	587.335135171259	384.267746632146	359.386255629176	941.241026422112	556.554569973211
2020-07-16	691.533460400949	500.947680708828	415.580541666649	595.176565735151	385.527770961289	368.693539373969	940.418816832353	564.310857032328
2020-07-17	693.794742526007	503.837386932083	418.242152023048	602.200989261409	386.252768426103	378.09077485283	938.719596760826	571.811539896029
2020-07-18	695.346822820082	506.263398836477	420.399921207425	608.354856506167	386.449443402646	387.562117209144	936.171707742787	578.992227857107
2020-07-19	696.171686114992	508.213658556142	422.03634264114	613.58461822556	386.124500266978	397.091721586299	932.80349131349	585.788530208355
2020-07-20	696.25915108738	509.682314298655	423.139520332899	617.847305872937	385.293749030483	406.661604922711	928.648025224569	592.144868269142
2020-07-21	695.630371793183	510.688338565361	423.720000640803	621.142273690521	384.009422245851	416.245231336929	923.757332093165	598.040911465145
2020-07-22	694.31433613316	511.25690993105	423.793940510304	623.47945661775	382.332858101096	425.813926742533	918.188170752796	603.465141248616
2020-07-23	692.340032008071	511.413206970512	423.377496886852	624.868789594062	380.325394784233	435.339017053103	911.997300036981	608.406039071808
2020-07-24	689.736447318676	511.182408258536	422.486826715896	625.320207558896	378.048370483277	444.791828182218	905.24147877924	612.852086386974
2020-07-25	686.532569965736	510.589692369911	421.138086942888	624.84364545169	375.563123386243	454.14368604346	897.977465813091	616.791764646366
2020-07-26	682.757387850009	509.660237879426	419.347434513276	623.449038211884	372.930991681144	463.365916550407	890.262019972052	620.213555302238
2020-07-27	678.440010709021	508.416480460751	417.132697141233	621.151772254803	370.204050533785	472.430133218046	882.149798390067	623.107690875903
2020-07-28	673.61003562736	506.86988418307	414.518385615809	617.989039899328	367.397323021118	481.309099966986	873.687051402771	625.471408164917
2020-07-29	668.297181526379	505.029170214449	411.530681494777	614.003484940225	364.516569197887	489.975868319243	864.917927646225	627.303695035898
2020-07-30	662.53116732743	502.903059722953	408.195766335908	609.237751172263	361.567549118831	498.403489796831	855.88657575649	628.603539355462
2020-07-31	656.341711951867	500.500273876646	404.539821696974	603.734482390208	358.556022838693	506.565015921767	846.637144369625	629.369928990227
2020-08-01	649.758534321042	497.829533843593	400.589029135748	597.536322388828	355.487750412214	514.433498216065	837.21378212169	629.601851806811
2020-08-02	642.811353356309	494.89956079186	396.369570210002	590.68591496289	352.368491894137	521.981988201741	827.660637648746	629.29829567183
2020-08-03	635.530176583661	491.718192652451	391.906262451917	583.227268201205	349.208197439767	529.187186771032	818.019345487298	628.462382288403
2020-08-04	627.946165947656	488.289734408135	387.218467291323	575.209847368751	346.033577606667	536.04039229706	808.321483775634	627.113768705658
2020-08-05	620.09077199749	484.61760780462	382.324182132458	566.684482024549	342.875533052964	542.536552523168	798.596116552489	625.276245809221
2020-08-06	611.995445282363	480.705234587616	377.24140437956	557.702001727621	339.764964436786	548.670615192699	788.872307856595	622.973604484722
2020-08-07	603.691636351471	476.556036502832	371.988131436868	548.313236036987	336.732772416258	554.437528048997	779.179121726686	620.229635617789
2020-08-08	595.210795754014	472.173435295976	366.582360708622	538.569014511668	333.809857649509	559.832238835405	769.545622201497	617.06813009405
2020-08-09	586.584374039189	467.560852712757	361.042089599059	528.520166710687	331.027120794665	564.849695295268	760.00087331976	613.512878799134
2020-08-10	577.843821756194	462.721710498884	355.385315512418	518.217522193064	328.415462509853	569.484845171928	750.57393912021	609.587672618668
2020-08-11	569.020589454227	457.659430400065	349.630035852939	507.71191051782	326.005783453201	573.732636208728	741.29388364158	605.316302438281
2020-08-12	560.146127682485	452.377434162011	343.794248024859	497.054161243976	323.828984282835	577.588016149013	732.189770922603	600.722559143601
2020-08-13	551.251886990167	446.879143530429	337.895949432419	486.295103930554	321.915965656883	581.045932736124	723.290665002014	595.830233620257
2020-08-14	542.36931792647	441.167980251028	331.953137479855	475.485568136574	320.297628233471	584.101333713408	714.625629918546	590.663116753877
2020-08-15	533.529871040593	435.247366069518	325.983809571408	464.676383421058	319.004872670727	586.749166824205	706.223729710932	585.244999430089
2020-08-16	524.764996881734	429.120722731606	320.005963111315	453.918379343027	318.068599626777	588.98437981186	698.114028417907	579.599672534522
2020-08-17	516.104985535608	422.796273792419	314.03753690063	443.261037970182	317.517171449662	590.810838270713	690.318921948277	573.752860864499
2020-08-18	507.575485234005	416.301450044747	308.096235327663	432.748451404939	317.368797247074	592.268079199088	682.834133691136	567.73802486413
2020-08-19	499.200983745233	409.668484090794	302.199704177538	422.423364258396	317.639147816615	593.404557446304	675.648718905652	561.590558889221
2020-08-20	491.0059688376	402.929608532769	296.36558923538	412.32852114165	318.343893955892	594.268727861683	668.751732850994	555.345857295575
2020-08-21	483.014928279413	396.117055972876	290.611536286313	402.506666665796	319.498706462508	594.909045294545	662.132230786328	549.039314438999
2020-08-22	475.25234983898	389.263059013323	284.95519111546	393.000545441932	321.119256134068	595.37396459421	655.779267970822	542.706324675298
2020-08-23	467.742721284609	382.399850256314	279.414199507948	383.852902081155	323.221213768176	595.711940609998	649.681899663644	536.382282360276
2020-08-24	460.508820516344	375.559561425449	274.007418661055	375.101907976008	325.819539039961	595.968544841404	643.827970726161	530.100384189118
2020-08-25	453.566585961177	368.773920729891	268.758551420684	366.767441644823	328.926347134652	596.177815388614	638.200484428529	523.885036214522
2020-08-26	446.930246177835	362.074555500195	263.692512044892	358.864808387378	332.553042115001	596.370907001988	632.781233643105	517.758446828565
2020-08-27	440.614029725047	355.493093066914	258.834214791738	351.409313503452	336.711028043762	596.578974431886	627.552011242246	511.742824423325
2020-08-28	434.632165161541	349.061160760606	254.208573919279	344.416262292823	341.411708983689	596.833172428668	622.494610098309	505.860377390878
2020-08-29	428.998881046044	342.810385911824	249.840503685573	337.900960055269	346.666488997533	597.164655742695	617.590823083649	500.133314123301
2020-08-30	423.728405937286	336.772395851123	245.754918348677	331.87871209057	352.486772148048	597.604579124326	612.822443070623	494.583843012673
2020-08-31	418.834968393993	330.978817909059	241.976732166651	326.364823698502	358.883962497988	598.184097323922	608.171262931588	489.234172451069
2020-09-01	414.332796974894	325.461279416186	238.530859397551	321.374600178845	365.869464110106	598.934365091842	603.619075538899	484.106510830568
2020-09-02	410.236120238718	320.251407703059	235.442214299435	316.923346831378	373.454681047154	599.886537178446	599.147673764914	479.223066543246
2020-09-03	406.559166744192	315.380830100234	232.735711130362	313.026368955878	381.651017371885	601.071768334095	594.738850481988	474.606047981181
2020-09-04	403.316165050043	310.881173938265	230.436264148388	309.698971852124	390.469877147054	602.521213309149	590.374398562478	470.277663536449
2020-09-05	400.521343715001	306.784066547708	228.568787611572	306.956460819894	399.922664435412	604.266026853967	586.036110878741	466.260121601128
2020-09-06	398.188931297794	303.121135259116	227.158195777972	304.814141158968	410.020783299713	606.337363718911	581.705780303133	462.575630567295
2020-09-07	396.330585433354	299.921679723396	226.22762221714	303.284742094483	420.778612714833	608.764626707181	577.370023887421	459.239235667526
2020-09-08	394.947680061437	297.205688872846	225.793077744611	302.370688553019	432.222431304138	611.570210833354	573.034755401019	456.237329496395
2020-09-09	394.039018198004	294.990823960119	225.868792487415	302.071829386516	444.381492603115	614.774759164846	568.710712792751	453.549141488971
2020-09-10	393.603402859016	293.294746237864	226.468996572581	302.388013446915	457.285050147254	618.398914769074	564.408634011442	451.153901080329
2020-09-11	393.639637060432	292.135116958732	227.607920127138	303.319089586156	470.962357472042	622.463320713455	560.139257005916	449.030837705538
2020-09-12	394.146523818214	291.529597375372	229.299793278116	304.864906656178	485.442668112968	626.988620065406	555.913319724999	447.159180799671
2020-09-13	395.122866148322	291.495848740437	231.558846152545	307.025313508922	500.75523560552	631.995455892344	551.741560117513	445.5181597978
2020-09-14	396.566480867562	292.049734643335	234.39881706097	309.798384110715	516.921260748446	637.506601666543	547.633222999989	444.096025522496
2020-09-15	398.471239996113	293.199928020523	237.831477048005	313.175092885431	533.929733393526	643.553352479699	543.591580659768	442.917114346328
2020-09-16	400.830029355003	294.953304145216	241.868105341778	317.144639371334	551.761590655801	650.169133828365	539.6184122519	442.014784029366
2020-09-17	403.635734765256	297.316738290628	246.519981170419	321.696223106686	570.397769650312	657.387371209095	535.71549693143	441.422392331678
2020-09-18	406.881242047898	300.297105729975	251.798383762056	326.819043629749	589.819207492098	665.241490118441	531.884613853406	441.173297013333
2020-09-19	410.559437023954	303.901281736472	257.71459234482	332.502300478786	610.006841296199	673.764916052957	528.127542172877	441.300855834401
2020-09-20	414.663205514449	308.136141583335	264.279886146839	338.735193192058	630.941608177656	682.991074509194	524.446061044888	441.83842655495
2020-09-21	419.191200017083	313.009898251199	271.504629773164	345.510583900814	652.611515124879	692.953755700056	520.848811219261	442.815481819567
2020-09-22	424.165139736253	318.53611555038	279.395529336539	352.835985108245	675.032848619754	703.688208703837	517.371879824914	444.245953810909
2020-09-23	429.612510553029	324.729694998615	287.958376326627	360.722571910524	698.228965017538	715.230047315184	514.058215585537	446.139889596151
2020-09-24	435.560798348481	331.60553811364	297.198962233093	369.181519403829	722.223220673487	727.61488532874	510.950767224821	448.507336242467
2020-09-25	442.03748900368	339.178546413191	307.123078545603	378.224002684335	747.038971942859	740.878336539151	508.092483466458	451.358340817033
2020-09-26	449.070068399697	347.463621415006	317.73651675382	387.861196848218	772.69957518091	755.056014741061	505.526313034138	454.702950387023
2020-09-27	456.686022417602	356.47566463682	329.045068347409	398.104276991652	799.228386742896	770.183533729116	503.295204651553	458.551212019611
2020-09-28	464.912836938465	366.22957759637	341.054524816035	408.964418210813	826.648762984074	786.296507297959	501.442107042392	462.913172781973
2020-09-29	473.777997843357	376.740261811393	353.770677649362	420.452795601878	854.984060259701	803.430549242236	500.009968930349	467.798879741283
2020-09-30	483.308991013348	388.022618799624	367.199318337056	432.580584261022	884.257634925032	821.621273356592	499.041739039112	473.218379964717
2020-10-01	493.533302329509	400.091550078801	381.34623836878	445.35895928442	914.492843335325	840.904293435671	498.580366092374	479.181720519447
2020-10-02	504.478417672911	412.96195716666	396.2172292342	458.799095768248	945.713041845837	861.315223274119	498.668798813826	485.698948472651
2020-10-03	516.171822924623	426.648741580936	411.818082422979	472.912168808682	977.941586811823	882.88967666658	499.349985927158	492.780110891502
2020-10-04	528.641003965717	441.166804839368	428.154589424784	487.709353501898	1011.20183458854	905.663267407699	500.666876156061	500.435254843174
2020-10-05	541.918132457773	456.537389391449	445.232945803975	503.205368935033	1045.5037988545	929.668530525068	502.66752421131	508.679606172966
2020-10-06	556.054123184411	472.807101413707	463.060963423709	519.429110159074	1080.80412258122	954.925685978072	505.42040875201	517.549105838665
2020-10-07	571.10457670976	490.028888014425	481.646858221837	536.413016215971	1117.04610606347	981.451874959043	508.999114424351	527.084873576182
2020-10-08	587.125093597952	508.255696301891	500.998846136215	554.189526147673	1154.17304959603	1009.26423866031	513.477225874521	537.328029121427
2020-10-09	604.171274413116	527.540473384388	521.125143104693	572.791078996131	1192.12825347367	1038.37991827421	518.928327748709	548.319692210311
2020-10-10	622.298719719383	547.936166370202	542.033965065125	592.250113803293	1230.85501799116	1068.81605499308	525.426004693105	560.100982578744
2020-10-11	641.563030080882	569.495722367618	563.733527955364	612.59906961111	1270.29664344327	1100.58979000924	533.043841353898	572.713019962636
2020-10-12	662.011358150427	592.259390683063	586.231217565798	633.866811748204	1310.4028603451	1133.70918674579	541.858394301237	586.193125062836
2020-10-13	683.657064935566	616.216629415531	609.531099096957	656.067910689895	1351.14912009302	1168.14599754893	551.958107801114	600.563422439932
2020-10-14	706.505063532531	641.344198862152	633.636407601901	679.213363198171	1392.5173043037	1203.8628969956	563.434398043482	615.842237619451
2020-10-15	730.560267037554	667.618859320063	658.550378133696	703.314166035025	1434.48929459384	1240.82255966276	576.378681218294	632.047896126921
2020-10-16	755.827588546866	695.017371086398	684.276245745403	728.381315962449	1477.04697258012	1278.98766012736	590.882373515504	649.198723487867
2020-10-17	782.311941156699	723.516494458289	710.817245490088	754.425809742435	1520.17221987922	1318.32087296635	607.036891125063	667.313045227816
2020-10-18	810.018237963285	753.092989732872	738.176612420812	781.458644136972	1563.84691810784	1358.78487275669	624.933650236925	686.409186872295
2020-10-19	838.951392062856	783.72361720728	766.35758159064	809.490815908053	1608.05294888266	1400.34233407533	644.664067041043	706.505473946831
2020-10-20	869.116316551642	815.385137178647	795.363388052634	838.533321817669	1652.77219382037	1442.95593149922	666.31955772737	727.620231976949
2020-10-21	900.517924525877	848.054309944109	825.19726685986	868.597158627813	1697.98653453765	1486.58833960532	689.99153848586	749.771786488178
2020-10-22	933.161129081791	881.707895800796	855.862453065378	899.693323100474	1743.67785265119	1531.20223297057	715.771425506462	772.978463006042
2020-10-23	967.050843315616	916.322655045845	887.362181722252	931.832811997644	1789.82802977767	1576.76028617194	743.750634979133	797.258587056069
2020-10-24	1002.19198032358	951.875347976389	919.699687883546	965.026622081315	1836.41894753378	1623.22517378638	774.020583093823	822.630484163785
2020-10-25	1038.58945320193	988.342734889562	952.878206602324	999.285750113478	1883.43248753621	1670.55957039084	806.672686040488	849.112479854717
2020-10-26	1076.22787393766	1025.68204289236	986.881875925979	1034.60329863838	1930.8345507389	1718.73541368744	841.79713496908	876.714032499448
2020-10-27	1115.01065008096	1063.77236633124	1021.61844587924	1070.90079332926	1978.52711544485	1767.76169387897	879.479220869561	905.409131848787
2020-10-28	1154.82088807279	1102.47326636252	1056.97656948115	1108.08186564164	2026.39617929431	1817.65666429339	919.803009691897	935.1629004986
2020-10-29	1195.54169435409	1141.64430414252	1092.84489975077	1146.05014703102	2074.32773992754	1868.43857825867	962.852567386049	965.940461044752
2020-10-30	1237.05617536583	1181.14504082756	1129.11208970716	1184.7092689529	2122.20779498478	1920.12568910276	1008.71195990198	997.706936083108
2020-10-31	1279.24743754896	1220.83503757394	1165.66679236936	1223.96286286278	2169.9223421063	1972.73625015363	1057.46525318966	1030.42744820954
2020-11-01	1321.99858734445	1260.57385553801	1202.39766075644	1263.71456021618	2217.35737893235	2026.28851473924	1109.19651319904	1064.0671200199
2020-11-02	1365.19075463719	1300.22586776672	1239.20247663064	1303.86490035793	2264.37800981395	2080.79867407004	1163.97751820432	1098.58421591104
2020-11-03	1408.69716308794	1339.67469486971	1276.01553672705	1344.30205419027	2310.7657659452	2136.27467088646	1221.83089577653	1133.90956748371
2020-11-04	1452.38905980138	1378.80876934726	1312.78026652391	1384.91110050476	2356.28128523095	2192.72238581141	1282.76698581094	1169.96714813963
2020-11-05	1496.13769188218	1417.51652369967	1349.44009149951	1425.57711809297	2400.68520557606	2250.14769946781	1346.79612820281	1206.68093128054
2020-11-06	1539.81430643504	1455.68639042721	1385.93843713211	1466.18518574646	2443.7381648854	2308.55649247859	1413.92866284742	1243.97489030814
2020-11-07	1583.29015056465	1493.20680203017	1422.21872889998	1506.62038225681	2485.20080106382	2367.95464546666	1484.17492964002	1281.77299862418
2020-11-08	1626.43647137569	1529.96619100885	1458.22439228139	1546.76778641559	2524.83375201619	2428.34803905495	1557.54526847588	1319.99922963037
2020-11-09	1669.12898294979	1565.85754664637	1493.89585801135	1586.51681340628	2562.42330157142	2489.74437712322	1634.03063298275	1358.57752349462
2020-11-10	1711.26126727632	1600.79208535723	1529.16157785186	1625.77422398009	2597.85831725467	2552.15865657867	1713.54443171834	1397.43168744954
2020-11-11	1752.73137332159	1634.68558033879	1563.94700882164	1664.45111528016	2631.05331251513	2615.60769758535	1795.98068697286	1436.48549549391
2020-11-12	1793.43735005191	1667.45380478838	1598.17760793943	1702.45858444962	2661.92280080201	2680.10832030731	1881.23342103651	1475.66272162652
2020-11-13	1833.27724643359	1699.01253190336	1631.77883222397	1739.70772863159	2690.38129556452	2745.67734490859	1969.19665619949	1514.88713984615
2020-11-14	1872.14911143294	1729.27753488108	1664.67613869399	1776.1096449692	2716.34331025186	2812.33159155324	2059.76441475199	1554.0825241516
2020-11-15	1909.95099401626	1758.16458691888	1696.79498436822	1811.5754306056	2739.72335831323	2880.08788040532	2152.83071898423	1593.17264854164
2020-11-16	1946.58094314987	1785.58946121411	1728.06082626541	1846.01618268391	2760.43595319784	2948.96303162885	2248.28959118639	1632.08128701507
2020-11-17	1981.93700780008	1811.46793096412	1758.39912140428	1879.34299834726	2778.3956083549	3018.97386538791	2346.0350536487	1670.73221357067
2020-11-18	2015.91723693319	1835.71576936625	1787.73532680358	1911.46697473879	2793.51683723361	3090.13720184653	2445.96112866133	1709.04920220723
2020-11-19	2048.41967951552	1858.24874961785	1815.99489948203	1942.29920900162	2805.71415328317	3162.46986116876	2547.9618385145	1746.95602692352
2020-11-20	2079.34238451337	1878.98264491628	1843.10329645837	1971.75079827889	2814.90206995278	3235.98866351866	2651.93120549841	1784.37646171835
2020-11-21	2108.58340089306	1897.83322845887	1868.98597475133	1999.73283971373	2820.99510069166	3310.71042906025	2757.76325190326	1821.23428059049
2020-11-22	2136.04077762089	1914.71627344297	1893.56839137966	2026.15643044927	2823.90775894901	3386.65197795761	2865.35200001924	1857.45325753872
2020-11-23	2161.63107848148	1929.57341469961	1916.78462087862	2050.94515956661	2823.59914876223	3463.7687877776	2974.58672925931	1892.96117497279
2020-11-24	2185.3449265327	1942.44973359448	1938.60320784965	2074.0725838988	2820.20673652155	3541.77096569849	3085.33774752741	1927.70184894616
2020-11-25	2207.19145965073	1953.41617312695	1959.00131441076	2095.52475221683	2813.91257920539	3620.30727630134	3197.47061985021	1961.62310392328
2020-11-26	2227.17981571173	1962.5436762964	1977.9561026799	2115.28771329172	2804.89873379216	3699.02648416724	3310.85091125441	1994.67276436857
2020-11-27	2245.31913259188	1969.90318610219	1995.44473477508	2133.34751589447	2793.34725726029	3777.57735387727	3425.34418676669	2026.79865474645
2020-11-28	2261.61854816737	1975.5656455437	2011.44437281427	2149.6902087961	2779.44020658821	3855.60865001252	3540.81601141373	2057.94859952136
2020-11-29	2276.08720031435	1979.60199762029	2025.93217891546	2164.3018407676	2763.35963875433	3932.76913715406	3657.13195022221	2088.07042315772
2020-11-30	2288.72980209831	1982.06861071608	2038.87982700885	2177.16881238435	2745.27317384298	4008.72856128585	3774.1279634799	2117.11730959606
2020-12-01	2299.53336734184	1982.96355475421	2050.2370382735	2188.2789314391	2725.29068436207	4083.24059400326	3891.5215925188	2145.06388068126
2020-12-02	2308.48048505684	1982.27032504255	2059.94804570068	2197.62035752897	2703.50760592544	4156.07988830455	4009.00077393201	2171.89011773432
2020-12-03	2315.55374425523	1979.97241688897	2067.95708228167	2205.18125025108	2680.01937414689	4227.02109718797	4126.25344431259	2197.57600207623
2020-12-04	2320.73573394888	1976.05332560136	2074.20838100774	2210.94976920256	2654.92142464024	4295.83887365176	4242.96754025365	2222.10151502797
2020-12-05	2324.00904314971	1970.49654648757	2078.64617487018	2214.9140739805	2628.30919301933	4362.30787069419	4358.83099834827	2245.44663791055
2020-12-06	2325.35626086962	1963.2855748555	2081.21469686025	2217.06232418204	2600.27811489796	4426.20274131349	4473.53175518952	2267.59135204494
2020-12-07	2324.79230100661	1954.43770916645	2081.88997966773	2217.41571899445	2570.94013728194	4487.33882322683	4586.75989167904	2288.52898561632
2020-12-08	2322.46137700318	1944.10546049548	2080.77525477642	2216.12761596563	2540.47325274496	4545.69419302694	4698.21406595257	2308.30625426663
2020-12-09	2318.54002718794	1932.47514307107	2078.00555336858	2213.38441223366	2509.0719652527	4601.2876120255	4807.59508045441	2326.98322050197
2020-12-10	2313.20478988949	1919.73307112171	2073.71590662651	2209.37250493659	2476.93077877084	4654.13784153415	4914.60373762887	2344.61994682848
2020-12-11	2306.63220343645	1906.06555887589	2068.04134573248	2204.2782912125	2444.24419726505	4704.26364286455	5018.94083992023	2361.27649575226
2020-12-12	2298.99880615741	1891.65892056209	2061.11690186879	2198.28816819945	2411.20672470101	4751.68377732836	5120.30718977279	2377.01292977944
2020-12-13	2290.48113638099	1876.69947040881	2053.07760621771	2191.5885330355	2378.01286504441	4796.41700623723	5218.40358963085	2391.88931141612
2020-12-14	2281.2557324358	1861.37352264452	2044.05848996153	2184.36578285872	2344.85712226091	4838.48209090281	5312.93084193871	2405.96570316844
2020-12-15	2271.49913265045	1845.86739149773	2034.19458428254	2176.80631480719	2311.93400031619	4877.89779263677	5403.58974914064	2419.3021675425
2020-12-16	2261.38787535353	1830.36739119691	2023.62092036301	2169.09652601895	2279.43800317594	4914.68287275076	5490.08111368097	2431.95876704442
2020-12-17	2251.09849887366	1815.05983597055	2012.47252938524	2161.42281363208	2247.56363480582	4948.85609255644	5572.10573800397	2443.99556418033
2020-12-18	2240.80754153946	1800.13104004714	2000.8844425315	2153.97157478465	2216.50539917151	4980.43621336545	5649.36442455395	2455.47262145634
2020-12-19	2230.69154167951	1785.76731765517	1988.99169098408	2146.92920661472	2186.45780023869	5009.44199648946	5721.5579757752	2466.45000137856
2020-12-20	2220.92703762244	1772.15498302312	1976.92930592526	2140.48210626035	2157.61534197304	5035.89220324012	5788.38719411201	2476.98776645312
2020-12-21	2211.639167392	1759.42759333611	1964.79134677565	2134.76652380113	2130.13066073718	5059.77222987606	5849.5493877388	2487.1165948336
2020-12-22	2202.74746779255	1747.50767760575	1952.50798590919	2129.71812108269	2103.98892248148	5080.9340124438	5904.72788775041	2496.7496272635
2020-12-23	2194.12007532362	1736.26500780025	1939.96842393814	2125.22241289218	2079.13342555327	5099.19612193681	5953.60253097182	2505.77062013379
2020-12-24	2185.62512648472	1725.56935588787	1927.06186147474	2121.16491401674	2055.50746829986	5114.37712934858	5995.85315422799	2514.06332983542
2020-12-25	2177.13075777536	1715.29049383681	1913.67749913126	2117.43113924351	2033.05434906858	5126.2956056726	6031.15959434389	2521.51151275937
2020-12-26	2168.50510569506	1705.29819361532	1899.70453751996	2113.90660335965	2011.71736620675	5134.77012190236	6059.20168814447	2527.9989252966
2020-12-27	2159.61630674334	1695.46222719162	1885.03217725308	2110.47682115231	1991.43981806169	5139.61924903133	6079.65927245472	2533.40932383807
2020-12-28	2150.33891247964	1685.6558021658	1869.56464141557	2107.02770552638	1972.16281828783	5140.68140133232	6092.2776841272	2537.63531479895
2020-12-29	2140.57313470317	1675.76586866528	1853.26624298298	2103.44676185782	1953.81874176807	5137.87436619543	6097.06426012492	2540.60490469113
2020-12-30	2130.22560027304	1665.68281244937	1836.11631740358	2099.62189364033	1936.33777869241	5131.13577429005	6094.09183743851	2542.25495005071
2020-12-31	2119.20293604839	1655.29701927734	1818.09420012559	2095.44100436761	1919.65011925087	5120.4032562856	6083.4332530586	2542.52230741378
2021-01-01	2107.41176888833	1644.49887490848	1799.17922659726	2090.79199753336	1903.68595363345	5105.61444285148	6065.16134397578	2541.34383331645
2021-01-02	2094.758725652	1633.17876510209	1779.35073226685	2085.5627766313	1888.37547203015	5086.7069646571	6039.34894718071	2538.65638429479
2021-01-03	2081.15043319851	1621.22707561745	1758.58805258258	2079.64124515513	1873.64886463098	5063.61845237186	6006.06889966398	2534.39681688491
2021-01-04	2066.49351838701	1608.53419221385	1736.8705229927	2072.91530659854	1859.43632162595	5036.28653666517	5965.39403841622	2528.5019876229
2021-01-05	2050.69460807661	1594.99050065057	1714.17747894546	2065.27286445526	1845.66803320507	5004.64884820644	5917.39720042806	2520.90875304486
2021-01-06	2033.66032912644	1580.4863866869	1690.48825588909	2056.60182221897	1832.27418955835	4968.64301766508	5862.15122269012	2511.55396968687
2021-01-07	2015.29730839563	1564.91223608213	1665.78218927185	2046.79008338339	1819.18498087579	4928.20667571049	5799.72894219301	2500.37449408504
2021-01-08	1995.5121727433	1548.15843459554	1640.03861454198	2035.72555144222	1806.33059734739	4883.27745301208	5730.20319592735	2487.30718277545
2021-01-09	1974.21154902858	1530.11536798643	1613.23686714771	2023.29612988916	1793.64122916318	4833.79298023925	5653.64682088378	2472.2888922942
2021-01-10	1951.3020641106	1510.67342201408	1585.35628253728	2009.38972221792	1781.04706651314	4779.69088806142	5570.1326540529	2455.25647917739
2021-01-11	1926.73036143699	1489.76549404298	1556.40745536642	1993.9305988506	1768.48977940713	4720.98088392871	5479.81833745184	2436.17976772064
2021-01-12	1900.60315080948	1467.49452785841	1526.52601712065	1976.9884979228	1755.95695713429	4657.96098241413	5383.20073320369	2415.16045325772
2021-01-13	1873.0671586183	1444.00597885085	1495.87885849298	1958.66952449854	1743.4476688036	4591.00127487141	5280.86150845804	2392.33319888193
2021-01-14	1844.26911125367	1419.44530241078	1464.6328701764	1939.07978364184	1730.96098352406	4520.47185265428	5173.38233036446	2367.83266768655
2021-01-15	1814.35573510582	1393.9579539287	1432.95494286392	1918.32538041669	1718.49597040464	4446.74280711649	5061.34486607255	2341.79352276491
2021-01-16	1783.47375656499	1367.68938879507	1401.01196724855	1896.51241988711	1706.05169855433	4370.18422961174	4945.33078273189	2314.35042721028
2021-01-17	1751.7699020214	1340.78506240039	1368.97083402328	1873.74700711711	1693.6272370821	4291.16621149379	4825.92174749208	2285.63804411597
2021-01-18	1719.38125084585	1313.37984814582	1336.98095419335	1850.12836819372	1681.19868689456	4210.04294542179	4703.68157535662	2255.78356340102
2021-01-19	1686.40629433132	1285.56629147531	1305.12182001296	1825.72821329605	1668.65027608877	4127.10502927667	4579.10267274475	2224.88428228747
2021-01-20	1652.93387675137	1257.42635584351	1273.45544404854	1800.61137362626	1655.84326455942	4042.62716224479	4452.65959392964	2193.0300248231
2021-01-21	1619.05284237955	1229.04200470505	1242.04383886654	1774.84268038647	1642.63891220118	3956.88404351252	4324.82689318445	2160.31061505569
2021-01-22	1584.85203548942	1200.49520151456	1210.94901703338	1748.48696477883	1628.89847890873	3870.15037226623	4196.07912478236	2126.81587703302
2021-01-23	1550.42030035452	1171.86790972669	1180.2329911155	1721.60905800548	1614.48322457676	3782.70084769226	4066.89084299651	2092.63563480287
2021-01-24	1515.8464812484	1143.24209279608	1149.95777367933	1694.27379126856	1599.25440909994	3694.81016897699	3937.73660210008	2057.85971241303
2021-01-25	1481.21665742569	1114.69599167858	1120.17864396226	1666.54858541882	1583.11022596518	3606.74436300838	3809.04707063599	2022.58500140313
2021-01-26	1446.60584806525	1086.29295733495	1090.92394788542	1638.51121990135	1566.09660302825	3518.73476748072	3681.07737422614	1986.93666328025
2021-01-27	1412.08630732703	1058.09261822718	1062.2152980409	1610.24206380988	1548.29640173717	3431.00404778992	3554.03875276218	1951.04692704335
2021-01-28	1377.73028937096	1030.15460281725	1034.07430702076	1581.8214862381	1529.79248353995	3343.77486933188	3428.14244613578	1915.04802169138
2021-01-29	1343.610048357	1002.53853956714	1006.5225874171	1553.32985627975	1510.66770988458	3257.26989750251	3303.59969423859	1879.07217622327
2021-01-30	1309.79783844507	975.304056938821	979.581751821991	1524.84754302851	1491.00494221908	3171.7117976977	3180.62173696227	1843.25161963797
2021-01-31	1276.36591379512	948.510783394289	953.273412827516	1496.4549155781	1470.88704199144	3087.32323531335	3059.41981419847	1807.71858093443
2021-02-01	1243.38652856708	922.21834739552	927.619183025754	1468.23234302223	1450.39687064968	3004.32687574536	2940.20516583885	1772.60528911159
2021-02-02	1210.93193692091	896.486377404495	902.640675008786	1440.26019445462	1429.61728964179	2922.94538438964	2823.18903177507	1738.0439731684
2021-02-03	1179.07439301653	871.374501883197	878.359501368692	1412.61883896896	1408.63116041579	2843.40142664208	2708.58265189878	1704.1668621038
2021-02-04	1147.88615101389	846.942349293606	854.797274697553	1385.38864565897	1387.52134441968	2765.91766789858	2596.59726610163	1671.10618491675
2021-02-05	1117.43946507293	823.249548097705	831.975607587448	1358.64998361836	1366.37070310147	2690.71677355505	2487.44411427529	1638.99417060618
2021-02-06	1087.80658935359	800.355726757473	809.916112630458	1332.48322194084	1345.26209790916	2618.02140900738	2381.33443631141	1607.96304817104
2021-02-07	1059.0597780158	778.320513734894	788.640402418664	1306.96872972012	1324.27839029076	2548.05423965147	2278.47947210165	1578.14504661029
2021-02-08	1031.26376029657	757.19836165808	768.163065748356	1282.18254880793	1303.51830163452	2481.00701525971	2179.05617163848	1549.65522344957
2021-02-09	1004.45316574107	737.023019819671	748.470596232669	1258.18341208815	1283.14399308965	2416.94782311034	2083.10432531761	1522.53995032143
2021-02-10	978.65509897154	717.823061678437	729.542463688948	1235.02572520265	1263.33348574564	2355.91383485809	1990.62943363556	1496.82842738513
2021-02-11	953.896664610226	699.627060693149	711.358137934539	1212.76389379334	1244.26480069195	2297.94222215769	1901.63699708887	1472.54985479993
2021-02-12	930.204967279361	682.463590322579	693.897088786786	1191.45232350211	1226.11595901805	2243.07015666388	1816.13251617407	1449.73343272508
2021-02-13	907.607111601182	666.361224025495	677.138786063035	1171.14541997085	1209.0649818134	2191.33481003138	1734.12149138768	1428.40836131984
2021-02-14	886.13020219793	651.348535260672	661.062699580632	1151.89758884144	1193.28989016749	2142.77335391493	1655.60942322623	1408.60384074347
2021-02-15	865.797391195283	637.450984344005	645.656771467859	1133.7568311322	1178.95854181279	2097.40695679533	1580.58831161593	1390.33338262445
2021-02-16	846.616020732696	624.681579019902	630.942833096751	1116.74552936708	1166.19814105388	2055.1927744577	1508.99615420167	1373.54774446824
2021-02-17	828.589480453067	613.050213889894	616.951188150279	1100.87966144645	1155.12572883835	2016.07195951327	1440.75744805803	1358.18199524951
2021-02-18	811.721159999291	602.566783555516	603.712140311415	1086.17520527067	1145.85834611378	1979.98566457322	1375.79669025961	1344.17120394292
2021-02-19	796.014449014267	593.241182618301	591.255993263131	1072.64813874011	1138.51303382778	1946.87504224878	1314.03837788096	1331.45043952315
2021-02-20	781.472737140891	585.083305679781	579.613050688398	1060.31443975513	1133.20683292792	1916.68124515115	1255.40700799667	1319.95477096489
2021-02-21	768.099414022061	578.10304734149	568.813616270189	1049.1900862161	1130.0567843618	1889.34542589153	1199.82707768133	1309.61926724279
2021-02-22	755.897869300673	572.310302204962	558.887993691476	1039.2910560234	1129.17992907702	1864.80873708113	1147.2230840095	1300.37899733155
2021-02-23	744.871492619625	567.714964871728	549.866486635229	1030.63332707737	1130.69330802116	1843.01233133116	1097.51952405577	1292.16903020582
2021-02-24	735.023673621814	564.326929943323	541.779398784421	1023.2328772784	1134.7139621418	1823.89736125283	1050.64089489472	1284.9244348403
2021-02-25	726.357801950137	562.156092021279	534.657033822024	1017.10568452685	1141.35893238655	1807.40497945734	1006.51169360092	1278.58028020964
2021-02-26	718.877267247491	561.212345707131	528.529695431009	1012.26772672308	1150.745259703	1793.47633855591	965.056417248958	1273.07163528853
2021-02-27	712.585459156774	561.505585602409	523.427687294348	1008.73498176746	1162.98998503872	1782.05259115973	926.199562913404	1268.33356905164
2021-02-28	707.485767320882	563.04570630865	519.381313095014	1006.52342756037	1178.21014934132	1773.07488988002	889.865627668841	1264.30115047365
2021-03-01	703.577733984875	565.834409236441	516.417906708125	1005.64387132807	1196.49972224606	1766.47633438315	855.970804635983	1260.90252409733
2021-03-02	700.845511802464	569.840623032599	514.552922777394	1006.08643760053	1217.86038813884	1762.15781255619	824.398071120086	1258.03813673791
2021-03-03	699.269406029522	575.025083152995	513.798846138681	1007.83608023362	1242.27076009328	1760.01215934137	795.022100472548	1255.6015107787
2021-03-04	698.829721921922	581.348525053503	514.168161627845	1010.87775308322	1269.70945118295	1759.93220968093	767.71756604476	1253.48616860303
2021-03-05	699.506764735537	588.771684189994	515.673354080747	1015.1964100052	1300.15507448144	1761.81079851709	742.359141188118	1251.58563259421
2021-03-06	701.28083972624	597.255296018341	518.326908333247	1020.77700485543	1333.58624306236	1765.54076079211	718.821499254015	1249.79342513558
2021-03-07	704.132252149905	606.760095994416	522.141309221204	1027.60449148979	1369.98156999928	1771.0149314482	696.979313593845	1248.00306861045
2021-03-08	708.038100508809	617.243364384085	527.122537692116	1035.65772063259	1409.29201496671	1778.11324363641	676.71417625565	1246.12741140567
2021-03-09	712.962656290845	628.648560693185	533.250559140028	1044.89113048186	1451.35792404276	1786.66402334293	657.935354074068	1244.15660592225
2021-03-10	718.866984230315	640.91568923755	540.498835070624	1055.25305610405	1495.99198990647	1796.48269476278	640.559032580383	1242.10013056471
2021-03-11	725.712149061515	653.984754333011	548.840826989586	1066.69183256564	1543.00690523684	1807.38468209096	624.50139730588	1239.96746373759
2021-03-12	733.459215518744	667.795760295398	558.249996402597	1079.15579493309	1592.21536271291	1819.18540952247	609.678633781847	1237.7680838454
2021-03-13	742.069248336301	682.288711440544	568.69980481534	1092.59327827286	1643.4300550137	1831.70030125232	596.006927539567	1235.51146929268
2021-03-14	751.503312248486	697.403612084282	580.163713733498	1106.95261765142	1696.46367481824	1844.74478147551	583.402464110325	1233.20709848396
2021-03-15	761.719679437745	713.079236358279	592.606815468032	1122.17993856088	1751.10070308582	1858.13217799115	571.785409716009	1230.85663456662
2021-03-16	772.665451879123	729.249437657563	605.960725551016	1138.21252819594	1807.01277389683	1871.6674330147	561.091853340905	1228.43047965947
2021-03-17	784.284938995812	745.846839192995	620.148690319804	1154.98546417696	1863.84330961191	1885.15339236575	551.261864659901	1225.89122062415
2021-03-18	796.522450211006	762.804064175438	635.093956111748	1172.4338241243	1921.23573259171	1898.39290186386	542.235513347887	1223.20144432233
2021-03-19	809.322294947898	780.053735815756	650.719769264201	1190.49268565831	1978.8334651969	1911.18880732862	533.952869079749	1220.32373761566
2021-03-20	822.628782629681	797.528477324812	666.949376114516	1209.09712639934	2036.27992978813	1923.34395457958	526.354001530376	1217.2206873658
2021-03-21	836.386222679546	815.160911913468	683.706023000044	1228.18222396775	2093.21854872604	1934.66118943633	519.378980374656	1213.85488043441
2021-03-22	850.538924520688	832.883662792588	700.912956258139	1247.68305598389	2149.29274437128	1944.94335771844	512.967875287478	1210.18890368314
2021-03-23	865.031197576299	850.629353173035	718.493422226153	1267.53470006812	2204.14593908452	1953.99330524548	507.06075594373	1206.18534397364
2021-03-24	879.807351269573	868.330606265671	736.370667241439	1287.67223384079	2257.4215552264	1961.61387783702	501.597692018299	1201.80678816758
2021-03-25	894.811695023702	885.920045281361	754.467937641351	1308.03073492226	2308.76301515758	1967.60792131263	496.518753186074	1197.01582312661
2021-03-26	909.988538261879	903.330293430966	772.70847976324	1328.54528093288	2357.81374123871	1971.7782814919	491.764009121943	1191.77503571238
2021-03-27	925.282190407297	920.49397392535	791.015539944459	1349.15094949301	2404.21715583044	1973.92780419438	487.273529500794	1186.04701278656
2021-03-28	940.63696088315	937.343709975376	809.312364522362	1369.782818223	2447.61668129343	1973.85933523967	482.987383997516	1179.7943412108
2021-03-29	955.996361734031	953.816509348949	827.521322191674	1390.38100845282	2487.6558913237	1971.40943133111	478.846780596209	1172.98241345961
2021-03-30	971.300715490139	969.866918042142	845.561271076621	1410.90581635092	2523.97896495879	1966.54949270727	474.797480517829	1165.58784445895
2021-03-31	986.489547303077	985.453866608071	863.350191658801	1431.32258179537	2556.23023257162	1959.2846304905	470.786383292543	1157.59005474765
2021-04-01	1001.50238232444	1000.53628559985	880.806064419813	1451.59664466423	2584.05402453509	1949.61995580315	466.760388450521	1148.96846486451
2021-04-02	1016.27874570584	1015.0731055706	897.846869841255	1471.69334483555	2607.09467122214	1937.56057976756	462.666395521929	1139.70249534836
2021-04-03	1030.75816259887	1029.02325707342	914.390588404727	1491.57802218742	2624.99650300565	1923.11161350609	458.451304036937	1129.77156673801
2021-04-04	1044.88015815513	1042.34567066145	930.355200591827	1511.21601659788	2637.40385025856	1906.27816814109	454.062013525711	1119.15509957229
2021-04-05	1058.58706571595	1054.99927266411	945.666454737149	1530.56593665223	2644.05111126599	1887.08605758841	449.456775594517	1107.83978296425
2021-04-06	1071.83245138159	1066.94297251618	960.281170587268	1549.55946576462	2645.0329559619	1865.6439069379	444.639250154001	1095.841380324
2021-04-07	1084.57268944201	1078.13567542873	974.163935741753	1568.12155605642	2640.53412219246	1842.08104407293	439.624449190907	1083.18292363588
2021-04-08	1096.76415418721	1088.53628661287	987.279337800175	1586.17715964901	2630.73934780386	1816.52679687684	434.427384691979	1069.88744488422
2021-04-09	1108.36321990717	1098.10371127967	999.591964362104	1603.65122866377	2615.83337064227	1789.11049323299	429.063068643959	1055.97797605338
2021-04-10	1119.32626089186	1106.79685464023	1011.06640302711	1620.46871522206	2596.00092855386	1759.96146102474	423.546513033591	1041.47754912768
2021-04-11	1129.60965143127	1114.57462190565	1021.66724139476	1636.55457144527	2571.42675938482	1729.20902813545	417.892729847619	1026.40919609149
2021-04-12	1139.16976581537	1121.395918287	1031.35906706463	1651.83374945476	2542.29560098131	1696.98252244847	412.116731072786	1010.79594892913
2021-04-13	1147.96297833414	1127.21964899537	1040.10646763629	1666.23120137192	2508.79219118951	1663.41127184715	406.233528695834	994.660839624956
2021-04-14	1155.94566327757	1132.00471924187	1047.8740307093	1679.67187931812	2471.10126785561	1628.62460421486	400.258134703509	978.026900163306
2021-04-15	1163.07419493564	1135.71003423757	1054.62634388324	1692.08073541472	2429.40756882577	1592.75184743495	394.205561082552	960.917162528524
2021-04-16	1169.30494759833	1138.29449919356	1060.32799475768	1703.38272178312	2383.89583194617	1555.92232939078	388.090819819707	943.354658704952
2021-04-17	1174.59429555561	1139.71701932094	1064.94357093218	1713.50279054468	2334.75079506299	1518.2653779657	381.928922901718	925.362420676934
2021-04-18	1178.89861309747	1139.93649983079	1068.43766000632	1722.36589382078	2282.1571960224	1479.91032104306	375.734882315327	906.963480428812
2021-04-19	1182.18205745419	1138.91898156336	1070.78145567073	1729.9062776776	2226.33828084172	1440.98209772265	369.525919684651	888.185928340755
2021-04-20	1184.43991761721	1136.65904787544	1071.97257598023	1736.09536396063	2167.67132822281	1401.58809196986	363.328095183288	869.078088376242
2021-04-21	1185.67526551828	1133.158417753	1072.01524508073	1740.91386846016	2106.57212503869	1361.83129896653	357.169678622211	849.693342894577
2021-04-22	1185.89117308915	1128.418810182	1070.91368711812	1744.34250696646	2043.45645816236	1321.81471389448	351.078939812392	830.085074255062
2021-04-23	1185.09071226156	1122.44194414839	1068.6721262383	1746.36199526985	1978.74011446683	1281.64133193555	345.084148564801	810.306664817002
2021-04-24	1183.27695496727	1115.22953863813	1065.29478658715	1746.9530491606	1912.8388808251	1241.41414827155	339.213574690411	790.411496939703
2021-04-25	1180.45297313801	1106.78331263718	1060.78589231058	1746.096384429	1846.16854411019	1201.23615808431	333.495488000194	770.452952982469
2021-04-26	1176.62294719834	1097.10917892077	1055.15199167359	1743.76806327071	1779.10793735634	1161.20440671241	327.9446657674	750.477277437046
2021-04-27	1171.79549154397	1086.22982542121	1048.40892941764	1739.92553350279	1711.88807824273	1121.39214012145	322.521915114401	730.502163324959
2021-04-28	1165.98032906342	1074.1721338601	1040.5748744033	1734.52158934765	1644.70303060982	1081.86665443377	317.174550625845	710.538165800177
2021-04-29	1159.18718264522	1060.96298595902	1031.66799549114	1727.50902502772	1577.74685829803	1042.69524577171	311.849886886381	690.595840016668
2021-04-30	1151.42577517786	1046.62926343957	1021.70646154173	1718.8406347654	1511.21362514779	1003.94521025762	306.49523848066	670.6857411284
2021-05-01	1142.70582954989	1031.19784802334	1010.70844141565	1708.46921278313	1445.29739499954	965.68384401385	301.057919993331	650.818424289341
2021-05-02	1133.0370686498	1014.69562143192	998.692103973465	1696.34755330332	1380.19223169372	927.978443162737	295.485246009044	631.00444465346
2021-05-03	1122.437174951	997.160380341961	985.684997806584	1682.45073867587	1316.07091550379	890.888492386624	289.735494752213	611.257327152116
2021-05-04	1110.95566926637	978.673581250333	971.752190429763	1666.84300376063	1253.02109243541	854.442230607827	283.810799006308	591.602475826239
2021-05-05	1098.65003199365	959.327595608973	956.968129088598	1649.61087154494	1191.10912492727	818.660085308658	277.724255194566	572.068264494149
2021-05-06	1085.5777435306	939.214794869815	941.407261028681	1630.84086501614	1130.40137541806	783.562483971429	271.488959740222	552.683066974165
2021-05-07	1071.79628427498	918.427550484795	925.144033495606	1610.61950716156	1070.96420634647	749.16985407845	265.118009066512	533.47525708461
2021-05-08	1057.36313462453	897.058233905846	908.252893734968	1589.03332096853	1012.86398015119	715.502623112032	258.624499596672	514.473208643802
2021-05-09	1042.33577497702	875.199216584903	890.80828899236	1566.1688294244	956.167059270903	682.581218554488	252.021527753938	495.705295470064
2021-05-10	1026.7716857302	852.942869973898	872.884666513375	1542.1125555165	900.939806144308	650.426067888127	245.322189961544	477.199891381713
2021-05-11	1010.72834728181	830.381565524769	854.556473543608	1516.95102223217	847.248583210099	619.057598595263	238.539582642727	458.985370197072
2021-05-12	994.263240029621	807.607674689448	835.898157328654	1490.77075255874	795.159752906963	588.496238158205	231.686802220723	441.090105734462
2021-05-13	977.433844371376	784.713568919869	816.984165114104	1463.65826948355	744.73967767359	558.762414059266	224.776945118767	423.542471812203
2021-05-14	960.297640704834	761.791619667968	797.888944145554	1435.70009599393	696.054719948671	529.876553780757	217.823107760095	406.370842248614
2021-05-15	942.912109427746	738.934198385678	778.686941668597	1406.98275507723	649.171242170896	501.859084804988	210.838386567942	389.603590862017
2021-05-16	925.334730937866	716.233676524934	759.452604928827	1377.59276972077	604.155606778957	474.730434614272	203.835877965545	373.269091470731
2021-05-17	907.61341414939	693.773137688708	740.253104671921	1347.60052703137	561.059876946056	448.507269687291	196.831457849573	357.391130792606
2021-05-18	889.757782042282	671.59851408412	721.126505643884	1317.01187059373	519.878918783446	423.191212488218	189.852120010431	341.975147143604
2021-05-19	871.767886112947	649.746450069331	702.103596090805	1285.81650811204	480.593299136894	398.7801244776	182.927637711959	327.021991739216
2021-05-20	853.64377785779	628.2535900025	683.215164258773	1254.00414729048	443.183584852163	375.271867115982	176.087784217996	312.532515794932
2021-05-21	835.385508773217	607.156578241787	664.491998393878	1221.56449583321	407.630342775021	352.66430186391	169.362332792382	298.507570526242
2021-05-22	816.993130355634	586.49205914535	645.964886742207	1188.48726144444	373.914139751231	330.955290181928	162.781056698956	284.948007148637
2021-05-23	798.466694101446	566.29667707135	627.66461754985	1154.76215182833	342.015542626561	310.142693530583	156.373729201557	271.854676877609
2021-05-24	779.815692925309	546.604122830485	609.624139067368	1120.40335636547	311.911192314571	290.223602261934	150.170417497207	259.228446034783
2021-05-25	761.087385414882	527.436273043619	591.885039563215	1085.52299114203	283.562026000011	271.192022294105	144.202364515655	247.070241366333
2021-05-26	742.338471576074	508.812050784155	574.491067310318	1050.25765392059	256.925054935427	253.041188436733	138.501107119833	235.38100472457
2021-05-27	723.625651414795	490.750379125494	557.485970581602	1014.74394246372	231.957290373363	235.764335499455	133.098182172671	224.161677961802
2021-05-28	705.005624936955	473.270181141042	540.913497649998	979.118454533997	208.615743566368	219.354698291909	128.025126537103	213.41320293034
2021-05-29	686.535092148464	456.390379904199	524.81739678843	943.517787893998	186.857425766987	203.805511623732	123.313477076058	203.136521482495
2021-05-30	668.270753055231	440.129898488371	509.241416269825	908.078540306297	166.639348227766	189.110010304563	118.994770652468	193.332575470575
2021-05-31	650.269307663165	424.507659966958	494.229304367111	872.937309533468	147.918522201249	175.261429144037	115.100544129265	184.00230674689
2021-06-01	632.587455978177	409.542587413364	479.824809353213	838.230693338086	130.651958939984	162.253002951793	111.66233436938	175.146657163752
2021-06-02	615.281898006175	395.253603900993	466.071679501059	804.095289482728	114.796669696516	150.077966537469	108.711678235744	166.766568573468
2021-06-03	598.40933375307	381.659632503247	453.013663083576	770.667695729966	100.309665723391	138.729554710701	106.280112591289	158.86298282835
2021-06-04	582.026463224771	368.779596293529	440.694508373691	738.084509842378	87.1479582731551	128.201002281128	104.399174298947	151.436841780708
2021-06-05	566.189986427187	356.632418345242	429.15796364433	706.482329582537	75.2685585983537	118.485544058386	103.100400221648	144.48908728285
2021-06-06	550.956603366228	345.237021731789	418.44777716842	675.997752713019	64.6284779515328	109.576414852113	102.415327222324	138.020661187087
2021-06-07	536.378097213482	334.607678900122	408.60304697209	646.751974112679	55.1826351124892	101.467777048691	102.379261709887	132.035196797761
2021-06-08	522.486583803249	324.740059791389	399.644270094277	618.804577125496	46.8775789700213	94.157503341475	103.042588277171	126.547093227339
2021-06-09	509.309262135507	315.625183720287	391.587293327121	592.199742211729	39.6577659401788	87.6443940005656	104.459461062989	121.573441040321
2021-06-10	496.873331210235	307.254070001515	384.447963462759	566.981649831638	33.4676524390108	81.9272492960624	106.684034206155	117.131330801205
2021-06-11	485.205990027412	299.617737949768	378.242127293332	543.194480445482	28.2516948825669	77.0048694980652	109.770461845483	113.237853074491
2021-06-12	474.334437587015	292.707206879745	372.985631610977	520.88241451352	23.9543496868962	72.8760548766739	113.772898119788	109.910098424678
2021-06-13	464.285872889023	286.513496106142	368.694323207834	500.08963249601	20.5200732680482	69.5396057019883	118.745497167883	107.165157416266
2021-06-14	455.088120647975	281.028746565756	365.383918408756	480.856908895719	17.8972508614737	66.9957041006807	124.745980163227	105.01899888964
2021-06-15	446.771508436653	276.249585683777	363.069611669445	463.211394385435	16.0499829802288	65.2500596257126	131.846336417857	103.483104788738
2021-06-16	439.3669895424	272.173762507494	361.76646697832	447.176833680449	14.9462989567709	64.3097636866175	140.122122278454	102.567835333382
2021-06-17	432.905517252558	268.799026084197	361.489548323796	432.776971496054	14.5542281235573	64.1819076929295	149.648894091701	102.283550743395
2021-06-18	427.418044854469	266.123125461173	362.253919694292	420.035552547543	14.8417998130456	64.8735830541821	160.50220820428	102.640611238601
2021-06-19	422.935525635477	264.143809685713	364.074645078223	408.976321550209	15.7770433576932	66.3918811799092	172.757620962872	103.649377038823
2021-06-20	419.488912882923	262.858827805104	366.966788464007	399.623023219345	17.3279880899574	68.7438934796446	186.49068871416	105.320208363884
2021-06-21	417.103334537015	262.265787877204	370.939809978525	391.991471951276	19.4656877904081	71.9357983133276	201.769123672057	107.661620582187
2021-06-22	415.780617149423	262.361734002136	375.980754302511	386.065760866454	22.1732940320634	75.9701218425197	218.629261519413	110.674749656448
2021-06-23	415.51676192468	263.143569290591	382.071062255165	381.822052766365	25.436982836054	80.848477179188	237.099593806308	114.358886697965
2021-06-24	416.30777006732	264.608196853258	389.192174655686	379.236510452494	29.2429302235105	86.5724774352996	257.208612082822	118.713322818033
2021-06-25	418.149642781876	266.75251980083	397.325532323272	378.285296726326	33.5773122155634	93.1437357228216	278.984807899037	123.73734912795
2021-06-26	421.038381272884	269.573441243995	406.452576077123	378.944574389347	38.4263048333433	100.563865153721	302.456672805034	129.430256739011
2021-06-27	424.969986744876	273.067864293445	416.554746736436	381.190506243042	43.7760840979807	108.834478839965	327.652698350894	135.791336762514
2021-06-28	429.940460402388	277.232692059871	427.613485120412	384.999255088895	49.6128260306062	117.95718989352	354.601376086697	142.819880309754
2021-06-29	435.945803449952	282.064827653963	439.610232048249	390.346983728392	55.9227066523504	127.933611426355	383.331197562525	150.515178492028
2021-06-30	442.982017092103	287.561174186412	452.526428339147	397.209854963019	62.6919019843442	138.765356550435	413.870654328459	158.876522420633
2021-07-01	451.045102533375	293.718634767907	466.343514812303	405.56403159426	69.9065880477175	150.454038377728	446.248237934578	167.903203206865
2021-07-02	460.131060978301	300.534112509141	481.042932286916	415.3856764236	77.5529408636011	163.001270020201	480.492439930965	177.59451196202
2021-07-03	470.235893631415	308.004510520803	496.606121582186	426.650952252525	85.6171364531256	176.408664589821	516.6317518677	187.949739797394
2021-07-04	481.355601697252	316.126731913584	513.014523517312	439.33602188252	94.0853508374216	190.677835198554	554.694665294863	198.968177824285
2021-07-05	493.472747892415	324.889373265371	530.230945680107	453.404260768608	102.94422527944	205.803166242929	594.69101861089	210.642906166943
2021-07-06	506.516140981783	334.247805022841	548.143662732842	468.767894979966	112.18226200941	221.750127257709	636.55603760763	222.942161001436
2021-07-07	520.401151242305	344.149091099865	566.622316106405	485.326363239308	121.788428499384	238.476959062219	680.206294925284	235.827967516785
2021-07-08	535.043148950929	354.540295410316	585.536547231683	502.97910426935	131.751692221411	255.941902475784	725.558363204055	249.262350902012
2021-07-09	550.357504384605	365.368481868067	604.755997539561	521.625556792805	142.061020647542	274.103198317727	772.528815084146	263.207336346139
2021-07-10	566.25958782028	376.58071438699	624.150308460926	541.165159532388	152.705381249828	292.919087407374	821.034223205759	277.624949038188
2021-07-11	582.664769534905	388.124056880957	643.589121426666	561.497351210815	163.673741500319	312.347810564049	870.991160209096	292.47721416718
2021-07-12	599.496836428648	399.950700641861	662.961740376982	582.529287603371	174.953209563373	332.347390401354	922.313542178605	307.7274071238
2021-07-13	616.713241894563	412.033346473677	682.236119289343	604.198992695626	186.523456372575	352.874976710009	974.904658975713	323.343804105375
2021-07-14	634.279855948925	424.3498225584	701.399874650534	626.452207525722	198.362293553818	373.887501075008	1028.66514390609	339.295931510896
2021-07-15	652.162548608008	436.877957078025	720.440622947338	649.234673131802	210.447532732995	395.34189508135	1083.49563027542	355.553315739354
2021-07-16	670.327189888089	449.595578214546	739.345980666541	672.492130552005	222.756985536	417.195090314029	1139.29675138937	372.085483189739
2021-07-17	688.739649805441	462.480514149959	758.103564294928	696.170320824476	235.268463588726	439.404018358045	1195.96914055361	388.861960261041
2021-07-18	707.365798376338	475.510593066258	776.70099031928	720.214984987353	247.959778517064	461.92561079839	1253.41343107382	405.85227335225
2021-07-19	726.171505617056	488.663643145439	795.125875226384	744.57186407878	260.808741946908	484.716799220062	1311.53025625566	423.025948862357
2021-07-20	745.12264154387	501.917492569495	813.365835503024	769.186699136897	273.79316550415	507.734515208059	1370.22024940482	440.352513190351
2021-07-21	764.185076173054	515.249969520423	831.408487635985	794.005231199847	286.890860814685	530.935690347377	1429.38404382696	457.801492735224
2021-07-22	783.324679520882	528.638902180217	849.24144811205	818.973201305771	300.079639504404	554.277256223011	1488.92227282775	475.342413895965
2021-07-23	802.50732160363	542.062118730872	866.852333418005	844.036350492811	313.3373131992	577.716144419959	1548.73556971288	492.944803071565
2021-07-24	821.698872437573	555.497447354383	884.228760040633	869.140419799108	326.641693524967	601.209286523217	1608.72456778802	510.578186661014
2021-07-25	840.865202038985	568.922716232745	901.35834446672	894.231150262805	339.970592107597	624.713614117781	1668.78990035883	528.212091063303
