date	state	King	Snohomish	Pierce	Ann Arbor	Boston	San Diego	DC
2020-01-26	0	0	0	0	0	0	0	0
2020-01-27	0	0	0	0	0	0	0	0
2020-01-28	0	0	0	0	0	0	0	0
2020-01-29	0	0	0	0	0	0	0	0
2020-01-30	0	0	0	0	0	0	0	0
2020-01-31	0	0	0	0	0	0	0	0
2020-02-01	0	0	0	0	0	0	0	0
2020-02-02	0	0	0	0	0	0	0	0
2020-02-03	0	0	0	0	0	0	0	0
2020-02-04	0	0	0	0	0	0	0	0
2020-02-05	0	0	0	0	0	0	0	0
2020-02-06	0	0	0	0	0	0	0	0
2020-02-07	0	0	0	0	0	0	0	0
2020-02-08	0	0	0	0	0	0	0	0
2020-02-09	0	0.421182054980829	4.3371813444406	0	0	0	0	0
2020-02-10	0	4.43958753660818	9.55268637223146	0	0	0	0	0
2020-02-11	1.91708745051265	8.61541845628529	14.9574037430782	0	0	0	0	0
2020-02-12	4.52075140162859	12.9609139364245	20.5656633453132	0	0	0	0	0
2020-02-13	7.2473417001605	17.4883130994381	26.3917950672691	0.757440963269982	0	0	0	0
2020-02-14	10.1053733866327	22.2098550677386	32.4501287972784	2.70059544429874	0.713897135078218	0	0	0
2020-02-15	13.1033615015695	27.1377789637381	38.7549944236737	4.7574916014098	4.9062994963453	0	0	0
2020-02-16	16.2498210854951	32.2843239098492	45.3207218347873	6.93527624525492	9.36735696373673	0	0	0
2020-02-17	19.5533086347255	37.66144725692	52.1611481187124	9.24143456200244	14.1140741307206	0	0	0
2020-02-18	23.0225464687423	43.2799792695429	59.2881391625837	11.684805239887	19.1669515923367	2.23434051183442	0.57930629777574	0
2020-02-19	26.6662983628188	49.1504684407461	66.7130680532963	14.2745653426599	24.5473639440174	20.053179621639	1.70291818281101	0
2020-02-20	30.4933280922281	55.2834632635578	74.4473078777455	17.0198919340723	30.2766857811952	39.3468324455203	2.91786074216689	0
2020-02-21	34.5123994322434	61.6895122310063	82.5022317228265	19.9299620778754	36.3762916993027	60.2179679441647	4.23052327023083	0
2020-02-22	38.7322761581379	68.3791638361197	90.8892126754345	23.0139528378205	42.8675562937725	82.7692550782583	5.6472950613903	0
2020-02-23	43.161722045185	75.3629665719263	99.6196238224648	26.2810412776589	49.771854160037	107.103362808488	7.17456541003276	4.5210476041996
2020-02-24	47.8068357266031	82.6472180550107	108.699096788888	29.7383699156475	57.1066180559855	133.311697689322	8.81797816656281	12.3080122753499
2020-02-25	52.6630552673926	90.2212123961828	118.110297351978	33.3849430880665	64.8735133893336	161.440616650368	10.5801954054538	20.8103498036692
2020-02-26	57.7231535904994	98.0699928298091	127.830149827084	37.2177305857016	73.070263730254	191.525214215014	12.4631337571962	30.0543219217242
2020-02-27	62.9799036188692	106.178602590256	137.835578529555	41.2337021993388	81.6945926489191	223.600584906648	14.4687098522804	40.0661903620814
2020-02-28	68.4260782754477	114.53208491189	148.10350777474	45.429827719764	90.7442237155012	257.701823248661	16.598840321197	50.8722168573076
2020-02-29	74.0544504831808	123.115483029077	158.610861877989	49.8030769377629	100.216880500173	293.86402376444	18.8554417944364	62.4986631399694
2020-03-01	79.8577931650143	131.913840176183	169.33456515465	54.3504196441216	110.110286573107	332.122280977376	21.2404309024892	74.9717909426335
2020-03-02	85.8288792438939	140.912199587576	180.251541920073	59.0688256296257	120.422165504475	372.511689410857	23.7557242758457	88.3178619978666
2020-03-03	91.9604816427653	150.095604497621	191.338716489608	63.9552646850612	131.150240864451	415.067343588271	26.4032385449965	102.563138038235
2020-03-04	98.2453732845745	159.449098140684	202.573013178602	69.0067066012141	142.292236223205	459.824338033009	29.1848903404321	117.733880796306
2020-03-05	104.676327092267	168.957723751133	213.931356302407	74.22012116887	153.845875150912	506.817767268459	32.1025962926429	133.856352004646
2020-03-06	111.246115988789	178.606524563333	225.390670176369	79.592478178815	165.808881217743	556.082725818011	35.1582730321194	150.956813395821
2020-03-07	117.947512897086	188.380543811651	236.92787911584	85.1207474218348	178.178977993871	607.654308205052	38.3538371893521	169.061526702399
2020-03-08	124.773290740104	198.264824730453	248.519907436168	90.8018986887153	190.953889049468	661.567608952973	41.6912053948314	188.196753656945
2020-03-09	131.712291751349	208.239092736384	260.136506205402	96.6300700203549	204.122988939782	717.835638715305	45.1707965634105	208.383566934961
2020-03-10	138.737635406571	218.261801975209	271.718733502387	102.588072458102	217.642256160354	776.38307266615	48.7870387473925	229.622282983682
2020-03-11	145.818510492081	228.286088774967	283.200474158666	108.655885293417	231.459320191804	837.112502109756	52.5328622834432	251.908029193276
2020-03-12	152.924105794189	238.265089463703	294.515613005786	114.81348781776	245.521810514749	899.926518350367	56.4011975082283	275.235932953915
2020-03-13	160.023610099205	248.151940369456	305.598034875289	121.040859322592	259.777356609807	964.727712692229	60.3849747584137	299.601121655765
2020-03-14	167.086212193441	257.89977782027	316.381624598721	127.317979099375	274.173587957594	1031.41867643959	64.4771243706651	324.998722688998
2020-03-15	174.081100863206	267.461738144186	326.800267007626	133.624826439568	288.65813403873	1099.90200089669	68.6705766816482	351.423863443782
2020-03-16	180.978866973639	276.79484566652	336.793662164798	139.939432110111	303.174735096686	1170.05465409177	72.9570145870404	378.859913255194
2020-03-17	187.755709705191	285.87167670168	346.324771058033	146.23203277986	317.651574426352	1241.65111094902	77.3231312185646	407.243209237939
2020-03-18	194.389230317139	294.668695561347	355.362369906377	152.47091659315	332.012946085474	1314.44022311663	81.7543722669553	436.498330451628
2020-03-19	200.857030068761	303.162366557203	363.875234928874	158.624371694314	346.183144131796	1388.17084224278	86.2361834229471	466.549855955875
2020-03-20	207.136710219335	311.329154000929	371.832142344572	164.660686227689	360.086462623063	1462.59181997567	90.7540103772745	497.322364810291
2020-03-21	213.205872028139	319.145522204207	379.201868372515	170.548148337608	373.647195617019	1537.45200796347	95.2932988206719	528.740436074488
2020-03-22	219.042116754452	326.587935478719	385.953189231749	176.255046168406	386.78963717141	1612.50025785436	99.8394944438739	560.728648808079
2020-03-23	224.623045657552	333.632858136146	392.05488114132	181.749667864417	399.438081343981	1687.48542129654	104.378042937615	593.211582070676
2020-03-24	229.926259996715	340.256754488169	397.475720320273	187.000301569977	411.516822192476	1762.15634993819	108.894389992629	626.11381492189
2020-03-25	234.929361031221	346.43608884647	402.184482987654	191.97523542942	422.950153774639	1836.2618954275	113.373981299652	659.359926421335
2020-03-26	239.609950020348	352.147325522731	406.149945362508	196.64275758708	433.662370148217	1909.55090941265	117.802262549417	692.874495628622
2020-03-27	243.945628223374	357.366928828633	409.340883663881	200.971156187293	443.577765370954	1981.77224354182	122.16467943266	726.582101603364
2020-03-28	247.913996899575	362.071363075858	411.72607411082	204.928719374393	452.620633500593	2052.6747494632	126.446677640113	760.407323405172
2020-03-29	251.492657308232	366.237092576086	413.274292922368	208.483735292714	460.715268594882	2122.00727882497	130.633702862513	794.274740093659
2020-03-30	254.66466769686	369.844983415765	413.967644835187	211.610761943919	467.800896371577	2189.5019117485	134.71459070423	828.104563940315
2020-03-31	257.43491426593	372.893508780393	413.841548656392	214.309436758986	473.876469188494	2254.82364224779	138.691736424178	861.79954006415
2020-04-01	259.813740204151	375.385543630235	412.944751710716	216.585667026218	478.95587106346	2317.62069281004	142.570925194908	895.258046796048
2020-04-02	261.811488700233	377.323962925556	411.326001322887	218.44536003392	483.052986014304	2377.54128592244	146.357942188972	928.378462466897
2020-04-03	263.438502942884	378.71164162662	409.034044817638	219.894423070397	486.181698058855	2434.23364407216	150.05857257892	961.059165407582
2020-04-04	264.705126120816	379.551454693692	406.117629519699	220.938763423953	488.35589121494	2487.34598974641	153.678601537303	993.198533948991
2020-04-05	265.621701422736	379.846277087034	402.625502753802	221.584288382894	489.589449500389	2536.52654543236	157.223814236673	1024.69494642201
2020-04-06	266.200343995315	379.60266285409	398.604069932384	221.839806603676	489.901009539102	2581.47391377016	160.69905281676	1055.45557236664
2020-04-07	266.460256817071	378.841882391011	394.090368818717	221.725732215366	489.328218379281	2622.08821801171	164.10538728602	1085.42274615936
2020-04-08	266.422414824482	377.588885181126	389.11909526378	221.265380715186	487.9134756752	2658.3199615619	167.442944620091	1114.54759338576
2020-04-09	266.107792954028	375.868620707764	383.724945118552	220.482067600354	485.699181081132	2690.11964782557	170.711851794609	1142.78123963143
2020-04-10	265.537366142185	373.706038454254	377.942614234012	219.399108368091	482.727734251353	2717.43778020761	173.91223578521	1170.07481048196
2020-04-11	264.732109325433	371.126087903926	371.806798461139	218.039818515617	479.041534840135	2740.22486211288	177.044223567531	1196.37943152294
2020-04-12	263.712997440251	368.153718540109	365.352193650912	216.427513540151	474.682982501754	2758.43139694624	180.107942117209	1221.64622833997
2020-04-13	262.501005423117	364.813879846131	358.61349565431	214.585508938915	469.694476890484	2772.00788811256	183.10351840988	1245.82632651864
2020-04-14	261.11710821051	361.131521305322	351.625400322312	212.537120209127	464.118417660598	2780.90483901671	186.031079421181	1268.87085164453
2020-04-15	259.582280738908	357.131592401011	344.422603505897	210.305662848008	457.997204466372	2785.07275306355	188.890752126748	1290.73092930324
2020-04-16	257.91749794479	352.839042616527	337.039801056044	207.914452352778	451.373236962078	2784.46213365796	191.682663502218	1311.35768508036
2020-04-17	256.143734764634	348.2788214352	329.511688823732	205.386804220656	444.288914801992	2779.02348420479	194.406940523228	1330.70224456148
2020-04-18	254.281966134919	343.475878340358	321.872962659941	202.746033948863	436.786637640387	2768.70730810891	197.063710165414	1348.7157333322
2020-04-19	252.353166992124	338.45516281533	314.158318415648	200.015457034619	428.908805131539	2753.4641087752	199.653099404412	1365.3492769781
2020-04-20	250.377213677836	333.240777777633	306.399334046243	197.216231511569	420.696642557738	2733.29792799506	202.175932307136	1380.55939174365
2020-04-21	248.369588154082	327.853439881531	298.61511592475	194.360885559061	412.186677713353	2708.42696110608	204.635821305604	1394.32415650878
2020-04-22	246.344673787998	322.313019215474	290.821652528604	191.459789892867	403.414264020767	2679.12294183243	207.037075923108	1406.62704081232
2020-04-23	244.316853946718	316.639385867914	283.034932335239	188.523315228759	394.414754902366	2645.65760389824	209.384005682942	1417.45151419308
2020-04-24	242.300511997379	310.852409927302	275.270943822089	185.561832282511	385.223503780534	2608.30268102766	211.680920108401	1426.78104618986
2020-04-25	240.310031307116	304.971961482088	267.545675466588	182.585711769894	375.875864077657	2567.32990694484	213.932128722777	1434.59910634148
2020-04-26	238.359795243064	299.017910620724	259.87511574617	179.605324406682	366.407189216119	2523.01101537392	216.141941049365	1440.88916418676
2020-04-27	236.46418717236	293.010127431661	252.27525313827	176.631040908648	356.852832618305	2475.61774003904	218.314666611457	1445.6346892645
2020-04-28	234.637590462138	286.968482003349	244.762076120322	173.673231991563	347.2481477066	2425.42181466435	220.454614932349	1448.81915111353
2020-04-29	232.894388479535	280.912844424239	237.35157316976	170.742268371201	337.628487903389	2372.694972974	222.566095535333	1450.42601927265
2020-04-30	231.248964591685	274.863084782784	230.059732764017	167.848520763334	328.029206631057	2317.70894869214	224.653417943703	1450.43876328068
2020-05-01	229.715702165725	268.839073167433	222.90254338053	165.002359883734	318.485657311989	2260.7354755429	226.720891680753	1448.84085267642
2020-05-02	228.30898456879	262.860679666637	215.895993496731	162.214156448175	309.033193368569	2202.04628725043	228.772826269776	1445.6157569987
2020-05-03	227.043195168016	256.947774368848	209.056071590055	159.494281172429	299.707168223182	2141.91311753889	230.813531234066	1440.74694578633
2020-05-04	225.933279976903	251.120849328163	202.398662257244	156.853801221574	290.539003824117	2080.60022860365	232.850312247685	1434.23218521892
2020-05-05	224.996435594418	245.402884461264	195.939234572273	154.306569557908	281.544396223272	2018.34199652504	234.90245958777	1426.12642803931
2020-05-06	224.25042126589	239.81748165048	189.693153728425	151.867135593034	272.735109998451	1955.36532585463	236.992259682222	1416.49892363116
2020-05-07	223.71299623665	234.38824277814	183.675784918982	149.550048738557	264.122909727457	1891.897121144	239.141998958948	1405.4189213781
2020-05-08	223.40191975203	229.138769726571	177.902493337228	147.369858406078	255.719559988091	1828.1642869447	241.37396384585	1392.95567066379
2020-05-09	223.334951057359	224.092664378103	172.388644176446	145.341114007203	247.536825358157	1764.39372780831	243.710440770832	1379.17842087187
2020-05-10	223.529849397969	219.273528615065	167.149602629918	143.478364953533	239.586470415457	1700.81234828639	246.173716161799	1364.15642138598
2020-05-11	224.001628615381	214.702874230429	162.19911737404	141.794495649836	231.87973482955	1637.62633087563	248.785960925486	1347.95869106572
2020-05-12	224.754320935882	210.393852659747	157.544471017651	140.29573047353	224.425758637016	1574.95896985316	251.568883883954	1330.65332667444
2020-05-13	225.789213181949	206.357525249216	153.191329652704	138.986628795197	217.233156966192	1512.91283744125	254.544078338095	1312.30819445143
2020-05-14	227.107592176058	202.604953345032	149.145359371152	137.871749985419	210.310544945414	1451.59050586214	257.733137588803	1292.99116063598
2020-05-15	228.710744740687	199.147198293391	145.412226264947	136.955653414776	203.66653770302	1391.09454733809	261.157654936969	1272.77009146738
2020-05-16	230.599957698314	195.995321440491	141.997596426041	136.242898453851	197.309750367346	1331.52753409136	264.839223683486	1251.71285318494
2020-05-17	232.776517871415	193.160384132526	138.907135946388	135.738044473226	191.248798066728	1272.9920383442	268.799437129247	1229.88731202795
2020-05-18	235.241712082468	190.653447715695	136.146510917939	135.445650843481	185.492295929503	1215.59063231886	273.059888575144	1207.36133423569
2020-05-19	237.99682715395	188.485573536193	133.721387432647	135.3702769352	180.048859084007	1159.4258882376	277.64217132207	1184.20278604746
2020-05-20	241.043149908338	186.667822940216	131.637431582464	135.516482118962	174.927102658577	1104.60037832268	282.567878670917	1160.47953370257
2020-05-21	244.381967168109	185.211257273961	129.900309459343	135.88882576535	170.13564178155	1051.21667479634	287.858603922577	1136.25944344029
2020-05-22	248.014565755741	184.126937883624	128.515687155235	136.491867244946	165.683091581261	999.377349880852	293.535940377944	1111.61038149992
2020-05-23	251.942232493711	183.425926115403	127.489230762095	137.330165928331	161.578067186049	949.184975798459	299.62148133791	1086.60021412076
2020-05-24	256.166254204495	183.119283315492	126.826606371874	138.408281186087	157.829183724249	900.742124771418	306.136820103368	1061.2968075421
2020-05-25	260.686884458235	183.215737123791	126.532622728792	139.732593701598	154.445755310088	854.133452405128	313.102996472517	1035.77075672946
2020-05-26	265.500243815724	183.714680355007	126.608659186139	141.316769409464	151.439892001359	809.371947837558	320.538836232791	1010.10357155322
2020-05-27	270.601419585418	184.613172117548	127.055237749476	143.176295557086	148.824402841745	766.452683589823	328.46261166893	984.379490609983
2020-05-28	275.985499075775	185.908271519825	127.87288042436	145.326659391865	146.612096874926	725.370732183033	336.892595065676	958.682752496362
2020-05-29	281.647569595251	187.597037670245	129.062109216351	147.783348161204	144.815783144587	686.121166138305	345.847058707769	933.097595808963
2020-05-30	287.582718452303	189.676529677219	130.623446131006	150.561849112504	143.44827069441	648.699057976748	355.344274879949	907.70825914439
2020-05-31	293.786032955388	192.143806649154	132.557413173884	153.677649493167	142.522368568078	613.099480219479	365.402515866958	882.598981099253
2020-06-01	300.252563352212	194.995191029662	134.862942761436	157.144234692482	142.047850837447	579.313332469149	376.034359600429	857.848052808574
2020-06-02	306.977211647483	198.224058603153	137.532608953673	160.96708266729	142.022351687071	547.314822654576	387.229606599569	833.509975561051
2020-06-03	313.954842785159	201.82304848924	140.5573962215	165.149669516317	142.44047032968	517.073985786113	398.972363030477	809.633303183795
2020-06-04	321.180321709195	205.784799807534	143.928289035821	169.695471338291	143.296805978001	488.56085687412	411.246735059252	786.266589503923
2020-06-05	328.64851336355	210.101951677648	147.636271867539	174.607964231939	144.585957844763	461.745470928949	424.036828851993	763.458388348546
2020-06-06	336.354282692181	214.767143219195	151.672329187558	179.89062429599	146.302525142696	436.597862960959	437.326750574799	741.257253544779
2020-06-07	344.292494639045	219.773013551785	156.027445466782	185.546927629169	148.441107084526	413.088067980505	451.10060639377	719.711738919736
2020-06-08	352.458014148099	225.112201795032	160.692605176114	191.580350330205	150.996302882983	391.186120997942	465.342502475005	698.870398300531
2020-06-09	360.845706163301	230.777347068548	165.658792786459	197.994368497825	153.962711750796	370.862057023628	480.036544984603	678.781785514277
2020-06-10	369.450435628608	236.761088491945	170.916992768721	204.792458230756	157.334932900693	352.085911067918	495.166840088663	659.494454388088
2020-06-11	378.267067487976	243.056065184834	176.458189593802	211.978095627727	161.107565545402	334.827718141169	510.717493953285	641.056958749078
2020-06-12	387.290466685364	249.654916266828	182.273367732608	219.554756787463	165.275208897652	319.057513253736	526.672612744568	623.517852424361
2020-06-13	396.515498164729	256.55028085754	188.35351165604	227.525917808694	169.832462170172	304.745331415976	543.016302628611	606.925689241051
2020-06-14	405.937026870027	263.73479807658	194.689605835005	235.895054790145	174.773924575689	291.861207638244	559.732669771514	591.329023026261
2020-06-15	415.54761920304	271.196578793557	201.270113995158	244.661980598939	180.091529089662	280.371259499332	576.794797576502	576.769664533798
2020-06-16	425.330647396839	278.905620878055	208.07341688117	253.811855175776	185.766543738466	270.225934851773	594.131678395314	563.262452224237
2020-06-17	435.267185142322	286.827393949653	215.075374492463	263.326175229751	191.777570311204	261.371764116534	611.661281816811	550.815481484847
2020-06-18	445.338306130383	294.927367627931	222.251846828462	273.186437469956	198.103210596981	253.755277714583	629.301577429859	539.436847702895
2020-06-19	455.525084051919	303.171011532468	229.57869388859	283.374138605488	204.722066384899	247.323006066887	646.970534823322	529.134646265651
2020-06-20	465.808592597826	311.523795282843	237.031775672269	293.870775345439	211.612739464063	242.021479594415	664.586123586063	519.916972560383
2020-06-21	476.169905458999	319.951188498636	244.586952178924	304.657844398905	218.753831623577	237.797228718134	682.066313306947	511.791921974358
2020-06-22	486.587593073134	328.42053152016	252.22010889499	315.713969595845	226.119819140506	234.598051733195	699.334671994794	504.75898909981
2020-06-23	497.03021286512	336.906647570661	259.907233254956	327.006283249685	233.668676243762	232.37681843148	716.337161338252	498.783265348837
2020-06-24	507.463819006648	345.386230594122	267.62433818032	338.499044794713	241.354251650219	231.087666479057	733.025341445926	493.821241338498
2020-06-25	517.854465669406	353.835974534522	275.347436592585	350.156513665221	249.13039407675	230.68473354199	749.350772426421	489.829407685856
2020-06-26	528.168207025084	362.232573335842	283.052541413249	361.942949295499	256.950952240229	231.122157286347	765.265014388341	486.764255007972
2020-06-27	538.37109724537	370.552720942064	290.715665563814	373.822611119837	264.769774857528	232.354075378192	780.719627440291	484.582273921908
2020-06-28	548.429190501955	378.773111297167	298.312821965779	385.759758572525	272.540710645522	234.334625483592	795.666171690876	483.239955044724
2020-06-29	558.308540966528	386.870438345133	305.820023540646	397.718651087853	280.217608321084	237.017945268613	810.056207248701	482.693788993484
2020-06-30	567.975202810777	394.821396029943	313.213283209914	409.663548100113	287.754316601088	240.35817239932	823.841294222369	482.900266385248
2020-07-01	577.395230206392	402.602678295577	320.468613895084	421.558709043594	295.104684202406	244.309444541781	836.972992720487	483.815877837078
2020-07-02	586.534677325063	410.190979086017	327.562028517656	433.368393352586	302.222559841913	248.82589936206	849.402862851658	485.397113966036
2020-07-03	595.359598338478	417.562992345242	334.469539999131	445.056860461379	309.061792236482	253.861674526225	861.082464724488	487.600465389182
2020-07-04	603.836047418327	424.695412017235	341.167161261009	456.588369804265	315.576230102986	259.37090770034	871.96335844758	490.382422723579
2020-07-05	611.9300787363	431.564932045974	347.63090522479	467.927180815533	321.7197221583	265.307736550472	881.99710412954	493.699476586288
2020-07-06	619.610828106914	438.150459163645	353.838392020129	479.036753375205	327.453819456069	271.629912601701	891.144279835955	497.506128490712
2020-07-07	626.859757916005	444.439751255244	359.773670609294	489.87734914623	332.770882397035	278.309642815169	899.401535460343	501.74892353562
2020-07-08	633.661412192238	450.422778993968	365.422397162711	500.408430237288	337.670973718714	285.32274801103	906.774538853204	506.372417716123
2020-07-09	640.000334964276	456.089513053016	370.770227850803	510.589458757058	342.15415615862	292.64504900944	913.268957865037	511.321167027333
2020-07-10	645.861070260785	461.429924105587	375.802818843994	520.379896814221	346.220492454269	300.252366630554	918.890460346344	516.539727464359
2020-07-11	651.228162110428	466.433982824881	380.505826312707	529.739206517457	349.870045343174	308.120521694527	923.644714147623	521.972655022313
2020-07-12	656.08615454187	471.091659884094	384.864906427365	538.626849975447	353.102877562852	316.225335021514	927.537387119376	527.564505696305
2020-07-13	660.419591583776	475.392925956427	388.865715358394	547.00228929687	355.919051850817	324.542627431672	930.574147112103	533.259835481446
2020-07-14	664.21301726481	479.327751715078	392.493909276217	554.824986590406	358.318630944584	333.048219745154	932.760661976302	539.003200372847
2020-07-15	667.450975613636	482.886107833245	395.735144351256	562.054403964736	360.301677581668	341.717932782117	934.102599562476	544.739156365619
2020-07-16	670.118010658919	486.057964984127	398.575076753937	568.650003528538	361.868254499584	350.527587362715	934.605627721123	550.412259454871
2020-07-17	672.198666429323	488.833293840924	400.999362654682	574.571247390496	363.018424435847	359.453004307105	934.275414302745	555.967065635717
2020-07-18	673.677486953513	491.202065076832	402.993658223917	579.777597659286	363.752250127972	368.47000443544	933.11762715784	561.348130903265
2020-07-19	674.539016260153	493.154249365052	404.543619632063	584.228516443591	364.069794313474	377.554408567877	931.137934136911	566.500011252627
2020-07-20	674.773741574828	494.684074532892	405.63919298316	587.891077618215	363.97797045507	386.681206801483	928.349910914071	571.373731837153
2020-07-21	674.395922910808	495.802797024104	406.287484115702	590.762802122468	363.511094916287	395.822066340972	924.798764457909	575.946194443156
2020-07-22	673.425763478282	496.525930436549	406.499888801798	592.848822661783	362.710334785853	404.947823667971	920.537609560623	580.200770015184
2020-07-23	671.883466487441	496.86898836809	406.287802813558	594.154271941594	361.616857152496	414.029315264106	915.619561014416	584.120829497789
2020-07-24	669.789235148476	496.847484416588	405.66262192309	594.684282667336	360.271829104945	423.037377611004	910.09773361149	587.689743835522
2020-07-25	667.163272671575	496.476932179905	404.635741902505	594.443987544443	358.716417731929	431.942847190292	904.025242144046	590.890883972934
2020-07-26	664.025782266929	495.772845255903	403.21855852391	593.438519278349	356.991790122176	440.716560483596	897.455201404284	593.707620854576
2020-07-27	660.397808667834	494.749426451899	401.423738822338	591.67805504854	355.13517359471	449.331751985204	890.438585097132	596.126434365835
2020-07-28	656.303762700008	493.415635413035	399.269034884503	589.192949930713	353.168036389731	457.771248240054	883.017802578408	598.146240155448
2020-07-29	651.768896712274	491.779120993908	396.773470060045	586.018603474617	351.107906977735	466.020273805744	875.233122116656	599.769062812988
2020-07-30	646.818463053456	489.847532049115	393.956067698601	582.190415230001	348.972313829217	474.064053239872	867.124811980421	600.99692692803
2020-07-31	641.477714072378	487.628517433253	390.835851149808	577.743784746613	346.778785414672	481.887811100039	858.733140438247	601.831857090146
2020-08-01	635.771902117863	485.12972600092	387.431843763306	572.714111574201	344.544850204598	489.476771943842	850.098375758678	602.275877888911
2020-08-02	629.726279538735	482.358806606711	383.763068888731	567.136795262516	342.288036669488	496.816160328879	841.260786210257	602.331013913897
2020-08-03	623.366098683818	479.323408105225	379.848549875722	561.047235361305	340.025873279838	503.891200812751	832.260640061529	601.999289754679
2020-08-04	616.716611901935	476.031179351058	375.707310073917	554.480831420317	337.775888506144	510.687117953055	823.138205581037	601.282730000829
2020-08-05	609.80307154191	472.489769198807	371.358372832953	547.472982989301	335.555610818902	517.189136307391	813.933751037326	600.183359241922
2020-08-06	602.650729952566	468.706826503071	366.820761502469	540.059089618006	333.382568688606	523.382480433356	804.68754469894	598.703202067531
2020-08-07	595.284839482728	464.690000118445	362.113499432102	532.274550856181	331.274290585753	529.252374888551	795.439854834422	596.84428306723
2020-08-08	587.730652481218	460.446938899526	357.25560997149	524.154766253574	329.248304980838	534.784044230573	786.230949712317	594.608626830592
2020-08-09	580.013421296861	455.985291700913	352.266116470272	515.735135359934	327.322140344356	539.962713017021	777.101097601169	591.99825794719
2020-08-10	572.159044998456	451.312807201945	347.163394631022	507.052990844228	325.516630101889	544.77727829893	768.087003641436	589.019471911549
2020-08-11	564.196009534705	446.437633380939	341.963229568066	498.153397852291	323.865827499371	549.231327101075	759.211120461237	585.695647837989
2020-08-12	556.153447574288	441.368018040951	336.680758748667	489.083354649177	322.407090737819	553.332118941667	750.492337560608	582.054435745784
2020-08-13	548.060491785884	436.112208985043	331.331119640087	479.889859499941	321.177778018251	557.086913338917	741.949544439581	578.123485654206
2020-08-14	539.94627483817	430.678454016272	325.92944970959	470.619910669634	320.215247541686	560.502969811037	733.601630598192	573.930447582526
2020-08-15	531.839929399826	425.075000937697	320.490886424437	461.320506423311	319.556857509143	563.587547876238	725.467485536473	569.502971550016
2020-08-16	523.770588139532	419.310097552378	315.030567251892	452.038645026026	319.23996612164	566.34790705273	717.565998754459	564.868707575949
2020-08-17	515.766077231954	413.39546711651	309.564826323905	442.818352827592	319.298054530996	568.795666558437	709.910747477879	560.054785226326
2020-08-18	507.848996875723	407.356734698838	304.114784431173	433.691768516864	319.749095692234	570.95988441013	702.494059835235	555.086252254062
2020-08-19	500.040640775455	401.223000821245	298.70275902908	424.688058867454	320.607185511175	572.873978324292	695.302951680724	549.987635958804
2020-08-20	492.362302635769	395.023366005614	293.351067573012	415.836390652979	321.886419893642	574.571366017406	688.324438868545	544.783463640197
2020-08-21	484.835276161284	388.786930773828	288.082027518351	407.16593064705	323.600894745457	576.085465205955	681.545537252894	539.498262597887
2020-08-22	477.480855056617	382.542795647767	282.917956320484	398.705845623284	325.764705972442	577.449693606423	674.953262687969	534.156560131518
2020-08-23	470.320333026386	376.320061149316	277.881171434793	390.485302355293	328.39194948042	578.697468935292	668.534631027967	528.782883540736
2020-08-24	463.375003775211	370.147827800356	272.993990316664	382.533467616691	331.496721175213	579.862208909045	662.276658127085	523.401760125188
2020-08-25	456.666161007708	364.05519612277	268.278730421481	374.879508181093	335.093116962643	580.977331244166	656.166359839521	518.037717184517
2020-08-26	450.215098428497	358.071266638441	263.757709204629	367.552590822113	339.195232748533	582.076253657137	650.190752019472	512.715282018371
2020-08-27	444.043109742194	352.22513986925	259.453244121492	360.581882313365	343.817164438705	583.192393864442	644.336850521135	507.458981926393
2020-08-28	438.17148865342	346.545916337082	255.387652627454	353.996549428463	348.973007938981	584.359169582564	638.591671198708	502.29334420823
2020-08-29	432.621528866791	341.062696563817	251.5832521779	347.825758941021	354.676859155183	585.609998527986	632.942229906388	497.242896163527
2020-08-30	427.414524086926	335.804581071339	248.062360228214	342.098677624653	360.942813993134	586.978298417191	627.375542498372	492.332165091929
2020-08-31	422.570709664867	330.800746497963	244.847581661676	336.84218802166	367.786645663844	588.495888840775	621.880053930041	487.583467715339
2020-09-01	418.106087537347	326.080673947746	241.962671073148	332.074035749089	375.230836599068	590.188196885784	616.449925561516	483.010278444688
2020-09-02	414.035601287525	321.673920641173	239.431670485385	327.809682192675	383.29954653575	592.079051513378	611.080747854098	478.623861113161
2020-09-03	410.374194498559	317.610043798734	237.278621921144	324.064588738153	392.016935210835	594.192281684716	605.768111269091	474.435479553947
2020-09-04	407.136810753606	313.918600640917	235.527567403182	320.854216771255	401.407162361266	596.551716360957	600.507606267798	470.456397600232
2020-09-05	404.338393635823	310.62914838821	234.202548954255	318.194027677718	411.494387723986	599.18118450326	595.294823311523	466.697879085203
2020-09-06	401.993886728369	307.771244261101	233.327608597119	316.099482843274	422.30277103594	602.104515072785	590.125352861568	463.171187842048
2020-09-07	400.116627287399	305.372243703357	232.925206208782	314.584035048913	433.85333218122	605.346686124129	584.997747784031	459.887987661401
2020-09-08	398.713527261053	303.450695051863	233.011473083252	313.653102656644	446.154531632525	608.937272085639	579.922410564185	456.861542163679
2020-09-09	397.789892270471	302.022944866782	233.600958368788	313.310095423729	459.2116900097	612.906996479099	574.9127060921	454.105514926748
2020-09-10	397.351027936792	301.105339708277	234.708211213649	313.55842310743	473.030127932591	617.286582826294	569.981999257844	451.633569528473
2020-09-11	397.402239881153	300.714226136511	236.347780766095	314.401495465011	487.615166021046	622.106754649008	565.143654951485	449.45936954672
2020-09-12	397.948833724693	300.865950711648	238.534216174385	315.842722253735	502.972124894911	627.398235469027	560.41103806309	447.596578559354
2020-09-13	398.996115088552	301.57685999385	241.282066586778	317.885513230864	519.106325174032	633.191748808133	555.79751348273	446.05886014424
2020-09-14	400.549389593866	302.86330054328	244.605881151532	320.533278153661	536.023087478257	639.518018188114	551.31644610047	444.859877879243
2020-09-15	402.613962861776	304.741618920103	248.520209016908	323.789426779389	553.727732427431	646.407767130751	546.981200806382	444.013295342229
2020-09-16	405.19514051342	307.228161684481	253.039599331164	327.65736886531	572.225580641403	653.891719157832	542.805142490531	443.532776111062
2020-09-17	408.298228169936	310.339275396576	258.178601242559	332.140514168688	591.521952740017	662.000597791139	538.801636042988	443.431983763609
2020-09-18	411.928531452462	314.091306616554	263.951763899352	337.242272446785	611.62216934312	670.765126552457	534.98404635382	443.724581877733
2020-09-19	416.091355982138	318.500601904576	270.373636449803	342.966053456865	632.53155107056	680.216028963572	531.365738313095	444.424234031301
2020-09-20	420.792007380103	323.583507820806	277.458768042172	349.31526695619	654.255418542183	690.384028546268	527.960076810881	445.544603802178
2020-09-21	426.038302944902	329.355423342821	285.220076930684	356.294028559949	676.79917383404	701.300042539758	524.786366719272	447.09971138381
2020-09-22	431.84810668472	335.827957117853	293.663957793441	363.909277315039	700.168544846998	712.995763052978	521.887672838451	449.105003431977
2020-09-23	438.241794285147	343.011770210549	302.795174414511	372.168658126285	724.369340938129	725.50307591229	519.312999950628	451.576283218037
2020-09-24	445.239741431775	350.917523685554	312.618490577965	381.07981589851	749.407371464507	738.85386694406	517.111352838011	454.529354013352
2020-09-25	452.862323810196	359.555878607516	323.13867006787	390.650395536536	775.288445783202	753.08002197465	515.33173628281	457.98001908928
2020-09-26	461.129917106001	368.93749604108	334.360476668295	400.888041945189	802.018373251286	768.213426830425	514.023155067233	461.944081717182
2020-09-27	470.062897004782	379.073037050893	346.28867416331	411.800400029292	829.602963225832	784.285967337749	513.234613973489	466.437345168417
2020-09-28	479.68163919213	389.973162701602	358.928026336984	423.395114693668	858.048025063913	801.329529322985	513.015117783788	471.475612714347
2020-09-29	490.006519353636	401.648534057851	372.283296973384	435.679830843141	887.359368122599	819.375998612497	513.413671280337	477.07468762633
2020-09-30	501.057913174892	414.109812184288	386.359249856581	448.662193382534	917.542801758962	838.457261032649	514.479279245345	483.250373175728
2020-10-01	512.85619634149	427.367658145559	401.160648770643	462.349847216672	948.604135330075	858.605202409805	516.260946461022	490.018472633898
2020-10-02	525.421744539021	441.43273300631	416.69225749964	476.750437250379	980.549178193012	879.85170857033	518.807677709577	497.394789272203
2020-10-03	538.774933453077	456.315697831188	432.958839827639	491.871608388476	1013.38373970484	902.228665340585	522.168477773217	505.395126362002
2020-10-04	552.936138769249	472.027213684838	449.96515953871	507.721005535789	1047.11362922264	925.767958546937	526.392351434152	514.035287174654
2020-10-05	567.927916263862	488.580780746649	467.715482632759	524.307930864451	1081.73574773451	950.498698483788	531.533137923041	523.332987386618
2020-10-06	583.781542076179	506.001255654982	486.212083973042	541.64831561584	1117.21136275271	976.438893317708	537.664014264338	533.31359229475
2020-10-07	600.530472436195	524.316334162936	505.456740638648	559.75974829864	1153.49283342055	1003.6037756833	544.862991930949	544.004379601002
2020-10-08	618.208163573906	543.553712023613	525.451229708671	578.65981742154	1190.53251888132	1032.00857821517	553.208082395779	555.432627007326
2020-10-09	636.848071719308	563.741084990115	546.197328262203	598.366111493225	1228.28277827832	1061.66853354794	562.777297131734	567.625612215676
2020-10-10	656.483653102397	584.906148815543	567.696813378335	618.896219022384	1266.69597075484	1092.59887431619	573.648647611717	580.610612928005
2020-10-11	677.148363953168	607.076599252998	589.951462136159	640.267728517701	1305.72445545418	1124.81483315456	585.900145308634	594.414906846266
2020-10-12	698.868779981285	630.270757177665	612.961251642951	662.494683985507	1345.32305031181	1158.32527566645	599.609478576652	609.062596060168
2020-10-13	721.643954815084	654.46944395306	636.718959118717	685.576951422696	1385.45640843182	1193.11359933057	614.85304329498	624.565080210451
2020-10-14	745.466061562567	679.644106064785	661.215561811651	709.510852323809	1426.0916417105	1229.15683459445	631.706912224091	640.930583325609
2020-10-15	770.327273331735	705.766189998438	686.442036969941	734.292708183382	1467.19586204411	1266.4320119056	650.247158124455	658.167329434136
2020-10-16	796.219763230593	732.807142239619	712.389361841779	759.918840495953	1508.73618132892	1304.91616171155	670.549853756545	676.283542564529
2020-10-17	823.135704367144	760.738409273929	739.048513675358	786.385570756061	1550.67971146121	1344.58631445983	692.691071880831	695.287446745281
2020-10-18	851.067269849389	789.531437586968	766.410469718866	813.689220458243	1592.99356433723	1385.41950059795	716.746885257787	715.187266004889
2020-10-19	880.006632785333	819.157673664336	794.466207220498	841.82611109704	1635.64485185327	1427.39275057343	742.793366647883	735.991224371847
2020-10-20	909.945966282977	849.588563991631	823.206703428441	870.792564166985	1678.6006859056	1470.4830948338	770.906588811591	757.70754587465
2020-10-21	940.877443450324	880.795555054455	852.622935590888	900.584901162621	1721.82817839048	1514.66756382658	801.162624509381	780.344454541793
2020-10-22	972.793237395377	912.750093338407	882.705880956031	931.199443578483	1765.29444120418	1559.9231879993	833.637546501727	803.91017440177
2020-10-23	1005.68552122614	945.423625329088	913.44651677206	962.632512909112	1808.96658624298	1606.22699779946	868.4074275491	828.412929483079
2020-10-24	1039.54646805061	978.787597512097	944.835820287166	994.880430649043	1852.81172540315	1653.55602367461	905.54834041197	853.860943814213
2020-10-25	1074.3682509768	1012.81345637303	976.86476874954	1027.93951829281	1896.79697058095	1701.88729607225	945.13635785081	880.262441423667
2020-10-26	1110.12824298397	1047.4588665136	1009.51147843712	1061.79293455593	1940.8761647568	1751.20043572003	987.247634030103	907.61889685485
2020-10-27	1146.74461653643	1082.62636499988	1042.70262174681	1096.37118703772	1984.95007524769	1801.48542446605	1031.95864873038	935.904786710829
2020-10-28	1184.12074396976	1118.20470701406	1076.35201010528	1131.5916205585	2028.90620045473	1852.73483443854	1079.34596313617	965.087838109582
2020-10-29	1222.15999761953	1154.08264773833	1110.37345493917	1167.37157993856	2072.63203877905	1904.94123776571	1129.48613843203	995.135778169089
2020-10-30	1260.76574982132	1190.14894235488	1144.68076767515	1203.62840999821	2116.01508862179	1958.09720657579	1182.45573580248	1026.01633400733
2020-10-31	1299.84137291071	1226.29234604591	1179.18775973987	1240.27945555775	2158.94284838405	2012.195312997	1238.33131643208	1057.69723274228
2020-11-01	1339.29023922326	1262.40161399358	1213.80824255999	1277.24206143748	2201.30281646697	2067.22812915757	1297.18944150535	1090.14620149193
2020-11-02	1379.01631088167	1298.37042620876	1248.46110049895	1314.43396665634	2242.97987476853	2123.18870032944	1359.08415289934	1123.32587600124
2020-11-03	1418.92590915705	1334.11216201695	1283.08550966735	1351.77448702782	2283.84843917414	2180.07196435954	1423.97941526104	1157.1785265231
2020-11-04	1458.92594510762	1369.54512557233	1317.62571911258	1389.18333256405	2323.78030906607	2237.87333223849	1491.81667392996	1191.6413319374
2020-11-05	1498.92332979162	1404.58762102906	1352.02597788202	1426.58021327715	2362.6472838266	2296.58821495693	1562.53737424558	1226.65147112403
2020-11-06	1538.82497426726	1439.15795254131	1386.23053502305	1463.88483917926	2400.32116283798	2356.21202350552	1636.08296154741	1262.14612296286
2020-11-07	1578.53778959278	1473.17442426325	1420.18363958306	1501.01692028251	2436.67374548249	2416.74016887489	1712.39488117493	1298.06246633379
2020-11-08	1617.9686868264	1506.55534034907	1453.82954060944	1537.89616659901	2471.5768311424	2478.16806205569	1791.41457846766	1334.33768011669
2020-11-09	1657.02457702634	1539.21900495291	1487.11248714957	1574.4422881409	2504.90221919998	2540.49111403855	1873.08349876509	1370.90894319146
2020-11-10	1695.61237125082	1571.08372222897	1519.97672825084	1610.57499492031	2536.5217090375	2603.70473581412	1957.3430874067	1407.71343443796
2020-11-11	1733.63898055809	1602.0677963314	1552.36651296063	1646.21399694936	2566.30710003722	2667.80433837303	2044.134789732	1444.6883327361
2020-11-12	1771.01131600635	1632.08953141437	1584.22609032633	1681.27900424019	2594.13019158143	2732.78533270594	2133.40005108048	1481.77081696575
2020-11-13	1807.63628865385	1661.06723163207	1615.49970939533	1715.68972680491	2619.86278305237	2798.64312980347	2225.08031679165	1518.89806600679
2020-11-14	1843.42080955879	1688.91920113865	1646.131619215	1749.36587465566	2643.37667383234	2865.37314065628	2319.11703220499	1556.00725873911
2020-11-15	1878.27178977941	1715.56374408829	1676.06606883274	1782.22715780457	2664.54366330359	2932.970776255	2415.45164266	1593.0355740426
2020-11-16	1912.09968833943	1740.92552311752	1705.24558224979	1814.19536381312	2683.25670208927	3001.42209381402	2514.01516662996	1629.91927959194
2020-11-17	1944.82915612452	1764.95463479235	1733.60578328284	1845.20059044022	2699.49334577606	3070.6757354426	2614.69691512316	1666.59099824105
2020-11-18	1976.38839198587	1787.60753416114	1761.08057070245	1875.17501299413	2713.25230119148	3140.67098947377	2717.37577228172	1702.98244163868
2020-11-19	2006.70559477465	1808.84067627225	1787.60384327916	1904.05080678311	2724.53227516309	3211.34714424056	2821.9306222477	1739.02532143354
2020-11-20	2035.70896334204	1828.61051617405	1813.10949978354	1931.76014711543	2733.33197451842	3282.64348807597	2928.24034916321	1774.65134927437
2020-11-21	2063.32669653921	1846.87350891491	1837.53143898613	1958.23520929935	2739.65010608502	3354.49930931303	3036.18383717032	1809.7922368099
2020-11-22	2089.48699321734	1863.58610954319	1860.80355965749	1983.40816864314	2743.48537669044	3426.85389628475	3145.63997041113	1844.37969568886
2020-11-23	2114.12867875655	1878.71467918709	1882.86604591447	2007.22080230678	2744.85206571202	3499.6216188685	3256.46995482474	1878.35084555292
2020-11-24	2137.23308465273	1892.2652032942	1903.68422325914	2029.65329485716	2743.82674272635	3572.61717311903	3368.46428353832	1911.6644380156
2020-11-25	2158.79216893073	1904.25357339191	1923.22970253988	2050.69543271289	2740.50154985985	3645.63033663541	3481.39577147603	1944.28463268333
2020-11-26	2178.79788961538	1914.69568100765	1941.47409460507	2070.33700229258	2734.9686292389	3718.45088701674	3595.03723356207	1976.17558916256
2020-11-27	2197.24220473153	1923.60741766883	1958.38901030306	2088.56779001483	2727.32012298992	3790.86860186211	3709.16148472061	2007.30146705974
2020-11-28	2214.11707230401	1931.00467490286	1973.94606048224	2105.37758229827	2717.64817323929	3862.67325877061	3823.54133987583	2037.62642598132
2020-11-29	2229.41445035767	1936.90334423715	1988.11685599097	2120.75616556148	2706.04492211344	3933.65463534133	3937.94961395192	2067.11462553375
2020-11-30	2243.12629691733	1941.31931719912	2000.87300767764	2134.6933262231	2692.60251173874	4003.60250917335	4052.15912187304	2095.73022532348
2020-12-01	2255.24457000785	1944.26848531618	2012.18612639062	2147.17885070172	2677.41308424162	4072.30665786577	4165.94267856339	2123.43738495695
2020-12-02	2265.76122765406	1945.76674011573	2022.02782297827	2158.20252541596	2660.56878174846	4139.55685901767	4279.07309894714	2150.20026404061
2020-12-03	2274.66822788081	1945.82997312521	2030.36970828897	2167.75413678443	2642.16174638568	4205.14289022815	4391.32319794848	2175.98302218091
2020-12-04	2281.95752871292	1944.47407587201	2037.1833931711	2175.82347122572	2622.28412027966	4268.85452909628	4502.46579049157	2200.74981898431
2020-12-05	2287.62108817525	1941.71493988355	2042.44048847303	2182.40031515847	2601.02804555682	4330.48155322117	4612.2736915006	2224.46481405723
2020-12-06	2291.65086429263	1937.56845668724	2046.11260504312	2187.47445500127	2578.48566434355	4389.81374020191	4720.51971589976	2247.09216700615
2020-12-07	2294.05878645689	1932.06752391672	2048.19016777879	2191.05729523106	2554.7569812481	4446.67373891269	4826.96995128263	2268.60725494572
2020-12-08	2294.93666952781	1925.31306363052	2048.73885777353	2193.24671255805	2529.97345080609	4501.01568332821	4931.36357592048	2289.03032502353
2020-12-09	2294.39629973217	1917.42300399337	2047.8431701699	2194.16220175079	2504.27439003495	4552.82657869829	5033.43304075398	2308.39284189536
2020-12-10	2292.54946329673	1908.51527317004	2045.58760011042	2193.92325757782	2477.79911595216	4602.09343027275	5132.91079672382	2326.726270217
2020-12-11	2289.50794644827	1898.70779932527	2042.05664273763	2192.64937480767	2450.68694557516	4648.80324330138	5229.52929477066	2344.06207464427
2020-12-12	2285.38353541357	1888.11851062381	2037.33479319407	2190.4600482089	2423.07719592141	4692.94302303401	5323.02098583519	2360.43171983295
2020-12-13	2280.28801641938	1876.8653352304	2031.50654662227	2187.47477255004	2395.10918400836	4734.49977472046	5413.11832085808	2375.86667043883
2020-12-14	2274.33317569249	1865.0662013098	2024.65639816478	2183.81304259964	2366.92222685347	4773.46050361052	5499.55375078002	2390.39839111772
2020-12-15	2267.63079945967	1852.83903702675	2016.86884296413	2179.59435312623	2338.6556414742	4809.81221495402	5582.05972654166	2404.0583465254
2020-12-16	2260.29267394769	1840.301770546	2008.22837616286	2174.93819889835	2310.44874488798	4843.54191400077	5660.3686990837	2416.87800131768
2020-12-17	2252.43058538331	1827.5723300323	1998.8194929035	2169.96407468455	2282.44085411229	4874.63660600059	5734.21311934681	2428.88882015035
2020-12-18	2244.15631999332	1814.7686436504	1988.72668832859	2164.79147525337	2254.77128616458	4903.08329620328	5803.32543827168	2440.12226767921
2020-12-19	2235.58166400449	1802.00863956505	1978.03445758066	2159.53989537335	2227.57935806229	4928.86898985866	5867.43810679896	2450.60980856004
2020-12-20	2226.81840364358	1789.410245941	1966.82729580227	2154.32882981304	2201.00438682289	4951.98069221654	5926.28357586934	2460.38290744866
2020-12-21	2217.94761010051	1777.06028945001	1955.16638810342	2149.24699672344	2175.15932638171	4972.38677038654	5979.60105926609	2469.4552575963
2020-12-22	2208.92749441779	1764.92119079198	1943.0196794641	2144.26000778547	2150.05167834558	4989.98103891747	6027.15682214276	2477.76946663603
2020-12-23	2199.68555260106	1752.92426917382	1930.33180483178	2139.30269806253	2125.66258123922	5004.63867421797	6068.72389249552	2485.25037079639
2020-12-24	2190.14928065597	1741.00084380244	1917.04739915391	2134.30990261802	2101.97317358736	5016.23485269665	6104.07529832053	2491.82280630589
2020-12-25	2180.24617458816	1729.08223388475	1903.11109737797	2129.21645651531	2078.96459391471	5024.64475076214	6132.98406761394	2497.41160939307
2020-12-26	2169.90373040328	1717.09975862767	1888.46753445142	2123.95719481781	2056.61798074599	5029.74354482306	6155.2232283719	2501.94161628644
2020-12-27	2159.04944410698	1704.9847372381	1873.06134532172	2118.46695258892	2034.91447260592	5031.40641128803	6170.56580859058	2505.33766321453
2020-12-28	2147.61493499993	1692.67005977868	1856.84637957165	2112.68110708928	2013.83274306985	5029.52654215731	6178.83548380779	2507.53196740256
2020-12-29	2135.54831556296	1680.0948997349	1839.81334532516	2106.53720436867	1993.34160591575	5024.0691917977	6180.05851972807	2508.48627006255
2020-12-30	2122.8018215719	1667.20000144797	1821.96216534152	2099.9733326741	1973.40740997222	5015.01763016763	6174.31182959764	2508.1696934032
2020-12-31	2109.32768880262	1653.92610925909	1803.29276238	2092.92758025261	1953.99650406786	5002.35512722554	6161.67232666268	2506.55135963321
2021-01-01	2095.07815303096	1640.21396750949	1783.80505919986	2085.33803535121	1935.07523703127	4986.06495292985	6142.21692416942	2503.60039096131
2021-01-02	2080.00545003277	1626.00432054037	1763.49897856038	2077.14278621695	1916.60995769105	4966.13037723902	6116.02253536406	2499.28590959618
2021-01-03	2064.0618155839	1611.23791269294	1742.3744432208	2068.27992109684	1898.5670148758	4942.53467011146	6083.16607349281	2493.57703774655
2021-01-04	2047.1994854602	1595.85548830841	1720.43137594041	2058.68752823791	1880.91275741414	4915.26110150562	6043.72445180186	2486.44289762112
2021-01-05	2029.37069543752	1579.79779172799	1697.66969947846	2048.30369588719	1863.61353413465	4884.29294137993	5997.77458353744	2477.8526114286
2021-01-06	2010.52768129171	1563.00556729289	1674.08933659423	2037.0665122917	1846.63569386593	4849.61345969282	5945.39338194573	2467.77530137769
2021-01-07	1990.62267879863	1545.41955934432	1649.69021004697	2024.91406569848	1829.9455854366	4811.20592640272	5886.65776027297	2456.18008967711
2021-01-08	1969.60792373411	1526.9805122235	1624.47224259595	2011.78444435455	1813.50955767525	4769.05361146808	5821.64463176534	2443.03609853556
2021-01-09	1947.43565187401	1507.62917027163	1598.43535700044	1997.61573650694	1797.29395941049	4723.13978484732	5750.43090966906	2428.31245016175
2021-01-10	1924.05809899418	1487.30627782992	1571.57947601971	1982.34603040267	1781.26513947091	4673.44771649888	5673.09350723032	2411.97826676438
2021-01-11	1899.45246112715	1465.97875953395	1543.92482868358	1965.93479523193	1765.39074533085	4620.00951292899	5589.77665180126	2394.02330029367
2021-01-12	1873.69577533217	1443.71826119678	1515.5728691042	1948.42702395754	1749.6436190476	4563.05262683504	5500.89382715769	2374.51982166579
2021-01-13	1846.89003892517	1420.62260892582	1486.64535766425	1929.88909048547	1733.99790132418	4502.85334746221	5406.92583118131	2353.56073153844
2021-01-14	1819.13724922208	1396.7896288285	1457.26405474643	1910.38736872171	1718.42773286361	4439.68796405568	5308.35346175384	2331.23893056929
2021-01-15	1790.53940353882	1372.31714701223	1427.55072073344	1889.98823257222	1702.90725436891	4373.83276586066	5205.65751675702	2307.64731941603
2021-01-16	1761.19849919134	1347.30298958443	1397.62711600798	1868.75805594299	1687.4106065431	4305.56404212232	5099.31879407254	2282.87879873634
2021-01-17	1731.21653349555	1321.84498265254	1367.61500095274	1846.76321273998	1671.91193008921	4235.15808208584	4989.81809158214	2257.02626918792
2021-01-18	1700.69024570446	1296.03509575782	1337.62306920466	1824.06994652398	1656.38769136586	4162.88130267714	4877.60811607396	2230.18217096519
2021-01-19	1669.6953428193	1269.94187217706	1307.70774741761	1800.74397947495	1640.82365935417	4088.96063154502	4763.02920996188	2202.43710240963
2021-01-20	1638.30227377841	1243.62799862089	1277.9123954997	1776.85090342766	1625.20792869089	4013.61312401902	4646.39362456621	2173.88120139948
2021-01-21	1606.5814875201	1217.15616179994	1248.28037335903	1752.45631021689	1609.52859401273	3937.05583542866	4528.01361120723	2144.60460581297
2021-01-22	1574.60343298267	1190.58904842485	1218.85504090371	1727.62579167739	1593.77374995643	3859.50582110348	4408.20142120527	2114.69745352832
2021-01-23	1542.43855910446	1163.98934520627	1189.67975804184	1702.42493964394	1577.93149115872	3781.18013637301	4287.26930588063	2084.24988242378
2021-01-24	1510.15731482376	1137.41973885481	1160.79788468153	1676.91934595131	1561.98991225633	3702.29583656677	4165.52951655361	2053.35203037758
2021-01-25	1477.83014907891	1110.94291608113	1132.25278073089	1651.17460243426	1545.937107886	3623.0699770143	4043.29430454452	2022.09403526794
2021-01-26	1445.52751080821	1084.62156359586	1104.08780609802	1625.25630092756	1529.76117268446	3543.71961304513	3920.87592117366	1990.5660349731
2021-01-27	1413.31984894999	1058.51836810963	1076.34632069103	1599.23003326598	1513.45020128843	3464.46179998878	3798.58661776133	1958.85816737129
2021-01-28	1381.27761244255	1032.69601633308	1049.07168441803	1573.16139128429	1496.99228833466	3385.51359317481	3676.73864562785	1927.06057034075
2021-01-29	1349.47125022422	1007.21719497684	1022.30725718711	1547.11596681726	1480.37552845986	3307.09204793272	3555.64425609351	1895.2633817597
2021-01-30	1317.9712112333	982.144590751558	996.096398906397	1521.15935169965	1463.58801630078	3229.41421959205	3435.61570047863	1863.55673950638
2021-01-31	1286.84794440813	957.540890367866	970.482469483987	1495.35713776624	1446.61784649415	3152.69716348235	3316.9652301035	1832.03078145902
2021-02-01	1256.16931368212	933.464872236758	945.503365368879	1469.77453850534	1429.47517421218	3077.14972596455	3199.97787274953	1800.77958791346
2021-02-02	1225.9928429692	909.959681570667	921.175129173643	1444.4752540195	1412.25839676905	3002.94791752539	3084.82976204251	1769.91300883596
2021-02-03	1196.37347117839	887.064555282383	897.508340051737	1419.5226060648	1395.0879720144	2930.25953968299	2971.66980806932	1739.54483661036
2021-02-04	1167.36613721872	864.818730284697	874.513577156622	1394.97991639734	1378.0843577979	2859.2523939555	2860.64692091685	1709.78886362052
2021-02-05	1139.02577999924	843.261443490403	852.201419641763	1370.91050677322	1361.3680119692	2790.09428186106	2751.910010672	1680.75888225032
2021-02-06	1111.40733842897	822.431931812289	830.582446660614	1347.37769894852	1345.05939237795	2722.95300491781	2645.60798742163	1652.56868488359
2021-02-07	1084.56575141693	802.369432163146	809.66723736664	1324.44481467933	1329.27895687382	2657.99636464389	2541.88976125264	1625.3320639042
2021-02-08	1058.5503002462	783.110482606012	789.4661484923	1302.17057372664	1314.1424911881	2595.36721177961	2440.88306039551	1599.14342770771
2021-02-09	1033.38763569591	764.680825804892	769.988647086042	1280.59528787098	1299.74709257872	2535.10859395385	2342.63088565512	1574.01964873643
2021-02-10	1009.09875091926	747.103505574042	751.24397777532	1259.75466689776	1286.18518618524	2477.2386080177	2247.15505597994	1549.9582154444
2021-02-11	985.70463906942	730.401565727713	733.24138518758	1239.6844205924	1273.54919714723	2421.7753508222	2154.47739031843	1526.95661628561
2021-02-12	963.226293299567	714.598050080158	715.990113950272	1220.42025874032	1261.93155060425	2368.73691921842	2064.61970761906	1505.0123397141
2021-02-13	941.684706762883	699.716002445631	699.499408690849	1201.99789112693	1251.42467169587	2318.14141005743	1977.60382683032	1484.12287418389
2021-02-14	921.100872612546	685.778466638383	683.778514036757	1184.45302753764	1242.12098556165	2270.00692019029	1893.45156690066	1464.285708149
2021-02-15	901.495784001735	672.808486472669	668.836674615448	1167.82137775789	1234.11291734117	2224.35154646805	1812.18474677856	1445.49833006343
2021-02-16	882.890434083632	660.829105762741	654.683135054371	1152.13865157307	1227.49289217398	2181.19338574179	1733.82518541249	1427.75822838123
2021-02-17	865.305816011412	649.86336832285	641.327139980975	1137.44055876861	1222.35333519966	2140.55053486255	1658.39470175092	1411.06289155639
2021-02-18	848.762922938257	639.934317967252	628.77793402271	1123.76280912993	1218.78667155777	2102.44109068142	1585.91511474232	1395.40980804295
2021-02-19	833.282748017344	631.064998510198	617.044761807026	1111.14111244244	1216.88532638788	2066.88315004944	1516.40824333515	1380.79646629492
2021-02-20	818.886284401854	623.278453765941	606.136867961372	1099.61117849156	1216.74172482955	2033.89480981767	1449.8959064779	1367.22035476633
2021-02-21	805.594525244965	616.597727548734	596.0634971132	1089.2087170627	1218.44829202235	2003.4941668372	1386.39992311902	1354.67896191118
2021-02-22	793.424906520601	611.041674507705	586.837564018723	1079.96533697971	1222.09612868444	1975.68536448542	1325.92555538292	1343.15707986003
2021-02-23	782.38063548567	606.612392631488	578.486663949225	1071.89624322017	1227.77103784834	1950.41673224521	1268.41183809767	1332.58871544948
2021-02-24	772.461362217826	603.307790743592	571.042062304759	1065.01253980005	1235.55749812519	1927.62264612581	1213.78124926726	1322.89517919266
2021-02-25	763.666736794718	601.125777667524	564.535024485371	1059.32533073536	1245.5399881261	1907.23748213642	1161.9562668957	1313.99778160272
2021-02-26	755.996409294002	600.064262226795	558.996815891113	1054.8457200421	1257.8029864622	1889.19561628629	1112.85936898698	1305.81783319279
2021-02-27	749.450029793327	600.121153244911	554.458701922034	1051.58481173626	1272.43097174461	1873.43142458463	1066.4130335451	1298.27664447599
2021-02-28	744.027248370349	601.294359545383	550.951947978185	1049.55370983384	1289.50842258444	1859.87928304068	1022.53973857406	1291.29552596546
2021-03-01	739.723267282141	603.575209544047	548.500069071716	1048.75679975208	1309.08858846756	1848.4641521866	981.160342937017	1284.80244925291
2021-03-02	736.515497503468	606.928710026051	547.095578663183	1049.17159251318	1331.0998023787	1839.07333064629	942.189228933741	1278.75203024431
2021-03-03	734.376902188518	611.313287368871	546.723239825243	1050.76888054062	1355.43916817734	1831.5847015666	905.539159723175	1273.1055459242
2021-03-04	733.280444491477	616.687367949985	547.367815630552	1053.51945625786	1382.00378972296	1825.87614809437	871.122898464248	1267.82427327714
2021-03-05	733.199087566534	623.009378146868	549.014069151767	1057.39411208834	1410.69077087501	1821.82555337645	838.853208315898	1262.86948928767
2021-03-06	734.105794567876	630.237744336995	551.646763461544	1062.36364045553	1441.39721549298	1819.31080055968	808.642852437063	1258.20247094033
2021-03-07	735.97352864969	638.330892897845	555.25066163254	1068.3988337829	1474.02022743634	1818.20977279091	780.404593986674	1253.78449521966
2021-03-08	738.775252966164	647.247250206893	559.810526737411	1075.47048449389	1508.45691056456	1818.40035321697	754.051196123666	1249.57683911023
2021-03-09	742.483930671484	656.945242641615	565.311121848815	1083.54938501198	1544.60436873712	1819.76042498472	729.495422006978	1245.54077959657
2021-03-10	747.072524919838	667.383296579488	571.737210039408	1092.60632776061	1582.35970581347	1822.167871241	706.650034795541	1241.63759366322
2021-03-11	752.513998865414	678.519838397987	579.073554381846	1102.61210516326	1621.62002565311	1825.50057513264	685.427797648294	1237.82855829474
2021-03-12	758.781315662399	690.31329447459	587.304917948786	1113.53750964337	1662.28243211549	1829.63641980651	665.741473724168	1234.07495047566
2021-03-13	765.847438464981	702.722091186772	596.416063812885	1125.35333362441	1704.2440290601	1834.45328840943	647.503826182099	1230.33804719054
2021-03-14	773.685330427345	715.704654912009	606.391755046799	1138.03036952984	1747.4019203464	1839.82906408826	630.627618181026	1226.57912542393
2021-03-15	782.263700964085	729.216080849888	617.208188977211	1151.53396461669	1791.62397786646	1845.63548380044	615.028138897273	1222.76146744635
2021-03-16	791.534244531404	743.198139488429	628.807299946909	1165.8076854763	1836.66114564269	1851.71969974584	600.630781576751	1218.85637667232
2021-03-17	801.444401845911	757.589270137762	641.122456552703	1180.78965353357	1882.2351357301	1857.92271793494	587.36346548276	1214.83716180236
2021-03-18	811.941613624217	772.327912108018	654.087027391409	1196.41799021343	1928.0676601837	1864.0855443782	575.154109878602	1210.67713153697
2021-03-19	822.973320582927	787.352504709327	667.634381059837	1212.63081694078	1973.8804310585	1870.04918508611	563.930634027579	1206.34959457665
2021-03-20	834.486963438654	802.601487251819	681.697886154804	1229.36625514053	2019.39516040951	1875.65464606913	553.620957192992	1201.82785962191
2021-03-21	846.429982908005	818.013299045625	696.21091127312	1246.5624262376	2064.33356029172	1880.74293333774	544.152998638142	1197.08523537326
2021-03-22	858.749819707587	833.526379400872	711.106825011598	1264.15745165689	2108.41734276016	1885.15505290241	535.454677626333	1192.09503053121
2021-03-23	871.393914554011	849.079167627695	726.318995967052	1282.08945282332	2151.36821986982	1888.73201077361	527.453913420863	1186.83055379627
2021-03-24	884.309708163885	864.610103036221	741.780792736295	1300.29655116179	2192.90790367572	1891.31481296183	520.078625285037	1181.26511386893
2021-03-25	897.444641253818	880.057624936581	757.425583916138	1318.71686809722	2232.75810623285	1892.74446547752	513.256732482155	1175.37201944972
2021-03-26	910.746154540419	895.360172638906	773.186738103397	1337.28852505453	2270.64053959624	1892.86197433117	506.916154275518	1169.12457923913
2021-03-27	924.161688740295	910.456185453324	788.997623894882	1355.94964345861	2306.27691582089	1891.50834553325	500.984809928429	1162.49610193767
2021-03-28	937.638684570058	925.284102689967	804.791609887409	1374.63834473438	2339.3889469618	1888.52458509423	495.390618704189	1155.45989624585
2021-03-29	951.124197265444	939.785523525543	820.501754776311	1393.29567554883	2369.70462669154	1883.77702465855	490.06648831638	1147.99016387089
2021-03-30	964.5637401387	953.914686603058	836.059877651005	1411.87438353724	2396.97707515293	1877.23329840653	484.965280279708	1140.0646785468
2021-03-31	977.902441021208	967.628990432104	851.397487699434	1430.33014157698	2420.96569410632	1868.88636615244	480.044844559158	1131.66210701432
2021-04-01	991.085427744344	980.885833522266	866.446094109539	1448.61862254541	2441.4298853121	1858.72918771058	475.263031119718	1122.76111601417
2021-04-02	1004.05782813949	993.64261438313	881.137206069257	1466.69549931988	2458.12905053063	1846.75472289522	470.577689926373	1113.34037228708
2021-04-03	1016.76477003801	1005.85673152428	895.402332766532	1484.51644477775	2470.82259152227	1832.95593152064	465.946670944109	1103.37854257378
2021-04-04	1029.1513812713	1017.48558345532	909.172983389302	1502.0371317964	2479.26991004741	1817.32577340112	461.327824137913	1092.85429361501
2021-04-05	1041.16558386196	1028.48809678809	922.386725329785	1519.21023746666	2483.29042887869	1799.87242986698	456.686374044998	1081.75256905799
2021-04-06	1052.76647659756	1038.82931054356	935.005358797296	1535.9764557333	2482.94365483789	1780.66496831261	452.017043491499	1070.08342017596
2021-04-07	1063.91595245687	1048.47579184498	946.996742205423	1552.27348475459	2478.34911575906	1759.78767764844	447.321929875774	1057.86317514869
2021-04-08	1074.57590441868	1057.39410781558	958.32873396776	1568.03902268879	2469.62633947627	1737.32484678489	442.603130596185	1045.1081621559
2021-04-09	1084.70822546179	1065.5508255786	968.969192497897	1583.21076769416	2456.89485382357	1713.3607646324	437.862743051093	1031.83470937736
2021-04-10	1094.27480856498	1072.91251225727	978.885976209423	1597.72641792894	2440.27418663503	1687.97972010139	433.102864638858	1018.0591449928
2021-04-11	1103.23754670703	1079.44573497485	988.046943515932	1611.52367155141	2419.88386574469	1661.26600210228	428.325592757841	1003.79779718199
2021-04-12	1111.55833286675	1085.11706085456	996.419952831011	1624.54022671982	2395.84341898663	1633.3038995455	423.533024806403	989.06699412466
2021-04-13	1119.1990600229	1089.89305701964	1003.97286256825	1636.71378159243	2368.2723741949	1604.17770134149	418.727258182905	973.883064000563
2021-04-14	1126.1216211543	1093.74029059335	1010.67353114125	1647.9820343275	2337.29025920356	1573.97169640065	413.910390285706	958.262334989448
2021-04-15	1132.28790923971	1096.6253286989	1016.48981696359	1658.28268308329	2303.01660184666	1542.77017363343	409.084518513169	942.221135271064
2021-04-16	1137.65981725793	1098.51473845955	1021.38957844886	1667.55342601805	2265.57092995827	1510.65742195025	404.251740263654	925.775793025156
2021-04-17	1142.19923818774	1099.37508699853	1025.34067401066	1675.73196129005	2225.07277137245	1477.71773026153	399.414152935521	908.942636431474
2021-04-18	1145.86806500795	1099.17294143907	1028.31096206258	1682.75598705755	2181.64165392324	1444.03538747771	394.573853927131	891.737993669767
2021-04-19	1148.63312075171	1097.87954651776	1030.27267122456	1688.56779983493	2135.42926518854	1409.69580462189	389.729712000126	874.181717900991
2021-04-20	1150.48094866974	1095.48485742449	1031.215510942	1693.12808956115	2086.71593172145	1374.788881168	384.867681369263	856.307762210948
2021-04-21	1151.40302206715	1091.98350696249	1031.13356086664	1696.40214453128	2035.81413981891	1339.40563870263	379.970487612583	838.153604666644
2021-04-22	1151.39081424904	1087.37012793498	1030.02090065022	1698.35525304041	1983.03637577786	1303.63709881238	375.020856308123	819.756723335091
2021-04-23	1150.4357985205	1081.63935314521	1027.87160994449	1698.9527033836	1928.69512589524	1267.57428308385	370.001513033924	801.154596283299
2021-04-24	1148.52944818665	1074.78581539639	1024.67976840121	1698.15978385595	1873.10287646797	1231.30821310365	364.895183368024	782.384701578277
2021-04-25	1145.66323655257	1066.80414749175	1020.43945567211	1695.94178275253	1816.57211379299	1194.92991045838	359.684592888462	763.484517287033
2021-04-26	1141.83414858424	1057.69737051845	1015.1517374951	1692.27157637155	1759.38466660724	1158.5232542275	354.354778739574	744.488458185225
2021-04-27	1137.06121589102	1047.50205869925	1008.8456239528	1687.15239302373	1701.69973340763	1122.14355346197	348.900024330876	725.418685883083
2021-04-28	1131.36898174316	1036.26317454084	1001.55711121394	1680.59504902294	1643.64585513106	1085.83897470561	343.316924638186	706.294298699487
2021-04-29	1124.78198941088	1024.02568054992	993.32219544731	1672.61036068302	1585.35157271443	1049.65768450223	337.602074637316	687.134394953312
2021-04-30	1117.32478216444	1010.83453923318	984.176872821657	1663.20914431784	1526.94542709466	1013.64784939566	331.75206930408	667.958072963437
2021-05-01	1109.02190327405	996.734713097296	974.157139505747	1652.40221624124	1468.55595920866	977.857635929709	325.763503614295	648.784431048742
2021-05-02	1099.89789600997	981.771164648967	963.298991668342	1640.20039276709	1410.31170999332	942.335210648198	319.632972543773	629.632567528101
2021-05-03	1089.97730364241	965.988856394882	951.638425478205	1626.61449020924	1352.34122038556	907.128740094952	313.357071068331	610.521580720395
2021-05-04	1079.28466944163	949.432750841728	939.211437104096	1611.65532488154	1294.77303132228	872.286390813782	306.93239416378	591.470568944499
2021-05-05	1067.84453667785	932.147810496195	926.05402271478	1595.33371309785	1237.73568374039	837.85632934851	300.355536805938	572.498630519292
2021-05-06	1055.68144862132	914.178997864975	912.20217847902	1577.66047117203	1181.35771857679	803.886722242958	293.623093970617	553.624863763653
2021-05-07	1042.81994854226	895.571275454753	897.691900565575	1558.64641541792	1125.7676767684	770.42573604094	286.731660633633	534.868366996457
2021-05-08	1029.28457971092	876.36960577222	882.559185143209	1538.3023621494	1071.09409925212	737.521537286277	279.677831770799	516.248238536584
2021-05-09	1015.09988539753	856.618951324068	866.840028380686	1516.6391276803	1017.46552696485	705.222292522789	272.458202357931	497.783576702912
2021-05-10	1000.29415795764	836.371188772541	850.575796186979	1493.679096439	964.996542019738	673.571125622919	265.076756741026	479.495261952733
2021-05-11	984.910686088105	815.705851402117	833.829333431924	1469.49092531188	913.745891234874	642.590989773622	257.56703674682	461.411303297011
2021-05-12	968.996507571083	794.709386652828	816.668854725562	1444.15483929985	863.75836260457	612.299795490471	249.96997357223	443.561491885119
2021-05-13	952.598660188741	773.468241964711	799.162574677943	1417.75106340379	815.078744123149	582.715453289048	242.326498414175	425.975618866435
2021-05-14	935.764181723243	752.068864777799	781.378707899112	1390.35982262461	767.751823784936	553.855873684932	234.677542469574	408.683475390339
2021-05-15	918.540109956751	730.597702532126	763.385468999114	1362.06134196321	721.822389584244	525.738967193698	227.064036935343	391.714852606204
2021-05-16	900.973482671431	709.141202667726	745.251072587994	1332.93584642047	677.335229515398	498.382644330926	219.526913008403	375.099541663408
2021-05-17	883.109942080487	687.77749920523	727.039647802453	1303.06221814386	634.327844001862	471.803205733109	212.105999302892	358.863349649785
2021-05-18	864.989548121269	666.551472487647	708.798981885787	1272.51396786705	592.808583183655	446.010512520393	204.836714101832	343.016147406979
2021-05-19	846.650965162169	645.499689438586	690.572776607952	1241.36326347025	552.778509629952	421.012815933841	197.753373105467	327.563821715094
2021-05-20	828.132857571577	624.65871698165	672.404733738896	1209.6822728337	514.238685909913	396.818367214514	190.890292014038	312.51225935423
2021-05-21	809.473889717882	604.065122040449	654.338555048572	1177.54316383762	477.190174592709	373.435417603474	184.281786527789	297.867347104489
2021-05-22	790.712725969478	583.75547153859	636.417942306934	1145.01810436223	441.63403824751	350.872218341784	177.962172346963	283.634971745976
2021-05-23	771.888030694753	563.766332399677	618.68659728393	1112.17926228777	407.571339443478	329.137020670503	171.965765171803	269.821020058788
2021-05-24	753.038468262098	544.134271547317	601.188221749515	1079.09880549445	375.003140749782	308.238075830696	166.326880702551	256.43137882303
2021-05-25	734.202703039905	524.895855905119	583.96651747364	1045.84890186251	343.930504735593	288.183635063424	161.079834639451	243.471934818803
2021-05-26	715.419399396562	506.087652396687	567.065186226255	1012.50171927216	314.354493970072	268.981949609747	156.258942682745	230.948574826208
2021-05-27	696.727221700463	487.74622794563	550.527929777314	979.129425603642	286.276171022393	250.64127071073	151.898520532677	218.867185625348
2021-05-28	678.164834319994	469.908149475553	534.398449896767	945.804188737166	259.696598461717	233.169849607431	148.032883889488	207.233653996324
2021-05-29	659.770901623548	452.609983910062	518.720448354566	912.598176552965	234.616838857214	216.575937540914	144.696348453422	196.053866719237
2021-05-30	641.584087979517	435.888298172766	503.537626920665	879.583556931265	211.037954778053	200.867785752242	141.923229924723	185.333710574191
2021-05-31	623.646232379267	419.777190523683	488.893172440794	846.838039720103	188.954540901498	186.052380843836	139.749750665222	175.080842796572
2021-06-01	606.011872306083	404.300884568491	474.828212063814	814.461502638778	168.335320337219	172.131650863571	138.219759683111	165.310002442915
2021-06-02	588.738719866229	389.481135249282	461.383358014367	782.559365374404	149.142548302984	159.10625922068	137.379012648171	156.03769902504
2021-06-03	571.884487165962	375.339697508143	448.59922251709	751.23704761409	131.338480016559	146.976869324399	137.273265230184	147.280442054765
2021-06-04	555.506886311548	361.898326287168	436.516417796628	720.599969044953	114.885370695713	135.744144583961	137.948273098932	139.054741043913
2021-06-05	539.663629409246	349.178776528446	425.175556077618	690.7535493541	99.7454755582123	125.408748408601	139.449791924194	131.377105504301
2021-06-06	524.412428565319	337.202803174067	414.617249584704	661.803208228646	85.8810498218255	115.971344207554	141.823577375754	124.26404494775
2021-06-07	509.81099588603	325.992161166124	404.882110542524	633.854365355705	73.2543487043213	107.432595390055	145.115385123391	117.732068886081
2021-06-08	495.917043477638	315.568605446705	396.01075117572	607.012440422385	61.8276274234655	99.7931653653371	149.370970836887	111.797686831113
2021-06-09	482.788283446407	305.953890957902	388.043783708933	581.382853115802	51.5631411970267	93.053717542636	154.636090186025	106.477408294666
2021-06-10	470.4824278986	297.169772641806	381.021820366804	557.071023123068	42.4231452427734	87.2149153311864	160.956498840583	101.787742788561
2021-06-11	459.057188940476	289.238005440506	374.985473373972	534.182370131293	34.3698947784718	82.277422140222	168.377952470346	97.7451998246164
2021-06-12	448.570278678298	282.180344296094	369.975354955079	512.822313827593	27.365645021891	78.2419013789782	176.946206745092	94.3662889146531
2021-06-13	439.079409218328	276.01854415066	366.032077334766	493.096273899076	21.3726511907975	75.109016456689	186.707017334605	91.6675195704906
2021-06-14	430.641256449431	270.774350581824	363.19441031971	475.09916360484	16.3555487567822	72.8810138424607	197.708910921437	89.6665466179741
2021-06-15	423.308351390892	266.469471709323	361.493754044741	458.883870491915	12.2884942067265	71.566472244886	210.011498239229	88.385606139049
2021-06-16	417.132188844593	263.125606288423	360.959666226724	444.49277567931	9.14802428133316	71.1755534324287	223.677161034397	87.8480795296852
2021-06-17	412.164263612424	260.764453074391	361.621704582524	431.968260286039	6.91067572130627	71.7184191735531	238.768281053353	88.077348185853
2021-06-18	408.45607049627	259.407710822492	363.509426829008	421.352705431114	5.55298526734944	73.2052312367229	255.347240042509	89.0967935035226
2021-06-19	406.059104298017	259.077078287993	366.652390683042	412.688492233546	5.05148966016606	75.6461513904026	273.476419748283	90.9297968786644
2021-06-20	405.024859819552	259.794254226159	371.080153861491	406.018001812348	5.38272564045981	79.0513414030558	293.218201917085	93.5997397072482
2021-06-21	405.401961053575	261.580486587856	376.818797276157	401.380732114748	6.52541932826225	83.4292460530813	314.625546656128	97.1286772721771
2021-06-22	407.227548756047	264.45522010634	383.880494618582	398.804648400843	8.46705436091654	88.7814421586147	337.713727515807	101.533360404083
2021-06-23	410.535892873742	268.437448710465	392.273942775241	398.314832758945	11.1973037550935	95.1077895477253	362.488596407314	106.829213820531
2021-06-24	415.361263353434	273.546166329085	402.007838632615	399.936367277368	14.7058405274647	102.408148048484	388.956005241843	113.031662239085
2021-06-25	421.737930141899	279.800366891057	413.090879077179	403.694334044425	18.982337694701	110.68237748896	417.121805930586	120.15613037731
2021-06-26	429.70016318591	287.219044325233	425.53176099541	409.613815148427	24.016468273473	119.930337697223	446.991850384735	128.21804295277
2021-06-27	439.282232432243	295.821192560469	439.339181273786	417.71989267769	29.7979052804526	130.151888501344	478.571990515484	137.232824683031
2021-06-28	450.518407827671	305.62580552562	454.521836798784	428.037648720524	36.3163217323099	141.346889729392	511.868078234024	147.215900285655
2021-06-29	463.442959318971	316.651877149539	471.088424456882	440.592165365244	43.5613906457172	153.515201209438	546.885965451551	158.18269447821
2021-06-30	478.090156852915	328.918401361083	489.047641134557	455.408524700162	51.5227850373449	166.656682769551	583.631504079256	170.148631978259
2021-07-01	494.494270376278	342.444372089103	508.408183718285	472.511808813591	60.1901779238634	180.771194237799	622.110546028329	183.129137503366
2021-07-02	512.689569835837	357.248783262457	529.178749094545	491.927099793845	69.5532423219452	195.858595442257	662.328943209967	197.139635771096
2021-07-03	532.710325178364	373.350628809999	551.368034149814	513.679479729236	79.6016512482607	211.918746210991	704.292547535361	212.195551499015
2021-07-04	554.590806350633	390.768902660582	574.984735770567	537.794030708076	90.3250777194802	228.95150637207	748.007210915701	228.312309404685
2021-07-05	578.35693674518	409.516744806027	600.025195033815	564.286522223683	101.71429641275	246.951406334	793.462352668706	245.501754714689
2021-07-06	604.001253537566	429.583879490014	626.436329778683	593.135473389379	113.764488647108	265.891658827011	840.581661738166	263.76141469167
2021-07-07	631.507947349118	450.954177019191	654.152702034832	624.310090723495	126.471937402068	285.740147161768	889.272394474405	283.085237107291
2021-07-08	660.861208801156	473.611507700204	683.10887383192	657.779580744357	139.832925657144	306.464754648935	939.441807227737	303.467169733213
2021-07-09	692.045228515003	497.539741839696	713.239407199602	693.51314997029	153.843736391846	328.033364599175	990.997156348476	324.901160341095
2021-07-10	725.044197111986	522.722749744317	744.478864167541	731.480004919628	168.50065258569	350.413860323156	1043.84569818694	347.381156702601
2021-07-11	759.842305213422	549.144401720709	776.761806765391	771.64935211069	183.799957218188	373.574125131538	1097.89468909345	370.901106589389
2021-07-12	796.416707299293	576.78133254127	810.026798615757	813.981482492087	199.73499488831	397.478518243586	1153.03907129303	395.450365820531
2021-07-13	834.716413284189	605.581234841375	844.22840971301	858.401024733515	216.287356672848	422.077302512945	1209.12453050947	420.999922404718
2021-07-14	874.68339694135	635.484565722146	879.325211644458	904.823691934948	233.43569526805	447.317216701855	1265.98443834129	447.516172398048
2021-07-15	916.259632044027	666.431782284711	915.275775997422	953.165197196367	251.158663370169	473.144999572562	1323.452166387	474.965511856627
2021-07-16	959.387092365461	698.363341630193	952.038674359213	1003.34125361775	269.434913675452	499.507389887307	1381.36108624511	503.314336836552
2021-07-17	1004.00775167889	731.219700859713	989.572478317141	1055.26757429906	288.243098880147	526.351126408331	1439.54456951411	532.529043393922
2021-07-18	1050.06358375758	764.941317074401	1027.83575945853	1108.85987234028	307.561871680506	553.622947897881	1497.83598779254	562.576027584842
2021-07-19	1097.49656237475	799.468647375375	1066.78708937068	1164.03386084138	327.369884772776	581.269593118194	1556.06871267888	593.421685465407
2021-07-20	1146.24866130366	834.742148863765	1106.38503964091	1220.70525290235	347.645790853209	609.237800831518	1614.07611577165	625.032413091723
2021-07-21	1196.26185431755	870.702278640692	1146.58818185654	1278.78976162316	368.368242618052	637.474309800093	1671.69156866937	657.374606519887
2021-07-22	1247.47811518966	907.289493807278	1187.35508760488	1338.20310010378	389.515892763553	665.92585878616	1728.74844297052	690.414661805999
2021-07-23	1299.83941769325	944.444251464652	1228.64432847324	1398.86098144419	411.067393985966	694.539186551966	1785.08011027364	724.118975006162
2021-07-24	1353.28773560155	982.107008713937	1270.41447604893	1460.67911874436	433.001398981536	723.26103185975	1840.51994217722	758.453942176475
2021-07-25	1407.7650426878	1020.21822265625	1312.62410191928	1523.57322510427	455.296560446513	752.038133471754	1894.90131027977	793.385959373036
2021-07-26	1463.19089630837	1058.69758157932	1355.21643300331	1587.4346271888	477.927542896515	780.814941437269	1948.04821499235	828.871367033926
2021-07-27	1519.39518815204	1097.38169851723	1398.07331754694	1652.05710592243	500.853058124617	809.526750953758	1999.74717197625	864.826283125119
2021-07-28	1576.18539349071	1136.08641769066	1441.06125912781	1717.21005579457	524.027829743271	838.106568505739	2049.7753257053	901.156769994576
2021-07-29	1633.36898759627	1174.6275833203	1484.04676132355	1782.66287129461	547.406581364918	866.48740057772	2097.90982065333	937.76888999025
2021-07-30	1690.75344574063	1212.82103962682	1526.8963277118	1848.18494691193	570.944036602005	894.602253654212	2143.92780129417	974.568705460093
2021-07-31	1748.14624319569	1250.48263083092	1569.4764618702	1913.54567713593	594.594919066981	922.384134219733	2187.60641210167	1011.46227875207
2021-08-01	1805.35485523333	1287.42820115326	1611.65366737639	1978.51445645601	618.313952372289	949.766048758791	2228.72279754964	1048.35567221412
2021-08-02	1862.2004338662	1323.49548028406	1653.30289781046	2042.87829870043	642.059852462547	976.688211245108	2267.08809753121	1085.15987084322
2021-08-03	1918.55883806985	1358.60973979159	1694.33290676238	2106.49469505301	665.80730461107	1003.11966560925	2302.6494336167	1121.80555023237
2021-08-04	1974.31960356057	1392.71813671367	1734.66089782457	2169.23875603644	689.53498642334	1029.03666327097	2335.38792279568	1158.22830862359
2021-08-05	2029.37226605467	1425.76782808808	1774.20407458948	2230.98559217341	713.221575504845	1054.41545565005	2365.28468205776	1194.36374425888
2021-08-06	2083.60636126844	1457.70597095264	1812.87964064952	2291.6103139866	736.845749461069	1079.23229416625	2392.32082839253	1230.14745538026
2021-08-07	2136.91142491816	1488.47972234515	1850.60479959712	2350.98803199871	760.386185897495	1103.46343023934	2416.47747878957	1265.51504022975
2021-08-08	2189.17699272014	1518.03623930341	1887.29675502472	2408.99385673242	783.821562419612	1127.08511528909	2437.73575023849	1300.40209704935
2021-08-09	2240.29260039067	1546.32267886522	1922.87271052474	2465.50289871043	807.130556632902	1150.07360073527	2456.07675972887	1334.74422408109
2021-08-10	2290.14778364604	1573.28619806838	1957.24986968961	2520.39026845542	830.291846142849	1172.40513799765	2471.48162425031	1368.47701956696
2021-08-11	2338.63207820256	1598.87395395071	1990.34543611177	2573.5310764901	853.284108554941	1194.05597849599	2483.93146079241	1401.53608174899
2021-08-12	2385.6350197765	1623.03310355	2022.07661338362	2624.80043333713	876.08602147466	1215.00237365006	2493.40738634475	1433.85700886919
2021-08-13	2431.04614408418	1645.71080390405	2052.36060509762	2674.07344951922	898.676262507495	1235.22057487963	2499.89051789693	1465.37539916958
2021-08-14	2474.75498684188	1666.85421205067	2081.11461484619	2721.22523555906	921.033509258928	1254.68683360447	2503.36197243854	1496.02685089216
2021-08-15	2516.65108376589	1686.41048502765	2108.25584622174	2766.13090197933	943.136439334444	1273.37740124435	2503.80286695918	1525.74696227895
2021-08-16	2556.63978105122	1704.34181325552	2133.71912649629	2808.68710820742	964.966056742391	1291.27157661593	2501.21689785013	1554.47933897559
2021-08-17	2594.68966680771	1720.67052068557	2157.50977766005	2848.87670928949	986.512671102554	1308.36084812349	2495.69807910948	1582.19961624224
2021-08-18	2630.78513962389	1735.43396465184	2179.65074538283	2886.70410917636	1007.76891843758	1324.63975156819	2487.36300413702	1608.8914367427
2021-08-19	2664.91059808832	1748.66950248833	2200.16497533442	2922.1737118189	1028.72743477013	1340.10282275119	2476.32826633251	1634.53844314077
2021-08-20	2697.05044078953	1760.41449152907	2219.07541318462	2955.28992116795	1049.38085612283	1354.74459747368	2462.71045909575	1659.12427810022
2021-08-21	2727.18906631608	1770.70628910807	2236.40500460323	2986.05714117435	1069.72181851834	1368.55961153681	2446.6261758265	1682.63258428486
2021-08-22	2755.31087325649	1779.58225255936	2252.17669526004	3014.47977578895	1089.74295797932	1381.54240074175	2428.19200992456	1705.04700435848
2021-08-23	2781.40026019932	1787.07973921695	2266.41343082484	3040.56222896259	1109.4369105284	1393.68750088968	2407.5245547897	1726.35118098487
2021-08-24	2805.44162573312	1793.23610641486	2279.13815696745	3064.30890464613	1128.79631218824	1404.98944778175	2384.74040382171	1746.52875682783
2021-08-25	2827.41936844642	1798.08871148711	2290.37381935764	3085.7242067904	1147.81379898148	1415.44277721914	2359.95615042036	1765.56337455114
2021-08-26	2847.31788692777	1801.67491176771	2300.14336366522	3104.81253934626	1166.48200693077	1425.04202500302	2333.28838798543	1783.4386768186
2021-08-27	2865.12157976571	1804.0320645907	2308.46973555998	3121.57830626454	1184.79357205876	1433.78172693455	2304.85370991671	1800.138306294
2021-08-28	2880.81484554878	1805.19752729007	2315.37588071173	3136.02591149609	1202.7411303881	1441.65641881491	2274.76870961398	1815.64590564114
2021-08-29	2894.38208286554	1805.20865719986	2320.88474479025	3148.15975899177	1220.31731794144	1448.66063644525	2243.14998047701	1829.94511752381
2021-08-30	2905.81984838786	1804.10668966133	2325.02424015504	3158.00183267642	1237.51798304527	1454.7860918273	2210.12562471127	1843.0156001414
2021-08-31	2915.173331121	1801.94837204471	2327.84214592434	3165.64443637093	1254.35182324149	1460.01320176495	2175.86977974496	1854.82107383572
2021-09-01	2922.49987815354	1798.79432972749	2329.39120790613	3171.19745387021	1270.83074837581	1464.31955926265	2140.56809181196	1865.3212744842
2021-09-02	2927.85683657407	1794.70518808716	2329.72417190833	3174.77076896915	1286.96666829398	1467.68275732484	2104.40620714615	1874.47593796426
2021-09-03	2931.3015534712	1789.7415725012	2328.8937837389	3176.47426546266	1302.77149284174	1470.08038895597	2067.56977198142	1882.24480015331
2021-09-04	2932.89137593349	1783.9641083471	2326.95278920579	3176.41782714564	1318.25713186481	1471.49004716048	2030.24443255163	1888.58759692876
2021-09-05	2932.68365104956	1777.43342100235	2323.95393411695	3174.71133781298	1333.43549520892	1471.88932494281	1992.61583509069	1893.46406416804
2021-09-06	2930.73702759848	1770.20731555927	2319.94974130276	3171.45744081171	1348.3203549758	1471.26428724645	1954.85461948729	1896.83978654898
2021-09-07	2927.1153611214	1762.33231596957	2314.99184168334	3166.72981769729	1362.93293229107	1469.63488677103	1917.07140024957	1898.7037439511
2021-09-08	2921.88380884994	1753.85212589981	2309.13164320121	3160.59490957733	1377.29631053632	1467.02954815522	1879.36178554045	1899.05076505435
2021-09-09	2915.10752801574	1744.81044901655	2302.42055379892	3153.11915755942	1391.43357309316	1463.47669603769	1841.82138352289	1897.87567853865
2021-09-10	2906.85167585042	1735.25098898634	2294.90998141901	3144.36900275116	1405.3678033432	1459.00475505712	1804.54580235983	1895.17331308394
2021-09-11	2897.18140958563	1725.21744947575	2286.65133400402	3134.41088626013	1419.12208466803	1453.64214985218	1767.63065021422	1890.93849737017
2021-09-12	2886.161886453	1714.75353415131	2277.69601949649	3123.31124919393	1432.71950044927	1447.41730506153	1731.17153524901	1885.16606007728
2021-09-13	2873.85826368416	1703.9029466796	2268.09544583897	3111.13653266016	1446.1831340685	1440.35864532385	1695.26406562715	1877.85082988519
2021-09-14	2860.33569851074	1692.70939072717	2257.90102097399	3097.9531777664	1459.53606890733	1432.49459527782	1660.00384951158	1868.98763547385
2021-09-15	2845.65934816438	1681.21656996057	2247.16415284409	3083.82762562026	1472.80138834738	1423.85357956209	1625.48649506524	1858.5713055232
2021-09-16	2829.89436987671	1669.46818804636	2235.93624939181	3068.82631732933	1486.00217577022	1414.46402281535	1591.8076104511	1846.59666871318
2021-09-17	2813.10592087936	1657.50794865109	2224.2687185597	3053.0156940012	1499.16151455749	1404.35434967627	1559.06280383208	1833.05855372372
2021-09-18	2795.35915840397	1645.37955544133	2212.21296829029	3036.46219674347	1512.30248809076	1393.55298478351	1527.34768337114	1817.95178923476
2021-09-19	2776.71923968217	1633.12671208362	2199.82040652613	3019.23226666373	1525.44817975165	1382.08835277575	1496.75785723123	1801.27120392624
2021-09-20	2757.25037510537	1620.78894768161	2187.1458768131	3001.38281642473	1538.61895889337	1370.00233604754	1467.36836515107	1783.02851113109
2021-09-21	2737.01298770404	1608.38909308722	2174.25796511045	2982.93264490991	1551.82433875555	1357.39064801693	1439.17197317242	1763.3029627942
2021-09-22	2716.06655366843	1595.94580458945	2161.2286929808	2963.89102255783	1565.07111854947	1344.36245985785	1412.14087891285	1742.19069551345
2021-09-23	2694.47054918881	1583.47773847733	2148.13008198673	2944.26721980708	1578.36609748636	1331.02694274423	1386.24727998989	1719.78784588674
2021-09-24	2672.28445045541	1571.00355103985	2135.03415369086	2924.07050709624	1591.71607477749	1317.49326785001	1361.4633740211	1696.19055051194
2021-09-25	2649.5677336585	1558.54189856603	2122.01292965578	2903.3101548639	1605.1278496341	1303.87060634911	1337.76135862403	1671.49494598694
2021-09-26	2626.37987498833	1546.11143734487	2109.1384314441	2881.99543354864	1618.60822126746	1290.26812941547	1315.11343141623	1645.79716890962
2021-09-27	2602.77659983085	1533.72674979439	2096.4765336584	2860.13750977822	1632.16904294454	1276.78518417207	1293.49441912716	1619.19678384391
2021-09-28	2578.7986303549	1521.3861228487	2084.06852306117	2837.75513493718	1645.84238415531	1263.48182153815	1272.88966493402	1591.80706721797
2021-09-29	2554.482937925	1509.08376957088	2071.94953945492	2814.86895659923	1659.66536844544	1250.40826838198	1253.2871411259	1563.74472342598
2021-09-30	2529.86649390571	1496.81390302406	2060.15472264211	2791.4996223381	1673.67511936062	1237.61475157185	1234.67481999192	1535.12645686215
2021-10-01	2504.98626966155	1484.57073627133	2048.71921242523	2767.66777972749	1687.90876044653	1225.15149797604	1217.04067382118	1506.06897192066
2021-10-02	2479.87923655706	1472.34848237579	2037.67814860677	2743.39407634114	1702.40341524887	1213.06873446283	1200.37267490278	1476.68897299571
2021-10-03	2454.58236595678	1460.14135440057	2027.06667098921	2718.69915975274	1717.19620731332	1201.41668790052	1184.65879552585	1447.10316448151
2021-10-04	2429.13262922525	1447.94356540875	2016.91991937503	2693.60367753603	1732.32426018556	1190.24558515738	1169.88700797947	1417.42825077224
2021-10-05	2403.56699772701	1435.74932846345	2007.27303356673	2668.12827726473	1747.82469741128	1179.6056531017	1156.04528455277	1387.7809362621
2021-10-06	2377.92244282658	1423.55285662777	1998.16115336677	2642.29360651254	1763.73464253616	1169.54711860175	1143.12159753484	1358.27792534529
2021-10-07	2352.23593588852	1411.34836296483	1989.61941857765	2616.12031285318	1780.09121910589	1160.12020852584	1131.10391921479	1329.03592241601
2021-10-08	2326.54444827735	1399.13006053772	1981.68296900184	2589.62904386038	1796.93155066616	1151.37514974223	1119.98022188174	1300.17163186844
2021-10-09	2300.88495135761	1386.89216240954	1974.38694444184	2562.84044710785	1814.29276076265	1143.36216911921	1109.73847782478	1271.80175809678
2021-10-10	2275.29441649384	1374.62888164342	1967.76648470012	2535.77517016932	1832.21197294104	1136.13149352507	1100.36665933303	1244.04300549524
2021-10-11	2249.80434696669	1362.33529259497	1961.8410814564	2508.45448621046	1850.74590650025	1129.72940600441	1091.84714530936	1216.9982380011
2021-10-12	2224.42437372125	1350.00991478996	1956.5676338993	2480.90217076488	1870.02966375202	1124.18641430716	1084.13994111173	1190.71495772411
2021-10-13	2199.15865961872	1337.65212904667	1951.88739309467	2453.14262495812	1890.21794276135	1119.52908235957	1077.19945871187	1165.2268263171
2021-10-14	2174.0113675203	1325.26131618338	1947.74161010837	2425.20024991576	1911.46544159321	1115.78397408789	1070.98011008152	1140.56750543289
2021-10-15	2148.98666028719	1312.83685701837	1944.07153600623	2397.09944676335	1933.92685831257	1112.97765341836	1065.4363071924	1116.77065672434
2021-10-16	2124.08870078058	1300.37813236994	1940.81842185411	2368.86461662645	1957.75689098443	1111.13668427724	1060.52246201625	1093.86994184427
2021-10-17	2099.32165186169	1287.88452305635	1937.92351871787	2340.52016063064	1983.11023767375	1110.28763059077	1056.1929865248	1071.89902244551
2021-10-18	2074.68985089339	1275.35581163798	1935.34087136629	2312.08917322667	2010.11612617622	1110.45043843622	1052.40180637521	1050.88079268446
2021-10-19	2050.19833324529	1262.79338764347	1933.07569937995	2283.58952216621	2038.80190321035	1111.61858249498	1049.10090196635	1030.7950767317
2021-10-20	2025.85230878868	1250.19904234356	1931.14601604237	2255.0377685261	2069.16944522535	1113.77891959943	1046.24176738254	1011.61093126136
2021-10-21	2001.65698739485	1237.57456700899	1929.56983463705	2226.4504733832	2101.22062867045	1116.91830658198	1043.77589670809	993.297412947573
2021-10-22	1977.61757893509	1224.92175291048	1928.36516844751	2197.84419781438	2134.95732999485	1121.02360027502	1041.6547840273	975.823578464476
2021-10-23	1953.7392932807	1212.24239131877	1927.55003075727	2169.23550289648	2170.38142564776	1126.08165751095	1039.8299234245	959.158484486204
2021-10-24	1930.02734030295	1199.53827350459	1927.14243484985	2140.64094970638	2207.49479207842	1132.07933512217	1038.25280898398	943.271187686887
2021-10-25	1906.48692987314	1186.81119073868	1927.16039400875	2112.07709932092	2246.29930573602	1139.00348994108	1036.87493479006	928.130744740661
2021-10-26	1883.12327186256	1174.06293429176	1927.62192151749	2083.56051281697	2286.79684306978	1146.84097880007	1035.64779492705	913.706212321661
2021-10-27	1859.9415761425	1161.29529543457	1928.5450306596	2055.10775127139	2328.98928052892	1155.57865853155	1034.52288347925	899.96664710402
2021-10-28	1836.94705258425	1148.51006543785	1929.94773471858	2026.73537576103	2372.87849456265	1165.2033859679	1033.45169453099	886.881105761871
2021-10-29	1814.1449110591	1135.70903557231	1931.84804697795	1998.45994736275	2418.46636162019	1175.70201794154	1032.38572216656	874.418644969348
2021-10-30	1791.54036143834	1122.89399710871	1934.26398072122	1970.29802715341	2465.75475815076	1187.06141128485	1031.27646047028	862.548321400585
2021-10-31	1769.13861359326	1110.06674131776	1937.21354923191	1942.26617620987	2514.74556060355	1199.26842283023	1030.07540352645	851.239191729718
2021-11-01	1746.94126613331	1097.22907400865	1940.70616952068	1914.37453444012	2565.42082459783	1212.30225221999	1028.74253570079	840.459046419633
2021-11-02	1724.93547262064	1084.38285914433	1944.71687350678	1886.60755707664	2617.683322433	1226.11147033606	1027.27180248451	830.170611088242
2021-11-03	1703.10477535556	1071.52997522618	1949.21209683661	1858.94327818307	2671.41600557845	1240.63699087028	1025.66563965025	820.335345142211
2021-11-04	1681.43271663837	1058.67230075559	1954.15827515655	1831.35973182301	2726.50182550364	1255.81972751449	1023.92648297064	810.914707988206
2021-11-05	1659.90283876938	1045.81171423396	1959.52184411301	1803.83495206009	2782.82373367798	1271.60059396052	1022.05676821829	801.870159032893
2021-11-06	1638.49868404889	1032.95009416267	1965.26923935237	1776.34697295793	2840.26468157091	1287.92050390021	1020.05893116583	793.163157682936
2021-11-07	1617.20379477722	1020.08931904312	1971.36689652104	1748.87382858016	2898.70762065183	1304.7203710254	1017.93540758589	784.755163345003
2021-11-08	1596.00171325468	1007.2312673767	1977.78125126541	1721.39355299038	2958.03550239019	1321.94110902792	1015.68863325109	776.607635425759
2021-11-09	1574.87598178156	994.377817664802	1984.47873923187	1693.88418025223	3018.1312782554	1339.52363159963	1013.32104393406	768.68203333187
2021-11-10	1553.81014265818	981.53084840881	1991.42579606681	1666.32374442932	3078.87789971689	1357.40885243234	1010.83507540742	760.939816470002
2021-11-11	1532.78773818486	968.692238110119	1998.58885741664	1638.69027958527	3140.15831824409	1375.53768521791	1008.2331634438	753.342444246821
2021-11-12	1511.79231066188	955.863865270118	2005.93435892775	1610.96181978371	3201.85548530642	1393.85104364816	1005.51774381581	745.851376068993
2021-11-13	1490.80740238957	943.047608390201	2013.42873624653	1583.11639908825	3263.8523523733	1412.28984141494	1002.6912522961	738.428071343183
2021-11-14	1469.81655566822	930.245345971755	2021.03842501937	1555.13205156252	3326.03187091418	1430.79499221009	999.756124657271	731.033989476057
