date	state	King	Snohomish	Pierce	Ann Arbor	Boston	San Diego	DC
2020-01-26	0	0	0	0	0	0	0	0
2020-01-27	0	0	0	0	0	0	0	0
2020-01-28	0	0	0	0	0	0	0	0
2020-01-29	0	0	0	0	0	0	0	0
2020-01-30	0	0	0	0	0	0	0	0
2020-01-31	0	0	0	0	0	0	0	0
2020-02-01	0	0	0	0	0	0	0	0
2020-02-02	0	0	0	0	0	0	0	0
2020-02-03	0	0	0	0	0	0	0	0
2020-02-04	0	0	0	0	0	0	0	0
2020-02-05	0	0	0	0	0	0	0	0
2020-02-06	0	0	0	0	0	0	0	0
2020-02-07	0	0	0	0	0	0	0	0
2020-02-08	0	0	0	0	0	0	0	0
2020-02-09	0	0.243386277235453	0	0	0	0	0	0
2020-02-10	0	0.550263876715686	0	0	0	0	0	0
2020-02-11	0.0953108901826099	0.868395676150935	0.000673454916358936	0	0	0	0	0
2020-02-12	0.243210035410353	1.19864707427562	0.18215657560308	0	0	0	0	0
2020-02-13	0.398174063363567	1.54188346982415	0.372783188643775	0	0	0	0	0
2020-02-14	0.560695588140466	1.89897026153094	0.57319593412804	0	0	0	0	0
2020-02-15	0.731267223839265	2.27077284813042	0.784037452145468	0	0	0	0	0
2020-02-16	0.910381584558176	2.658156628357	1.00595038278565	0	0	0	0	0
2020-02-17	1.09852751678928	3.06192875472162	1.23958764631552	0	0	0	0	0
2020-02-18	1.29617879660012	3.48266339484127	1.4856432837113	0	0	0	0	0
2020-02-19	1.5038054324521	3.9208764701095	1.74482161612657	0.0399210744255678	0	0	0	0
2020-02-20	1.72187743280663	4.37708390191981	2.01782696471488	0.109554573786567	0	0	0	0
2020-02-21	1.95086480612512	4.85180161166574	2.3053636506298	0.185050662411599	0	0	0	0
2020-02-22	2.19123756086897	5.34554552074082	2.60813599502489	0.266797978156937	0	0	0	0
2020-02-23	2.4434657054996	5.85883155053856	2.92684831905372	0.355185158878851	0	0	0	0
2020-02-24	2.70789146330464	6.39193601953766	3.26201830235052	0.450559865184558	0	0	0	0
2020-02-25	2.98434591687667	6.94417683455743	3.61341705847222	0.55310584868506	0.00471960658370293	0	0	0
2020-02-26	3.2725323636345	7.51463229950237	3.98062905945642	0.662965883742305	0.209803009423343	0	0.0108812859069216	0
2020-02-27	3.57215410099693	8.10238071827697	4.3632387773407	0.780282744718241	0.43442473469703	0	0.0607211909651191	0
2020-02-28	3.88291442638276	8.7065003947857	4.76083068416267	0.905199205974816	0.67943396778293	0	0.11528256171908	0
2020-02-29	4.20451663721081	9.32606963293306	5.17298925195992	1.03785804187398	0.94567989405921	0	0.174774071543153	0
2020-03-01	4.53666403089987	9.96016673662355	5.59929895277004	1.17840202677767	1.23401169890403	0	0.239404393811687	0
2020-03-02	4.87905990486877	10.6078700097616	6.03934425863063	1.32697393504785	1.54527856769557	0.492378364921323	0.309382201899028	0.427386948662856
2020-03-03	5.23140755653629	11.2682577562518	6.49270964157929	1.48371654104646	1.88032968581198	1.46516874977137	0.384916169179527	0.927795995169452
2020-03-04	5.59341028332126	11.9404082799985	6.95897957365361	1.64877261913545	2.24001423863144	2.53039431791531	0.466214969027531	1.47491640077021
2020-03-05	5.96477138264247	12.6233998849063	7.43773852689119	1.82228494367676	2.6251814115321	3.69214386545529	0.553487274817388	2.07079468756499
2020-03-06	6.34519415191874	13.3163108748797	7.92857097332962	2.00439628903235	3.03668038989214	4.95450618849347	0.646941759923447	2.71747737765366
2020-03-07	6.73438188856886	14.0182195538231	8.4310613850065	2.19524942956416	3.47536035908972	6.32157008313202	0.746787097720057	3.4170109931361
2020-03-08	7.13203789001165	14.728204225641	8.94479423395942	2.39498713963414	3.942070504503	7.79742434547309	0.853231961581565	4.17144205611217
2020-03-09	7.53769086413153	15.4450491817319	9.46910066000243	2.60366523857117	4.43756046419372	9.38624091465368	0.966463759753583	4.98281892020231
2020-03-10	7.95017116067541	16.1663626634704	10.0022984740554	2.82099172557186	4.96218168695788	11.0925243019501	1.08658483996678	5.85319726510918
2020-03-11	8.36813453985582	16.8894588997249	10.5424521548145	3.04658764479977	5.51618607427504	12.9208621616735	1.21367628482308	6.78463460205603
2020-03-12	8.79023676188528	17.6116521193639	11.0876261809762	3.28007404041843	6.09982552762475	14.8758421481351	1.34781917692441	7.77918844226609
2020-03-13	9.21513358697631	18.3302565512559	11.6358850312366	3.5210719565914	6.71335194848659	16.9620519156461	1.48909459887271	8.8389162969626
2020-03-14	9.64148077534145	19.0425864242695	12.1852931842921	3.76920243748222	7.35701723834011	19.1840791185175	1.6375836332699	9.96587567736879
2020-03-15	10.0679340871932	19.7459559672732	12.733915118839	4.02408652725443	8.03107329866487	21.5465114110606	1.79336736271791	11.1621240947079
2020-03-16	10.4930698985624	20.4377159516911	13.2796808965158	4.28523602568911	8.735413060421	24.0524474609875	1.95644768155245	12.4290268560858
2020-03-17	10.9151470487525	21.1153633191697	13.8199829107298	4.55172575503736	9.46849357249082	26.6990299896143	2.12650973104439	13.7651804521392
2020-03-18	11.3323449928855	21.7764315539112	14.3520791378307	4.82252129316783	10.2284129132372	29.4819127316584	2.30315946419836	15.1684891693873
2020-03-19	11.7428431860831	22.4184541401178	14.873227554168	5.09658821794915	11.013269161023	32.3967494218367	2.486002834019	16.6368572943493
2020-03-20	12.1448210834671	23.0389645619917	15.3806861360914	5.37289210724995	11.8211603942111	35.4391937948665	2.67464579351095	18.1681891135447
2020-03-21	12.5364581401595	23.6354963037349	15.8717128599504	5.65039853893889	12.6501846911645	38.604899585465	2.86869429567886	19.7603889134926
2020-03-22	12.915933811282	24.2055828495498	16.3435657020947	5.92807309088458	13.4984401302458	41.8895205283494	3.06775429352736	21.4113609807123
2020-03-23	13.2814275519565	24.7467576836384	16.7935026388739	6.20488134095567	14.3640247898182	45.2887103582367	3.2714317400611	23.1190096017231
2020-03-24	13.6311188173047	25.256554290203	17.2187816466375	6.47978886702079	15.2450367482443	48.7981228098442	3.47933258828472	24.8812390630444
2020-03-25	13.9631870624486	25.7325061534457	17.6166607017352	6.75176124694858	16.1395740838871	52.413411617889	3.69106279120284	26.6959536511952
2020-03-26	14.2758117425099	26.1721467575686	17.9843977805166	7.01976405860767	17.0457348751095	56.1302305170884	3.90622830182013	28.5610576526951
2020-03-27	14.5671723126106	26.573009586774	18.3192508593312	7.28276287986671	17.9616172002744	59.9442332421594	4.12443507314121	30.4744553540631
2020-03-28	14.8354482278723	26.9326281252641	18.6184779145288	7.53972328859432	18.8853191377446	63.8510735278193	4.34528905817074	32.4340510418187
2020-03-29	15.0788189434169	27.2485358572409	18.8793369224587	7.78961086265914	19.8149387658829	67.8464051087851	4.56839620991334	34.437749002481
2020-03-30	15.2958219813367	27.5187769923695	19.0997225412292	8.03140078468842	20.7483261531385	71.9239057323785	4.79328981728655	36.4828637852044
2020-03-31	15.4864271316051	27.7434386421668	19.2800761559819	8.26410665634381	21.6823393283051	76.0693491963382	5.01921251285949	38.5643509896826
2020-04-01	15.6509622511661	27.9231186436122	19.4214758336168	8.48675168404558	22.6135883102624	80.2665333110071	5.24533426511413	40.6765764782446
2020-04-02	15.7897551969637	28.0584148336855	19.5249996410342	8.69835907421398	23.5386831178904	84.4992558867284	5.47082504253249	42.8139061132192
2020-04-03	15.9031338259416	28.1499250493662	19.591725645134	8.89795203326929	24.454233770069	88.7513147338452	5.69485481359656	44.9707057569353
2020-04-04	15.9914259950439	28.198247127634	19.6227319128165	9.08455376763176	25.3568502856779	93.0065076627005	5.91659354678834	47.1413412717217
2020-04-05	16.0549595612145	28.2039789054684	19.6190965109816	9.25718748372165	26.2431426835971	97.2486324836374	6.13521121058983	49.3201785199072
2020-04-06	16.0941794617122	28.1679086710644	19.5820631027544	9.41506314279717	27.1096513240099	101.460738867495	6.34996268801801	51.5011682027968
2020-04-07	16.1099989550558	28.0915865174779	19.5135377361591	9.55813772546829	27.9526379323138	105.622883927094	6.56044252022988	53.6766003775994
2020-04-08	16.103448380079	27.9767529889799	19.4155920554446	9.68655496718288	28.7682945752097	109.714376635754	6.76633016291742	55.8383499405
2020-04-09	16.0755580756155	27.8251486298415	19.2902977048599	9.80045860338885	29.5528133193985	113.714525966792	6.96730507177261	57.9782917876838
2020-04-10	16.0273583804991	27.6385139843339	19.1397263286542	9.8999923695341	30.3023862315812	117.602640893525	7.16304670248743	60.0883008153356
2020-04-11	15.9598796335635	27.4185895967282	18.9659495710762	9.98530000106653	31.0132053784588	121.358030389271	7.35323451075386	62.1602519196405
2020-04-12	15.8741521736423	27.1671160112954	18.7710390763752	10.056525233434	31.6814628267321	124.960003427349	7.53754795226389	64.1860199967836
2020-04-13	15.7712063395693	26.8858337723068	18.5570664888001	10.1138118020845	32.3033506431022	128.387868981075	7.7156664827095	66.1574799429498
2020-04-14	15.6520724701782	26.5764834240333	18.3261034525998	10.1573034424658	32.87506089427	131.620936023768	7.88726955778267	68.0665066543242
2020-04-15	15.5177809043028	26.2408055107462	18.0802216120235	10.1871438900259	33.3927856469363	134.638513528745	8.05203663317537	69.9049750270918
2020-04-16	15.3693619807767	25.8805405767165	17.8214926113201	10.2034768802126	33.8527169678022	137.419910469323	8.20964716457961	71.6647599574376
2020-04-17	15.2078460384337	25.4974291662154	17.5519880947386	10.2064461484739	34.2510469235686	139.944435818822	8.35978060768735	73.3377363415466
2020-04-18	15.0342634161075	25.0932118235139	17.2737797065281	10.1961954302577	34.5839675809364	142.191398550558	8.50211641819057	74.915779075604
2020-04-19	14.8496444526318	24.6696290928833	16.9889390909375	10.1728684610118	34.8476710066067	144.140107637849	8.63633405178127	76.3907630557946
2020-04-20	14.6549714977342	24.2283873394102	16.6993613014242	10.1367049985492	35.0393234188024	145.774488928751	8.76218603502626	77.7557672274685
2020-04-21	14.4510349447178	23.7710562114449	16.4062350282788	10.0883288901435	35.1599876418352	147.096935770273	8.87971717799168	79.0086867326358
2020-04-22	14.2385771977796	23.2991711781529	16.1105723710002	10.0284600054332	35.211700651539	148.11445838416	8.98904536161855	80.1486207624718
2020-04-23	14.0183406611166	22.8142677087001	15.8133854290875	9.95781821405701	35.1964994237475	148.834066992161	9.09028846684783	81.1746685081515
2020-04-24	13.7910677389257	22.3178812722522	15.5156863020396	9.87712338565339	35.1164209342946	149.262771816021	9.18356437462053	82.0859291608501
2020-04-25	13.5575008354039	21.811547337975	15.2184870893555	9.78709538986099	34.973502159014	149.407583077486	9.26899096587763	82.8815019117428
2020-04-26	13.3183823547482	21.2968013750343	14.922799890534	9.68845409631841	34.7697800737396	149.275510998304	9.34668612156014	83.5604859520046
2020-04-27	13.0744547011556	20.7751788525958	14.6296368050743	9.58191937466423	34.5072916543052	148.873565800222	9.41676772260902	84.1219804728107
2020-04-28	12.8264602788231	20.2482152398252	14.3400099324751	9.46821109453706	34.1880738765445	148.208757704985	9.47935364996528	84.5650846653364
2020-04-29	12.5751414919475	19.7174460058885	14.0549313722355	9.34804912557549	33.8141637162914	147.288096934341	9.53456178456991	84.8888977207567
2020-04-30	12.321240744726	19.1844066199511	13.7754132238545	9.22215333741811	33.3875981493797	146.118593710036	9.5825100073639	85.0925188302467
2020-05-01	12.0655004413555	18.6506325511791	13.502467586831	9.09124359970352	32.9104141516431	144.707258253816	9.62331619928824	85.1750471849817
2020-05-02	11.808662986033	18.1176592687381	13.2371065606639	8.95603978207032	32.3846486989156	143.061100787429	9.65709824128391	85.1355819761367
2020-05-03	11.5514707829554	17.5870222417939	12.9803422448522	8.81726175415709	31.8123387670308	141.187131532621	9.68397401429192	84.973222394887
2020-05-04	11.2946302348846	17.060148395074	12.7328433061108	8.67553600074028	31.1959275496558	139.095074164354	9.70400748751429	84.6880651755946
2020-05-05	11.0387037388422	16.5380304755533	12.4939046800178	8.53111546714767	30.5394831117899	136.805506170455	9.7170469831973	84.2841972253698
2020-05-06	10.7842176904145	16.0215526857686	12.2624778693673	8.3841597138449	29.8474797362657	134.341718491965	9.72288691184822	83.7667029945096
2020-05-07	10.5316984851879	15.5115992282564	12.0375143769534	8.23482830129761	29.1243917059156	131.727002069927	9.72132168397438	83.1406669333114
2020-05-08	10.2816725187488	15.0090543055534	11.8179657055701	8.08328078997141	28.3746933035724	128.984647845382	9.71214571008306	82.4111734920722
2020-05-09	10.0346661866837	14.5148021201964	11.6027833580116	7.92967674033195	27.6028588120684	126.137946759373	9.69515340068159	81.5833071210892
2020-05-10	9.79120588457883	14.029726874722	11.3909188370718	7.77417571284486	26.8133625142363	123.210189752942	9.67013916627726	80.6621522706596
2020-05-11	9.55179474293224	13.5545978105559	11.1814692944379	7.61701455067372	26.0102901564936	120.222288343146	9.6370448580559	79.6529410383851
2020-05-12	9.31684283188804	13.0897243246807	10.9741144773696	7.45873922777386	25.1961733395986	117.185636351108	9.59640208991755	78.5614961110853
2020-05-13	9.0867369565019	12.6353008529677	10.7686797820193	7.29997300079858	24.3731551278946	114.109248173965	9.54888991644073	77.3937878228845
2020-05-14	8.86186392182948	12.1915218312886	10.5649906045396	7.14133912640116	23.5433785857248	111.002138208854	9.49518739220401	76.1557865079069
2020-05-15	8.64261053292648	11.7585816955147	10.3628723410833	6.98346086123489	22.7089867774326	107.873320852914	9.43597357178593	74.8534625002766
2020-05-16	8.42936359484855	11.3366748815176	10.1621503878029	6.82696146195306	21.8721227673612	104.731810503282	9.37192750976505	73.492786134118
2020-05-17	8.22250991265138	10.9259958251689	9.96265014085096	6.67246418520896	21.0349296198539	101.586621557097	9.3037282607199	72.0797277435552
2020-05-18	8.02243629139064	10.5267389623399	9.76419699638016	6.52059228765588	20.199550399254	98.4467684114946	9.23205487922904	70.6202576627124
2020-05-19	7.829529536122	10.1390987289024	9.5666163505431	6.37196902594709	19.3681281699049	95.3212654636138	9.15758641987104	69.1203462257139
2020-05-20	7.64417645190114	9.7632695607276	9.36973359949239	6.2272176567359	18.5428059961498	92.219127110592	9.08100193722442	67.5859637666838
2020-05-21	7.46676384378373	9.39944589368719	9.17337413938063	6.08696143667558	17.7257269423319	89.149367749567	9.00298048586775	66.0230806197464
2020-05-22	7.29767851682544	9.04782216365264	8.97736336636043	5.95182362241943	16.9190340727947	86.1210017776764	8.92420112037956	64.4376671190257
2020-05-23	7.13730727608195	8.70859280649545	8.78152667658442	5.82242747062073	16.1248704518813	83.143043592058	8.84534289533842	62.8356935986462
2020-05-24	6.98603692660893	8.38195225808712	8.58568946620519	5.69939623793277	15.3453791439351	80.2245075898494	8.76708486532287	61.223130392732
2020-05-25	6.84416980564055	8.06803312575318	8.38990351745534	5.58324837147945	14.5826608587365	77.3728964550189	8.69008782593201	59.6056643492363
2020-05-26	6.71167037912485	7.76672070263514	8.19512615688737	5.4740830802671	13.8386468878137	74.5896660188566	8.61493953684712	57.9878483714287
2020-05-27	6.58841864518839	7.47783845332852	8.00254109713378	5.37189476377267	13.1152261681324	71.8747603994831	8.54220949877003	56.3739518764077
2020-05-28	6.47429460195772	7.20120984242884	7.81333205082704	5.27667782147309	12.4142876366579	69.2281237150188	8.47246721240256	54.7682442812719
2020-05-29	6.36917824755939	6.93665833453162	7.62868273059965	5.18842665284531	11.7377202303557	66.6497000835847	8.40628217844654	53.1749950031199
2020-05-30	6.27294958011993	6.68400739423239	7.44977684908409	5.10713565736627	11.0874128861912	64.1394336233011	8.34422389760379	51.5984734590502
2020-05-31	6.1854885977659	6.44308048612667	7.27779811891285	5.03279923451291	10.46525454113	61.6972684522886	8.28686187057616	50.0429490661614
2020-06-01	6.10667871223066	6.21371518929985	7.11370696418029	4.96540830340023	9.87273701362282	59.3231312995796	8.23471217937311	48.5120466608415
2020-06-02	6.03641698967484	5.99580554079686	6.95757065482832	4.90493986169537	9.30976364806226	57.0168793378528	8.18807723123474	47.0068127566356
2020-06-03	5.97460390986588	5.78925969215249	6.8092331722607	4.85136742670354	8.77584067032616	54.7783523506985	8.14720601470882	45.5276492863784
2020-06-04	5.92113995257123	5.59398579490154	6.66853849788122	4.80466451572994	8.27047430629246	52.6073901217074	8.1123475183431	44.0749581829045
2020-06-05	5.87592559755833	5.40989200057879	6.53533061309365	4.76480464607977	7.79317078183902	50.5038324344697	8.08375073068533	42.6491413790485
2020-06-06	5.83886132459463	5.23688646071905	6.40945349930177	4.73176133505824	7.34343632284378	48.4675190725758	8.06166464028327	41.2506008076449
2020-06-07	5.80984761344757	5.07487732685711	6.29075113790935	4.70550809997054	6.92077715518462	46.4982898196163	8.04633823568468	39.8797384015284
2020-06-08	5.7887849438846	4.92377275052777	6.17906751032018	4.68601845812187	6.52469950473943	44.5959844591814	8.03802050543729	38.5369560935335
2020-06-09	5.77557379567315	4.78348088326582	6.07424659793802	4.67326592681744	6.15470959738614	42.7604427748617	8.03696043808889	37.2226558164948
2020-06-10	5.77011464858068	4.65390987660605	5.97613238216665	4.66722402336245	5.81031365900262	40.9915045502476	8.04340702218721	35.937239503247
2020-06-11	5.77230798237462	4.53496788208327	5.88456884440987	4.6678662650621	5.4910179154668	39.2890095689294	8.05760924628001	34.6811090866246
2020-06-12	5.78205427682244	4.42656305123226	5.79939996607142	4.67516616922159	5.19632859265655	37.6527976144976	8.07981609891506	33.4546664994622
2020-06-13	5.79925401169156	4.32860353558783	5.7204697285551	4.68909725314612	4.92575191644981	36.0827084705426	8.11027656864009	32.2583136745945
2020-06-14	5.82380766674943	4.24099748668476	5.64762211326468	4.70963303414089	4.67879411272444	34.5785819206548	8.14923964400288	31.0924525448559
2020-06-15	5.85559295690211	4.1636280267103	5.58060798403458	4.73663369473565	4.45481609671031	33.1399608364921	8.19688073052833	29.9574523004837
2020-06-16	5.89439653761008	4.09627816046142	5.51880573442174	4.76950607835834	4.25259754104496	31.7652004419818	8.25308090165007	28.8535511613248
2020-06-17	5.93998229947245	4.03870586338755	5.46150064041374	4.80754369366143	4.0707728077179	30.4523590491188	8.31764764777886	27.7809546046289
2020-06-18	5.99211413308832	3.99066911093812	5.40797797799818	4.85004004929741	3.90797625871864	29.1994949698977	8.39038845932548	26.7398681076456
2020-06-19	6.05055592905677	3.95192587856254	5.35752302316262	4.89628865391875	3.76284225603667	28.0046665163133	8.47111082670069	25.7304971476243
2020-06-20	6.11507157797691	3.92223414171024	5.30942105189467	4.94558301617794	3.63400516166149	26.8659320003605	8.55962224031529	24.7530472018148
2020-06-21	6.18542497044783	3.90135187583064	5.26295734018189	4.99721664472746	3.52009933758261	25.7813497340341	8.65573019058003	23.8077237474666
2020-06-22	6.26136323000281	3.88901807401152	5.21755364701868	5.0506451659018	3.41984218562074	24.7491630007504	8.75912818191725	22.8945991757601
2020-06-23	6.34256641191177	3.884895799894	5.17317766342661	5.10597267676352	3.33228326692148	23.768354969613	8.86905377479549	22.0132135335991
2020-06-24	6.42869780437882	3.88862913475756	5.12993356343407	5.16346539205718	3.25655518246165	22.8380937811469	8.98463054369485	21.1629737818181
2020-06-25	6.51942069560806	3.89986215988169	5.08792552106944	5.22338952652736	3.19179053321807	21.9575475758774	9.10498206309541	20.3432868812517
2020-06-26	6.61439837380358	3.91823895654586	5.0472577103611	5.28601129491861	3.13712192016755	21.1258844943295	9.22923190747729	19.5535597927344
2020-06-27	6.71329412716949	3.94340360602955	5.00803430533743	5.35159691197553	3.09168194428691	20.3422726770283	9.35650365132056	18.7931994771008
2020-06-28	6.81577124390989	3.97500018961224	4.97035948002682	5.42041259244265	3.05460320655298	19.6058802644991	9.48592086910532	18.0616128951856
2020-06-29	6.92149301222887	4.0126727885734	4.93433740845764	5.49272455106457	3.02501830794256	18.9158753972669	9.61660713531168	17.3582070078232
2020-06-30	7.03012272033054	4.05606548419253	4.90007226465828	5.56879900258585	3.00205984943248	18.2714262158569	9.74768602441972	16.6823887758482
2020-07-01	7.14132365641901	4.10482235774908	4.86766822265712	5.64890216175105	2.98486043199955	17.6717008607942	9.87828111090955	16.0335651600952
2020-07-02	7.25475910869836	4.15858749052255	4.83722945648254	5.73330024330475	2.97255265662058	17.1158674726039	10.0075159692612	15.4111431213988
2020-07-03	7.3700923653727	4.21700496379241	4.80886014016292	5.82225946199152	2.96426912427241	16.6030941918112	10.1345141739549	14.8145296205935
2020-07-04	7.48698671464614	4.27971885883814	4.78266444772665	5.91604603255591	2.95914243593184	16.1325491589413	10.2583992994707	14.2431316185139
2020-07-05	7.60510544472276	4.34637325693923	4.75874655320209	6.0149261697425	2.9563051925757	15.7034005145192	10.3782949202886	13.6963560759946
2020-07-06	7.72409474225766	4.41661987347295	4.73718854133114	6.11908721332837	2.95499586232253	15.3145801876112	10.4933981238769	13.1736385674452
2020-07-07	7.84353238770986	4.49014096020786	4.71798413970961	6.22840100322058	2.95487638185785	14.9640752614485	10.6032000496567	12.6745291215753
2020-07-08	7.96297905998938	4.56662640301031	4.70110498664682	6.34266050435872	2.95571455500889	14.6496366078033	10.7072653500372	12.1986063806696
2020-07-09	8.08199543800621	4.64576608774667	4.68652272045208	6.46165868168234	2.9572781856029	14.3690150984477	10.8051586774276	11.7454489870129
2020-07-10	8.20014220067036	4.7272499002833	4.67420897943472	6.58518850013105	2.95933507746711	14.1199616051541	10.8964446842371	11.31463558289
2020-07-11	8.31698002689186	4.81076772648655	4.66413540190404	6.7130429246444	2.96165303442877	13.9002269996947	10.980688022875	10.9057448105854
2020-07-12	8.43206959558069	4.89600945222278	4.65627362616936	6.84501492016197	2.96399986031513	13.7075621538417	11.0574533457504	10.5183553123839
2020-07-13	8.54497158564689	4.98266496335836	4.65059529054001	6.98089745162335	2.96614335895341	13.5397179393674	11.1263053052725	10.1520457305703
2020-07-14	8.65524667600044	5.07042414575964	4.64707203332529	7.1204834839681	2.96785133417087	13.3944452280439	11.1868085538507	9.80639470742922
2020-07-15	8.76245554555137	5.15897688529298	4.64567549283453	7.26356598213581	2.96889158979475	13.2694948916436	11.238527743894	9.48098088524538
2020-07-16	8.86615887320968	5.24801306782474	4.64637730737703	7.40993791106604	2.96903192965228	13.1626178019387	11.2810275278117	9.17538290630351
2020-07-17	8.96591733788537	5.33722257922128	4.64914911526212	7.55939223569838	2.96804015757071	13.0715648307014	11.3138725580131	8.8891794128883
2020-07-18	9.06129161848847	5.42629530534896	4.65396255479911	7.71172192097239	2.96568407737729	12.9940868497039	11.3366274869073	8.6219490472845
2020-07-19	9.15184239392898	5.51492113207414	4.66078926429731	7.86671993182766	2.96173149289924	12.9279347307185	11.3488569669036	8.3732704517768
2020-07-20	9.23708227496425	5.60268063753249	4.66949380128716	8.02398823264468	2.95592696258616	12.8710766292685	11.3503650648	8.14270779356321
2020-07-21	9.31633159974111	5.68871716893697	4.67951240018351	8.18236478556767	2.94792206337696	12.822349835881	11.3419135049508	7.92976733949498
2020-07-22	9.3888626382537	5.77206476576983	4.69017421462233	8.34049655218173	2.93734512683291	12.7808089248343	11.3245034260988	7.73394088133666
2020-07-23	9.45394766049618	5.85175746751333	4.70080839823959	8.497030494072	2.92382448451527	12.7455084704066	11.2991359669871	7.55472021085278
2020-07-24	9.51085893646271	5.92682931364975	4.71074410467127	8.65061357282359	2.90698846798529	12.7155030468762	11.2668122663586	7.39159711980788
2020-07-25	9.55886873614746	5.99631434366134	4.71931048755333	8.79989275002165	2.88646540880424	12.6898472285213	11.2285334629563	7.2440633999665
2020-07-26	9.59724932954457	6.05924659703036	4.72583670052173	8.94351498725128	2.86188363853338	12.6675955896201	11.1853006955234	7.1116108430932
2020-07-27	9.62543359342649	6.11481871738935	4.72972154537652	9.08030779560339	2.83295734873288	12.6479064800861	11.1379871156561	6.99365271942878
2020-07-28	9.64349683167876	6.16285776497194	4.73064241657391	9.20982088419202	2.79974417095856	12.6303533523737	11.0869539263653	6.88928821311917
2020-07-29	9.65167495496522	6.20334940416201	4.7283463567342	9.33178451163697	2.76238759676516	12.6146134345725	11.0324343435151	6.79753798678657
2020-07-30	9.65020387394968	6.23627929934347	4.72258040847768	9.44592893655806	2.7210311177074	12.6003639547721	10.9746615829697	6.71742270305317
2020-07-31	9.63931949929597	6.2616331149002	4.71309161442463	9.55198441757509	2.67581822534002	12.5872821410622	10.9138688605933	6.64796302454119
2020-08-01	9.61925774166793	6.2793965152161	4.69962701719536	9.64968121330787	2.62689241121774	12.5750452215324	10.85028939225	6.58817961387282
2020-08-02	9.59025451172938	6.28955516467507	4.68193365941014	9.73874958237622	2.57439716689531	12.5633304242722	10.7841563938041	6.53709313367025
2020-08-03	9.55254572014413	6.292094727661	4.65975858368926	9.81891978339994	2.51847598392744	12.5518149773714	10.7157030811197	6.4937242465557
2020-08-04	9.50636727757603	6.28700086855778	4.63284883265302	9.88992207499884	2.45927235386889	12.5401761089195	10.645162670061	6.45709361515135
2020-08-05	9.4519550946889	6.27425925174931	4.60095144892171	9.95148671579273	2.39692976827436	12.5280910470062	10.5727683764923	6.42622190207942
2020-08-06	9.38954508214656	6.25385554161948	4.56381347511561	10.0033439644014	2.3315917186986	12.515237019721	10.4987534162776	6.40012976996208
2020-08-07	9.31937315061284	6.22577540255219	4.521181953855	10.0452240794447	2.26340169669634	12.5012912551537	10.4233510052811	6.37783788142156
2020-08-08	9.24167521075156	6.19000449893133	4.4728039277602	10.0768573195425	2.19250319382231	12.4859309813938	10.3467943593672	6.35836689908005
2020-08-09	9.15668717322657	6.1465284951408	4.41842643945147	10.0979739433144	2.11903970163125	12.4688334265309	10.2693166943998	6.34073748555974
2020-08-10	9.06474086815536	6.09545661800468	4.35795785653863	10.1084537676253	2.04318084103281	12.4495412963417	10.1911223797926	6.32413411574416
2020-08-11	8.96655180347034	6.03739234410786	4.29195184658958	10.1087748423195	1.96520075035646	12.4270592073504	10.1123003991559	6.30839651356211
2020-08-12	8.86293140655757	5.9730627124754	4.22112340216173	10.0995647754862	1.88539969728657	12.4002572537685	10.0329108896494	6.29352821520372
2020-08-13	8.7546911048031	5.90319476213238	4.14618751581249	10.0814511752147	1.80407794950753	12.3680055298071	9.95301398843299	6.2795327568591
2020-08-14	8.64264232559303	5.82851553210386	4.06785918009928	10.0550616495942	1.72153577470373	12.3291741296776	9.87266983266624	6.26641367471838
2020-08-15	8.52759649631341	5.74975206141492	3.98685338757951	10.0210238067138	1.63807344055954	12.2826331475914	9.79193855950891	6.25417450497168
2020-08-16	8.41036504435032	5.66763138909063	3.90388513081059	9.97996525466299	1.55399121475935	12.2272526777597	9.71088030612074	6.24281878380912
2020-08-17	8.29169178216354	5.58282159149165	3.81963468916207	9.93246145323539	1.46960589361055	12.1622433102214	9.62956603813614	6.23234623350003
2020-08-18	8.1720500625076	5.49575489432099	3.734643489252	9.87887926904303	1.3853003879125	12.0881776183261	9.5481100350884	6.22274132063051
2020-08-19	8.05184562321076	5.40680456061725	3.64941824451054	9.81953342040245	1.30147413708755	12.0059686712507	9.46663740498549	6.21398469786586
2020-08-20	7.93148420210126	5.31634385341903	3.56446566836789	9.7547386256302	1.21852658055807	11.9165295381725	9.38527325583541	6.20605701787141
2020-08-21	7.81137153700734	5.22474603576492	3.48029247425421	9.6848096030428	1.13685715774641	11.8207732882685	9.30414269564615	6.19893893331244
2020-08-22	7.69191336575725	5.13238437069354	3.39740537559969	9.61006107095681	1.05686530807493	11.7196129907157	9.22337083242568	6.19261109685426
2020-08-23	7.57351542617923	5.03963212124347	3.31631108583449	9.53080774768875	0.978950470965985	11.6139617146912	9.143082774182	6.18705416116218
2020-08-24	7.45658345610154	4.94686255045332	3.2375163183888	9.44736435155518	0.903512085841943	11.5047325293723	9.06340362892309	6.18224877890151
2020-08-25	7.34152319335241	4.85444892136169	3.1615277866928	9.36004560087262	0.830949592125158	11.3928385039358	8.98445850465694	6.17817560273755
2020-08-26	7.22874037576008	4.76276449700717	3.08885220417665	9.26916621395762	0.761662429237989	11.279192707559	8.90637250939152	6.17481528533561
2020-08-27	7.11864074115281	4.67218254042836	3.01999628427053	9.17504090912671	0.69605003660279	11.1647082094189	8.82927075113484	6.17214847936099
2020-08-28	7.01163002735885	4.58307631466388	2.95546674040463	9.07798440469644	0.634511853641926	11.0502980786927	8.75327833789487	6.17015583747901
2020-08-29	6.90811397220642	4.49581908275231	2.89577028600912	8.97831141898334	0.577447319777752	10.9368753845573	8.67852037767961	6.16881801235495
2020-08-30	6.80849831352379	4.41078410773225	2.84141363451417	8.87633667030397	0.525255874432628	10.8253531961898	8.60512197849703	6.16811565665414
2020-08-31	6.71314472062895	4.32833667998023	2.79279801893558	8.77236475548713	0.478196640601729	10.716524927595	8.5330045159857	6.1680134800167
2020-09-01	6.622238588799	4.24881019922443	2.74990275063162	8.66665978541082	0.435967475571513	10.6107053720875	8.46127443630651	6.16841241998205
2020-09-02	6.53592124480077	4.17253009253097	2.71260166054617	8.55947574946533	0.398125920201254	10.5080896678096	8.38883445325092	6.16919747106444
2020-09-03	6.45433401540111	4.09982178696595	2.68076857962311	8.45106663704091	0.364229515350227	10.4088729529036	8.31458728061039	6.17025362777812
2020-09-04	6.37761822736686	4.03101070959549	2.65427733880633	8.34168643752785	0.333835801877704	10.3132503655117	8.23743563217638	6.17146588463734
2020-09-05	6.30591520746487	3.9664222874857	2.63300176903971	8.23158914031644	0.306502320642963	10.2214170437761	8.15628222174037	6.17271923615633
2020-09-06	6.23936628246199	3.90638194770268	2.61681570126714	8.12102873479694	0.281786612505277	10.1335681258392	8.0700297630938	6.17389867684936
2020-09-07	6.1780737053539	3.85114406381288	2.60562673462619	8.01028762574879	0.259305416848444	10.0498916667732	7.97789563580639	6.17490398299769
2020-09-08	6.12198343405159	3.800678795384	2.59947754102925	7.89976187950804	0.238912267154356	9.9705473893705	7.88035588256083	6.17569405795065
2020-09-09	6.07100235269492	3.75488524848407	2.59844456058238	7.78987597779995	0.220519895429431	9.89568793335357	7.77820121181808	6.17624258682462
2020-09-10	6.02503734542373	3.71366252918114	2.60260423339166	7.68105440234973	0.204041033680086	9.82546593844483	7.67222233203907	6.17652325473596
2020-09-11	5.98399529637787	3.67690974354322	2.61203299956314	7.57372163488261	0.189388413912735	9.76003404436669	7.56320995168475	6.17650974680103
2020-09-12	5.94778308969717	3.64452599763837	2.62680729920292	7.46830215712381	0.176474768133797	9.69954489084159	7.45195477921605	6.17617574813619
2020-09-13	5.91630760952148	3.6164103975346	2.64700357241705	7.36522045079856	0.165212828349687	9.64415111759195	7.33924752309394	6.1754949438578
2020-09-14	5.88947573999064	3.59246204929996	2.6726982593116	7.2649009976321	0.155515326566822	9.5940053643402	7.22587889177935	6.17444101908224
2020-09-15	5.86719436524451	3.57258005900247	2.70396779999266	7.16776827934964	0.147294994791619	9.54926027080877	7.11263959373322	6.17298765892586
2020-09-16	5.84937036942291	3.55666353271017	2.74088863456628	7.07424677767641	0.140464565030493	9.51006847672009	7.00032033741649	6.17110854850502
2020-09-17	5.83591063666569	3.54461157649109	2.78353720313854	6.98476097433764	0.134936769289861	9.47658262179658	6.88971183129012	6.16877737293609
2020-09-18	5.8267220511127	3.53632329641327	2.83198994581551	6.89973535105857	0.130624339576141	9.44895534576067	6.78160478381505	6.16596781733544
2020-09-19	5.82171149690378	3.53169779854474	2.88632330270327	6.8195943895644	0.127440007895747	9.4273392883348	6.67678990345222	6.16265356681942
2020-09-20	5.82078585817878	3.53063418895353	2.94661371390787	6.74476257158038	0.125296506255098	9.41188708924138	6.57605789866256	6.15880830650439
2020-09-21	5.82387799595984	3.53301142714529	3.01294101443602	6.67564457737386	0.124224852077273	9.40279862122568	6.48001260086632	6.15440854145205
2020-09-22	5.83102467879837	3.53862788637606	3.08539861889684	6.6125658813807	0.124729204452014	9.40046268912436	6.38851033332082	6.14944205650534
2020-09-23	5.84228865212807	3.54726179333951	3.16408333680009	6.55583215657892	0.127432007885726	9.40531533079688	6.3012205422427	6.14389945645255
2020-09-24	5.85773266138266	3.5586913747293	3.24909197765553	6.5057490759465	0.132955706884814	9.41779258410274	6.21781267384855	6.13777134608195
2020-09-25	5.87741945199585	3.5726948572391	3.34052135097292	6.46262231246145	0.141922745955683	9.43833048690141	6.13795617435501	6.13104833018183
2020-09-26	5.90141176940135	3.58905046756256	3.438468266262	6.42675753910177	0.154955569604739	9.46736507705237	6.06132048997869	6.12372101354044
2020-09-27	5.92977235903287	3.60753643239336	3.54302953303253	6.39846042884546	0.172676622338386	9.50533239241511	5.98757506693622	6.11578000094609
2020-09-28	5.96256396632411	3.62793097842514	3.65430196079428	6.37803665467051	0.195708348663032	9.55266847084911	5.9163893514442	6.10721589718703
2020-09-29	5.99984933670879	3.65001233235158	3.77238235905698	6.36579188955494	0.224673193085079	9.60980935021385	5.84743278971927	6.09801930705155
2020-09-30	6.04169121562062	3.67355872086633	3.89736753733039	6.36203180647673	0.260193600110935	9.67719106836882	5.78037482797804	6.08818083532793
2020-10-01	6.08815234849331	3.69834837066305	4.02935430512428	6.36706207841389	0.302892014247003	9.75524966317349	5.71488491243712	6.07769108680444
2020-10-02	6.13929548076057	3.72415950843542	4.16843947194841	6.38118837834443	0.353390879999691	9.84442117248735	5.65063248931314	6.06654066626936
2020-10-03	6.19518335785611	3.75077036087709	4.3147198473125	6.40471637924633	0.412312641875401	9.94514163416988	5.58728700482272	6.05472017851096
2020-10-04	6.25587872521363	3.77795915468172	4.46829224072634	6.4379517540976	0.48027974438054	10.0578470860806	5.52451790518248	6.04222022831754
2020-10-05	6.32143363953095	3.80559973755113	4.62921166290012	6.48110961005096	0.557883542766191	10.1827495095951	5.46207924931841	6.02922000853147
2020-10-06	6.39185740256217	3.8339484412197	4.7973659293459	6.53404279095807	0.645591035262149	10.3191646601538	5.40006354699405	6.01665306421163
2020-10-07	6.46714862732552	3.86335721842998	4.97260105677619	6.59651357484529	0.743838130842878	10.4661842367135	5.33864792068232	6.005641528471
2020-10-08	6.54730592683921	3.89417802192452	5.15476306190348	6.66828423973899	0.853060738482851	10.6228999382307	5.27800949285612	5.99730753442259
2020-10-09	6.63232791412146	3.92676280444585	5.3436979614403	6.74911706366554	0.973694767156537	10.7884034636621	5.21832538598836	5.99277321517936
2020-10-10	6.72221320219047	3.96146351873653	5.53925177209914	6.83877432465132	1.10617612583841	10.9617865119644	5.15977272255197	5.99316070385432
2020-10-11	6.81696040406447	3.99863211753909	5.7412705105925	6.93701830072268	1.25094072350294	11.142140782094	5.10252862501986	5.99959213356045
2020-10-12	6.91655320999934	4.03859807492357	5.94962115016416	7.04358284541201	1.40839437970306	11.3286911374505	5.04691360844361	6.0130981151064
2020-10-13	7.02091561920178	4.08160095026997	6.16425449018287	7.1580881142756	1.57882255630565	11.5211950992041	4.99382175818959	6.03434317008353
2020-10-14	7.12995670811615	4.12785782428578	6.38514228654867	7.28012583837576	1.76248062575603	11.7195433529678	4.94429055220279	6.06390029777883
2020-10-15	7.24358555318681	4.17758577767851	6.61225629516157	7.40928774877479	1.95962396049954	11.9236265843547	4.89935746842826	6.10234249747933
2020-10-16	7.36171123085813	4.23100189115564	6.84556827192158	7.54516557653498	2.17050793298151	12.1333354789777	4.86005998481101	6.15024276847202
2020-10-17	7.48424281757449	4.28832324542467	7.08504997272874	7.68735105271865	2.39538791564728	12.3485607224499	4.82743557929608	6.20817411004393
2020-10-18	7.61108938978023	4.3497669211931	7.33067315348307	7.83543590838808	2.63451928094219	12.5691930003843	4.80252172982848	6.27670952148206
2020-10-19	7.74216002391975	4.41554999916841	7.58240957008459	7.9890118746056	2.88815740131157	12.795122998394	4.78635591435323	6.35642200207344
2020-10-20	7.87736379643739	4.48588956005811	7.84023097843331	8.14767068243348	3.15655764920075	13.0262414020919	4.77997561081537	6.44788455110506
2020-10-21	8.01660978377752	4.56100268456969	8.10410913442925	8.31100406293403	3.43997539705507	13.2624388970911	4.78441829715991	6.55167016786393
2020-10-22	8.15980706238452	4.64110645341064	8.37401579397245	8.47860374716956	3.73866601731986	13.5036061690046	4.80072145133189	6.66835185163708
2020-10-23	8.30686470870275	4.72641794728846	8.64992271296292	8.65006146620237	4.05288488244047	13.7496339034454	4.82992255127632	6.7985026017115
2020-10-24	8.45769179917657	4.81715424691064	8.93180164730068	8.82496895109475	4.38288736486221	14.0004127860265	4.87305907493823	6.94269541737422
2020-10-25	8.61219741025036	4.91353243298467	9.21962435288575	9.00291793290901	4.72892883703044	14.255833502361	4.93116850026264	7.10150329791224
2020-10-26	8.7703250947377	5.01580856079363	9.51343298940104	9.18344032174087	5.09129430764298	14.5159126518412	5.00525314335384	7.27538865526268
2020-10-27	8.93215631092901	5.12439458392281	9.81355133166094	9.36582874381978	5.47038733040772	14.7811704889768	5.09617467295316	7.46437155196309
2020-10-28	9.09780699348394	5.2397414305331	10.1203735582627	9.54931600440859	5.86664109528499	15.0522531820565	5.20475959596118	7.66836146320112
2020-10-29	9.26739307706214	5.36230002878538	10.4342938478037	9.73313490877016	6.28048879223517	15.3298068993695	5.33183441927849	7.88726786416442
2020-10-30	9.44103049632326	5.49252130684053	10.7557063788811	9.91651826216736	6.71236361121863	15.6144778092047	5.47822564980569	8.12100023004066
2020-10-31	9.61883518592694	5.63085619285943	11.0850053300923	10.0986988698631	7.16269874219575	15.9069120798509	5.64475979444336	8.36946803601748
2020-11-01	9.80092308053281	5.77775561500294	11.4225848800344	10.2789095371201	7.63192737512687	16.2077558795972	5.83226336009208	8.63258075728254
2020-11-02	9.98736310716009	5.93354078644102	11.7686564382698	10.4565166729351	8.12031518473106	16.5175430609462	6.04152235819037	8.91025670932659
2020-11-03	10.1780361622661	6.09801406037983	12.1227003382201	10.6314211012394	8.6274577847622	16.8363582132561	6.27316081832836	9.20244956885288
2020-11-04	10.3727761346678	6.27084807503461	12.4840141442721	10.8036572496983	9.15278327373288	17.1641736100987	6.52776227463413	9.50912185286774
2020-11-05	10.571416913182	6.45171546862058	12.8518954208125	10.9732595459768	9.69571975015562	17.5009615250457	6.80591026123571	9.83023607837751
2020-11-06	10.7737923866257	6.64028887935297	13.2256417322279	11.1402624177401	10.255695312543	17.8466942316691	7.10818831226118	10.1657547623885
2020-11-07	10.9797364438157	6.83624094544702	13.6045506429051	11.3047002926534	10.8321380594077	18.2013440035408	7.43517996183859	10.5156404219071
2020-11-08	11.189082973569	7.03924430511797	13.9879197172308	11.4666075983818	11.4244760892621	18.5648831142325	7.78746874409602	10.8798555739397
2020-11-09	11.4016658647024	7.24897159658102	14.3750465195917	11.6260187625905	12.0321375006189	18.937283837316	8.1656381931615	11.2583627354925
2020-11-10	11.6173190060328	7.46509545805143	14.7652286143744	11.7829682129446	12.6545503919906	19.3185184463634	8.5702718431631	11.6511244235719
2020-11-11	11.8358762863772	7.68728852774441	15.1577635659656	11.9374903771092	13.2911428618898	19.7085592149463	9.00195322822888	12.0581031551842
2020-11-12	12.0571715945525	7.91522344387521	15.5519489387521	12.0896196827495	13.9413430088292	20.1073784166367	9.46126588248692	12.4792614473359
2020-11-13	12.2810388193754	8.14857284465904	15.9470822971206	12.2393905575307	14.6045789313211	20.5149483250063	9.94879334006525	12.9145618170331
2020-11-14	12.5073118496631	8.38700936831115	16.3424612054577	12.3868374291179	15.2802787278783	20.9312412136271	10.4651191350919	13.3639667812824
2020-11-15	12.7358245742322	8.63020565304676	16.7373832281501	12.5319947251763	15.9678704970132	21.3562293560709	11.010826801695	13.8274388570899
2020-11-16	12.9663930061666	8.87772906639114	17.1310692090981	12.6749655954658	16.6666662856233	21.789726333173	11.5865102432764	14.3048817435393
2020-11-17	13.1987616556171	9.12872589310969	17.5224331102564	12.8161280781258	17.3755139341445	22.2309109548233	12.1928048403329	14.7959638680229
2020-11-18	13.4326571570012	9.38223714727786	17.9103121730933	12.9559289333905	18.0931452313978	22.6788033381751	12.8303563426352	15.3002948400102
2020-11-19	13.6678061447367	9.6373038429711	18.2935436390769	13.094814921494	18.8182919662039	23.1324236003815	13.499810499954	15.8174842689708
2020-11-20	13.9039352532411	9.89296699426485	18.6709647496756	13.2332328026707	19.5496859273839	23.5907918585961	14.20181306206	16.3471417643742
2020-11-21	14.1407711169321	10.1482676152345	19.0414127463575	13.3716293371546	20.2860589037584	24.0529282299721	14.9370097787237	16.8888769356901
2020-11-22	14.3780403702274	10.4022467199556	19.4037248705909	13.5104512851799	21.0261426841484	24.5178528316627	15.706046399716	17.4422993923878
2020-11-23	14.615596021156	10.6541666578804	19.7570820979827	13.6503166687769	21.7684108354592	24.9848490378808	16.5092839269318	18.0069692682315
2020-11-24	14.8537965721932	10.9041751199687	20.1020403406942	13.7925285571592	22.5103040369344	25.4542532510773	17.3459443707646	18.5822487941633
2020-11-25	15.0931268994259	11.152641132557	20.4394992450253	13.9385612813367	23.2490047459022	25.9266651307626	18.2149649937317	19.1674507254196
2020-11-26	15.3340718789408	11.3999337219821	20.7703584572759	14.0898891723192	23.9816954196906	26.4026843364469	19.115283058351	19.761887817237
2020-11-27	15.5771163868248	11.6464219145805	21.0955176237459	14.2479865611163	24.7055585156279	26.8829105276407	20.04583582714	20.3648728248521
2020-11-28	15.8227452991646	11.8924747366889	21.4158763907353	14.4143277787379	25.4177764910421	27.3679433638543	21.0055605626165	20.9757185035014
2020-11-29	16.0714434920471	12.1384612146439	21.7323344045439	14.5903871561936	26.1155318032614	27.8583825045981	21.9933945272981	21.5937376084215
2020-11-30	16.3236958415591	12.3847503747821	22.0457913114717	14.7776390244934	26.7960069096139	28.3548276093825	23.0082749837024	22.2182428948488
2020-12-01	16.5799872237874	12.6317112434402	22.3571467578185	14.9775577146468	27.4563842674277	28.8578783377178	24.0491391943471	22.84854711802
2020-12-02	16.8408025148187	12.8797128469548	22.6673003898844	15.1916175576637	28.093846334031	29.3681343491144	25.1149244217499	23.4839630331715
2020-12-03	17.1066265907399	13.1291242116625	22.9771518539691	15.4212928845538	28.7055755667519	29.8861953030827	26.2045679284284	24.12380339554
2020-12-04	17.3779443276378	13.3803143638999	23.2876007963727	15.6680580263269	29.2887544229186	30.412660859133	27.3170069769002	24.7673809603619
2020-12-05	17.6552406015992	13.6336523300037	23.599546863395	15.9333873139928	29.840565359859	30.9481306767756	28.4511788296831	25.4140084828739
2020-12-06	17.9390002887108	13.8895071363105	23.913889701336	16.2187550785612	30.3581908349015	31.4932044155211	29.6060207492947	26.0629987183124
2020-12-07	18.2295562134926	14.1481757748067	24.2312867562069	16.5252401516224	30.8391401601697	32.0483684744454	30.7803772676748	26.7135649717737
2020-12-08	18.5266329941964	14.4096671000779	24.5514266728648	16.8523393670891	31.2822300669696	32.6136562108872	31.9727219944525	27.3645227477925
2020-12-09	18.8298031975071	14.6739179323595	24.8737558958779	17.1991540594547	31.6866041414027	33.1889877217511	33.1814358086788	28.0145881007633
2020-12-10	19.1386393901097	14.9408650918867	25.1977208698147	17.5647855632125	32.0514059695708	33.7742831039415	34.4048995894051	28.6624770850807
2020-12-11	19.452714138689	15.210445398895	25.5227680392435	17.9483352128557	32.3757791375753	34.369462454363	35.6414942156824	29.3069057551389
2020-12-12	19.77160000993	15.4825956736198	25.8483438487326	18.3489043428777	32.6588672315178	34.9744458699198	36.8896005665619	29.9465901653325
2020-12-13	20.0948695705176	15.7572527362963	26.1738947428505	18.7655942877717	32.8998138374999	35.5891534475166	38.1475995210948	30.580246370056
2020-12-14	20.4220953871366	16.0343534071599	26.4988671661654	19.197506382031	33.0977625416233	36.2135052840578	39.4138719583324	31.2065904237038
2020-12-15	20.7528500264721	16.313834506446	26.8227075632457	19.643741960149	33.2518569299894	36.8474214764478	40.6867987573257	31.8243383806703
2020-12-16	21.0867060552089	16.59563285439	27.1448623786598	20.1034023566189	33.3612405886999	37.4908221215911	41.964760797126	32.4322062953501
2020-12-17	21.4232360400319	16.8796852712272	27.4647780569761	20.5755889059341	33.4250571038564	38.1436273163921	43.2461389567844	33.0289102221375
2020-12-18	21.7620125476261	17.1659285771929	27.7819010427629	21.0594029425878	33.4424500615604	38.8057571577555	44.5293141153521	33.6131662154271
2020-12-19	22.1026081446763	17.4542995925226	28.0956777805885	21.5539458010732	33.4125630479135	39.4771317425855	45.8126671518803	34.1836903296132
2020-12-20	22.4445953978676	17.7447351374515	28.4055547150213	22.0583188158839	33.3345396490172	40.1576711677867	47.0945789454202	34.7391986190904
2020-12-21	22.7871632528925	18.0366796243384	28.7103819368957	22.5709755386053	33.2080407404966	40.8468300460326	48.3730969252055	35.278642790737
2020-12-22	23.1279661714749	18.327607834035	29.0066241221097	23.0877783891926	33.0347963560699	41.5422010530727	49.6449347211998	35.8019171613665
2020-12-23	23.4642749943465	18.6145021395164	29.2901495928275	23.6039420046933	32.8170538189785	42.240911380426	50.9064725135494	36.3091517002768
2020-12-24	23.793360562239	18.8943449137576	29.5568266712131	24.1146810221549	32.5570604524641	42.940088219611	52.1540904824004	36.8004763767652
2020-12-25	24.1124937158839	19.1641185297339	29.8025236794307	24.6152100786249	32.2570635797681	43.6368587621465	53.3841688078992	37.2760211601294
2020-12-26	24.4189452960129	19.4208053604201	30.0231089396444	25.1007438111509	31.9193105241322	44.3283501995512	54.5930876701919	37.735916019667
2020-12-27	24.7099861433577	19.6613877787915	30.2144507740183	25.5664968567802	31.5460486087979	45.0116897233438	55.7772272494247	38.1802909246754
2020-12-28	24.9833331304812	19.8833936859105	30.3731964411877	26.0084099908296	31.1395228349502	45.6840329746629	56.9331366143516	38.6092332464649
2020-12-29	25.2384872572721	20.0865330951896	30.4991089456733	26.4253285416927	30.7019689155481	46.3426493931268	58.0580403881576	39.0226599643963
2020-12-30	25.4753955554503	20.2710615481284	30.5927302284671	26.8168239760323	30.2356202414941	46.9848368679735	59.1493320826353	39.4204454598429
2020-12-31	25.6940050567358	20.4372345862268	30.654602230561	27.1824677605111	29.7427102036907	47.6078932884413	60.2044052095777	39.8024641141782
2021-01-01	25.8942627928485	20.5853077509847	30.6852668929469	27.5218313617921	29.2254721930403	48.2091165437683	61.2206532807773	40.1685903087756
2021-01-02	26.0761157955084	20.7155365839018	30.6852661566169	27.8344862465379	28.6861396004454	48.7858045231927	62.195469808027	40.5186984250085
2021-01-03	26.2395110964355	20.8281766264779	30.6551419625628	28.1200038814114	28.1269458168085	49.3352551159525	63.1262483031195	40.8526628442503
2021-01-04	26.3843957273497	20.9234834202129	30.5954362517766	28.3779557330753	27.550124233032	49.8547662112859	64.0103822778475	41.1703579478743
2021-01-05	26.510716719971	21.0017125066065	30.5066909652502	28.6079132681925	26.9579082400185	50.3416356984312	64.8452652440039	41.4716581172541
2021-01-06	26.6184211060193	21.0631194271586	30.3894480439756	28.8094479534258	26.3525312286704	50.7931614666264	65.6282907133813	41.756437733763
2021-01-07	26.7074559172146	21.1079597233689	30.2442494289448	28.9821312554379	25.7362265898902	51.2066414051096	66.3568521977725	42.0245711787744
2021-01-08	26.7777681852769	21.1364889367373	30.0716370611497	29.1255346408917	25.1112277145802	51.5793734031191	67.0283432089702	42.2759328336616
2021-01-09	26.8293049419261	21.1489626087636	29.8721528815822	29.2392295764499	24.4797679936432	51.908655349893	67.6401572587672	42.5103970797982
2021-01-10	26.8620132188822	21.1456362809476	29.6463388312343	29.3227875287753	23.8440808179814	52.1917851346693	68.1896878589562	42.7278382985576
2021-01-11	26.8759763495619	21.1268399193904	29.3947935387392	29.3761485043571	23.206486265146	52.4267797992729	68.6745206619827	42.9279596813427
2021-01-12	26.8718228741691	21.0932011885989	29.1183423832959	29.4007266689889	22.5696511592822	52.6145329958742	69.0930098829028	43.1097796596752
2021-01-13	26.8503176346044	21.0454221776812	28.8178674317443	29.3983047282909	21.9363290111838	52.7566575292306	69.4437018774253	43.2721454751064
2021-01-14	26.8122254727685	20.9842049757454	28.4942507509247	29.3706653878831	21.3092733316446	52.8547662040991	69.7251430012591	43.4139043691876
2021-01-15	26.7583112305618	20.9102516718998	28.1483744076772	29.3195913533855	20.6912376314587	52.910471825237	69.9358796101129	43.53390358347
2021-01-16	26.6893397498852	20.8242643552524	27.7811204688418	29.2468653304183	20.0849754214196	52.9253871974014	70.0744580596956	43.630990359505
2021-01-17	26.6060758726392	20.7269451149114	27.3933710012588	29.1542700246015	19.4932402123214	52.9011251253495	70.1394247057161	43.7040119388438
2021-01-18	26.5092089349285	20.6189834129035	26.9861494666889	29.0434900902773	18.9183045510215	52.8392672505626	70.1298826929871	43.7518128949039
2021-01-19	26.3991262496738	20.5010182029295	26.5610449065753	28.9158179766773	18.3605171286329	52.7412705614187	70.0471623227373	43.7732271285679
2021-01-20	26.276139624	20.3736758116085	26.1197877572819	28.7724480817553	17.8197456723322	52.6085608830198	69.8931506852994	43.7670858725844
2021-01-21	26.1405608650318	20.2375825655601	25.6641084551726	28.6145748034649	17.2958579092959	52.4425640404681	69.669734871006	43.7322203597022
2021-01-22	25.9927017798939	20.0933647914034	25.1957374366112	28.44339253976	16.7887215667007	52.2447058588657	69.3788019701899	43.66746182267
2021-01-23	25.8328741757113	19.9416488157577	24.7164051379616	28.2600956885942	16.2982043717232	52.0164121633146	69.0222390731837	43.5716414942366
2021-01-24	25.6613898596087	19.7830609652423	24.2278419955877	28.0658786479214	15.82417405154	51.7591087789169	68.60193327032	43.4435906071506
2021-01-25	25.4785606387108	19.6182275664766	23.7317784458534	27.8619358156952	15.3664983333278	51.4742215307749	68.1197716519315	43.2821403941609
2021-01-26	25.2846983201426	19.4477749460797	23.2299449251224	27.6494615898694	14.925044944263	51.1631762439904	67.5776413083509	43.086122088016
2021-01-27	25.0801147110286	19.2723294306711	22.7240718697586	27.4296503683979	14.4996816115225	50.8273987436658	66.9774293299108	42.8543669214649
2021-01-28	24.8651216184939	19.09251734687	22.2158897161261	27.2036965492342	14.0902760622827	50.4683148549029	66.321022806944	42.5857061272561
2021-01-29	24.6400308496631	18.9089650212956	21.7071289005885	26.9727945303323	13.6966960237203	50.0873504028041	65.6103088297831	42.2789709381385
2021-01-30	24.405154211661	18.7222987805674	21.1995198595097	26.7381387096457	13.3188092230119	49.6859312124712	64.8471744887607	41.9329925868607
2021-01-31	24.1608035116125	18.5331449513045	20.6947930292538	26.5009234851283	12.9564833873342	49.2654831090066	64.0335068742095	41.5466023061715
2021-02-01	23.9071501240412	18.3419504740172	20.1942684090633	26.2621202020748	12.6092173048461	48.8271817035127	63.1713190604983	41.1193388416834
2021-02-02	23.6438036930663	18.1484447447792	19.697624249697	26.0218079951434	12.2750340076369	48.3712017510941	62.2631280581401	40.6535709904638
2021-02-03	23.3702334302058	17.9521777735551	19.2041283647921	25.7798429463334	11.9515875887778	47.897467792856	61.3115768616839	40.1523750624441
2021-02-04	23.0859085469781	17.7526995703095	18.7130485679862	25.5360811376439	11.6365321413404	47.4059043699035	60.3193084656788	39.6188273675554
2021-02-05	22.790298254901	17.549560145007	18.2236526729168	25.2903786510743	11.3275217583964	46.8964360233418	59.288965864674	39.056004215729
2021-02-06	22.4828717654927	17.3423095076123	17.7352084932213	25.0425915686236	11.022210533017	46.3689872942757	58.2231920532184	38.4669819168962
2021-02-07	22.1630982902713	17.13049766809	17.2469838425371	24.7925759722913	10.7182525582739	45.8234827238106	57.1246300258611	37.8548367809883
2021-02-08	21.8306899091286	16.913740779338	16.7585026021877	24.5401945189112	10.4138307916095	45.2601453182706	55.9960078869052	37.2225208171766
2021-02-09	21.486330175451	16.6919195659883	16.2703129242395	24.2853361646569	10.1092436479502	44.6803919448557	54.840394179668	36.5724888315936
2021-02-10	21.1309455109989	16.4649808956061	15.7832190284452	24.0278964405367	9.80531840659319	44.0859379359852	53.6609425572212	35.9070713296117
2021-02-11	20.7654623375323	16.2328716357566	15.2980251345571	23.7677708775588	9.50288234683584	43.4784986240781	52.460806672636	35.2285988166035
2021-02-12	20.3908070768114	15.9955386540052	14.8155354623277	23.5048550067316	9.20276274797544	42.8597893415536	51.2431401789839	34.5394017979415
2021-02-13	20.0079061505965	15.7529288179171	14.3365542315096	23.2390443590634	8.90578688930933	42.2315254208309	50.0110967293364	33.8418107789984
2021-02-14	19.6176859806477	15.5049889950575	13.861885661855	22.9702344655625	8.61278205013475	41.5954221943291	48.7678299767648	33.1381562651464
2021-02-15	19.2210729887252	15.2516660529917	13.3923339731167	22.6983208572371	8.32457550974904	40.9531949944674	47.5164935743405	32.4307687617583
2021-02-16	18.8189935965893	14.9929068592851	12.928703385047	22.4231990650956	8.04199454744952	40.3065591536649	46.2602411751351	31.7219787742066
2021-02-17	18.4123742260001	14.7286582815028	12.4717981173983	22.1447646201462	7.76586644253346	39.6572300043407	45.0022264322197	31.0141168078638
2021-02-18	18.0021412987177	14.4588671872101	12.0224223899232	21.8629130533974	7.49701847429818	39.0069228789141	43.7456029986661	30.3095133681025
2021-02-19	17.5892212365025	14.1834804439723	11.5813804223742	21.5775398958573	7.23627792204097	38.3573531098041	42.4935245275453	29.610498960295
2021-02-20	17.1745404611145	13.9024449193547	11.1494764345036	21.2885406785342	6.98447206505914	37.7102360294298	41.249144671929	28.9194040898141
2021-02-21	16.759025394314	13.6157074809225	10.727514646064	20.9958109324366	6.74242818265002	37.0672869702106	40.0156170848886	28.2385592620323
2021-02-22	16.3436132579649	13.3233894304139	10.3162700293174	20.6993276941575	6.51098408300737	36.4297798814457	38.7958135309982	27.5699174990581
2021-02-23	15.929284474346	13.0263098062593	9.91640056656355	20.3993940226304	6.29101968991108	35.7972231799558	37.5914782208432	26.9139218899452
2021-02-24	15.5170302658401	12.725462081062	9.52853499261199	20.0963944823734	6.0834254560375	35.1686838994415	36.4040734765118	26.2706380404829
2021-02-25	15.1078418548296	12.4218397274252	9.15330204227203	19.7907136379048	5.88909183406297	34.5432290736036	35.2350616200921	25.6401315564609
2021-02-26	14.7027104636973	12.1164362179523	8.79133045035312	19.4827360537427	5.70890927666389	33.9199257361431	34.0859049736725	25.0224680436688
2021-02-27	14.3026273148256	11.8102450252466	8.44324895166459	19.1728462944053	5.54376823651657	33.2978409207605	32.9580658593408	24.417713107896
2021-02-28	13.9085836305974	11.5042596219112	8.10968628101587	18.861428924411	5.39455916629739	32.6760416611568	31.8530065991854	23.8259323549323
2021-03-01	13.5214889305434	11.1994117180067	7.79110697105098	18.5488887239649	5.26203532468017	32.0537868740544	30.772051853679	23.2472986325488
2021-03-02	13.1419259227884	10.8963859734216	7.48731874575228	18.2357113360203	5.14640119432848	31.4311030082618	29.715975636832	22.6824137564441
2021-03-03	12.7703956126053	10.5958052855017	7.19796512693683	17.9224026192178	5.04772406390339	30.8082083956094	28.6854143010396	22.1319867842983
2021-03-04	12.4073990052671	10.2982925515927	6.92268963642161	17.6094684321975	4.96607122206594	30.1853213679274	27.6810041986967	21.5967267737916
2021-03-05	12.0534371060466	10.0044706690404	6.66113579602365	17.2974146335999	4.90150995747718	29.5626602570461	26.7033816821984	21.0773427826042
2021-03-06	11.709010920217	9.71496253519055	6.41294712755999	16.9867470820653	4.85410755879815	28.9404433947958	25.7531831039399	20.5745438684164
2021-03-07	11.3746214530511	9.4303910473888	6.17776715284761	16.6779716362341	4.82393131468991	28.3188891130068	24.831044816316	20.0890390889082
2021-03-08	11.0507697098219	9.15137910298094	5.95523939370354	16.3715941547467	4.81104851381349	27.6982157435093	23.9376031717218	19.6215375017599
2021-03-09	10.7379566958024	8.87854959931272	5.74500737194481	16.0681204962434	4.81552644482996	27.0786416181337	23.0734945225525	19.1727481646518
2021-03-10	10.4366834162655	8.61252543372983	5.54671460938841	15.7680565193646	4.83743239640035	26.4603850687101	22.2393552212031	18.7433801352639
2021-03-11	10.1474508764843	8.35392950357805	5.36000462785138	15.4719080827507	4.87683365718571	25.8436644270689	21.4358216200685	18.3341424712765
2021-03-12	9.87076008173165	8.10338470620309	5.18452094915071	15.1801810450419	4.93379751584709	25.2286980250403	20.6635300715439	17.9457442303698
2021-03-13	9.60711203728055	7.86151393895071	5.01990709510344	14.8933812648787	5.00839126104554	24.6157041944546	19.9231169280242	17.5788944702239
2021-03-14	9.35700774840397	7.62894009916664	4.86580658752658	14.6120146009015	5.1006821814421	24.0049012671421	19.2152185419047	17.2343022485191
2021-03-15	9.12082200134838	7.40617650351541	4.72187578828583	14.3365838382836	5.21057072549143	23.3965510262222	18.5401986446583	16.9123423629699
2021-03-16	8.89842470625437	7.19329814593687	4.58782241944175	14.0675794683306	5.33728998082257	22.7910890599711	17.8973304840709	16.6120525714285
2021-03-17	8.68955955423604	6.99027043968966	4.46336704310356	13.8054889088811	5.47990619485816	22.1889944079541	17.2856146870065	16.3321363717812
2021-03-18	8.49397023640745	6.79705879803238	4.34823022138049	13.5507995777738	5.63748561502086	21.5907461097365	16.7040518803288	16.0712972619146
2021-03-19	8.31140044388273	6.6136286342237	4.24213251638179	13.3039988928472	5.80909448873331	20.9968232048836	16.1516426909018	15.8282387397152
2021-03-20	8.14159386777593	6.43994536152224	4.14479449021667	13.06557427194	5.99379906341817	20.4077047329607	15.6273877455894	15.6016643030694
2021-03-21	7.98429419920117	6.27597439318663	4.05593670499438	12.8360131328907	6.19066558649809	19.8238697335332	15.1302876712555	15.3902774498636
2021-03-22	7.83924512927255	6.12168114247552	3.97527972282416	12.615802893538	6.39876030539569	19.2457972461663	14.659343094764	15.1927816779844
2021-03-23	7.70619034910414	5.97703102264754	3.90254410581524	12.4054309717205	6.61714946753366	18.6739663104254	14.2135546429787	15.0078804853181
2021-03-24	7.58487354981004	5.84198944696132	3.83745041607684	12.2053847852768	6.84489932033462	18.1088559658758	13.7919229427637	14.8342773697514
2021-03-25	7.47503842250435	5.71652182867551	3.77971921571821	12.0161517520455	7.08107611122121	17.5509452520829	13.3934486209828	14.6706758291706
2021-03-26	7.37642865830115	5.60059358104873	3.72907106684858	11.8382192898653	7.32474608761611	17.0007132086118	13.0171323044999	14.5157793614622
2021-03-27	7.28878794831456	5.49417011733963	3.68522653157719	11.6720748165747	7.57497549694193	16.4586388750281	12.6619746201789	14.3682914645128
2021-03-28	7.21185998365863	5.39721685080683	3.64790617201326	11.5182057500123	7.83083058662136	15.9252012908968	12.3269761948837	14.2269156362087
2021-03-29	7.14535510704607	5.30963224231828	3.61686903460464	11.376913468186	8.0914179666827	15.4009681835487	12.0109711658746	14.0903739259197
2021-03-30	7.08885026758389	5.23104694317914	3.59202810315358	11.2477551897807	8.35600569757692	14.8868620313753	11.7121277119968	13.9574625889489
2021-03-31	7.04188906597771	5.16102465230388	3.57333484580092	11.1301020936504	8.62390220236074	14.3838940005333	11.4284475224922	13.8269964320828
2021-04-01	7.00401510293314	5.09912906860696	3.56074073068751	11.0233253586491	8.89441590409078	13.8930752571795	11.1579322866025	13.6977902621076
2021-04-02	6.9747719791558	5.04492389100284	3.55419722595421	10.926796163631	9.16685522582372	13.4154169674707	10.8985836935693	13.5686588858097
2021-04-03	6.95370329535129	4.997972818406	3.55365579974187	10.8398856874501	9.44052859061625	12.9519302975636	10.6484034326345	13.4384171099756
2021-04-04	6.94035265222523	4.95783954973089	3.55906792019133	10.7619651089605	9.71474442152499	12.5036264136151	10.4053931930397	13.3058797413916
2021-04-05	6.9342594523353	4.92413311772571	3.57032352382148	10.6924004074556	9.98885046643255	12.0713419537818	10.1678435038329	13.1701231771923
2021-04-06	6.93494630564749	4.89664389047351	3.5870664206633	10.6305367639861	10.262351772525	11.6552154442199	9.93520025328756	13.0312701759049
2021-04-07	6.94193162397985	4.87520756989109	3.6088788891258	10.5757141600422	10.5347927118144	11.2552108830855	9.70719816948321	12.8897050864049
2021-04-08	6.95473381915044	4.85965985789523	3.635343207618	10.5272725771138	10.8057176563128	10.8712922685346	9.48357198049949	12.7458122575676
2021-04-09	6.97287130297731	4.84983645640271	3.66604165454892	10.4845519966912	11.0746709780321	10.5034235987232	9.26405641441606	12.5999760382686
2021-04-10	6.99586248727853	4.84557306733032	3.70055650832755	10.4468924002644	11.3411970489843	10.1515688718076	9.04838619931255	12.4525807773831
2021-04-11	7.02322578387214	4.84670539259484	3.73847004736293	10.4136337693235	11.6048402411815	9.81569208594373	8.83629606326856	12.3040108237868
2021-04-12	7.0544796045762	4.85306913411306	3.77936455006406	10.3841160853585	11.8651449266358	9.49575723928768	8.62752073436378	12.1546505263549
2021-04-13	7.08914236120877	4.86449999380177	3.82282229483996	10.3576793298595	12.121655477359	9.19172832999549	8.42179494067779	12.004884233963
2021-04-14	7.12673246558791	4.88083367357774	3.86842556009963	10.3336634843167	12.3739162653632	8.90356935622327	8.21885341029025	11.8550962954864
2021-04-15	7.16676832953167	4.90190587535776	3.9157566242521	10.3114085302201	12.6214716626605	8.63124431612709	8.0184308712808	11.7056710598005
2021-04-16	7.20876836485811	4.92755230105863	3.96439776570637	10.2902544490598	12.8638660412628	8.374717207863	7.82026205172905	11.5569928757809
2021-04-17	7.25225098338528	4.95760865259712	4.01393126287147	10.2695412223259	13.1006437731822	8.13395202958708	7.62408167971465	11.4094460923029
2021-04-18	7.29673459693124	4.99191063189001	4.06393939415639	10.2486088315085	13.3313492304306	7.90891277945543	7.42962448331723	11.263415058242
2021-04-19	7.34173844987742	5.0302708556929	4.1140340462257	10.2266744722821	13.555369916703	7.69940377021605	7.23673163636722	11.1192930409437
2021-04-20	7.38678511685871	5.0724096001166	4.16394553876606	10.2024641970593	13.7714658624261	7.50459057298491	7.04567009569824	10.9775089816349
2021-04-21	7.4313980050734	5.11802405611071	4.21343379971967	10.174581272437	13.9782402297094	7.32347907346989	6.85681326389469	10.8385007400125
2021-04-22	7.47510052171976	5.16681141462484	4.26225875702875	10.1416289650123	14.1742961806626	7.15507515737892	6.67053454354099	10.7027061757733
2021-04-23	7.51741607399605	5.21846886660861	4.3101803386355	10.102210541382	14.3582368773953	6.99838471041992	6.48720733722157	10.5705631486143
2021-04-24	7.55786806910057	5.27269360301162	4.35695847248212	10.0549292681433	14.528665482017	6.85241361830079	6.30720504752083	10.4425095182324
2021-04-25	7.59597991423156	5.32918281478349	4.40235308651083	9.99838841189312	14.6841851566373	6.71616776672943	6.13090107702317	10.3189831443245
2021-04-26	7.63132073279409	5.38765737694271	4.44615029098545	9.93130628142123	14.8235800705376	6.58872037457085	5.95858780725837	10.2002618931954
2021-04-27	7.66364251302028	5.44793290078341	4.48824092545632	9.85286135428872	14.9463584216872	6.46941399331827	5.79023353553747	10.0859836575807
2021-04-28	7.69274295934904	5.50984868166857	4.52854201179542	9.7623471502495	15.0522094152269	6.35765850762203	5.62572553811691	9.97562633682388
2021-04-29	7.71841977621926	5.57324401496122	4.56697057187471	9.65905718905742	15.1408222562978	6.25286380213242	5.46495109125307	9.86866783026841
2021-04-30	7.74047066806985	5.63795819602433	4.60344362756617	9.54228499046639	15.2118861500407	6.15443976149979	5.30779747120237	9.76458603725775
2021-05-01	7.75869333933971	5.70383052022093	4.63787820074175	9.41132407423031	15.2650903015966	6.06179627037446	5.15415195422122	9.66285885713537
2021-05-02	7.77288549446774	5.77070028291401	4.67019131327344	9.26546796010303	15.3001239161066	5.97434321340672	5.00390181656603	9.5629641892447
2021-05-03	7.78284483789285	5.83840677946657	4.70029998703319	9.10401016783848	15.3166761987115	5.89149047524692	4.85693433449321	9.46437993292922
2021-05-04	7.78836907405393	5.90678930524163	4.72812124389299	8.92624421719051	15.3144363545523	5.81264794054535	4.71313678425915	9.36658398753239
2021-05-05	7.78925590738988	5.97568715560219	4.75357210572479	8.73146362791303	15.2930935887701	5.73722549395235	4.57239644212027	9.26905425239765
2021-05-06	7.78530304233962	6.04493962591123	4.77656959440057	8.51896191975993	15.2523371065057	5.66463302011824	4.43460058433299	9.17126862686849
2021-05-07	7.77630818334204	6.11438601153178	4.79703073179229	8.28803261248507	15.1918561129002	5.59428040369332	4.2996364871537	9.07270501028835
2021-05-08	7.76206903483604	6.18386560782683	4.81487253977193	8.03796922584236	15.1113398130944	5.52557752932792	4.16739142683881	8.97284130200069
2021-05-09	7.74238330126053	6.25321771015937	4.83001204021146	7.7680652795857	15.0104774122294	5.45793428167237	4.03775267964475	8.87115540134898
2021-05-10	7.71702968961744	6.32223595483955	4.84236578590088	7.47753276992345	14.889166913725	5.39083102623615	3.91062925827231	8.76712634829023
2021-05-11	7.68571091716085	6.39053134196587	4.85184845330238	7.16525759888208	14.7481415141164	5.32403005196546	3.78601712119999	8.66023774523583
2021-05-12	7.64811070370788	6.45766921258401	4.85837424979621	6.8300441449425	14.5883432082177	5.25736412866569	3.66393396335066	8.54997433521067
2021-05-13	7.60391276907565	6.52321490773961	4.86185738276258	6.47069678658568	14.4107139908431	5.1906660261422	3.54439747964721	8.43582086123969
2021-05-14	7.55280083308127	6.58673376847831	4.86221205958174	6.08601990229259	14.2161958568066	5.12376851420039	3.42742536501255	8.31726206634782
2021-05-15	7.49445861554186	6.64779113584579	4.85935248763392	5.67481787054412	14.0057308009224	5.05650436264561	3.31303531436955	8.19378269355998
2021-05-16	7.42856983627453	6.70595235088767	4.85319287429935	5.23589506982124	13.7802608180046	4.98870634128325	3.2012450226411	8.06486748590109
2021-05-17	7.35498224112231	6.76083358900143	4.84377476669474	4.76880977350181	13.5407528985643	4.9202252472338	3.09206755067705	7.93014850804944
2021-05-18	7.2741996800318	6.8122543629918	4.83164907088277	4.27613583455105	13.288274015901	4.85098398687812	2.98549742303503	7.78984711129665
2021-05-19	7.18689002897552	6.86008502001532	4.81749403266258	3.76120100083121	13.0239161390114	4.78092349391222	2.88152453019964	7.64433196858776
2021-05-20	7.09372116392597	6.90419590722855	4.80198789783332	3.22733302020438	12.748771236892	4.70998470203206	2.78013876265546	7.49397175286773
2021-05-21	6.99536096085568	6.94445737178803	4.78580891219414	2.67785964053278	12.4639312785394	4.63810854493364	2.68133001088708	7.33913513708158
2021-05-22	6.89247729573717	6.98073976085032	4.76963532154419	2.1161086096786	12.1704882329501	4.56523595631294	2.58508816537911	7.18019079417432
2021-05-23	6.78573804454292	7.01291342157195	4.75414537168261	1.54540767550395	11.8695340691207	4.49130786986596	2.49140311661613	7.01750739709091
2021-05-24	6.67581108324547	7.04084870110947	4.74001730840857	0.969084585871032	11.5621607560478	4.41626521928866	2.40026475508272	6.85145361877637
2021-05-25	6.56336428781733	7.06441594661944	4.72792937752121	0.390467088642057	11.2494602627281	4.34004893827705	2.3116629712635	6.68239813217572
2021-05-26	6.449065534231	7.08348550525839	4.71855982481967	0	10.9325245581579	4.2625999605271	2.22558765564303	6.51070961023392
2021-05-27	6.33358269845901	7.09792772418289	4.7125868961031	0	10.6124456113341	4.18385921973479	2.14202869870592	6.336756725896
2021-05-28	6.21758365647386	7.10761295054946	4.71068883717067	0	10.290315391253	4.10376764959612	2.06097599093675	6.16090815210692
2021-05-29	6.10173628424806	7.11241153151467	4.71354389382151	0	9.96722586691131	4.02226618380707	1.98241942282012	5.98353256181171
2021-05-30	5.98670845775414	7.11219381423506	4.72183031185477	0	9.64426900730562	3.93929575606363	1.90634888484063	5.80499862795538
2021-05-31	5.87315713738045	7.10688563490112	4.73600347260862	0	9.32245518390597	3.8548633728044	1.83275845648835	5.62568744768451
2021-06-01	5.7616956211788	7.09663478583916	4.75562729957724	0	9.00246837807657	3.76924033143853	1.76165897327538	5.44602981495225
2021-06-02	5.65292629161685	7.08164454840943	4.78004285179384	0	8.68491097365517	3.6827640021178	1.69306545971932	5.26646894791337
2021-06-03	5.54745153116223	7.06211820397216	4.80859118829163	0	8.37038535447943	3.59577175499396	1.62699294033775	5.08744806472257
2021-06-04	5.44587372228263	7.03825903388762	4.8406133681038	0	8.05949390438711	3.5086009602188	1.56345643964827	4.90941038353465
2021-06-05	5.34879524744567	7.01027031951605	4.87545045026356	0	7.75283900721588	3.42158898794407	1.50247098216846	4.73279912250431
2021-06-06	5.25681848911902	6.97835534221769	4.91244349380412	0	7.45102304680346	3.33507320832155	1.44405159241591	4.55805749978633
2021-06-07	5.17054582977035	6.9427173833528	4.95093355775867	0	7.15464840698761	3.24939099150302	1.38821329490824	4.38562873353547
2021-06-08	5.09057965186728	6.90355972428162	4.99026170116042	0	6.86431747160598	3.16487970764023	1.33497111416301	4.21595604190644
2021-06-09	5.01752233787749	6.8610856463644	5.02976898304257	0	6.58063262449632	3.08187672688497	1.28434007469782	4.04948264305402
2021-06-10	4.95197627026863	6.8154984309614	5.06879646243832	0	6.30419624949635	3.000719419389	1.23633520103027	3.88665175513296
2021-06-11	4.89454383150834	6.76700135943285	5.10668519838089	0	6.03561073044375	2.92174515530408	1.19097151767794	3.72790659629798
2021-06-12	4.8458274040643	6.71579771313901	5.14277624990346	0	5.77547845117626	2.845291304782	1.14826404915843	3.57369038470387
2021-06-13	4.80642937040414	6.66209077344012	5.17641067603925	0	5.52440179553158	2.77169523797452	1.10822781998932	3.42444633850534
2021-06-14	4.77663288295061	6.60590432500236	5.20701697135847	0	5.28288667901245	2.70124669258307	1.070872291245	3.2806052507919
2021-06-15	4.75544417394676	6.54654416571554	5.23437337257939	0	5.05105314378176	2.63404487650773	1.03618467022698	3.14254821439199
2021-06-16	4.74155024559072	6.4831365967754	5.25834555195729	0	4.82892476366734	2.57014136519824	1.00414660079356	3.01064389706876
2021-06-17	4.73363810008063	6.41480791937768	5.27879918174744	0	4.61652511249712	2.50958773410433	0.974739726803048	2.88526096658538
2021-06-18	4.73039473961462	6.34068443471812	5.29559993420514	0	4.413877764099	2.45243555867575	0.947945692113738	2.76676809070505
2021-06-19	4.73050716639082	6.25989244399247	5.30861348158567	0	4.22100629230082	2.39873641436223	0.923746140583931	2.65553393719091
2021-06-20	4.73266238260736	6.17155824839645	5.31770549614429	0	4.0379342709305	2.34854187661351	0.902122716071932	2.55192717380615
2021-06-21	4.73579792507152	6.07509361320458	5.32280833591679	0	3.86461943446704	2.30187947373397	0.883088251198329	2.45621242085822
2021-06-22	4.73985346902704	5.9710521600064	5.32412110206091	0	3.70075615999389	2.25868054544657	0.866780333632878	2.36823810883173
2021-06-23	4.7450192243268	5.86027297447024	5.32190958151488	0	3.54597298524568	2.21885238432889	0.853367739807623	2.2877486207556
2021-06-24	4.75148540082369	5.74359514226441	5.31643956121693	0	3.39989844795694	2.18230228295854	0.843019246154606	2.2144883396587
2021-06-25	4.7594422083706	5.62185774905723	5.3079768281053	0	3.2621610858623	2.14893753391311	0.835903629105871	2.14820164856996
2021-06-26	4.7690798568204	5.49589988051703	5.29678716911822	0	3.13238943669633	2.11866542977019	0.832189665093462	2.08863293051828
2021-06-27	4.78058855602598	5.36656062231211	5.28313637119393	0	3.01021203819361	2.09139326310737	0.832046130549423	2.03552656853255
2021-06-28	4.79415851584022	5.2346790601108	5.26729022127066	0	2.89525742808875	2.06702832650226	0.835641801905796	1.98862694564167
2021-06-29	4.80997994611601	5.1010942795814	5.24951450628664	0	2.7871541441163	2.04547791253245	0.843145455594627	1.94767844487455
2021-06-30	4.82824305670623	4.96664536639224	5.2300750131801	0	2.68553072401087	2.02664931377553	0.854725868047959	1.91242544926009
2021-07-01	4.84913805746375	4.83217140621165	5.20923752888929	0	2.59001570550705	2.0104498228091	0.870551815697834	1.88261234182719
2021-07-02	4.87285515824147	4.69851148470793	5.18726784035242	0	2.50023762633941	1.99678673221076	0.890792074976298	1.85798350560475
2021-07-03	4.89958456889227	4.56650468754941	5.16443173450774	0	2.41582502424255	1.98556733455808	0.915615422315394	1.83828332362167
2021-07-04	4.92951649926902	4.4369901004044	5.14099499829348	0.149379511488947	2.33640643695105	1.97669892242869	0.945190634147163	1.82325617890686
2021-07-05	4.96292405781916	4.31076910195855	5.11731263406046	0.481011299793586	2.26164490610854	1.97014706140982	0.979676174752894	1.8126454791739
2021-07-06	5.00041194736825	4.18849224296684	5.09409650580982	0.80036830991275	2.19134148899484	1.96611040912739	1.01918925981082	1.80619073087515
2021-07-07	5.0426677693364	4.07077236720156	5.07214769295528	1.10782706779422	2.12533174679879	1.96484589621695	1.06383679284843	1.80363046514762
2021-07-08	5.09037912514372	3.95822231843503	5.05226727491058	1.40376409938572	2.06345124070928	1.96661045331408	1.11372567739321	1.80470321312836
2021-07-09	5.14423361621032	3.85145494043956	5.03525633108944	1.68855593063495	2.00553553191515	1.97166101105434	1.16896281697263	1.80914750595438
2021-07-10	5.20491884395631	3.75108307698744	5.02191594090558	1.9625790874897	1.95142018160526	1.9802545000733	1.22965511511418	1.81670187476274
2021-07-11	5.2731224098018	3.65771957185099	5.01304718377274	2.22621009589767	1.90094075096847	1.99264785100653	1.29590947534534	1.82710485069044
2021-07-12	5.34952308329248	3.57195364120524	5.00933692026951	2.47994642372928	1.85394486559851	2.00900669113154	1.36781935995199	1.84013856196921
2021-07-13	5.43476430647636	3.4942799908362	5.01101513563398	2.72476930654552	1.81032840870859	2.0291314342937	1.44542446625368	1.85575952520944
2021-07-14	5.52948068952704	3.42516969893262	5.01819759626911	2.96178092183002	1.76999932791677	2.05273119098032	1.52875105032833	1.87396785411619
2021-07-15	5.63430684261811	3.36509384368323	5.03100006857787	3.19208344706648	1.73286557084111	2.07951507167873	1.61782536825389	1.89476366239453
2021-07-16	5.74987737592316	3.31452350327679	5.0495383189632	3.41677905973852	1.6988350850997	2.10919218687624	1.71267367610828	1.91814706374954
2021-07-17	5.87682689961578	3.27392975590202	5.07392811382808	3.6369699373298	1.6678158183106	2.14147164706016	1.81332222996945	1.94411817188627
2021-07-18	6.01579002386958	3.24378367974768	5.10428521957547	3.853758257324	1.63971571809188	2.17606256271783	1.91979728591534	1.9726771005098
2021-07-19	6.16740135885814	3.22455635300251	5.14072540260831	4.06824619720473	1.61444273206161	2.21267404433654	2.03212510002387	2.00382396332519
2021-07-20	6.33229551475506	3.21671885385525	5.18336442932959	4.2815359344557	1.59190480783786	2.25101520240363	2.150331928373	2.03755887403752
2021-07-21	6.51110710173394	3.22074226049464	5.23231806614225	4.49472964656053	1.5720098930387	2.2907951474064	2.27444402704066	2.07388194635185
2021-07-22	6.70447072996834	3.23709765110943	5.28770207944925	4.70892951100287	1.55466593528221	2.33172298983218	2.40448765210478	2.11279329397325
2021-07-23	6.9130210096319	3.26625610388836	5.34963223565356	4.92523770526639	1.53978088218644	2.37350784016829	2.5404890596433	2.15429303060679
2021-07-24	7.13739255089819	3.30868869702016	5.41822430115814	5.14475640683476	1.52726268136947	2.41585880890204	2.68247450573417	2.19838126995753
2021-07-25	7.37821996394079	3.36486650869359	5.49359404236595	5.36858779319159	1.51701928044938	2.45848500652075	2.8304702464553	2.24505812573055
2021-07-26	7.63608696883588	3.43512233061739	5.57581128715894	5.59788596592904	1.50896814191113	2.5011628066714	2.98448134623004	2.29435578608462
2021-07-27	7.91137372526979	3.51923580858029	5.66476210933503	5.83401272307304	1.50306478770733	2.54393763563962	3.1444281028632	2.34643473699339
2021-07-28	8.20440950283149	3.61684830189103	5.76028664417116	6.07838178675805	1.49927425465747	2.58692218287073	3.31020962250502	2.4014875388842
2021-07-29	8.51552357110989	3.72760116985834	5.86222502694423	6.33240687911848	1.49756157958107	2.63022913781003	3.48172501130571	2.4597067521844
2021-07-30	8.84504519969387	3.85113577179095	5.97041739293116	6.59750172228873	1.49789179929762	2.6739711899028	3.65887337541548	2.52128493732133
2021-07-31	9.19330365817242	3.98709346699761	6.08470387740888	6.87508003840328	1.50022995062664	2.71826102859436	3.84155382098456	2.58641465472236
2021-08-01	9.56062821613444	4.13511561478705	6.2049246156543	7.16655554959651	1.50454107038762	2.76321134333001	4.02966545416316	2.65528846481483
2021-08-02	9.9471774188265	4.29477246895524	6.33091732034581	7.47297915920666	1.51080346145052	2.8089315239526	4.22305846614198	2.72798667978372
2021-08-03	10.3524269141261	4.46534986124717	6.46251001376765	7.79395049538735	1.51904849088709	2.85551776189529	4.42138738827368	2.80414061884453
2021-08-04	10.7756816255681	4.64606251789505	6.59952829560552	8.1287063674959	1.52932079181956	2.90306294898877	4.62425783695137	2.88326935297038
2021-08-05	11.2162464766878	4.83612516513112	6.74179776554514	8.47648358488975	1.54166499737012	2.95165997706373	4.83127542856822	2.96489195313443
2021-08-06	11.6734263910201	5.03475252918758	6.88914402327221	8.83651895692627	1.55612574066098	3.00140173795088	5.04204577951734	3.04852749030979
2021-08-07	12.1465262921001	5.24115933629664	7.04139266847242	9.20804929296281	1.57274765481436	3.05238112348092	5.25617450619185	3.1336950354696
2021-08-08	12.634851103463	5.45456031269056	7.19836930083151	9.59031140235682	1.59157537295247	3.10469102548455	5.47326722498492	3.21991365958699
2021-08-09	13.1377057486437	5.67417018460154	7.35989952003516	9.98254209446565	1.6126535281975	3.15842433579246	5.69292955228965	3.30670243363509
2021-08-10	13.6543951511773	5.89920367826178	7.52580892576908	10.3839781786467	1.63602675367168	3.21367394623536	5.91476710449917	3.39358042858703
2021-08-11	14.184224234599	6.12887551990354	7.69592311771898	10.7938564642573	1.6617396824972	3.27053274864396	6.13838549800665	3.48006671541596
2021-08-12	14.7264979224437	6.362400435759	7.87006769557056	11.2114137606549	1.68983694779628	3.32909363484893	6.36339034920517	3.56568036509498
2021-08-13	15.2805211382465	6.59899315206042	8.04806825900955	11.6358868771969	1.72036318269114	3.389449496681	6.58938727448792	3.64994044859726
2021-08-14	15.8455988055426	6.83786839504	8.22975040772164	12.0665126232406	1.75336302030396	3.45169322597085	6.815981890248	3.7323660368959
2021-08-15	16.4210358478669	7.07824089092996	8.41493974139252	12.5025278081435	1.78888109375698	3.51591771454919	7.04277981287853	3.81247620096404
2021-08-16	17.0060381580309	7.31935774153711	8.60343368134379	12.9430297080286	1.8269840485533	3.5822122826852	7.26938719200075	3.88987747176102
2021-08-17	17.5994155059508	7.56059555096657	8.79491693544047	13.3865574660821	1.86782657971969	3.65065196440198	7.49541231014817	3.96452622019089
2021-08-18	18.1998786308193	7.80136329889801	8.98904603318343	13.8315106922556	1.91158539466382	3.7213082221611	7.72046398308237	4.03646627714394
2021-08-19	18.8061382718291	8.04106996501116	9.18547750407361	14.2762889965011	1.95843720079337	3.79425251842414	7.94415102656496	4.10574147351043
2021-08-20	19.4169051681727	8.2791245289857	9.38386787761187	14.7192919887702	2.00855870551601	3.86955631565267	8.16608225635751	4.17239564018063
2021-08-21	20.0308900590429	8.51493597050134	9.58387368329913	15.1589192790147	2.06212661623941	3.94729107630829	8.38586648822164	4.23647260804481
2021-08-22	20.6468036836323	8.74791326923778	9.78515145063627	15.5935704771866	2.11931764037126	4.02752826285256	8.60311253791894	4.29801620799324
2021-08-23	21.2633567811334	8.97746540487469	9.98735770912418	16.0216451932374	2.18030848531921	4.11033933774706	8.81742922121099	4.35707027091618
2021-08-24	21.8792600907389	9.20300135709181	10.1901489882638	16.441543037119	2.24527585849096	4.19579576345337	9.0284253538594	4.4136786277039
2021-08-25	22.4932243516416	9.42393010556881	10.3931818175559	16.8516636187832	2.31439646729417	4.28396900243308	9.23570975162575	4.46788510924668
2021-08-26	23.1039603030338	9.63966062998538	10.5961127265016	17.2504065481818	2.38784701913651	4.37493051714774	9.43889123027163	4.51973354643478
2021-08-27	23.7101786841085	9.84960191002124	10.7985982446015	17.6361714352665	2.46580422142566	4.46875177005895	9.63757860555865	4.56926777015847
2021-08-28	24.310590234058	10.0531629253561	11.0002949013568	18.0073578899892	2.54844478156929	4.56550422362827	9.83138069324839	4.61653161130801
2021-08-29	24.9039056920752	10.2497526556696	11.2008592262682	18.3623655223016	2.63594540697509	4.6652593403173	10.0199063091025	4.66156890077368
2021-08-30	25.4887694249116	10.4388519935304	11.3999893598055	18.6999737092156	2.72851418688739	4.76808179917363	10.2027459321199	4.70446826737791
2021-08-31	26.0635603095545	10.6202294830625	11.5975498863139	19.0204808959828	2.82648473789727	4.87400914558896	10.3794166942496	4.74549753167171
2021-09-01	26.6265908505505	10.7937255812789	11.7934470011075	19.3245652949152	2.93022205843248	4.98307214154103	10.5494173906778	4.78496931213829
2021-09-02	27.1761735524459	10.9591807451927	11.9875868995005	19.6129051183246	3.04009114692076	5.09530154900757	10.7122468165909	4.82319622726083
2021-09-03	27.710620919787	11.1164354318167	12.1798757768068	19.8861785785226	3.15645700178985	5.21072812996628	10.8674037671751	4.86049089552253
2021-09-04	28.2282454571202	11.265330098164	12.3702198283405	20.1450638878213	3.27968462146751	5.32938264639493	11.0143870376169	4.89716593540658
2021-09-05	28.727359668992	11.4057052012475	12.5585252494158	20.3902392585322	3.41013900438146	5.45129586027122	11.1526954231025	4.93353396539615
2021-09-06	29.2064302812517	11.5374774648479	12.7446851455109	20.62228802393	3.54798575010035	5.57641548863125	11.2818907645898	4.96982466442602
2021-09-07	29.6645409049608	11.6608686798171	12.9285402627604	20.8414140011397	3.6925928627562	5.70435706874451	11.4017870861232	5.00593595323718
2021-09-08	30.100929372484	11.7761769037745	13.1099182574634	21.047726128249	3.84312894762192	5.83465309293884	11.5122614575185	5.04168281302222
2021-09-09	30.5148335161856	11.8837001943397	13.2886467859186	21.2413333433455	3.99876260997046	5.96683605354211	11.6131909485919	5.0768802249737
2021-09-10	30.9054911684304	11.9837366091322	13.4645535044249	21.422344584517	4.15866245507469	6.10043844288215	11.704452629159	5.1113431702842
2021-09-11	31.2721401615828	12.0765842057714	13.6374660692813	21.5908687898512	4.32199708820756	6.23499275328683	11.785923569036	5.1448866301463
2021-09-12	31.6140183280074	12.162541041877	13.8072121367867	21.7470148974358	4.48793511464196	6.370031477084	11.8574808380388	5.17732558575256
2021-09-13	31.9303635000687	12.2419051750684	13.9736193632398	21.8908918453585	4.65564513965081	6.50508710660149	11.9190015059831	5.20847501829557
2021-09-14	32.2204135101312	12.3149746629652	14.1365154049396	22.0226085717069	4.82429576850704	6.63969213416718	11.9703626426851	5.23814990896789
2021-09-15	32.4834061905596	12.3820475631869	14.295727918185	22.1422740145689	4.99305560648355	6.77337905210889	12.0114413179607	5.2661652389621
2021-09-16	32.7185793737184	12.4434219333529	14.4510845592748	22.249997112032	5.16109325885324	6.90568035275449	12.0421146016257	5.29233598947078
2021-09-17	32.9251708919721	12.4993958310829	14.6024129845079	22.3458868021841	5.32757733088905	7.03612852843183	12.0622595634961	5.31647714168649
2021-09-18	33.1024185776852	12.5502673139963	14.7495408501833	22.4300520231128	5.49167642786387	7.16425607146875	12.0717532733878	5.33840367680182
2021-09-19	33.2495602632224	12.5963344397127	14.8922958125998	22.5026017129057	5.65255915505064	7.28959547419311	12.0704728011168	5.35793057600933
2021-09-20	33.3661039770702	12.6378551582393	15.0304730006403	22.5636614774355	5.80946382369963	7.41162148208468	12.0585139310504	5.37485005053557
2021-09-21	33.4526385322037	12.6749269891347	15.1637374335239	22.6134235937138	5.96190756897059	7.52957785323088	12.0368473057617	5.38886323174298
2021-09-22	33.5100229377202	12.7076073443451	15.291721603054	22.652097006537	6.10947723200065	7.64265059887108	12.006662282375	5.39964848102796
2021-09-23	33.5391162027168	12.7359536358167	15.4140580010336	22.6798906607017	6.25175965392693	7.75002573024461	11.9691482180147	5.40688415978691
2021-09-24	33.5407773362908	12.7600232754957	15.530379119266	22.6970135010042	6.38834167588654	7.85088925859082	11.9254944698054	5.41024862941626
2021-09-25	33.5158653475392	12.7798736753286	15.6403174495544	22.7036744722412	6.51881013901663	7.94442719514908	11.8768903948714	5.40942025131239
2021-09-26	33.4652392455592	12.7955622472614	15.743505483702	22.7000825192091	6.64275188445429	8.02982555115872	11.8245253503371	5.40407738687172
2021-09-27	33.3898053230088	12.8071439319155	15.8395549746448	22.6865477415083	6.75988214640708	8.10642889632689	11.7694060779495	5.39399686831888
2021-09-28	33.2906590067882	12.8146637846121	15.9279947198511	22.6637848579553	6.87042973136418	8.17421603423189	11.7118088579455	5.37934941119145
2021-09-29	33.1689430073583	12.8181643893473	16.0083327779219	22.6326097421705	6.97475183888516	8.2333243269198	11.6518273551846	5.36040420185522
2021-09-30	33.02580003518	12.8176883301176	16.0800772074581	22.5938382677744	7.07320566852963	8.28389113643674	11.589555234526	5.33743042667599
2021-10-01	32.8623728007144	12.8132781909189	16.1427360670608	22.5482863083874	7.16614841985718	8.32605382482878	11.5250861608294	5.31069727201957
2021-10-02	32.6798040144223	12.8049765557477	16.1958174153311	22.49676973763	7.2539372924274	8.35994975414201	11.4585137989541	5.28047392425176
2021-10-03	32.4792363867647	12.7928260086001	16.2388293108701	22.4401044291226	7.33692948579988	8.38571628642255	11.3899318137596	5.24702956973835
2021-10-04	32.2618126282024	12.7768691334723	16.2712798122786	22.3791062564856	7.41548219953421	8.40349078371646	11.3194338701052	5.21063339484515
2021-10-05	32.0286754491965	12.7571485143607	16.2926769781578	22.3145910933395	7.48995263318998	8.41341060806986	11.2471136328504	5.17155458593795
2021-10-06	31.7809675602079	12.7337067352613	16.3025288671088	22.2473748133048	7.5606979863268	8.41561312152882	11.1730647668547	5.13006232938256
2021-10-07	31.5198316716975	12.7065863801704	16.3003435377325	22.1782732900018	7.62807545850424	8.41023568613945	11.0973809369775	5.08642581154478
2021-10-08	31.2464104941262	12.6758300330844	16.28562904863	22.108102397051	7.6924422492819	8.39741566394783	11.0201558080782	5.04091421879041
2021-10-09	30.9618467379549	12.6414802779993	16.2578934584024	22.0376780080729	7.75415555821938	8.37729041700005	10.9414830450162	4.99379673748525
2021-10-10	30.6672831136447	12.6035796989114	16.2166448256506	21.9678159966879	7.81357258487625	8.34999730734222	10.861456312651	4.9453425539951
2021-10-11	30.3638231970487	12.5620738333101	16.1615179082944	21.8994195609727	7.87087898853165	8.31574309229434	10.7802710271132	4.89576808449039
2021-10-12	30.052414025589	12.5165200326577	16.0926542615278	21.8337411968288	7.92557426734278	8.2750121102721	10.6985296096191	4.84507866436016
2021-10-13	29.7339635020801	12.4663786019093	16.0103221398636	21.7721207246142	7.97698637918638	8.22835809496509	10.6169362326557	4.79322685879804
2021-10-14	29.4093795293364	12.4111098460203	15.9147897978145	21.7158979646866	8.02444328193921	8.17633478006293	10.5361950687105	4.7401652329977
2021-10-15	29.0795700101724	12.3501740699461	15.8063254898931	21.666412737404	8.06727293347797	8.11949589925521	10.4570102902709	4.68584635215278
2021-10-16	28.7454428474024	12.2830315786419	15.6851974706124	21.6250048631242	8.10480329167943	8.05839518623154	10.380086069824	4.63022278145694
2021-10-17	28.4079059438408	12.2091426770632	15.5516739944848	21.593014162205	8.13636231442031	7.99358637468152	10.3061265798573	4.57324708610384
2021-10-18	28.0678089749029	12.128094433974	15.4060971014483	21.5715757247121	8.16152404124389	7.92559198504172	10.2356922272103	4.51488056985981
2021-10-19	27.7257687064071	12.0399809733733	15.24910397314	21.5610057195427	8.18084683835958	7.85480968473651	10.1687683561309	4.45511949078193
2021-10-20	27.3823436767727	11.9450231830692	15.0814055766223	21.5614155853018	8.1951351536433	7.78160592793723	10.1051965452195	4.39396884549994
2021-10-21	27.0380924244187	11.8434419508695	14.9037128789576	21.5729167605946	8.205193434971	7.70634716881521	10.0448183730764	4.33143363064361
2021-10-22	26.6935734877644	11.7354581645821	14.7167368472082	21.595620684026	8.21182613021862	7.62939986154179	9.9874754183017	4.26751884284268
2021-10-23	26.349345405229	11.6212927120148	14.5211884484363	21.6296387942012	8.21583768726208	7.55113046028831	9.93300925949575	4.20222947872693
2021-10-24	26.0059667152317	11.5011664809756	14.3177786497044	21.6750825297251	8.21803255397733	7.47190541922611	9.88126147525878	4.13557053492609
2021-10-25	25.6639959561918	11.3753003592724	14.1072184180747	21.7320633292028	8.21921517824031	7.39209119252651	9.83207364419104	4.06754700806992
2021-10-26	25.3239916665283	11.243915234713	13.8902187206096	21.8006926312394	8.22019000792694	7.31205423436088	9.78528734489278	3.99816389478819
2021-10-27	24.9865123846606	11.1072319951053	13.6674905243713	21.8810818744399	8.22176149091317	7.23216099890052	9.74074415596424	3.92742619171065
2021-10-28	24.6521166490078	10.9654715282572	13.4397447964222	21.9733424974094	8.22473407507494	7.15277794031679	9.69828565600569	3.85533889546704
2021-10-29	24.3213629979891	10.8188547219766	13.2076925038247	22.0775859387529	8.22991220828818	7.07427151278101	9.65775342361736	3.78190700268713
2021-10-30	23.9948099700238	10.6676024640715	12.9720446136409	22.1939236370755	8.23810033842883	6.99700817046452	9.61898903739953	3.70713551000067
2021-10-31	23.673016103531	10.5119356423496	12.7335120929334	22.3224670309821	8.25010291337282	6.92135436753868	9.58183407595242	3.63102941403742
2021-11-01	23.3563978261214	10.3521005139177	12.4927284055198	22.4631707909522	8.26656855597831	6.84759906141545	9.54613414654088	3.55361861140861
2021-11-02	23.0448031221715	10.1884448130782	12.25001700224	22.6153625149618	8.28752258903233	6.77572122246946	9.51175097108809	3.47503259865138
2021-11-03	22.7379378652492	10.0213416434323	12.0056238306893	22.7782130328613	8.31283451030412	6.70562232431599	9.4785503001818	3.39542577228435
2021-11-04	22.4355079289226	9.851164108581	11.759794838463	22.950893174501	8.34237381756294	6.63720384057029	9.44639788440979	3.31495252882614
2021-11-05	22.1372191867595	9.6782853121256	11.5127759731563	23.1325737697314	8.37601000857803	6.57036724484765	9.41515947435981	3.23376726479538
2021-11-06	21.842777512328	9.50307835766723	11.2648131823647	23.3224256484027	8.41361258111864	6.50501401076332	9.38470082061961	3.15202437671067
2021-11-07	21.551888779196	9.32591634880707	11.0161524136834	23.5196196403654	8.45505103295401	6.44104561193259	9.35488767377698	3.06987826109065
2021-11-08	21.2642588609315	9.14717238914633	10.7670396147076	23.7233265754698	8.50019486185339	6.37836352197072	9.32558578441967	2.98748331445393
2021-11-09	20.9795936311023	8.96721958228614	10.5177207330328	23.9327172835663	8.54891356558603	6.31686921449298	9.29666090313544	2.90499393331912
2021-11-10	20.6975989632765	8.78643103182769	10.2684417162541	24.1469625945052	8.60107664192118	6.25646416311464	9.26797878051205	2.82256451420486
2021-11-11	20.4179807310221	8.60517984137218	10.019448511967	24.3652333381369	8.65655358862808	6.19704984145099	9.23940516713726	2.74034945362976
2021-11-12	20.140444807907	8.42383911452074	9.7709870677667	24.5867003443118	8.71521390347598	6.13852772311727	9.21080581359884	2.65850314811244
2021-11-13	19.8646970674991	8.24278195487459	9.52330333124851	24.8105344428802	8.77692708423412	6.08079928172877	9.18204647048455	2.57717999417152
2021-11-14	19.5904433833665	8.06238146603486	9.27664325000772	25.0359064636925	8.84156262867177	6.02376599090075	9.15299288838215	2.49653438832562
