date	state	King	Snohomish	Pierce	Ann Arbor	Boston	San Diego	DC	USA
2020-01-22	0	0	0	0	0	0	0	0	0.00304655573119389
2020-01-23	0	0	0	0	0	0	0	0	0
2020-01-24	0	0	0	0	0	0	0	0	0
2020-01-25	0	0	0	0	0	0	0	0	0
2020-01-26	0	0	0	0	0	0	0	0	0
2020-01-27	0	0	0	0	0	0	0	0	0
2020-01-28	0	0	0	0	0	0	0	0	0
2020-01-29	0	0	0	0	0	0	0	0	0
2020-01-30	0	0	0	0	0	0	0	0	0
2020-01-31	0	0	0	0	0	0	0	0	0
2020-02-01	0	0	0	0	0	0	0	0	0
2020-02-02	0	0	0	0	0	0	0	0	0
2020-02-03	0	0	0	0	0	0	0	0	0
2020-02-04	0	0	0	0	0	0	0	0	0
2020-02-05	0	0	0	0	0	0	0	0	0
2020-02-06	0	0	0	0	0	0	0	0	0
2020-02-07	0	0	0	0	0	0	0	0	0
2020-02-08	0	0	0	0	0	0	0	0	0
2020-02-09	0	0	0	0	0	0	0	0	0
2020-02-10	0	0	0	0	0	0	0	0	0
2020-02-11	0	0	0	0	0	0	0	0	0
2020-02-12	0	0	0	0	0	0	0	0	0
2020-02-13	0	0	0	0	0	0	0	0	0
2020-02-14	0	0	0	0	0	0	0	0	0
2020-02-15	0	0	0	0	0	0	0	0	0
2020-02-16	0	0	0	0	0	0	0	0	0
2020-02-17	0	0	0	0	0	0	0	0	0
2020-02-18	0	0	0	0	0	0	0	0	0
2020-02-19	0	0	0	0	0	0	0	0	0
2020-02-20	0	0	0	0	0	0	0	0	0
2020-02-21	0	0	0	0	0	0	0	0	0
2020-02-22	0	0	0	0	0	0	0	0	0
2020-02-23	0	0	0	0	0	0	0	0	0
2020-02-24	0	0	0	0	0	0	0	0	0
2020-02-25	0	0	0	0	0	0	0	0	0
2020-02-26	0	0	0	0	0	0	0	0	0
2020-02-27	0	0	0	0	0	0	0	0	0
2020-02-28	0	0	0	0	0	0	0	0	0
2020-02-29	0.132703592856884	0.447795346779434	0	0	0	0	0	0	0.00304655573119389
2020-03-01	0	0	0	0	0	0	0	0	0
2020-03-02	0.66351796428442	1.79118138711773	1.22714292901837	0	0	0	0	0	0.0152327786559695
2020-03-03	0.132703592856884	0.447795346779434	0	0	0	0	0	0	0.00304655573119389
2020-03-04	0.398110778570652	1.3433860403383	0	0	0	0	0	0	0.0121862229247756
2020-03-05	0.132703592856884	0.447795346779434	0	0	0	0	0	0	0.00304655573119389
2020-03-06	0.265407185713768	0.895590693558867	0	0	0	0	0	0	0.00609311146238779
2020-03-07	0.398110778570652	1.3433860403383	0	0	0	0	0	0	0.00913966719358168
2020-03-08	0.265407185713768	0.895590693558867	0	0	0	0	0	0	0.0121862229247756
2020-03-09	0.132703592856884	0	0	0	0	0	0	0	0.00609311146238779
2020-03-10	0.530814371427536	1.79118138711773	0	0	0	0	0	0	0.0152327786559695
2020-03-11	0.132703592856884	0.447795346779434	0	0	0	0	0	0	0.0152327786559695
2020-03-12	0.928925149998189	2.23897673389717	2.45428585803674	0	0	0	0	0	0.0335121130431328
2020-03-13	0.796221557141304	2.23897673389717	1.22714292901837	0	0	0	0	0	0.0213258901183573
2020-03-14	0.265407185713768	0.895590693558867	0	0	0	0	0	0	0.027419001580745
2020-03-15	0.132703592856884	0.447795346779434	0	0	0	0	0	0	0.0335121130431328
2020-03-16	1.06162874285507	3.58236277423547	0	0	0	0	0	0	0.0761638932798474
2020-03-17	0.928925149998189	1.3433860403383	2.45428585803674	0	0	0	0	0	0.10967600632298
2020-03-18	1.59244311428261	4.47795346779434	0	1.1219579512599	0	0	0	0	0.198026122527603
2020-03-19	0.796221557141304	1.79118138711773	1.22714292901837	0	0	0	0	0	0.228491679839542
2020-03-20	1.32703592856884	3.13456742745603	1.22714292901837	0	0	1.24392498137222	0	1.4169343491808	0.319888351775359
2020-03-21	1.45973952142572	3.13456742745603	2.45428585803674	0	0	0	0	-1.4169343491808	0.316841796044165
2020-03-22	0.398110778570652	0.447795346779434	0	0	0	0	0	2.8338686983616	0.368633243474461
2020-03-23	1.59244311428261	5.3735441613532	1.22714292901837	0	0	0	0.299550973091336	0	0.569705921733258
2020-03-24	0.928925149998189	0	6.13571464509186	0	8.16102241288789	0	0	0	0.740313042680116
2020-03-25	2.25596107856703	6.26913485491207	0	1.1219579512599	0	0	0.299550973091336	0	1.01450305848757
2020-03-26	2.25596107856703	3.58236277423547	2.45428585803674	2.24391590251981	0	1.24392498137222	0.299550973091336	1.4169343491808	1.27041373990785
2020-03-27	0.928925149998189	0	6.13571464509186	1.1219579512599	0	0	0	0	1.59030209168321
2020-03-28	4.11381137856341	12.0904743630447	0	0	0	1.24392498137222	0.898652919274008	1.4169343491808	2.17219423634125
2020-03-29	1.32703592856884	2.23897673389717	0	1.1219579512599	5.44068160859192	0	0.299550973091336	1.4169343491808	1.69083843081261
2020-03-30	0.928925149998189	1.3433860403383	0	0	2.72034080429596	2.48784996274445	0	5.6677373967232	2.15391490195408
2020-03-31	2.65407185713768	2.6867720806766	12.2714292901837	0	2.72034080429596	1.24392498137222	0	0	3.28723363395821
2020-04-01	11.2798053928351	19.2551999115156	17.1800010062572	2.24391590251981	2.72034080429596	8.70747486960556	0.599101946182672	0	3.81428777545476
2020-04-02	3.98110778570652	4.92574881457377	6.13571464509186	2.24391590251981	0	7.46354988823334	1.79730583854802	4.2508030475424	4.66427682445785
2020-04-03	3.84840419284964	5.82133950813264	2.45428585803674	0	0	2.48784996274445	0.299550973091336	4.2508030475424	4.32610913829533
2020-04-04	3.84840419284964	5.3735441613532	4.90857171607349	4.48783180503961	0	6.21962490686112	0.299550973091336	8.5016060950848	4.88362883710381
2020-04-05	3.71570059999275	7.16472554847094	3.68142878705511	2.24391590251981	0	1.24392498137222	0.299550973091336	1.4169343491808	4.92323406160933
2020-04-06	3.18488622856522	5.82133950813264	2.45428585803674	1.1219579512599	5.44068160859192	4.97569992548889	0.299550973091336	2.8338686983616	5.30710008373976
2020-04-07	3.18488622856522	6.7169302016915	1.22714292901837	2.24391590251981	2.72034080429596	11.19532483235	0	-2.8338686983616	7.84792756355547
2020-04-08	1.99055389285326	4.47795346779434	1.22714292901837	1.1219579512599	5.44068160859192	9.95139985097779	3.59461167709603	7.084671745904	6.55009482206687
2020-04-09	2.38866467142391	3.13456742745603	3.68142878705511	2.24391590251981	5.44068160859192	0	1.49775486545668	7.084671745904	6.74507438886328
2020-04-10	2.25596107856703	5.3735441613532	1.22714292901837	2.24391590251981	0	0	1.19820389236534	8.5016060950848	6.66281738412105
2020-04-11	3.05218263570833	4.92574881457377	6.13571464509186	2.24391590251981	8.16102241288789	38.5616744225389	1.19820389236534	12.7524091426272	6.50744304183016
2020-04-12	1.99055389285326	2.23897673389717	2.45428585803674	1.1219579512599	0	8.70747486960556	0.299550973091336	4.2508030475424	5.75494377622527
2020-04-13	2.65407185713768	3.58236277423547	3.68142878705511	2.24391590251981	0	0	0	2.8338686983616	6.04741312641988
2020-04-14	2.25596107856703	2.23897673389717	4.90857171607349	4.48783180503961	8.16102241288789	0	0.599101946182672	21.254015237712	7.5341323232425
2020-04-15	1.32703592856884	2.23897673389717	6.13571464509186	0	8.16102241288789	73.3915739009612	1.79730583854802	7.084671745904	7.91495178964174
2020-04-16	2.78677544999457	5.3735441613532	2.45428585803674	1.1219579512599	2.72034080429596	0	2.09685681163935	12.7524091426272	6.65063116119627
2020-04-17	2.5213682642808	3.13456742745603	3.68142878705511	2.24391590251981	0	23.6345746460722	0.898652919274008	7.084671745904	6.38253425685121
2020-04-18	2.25596107856703	5.3735441613532	1.22714292901837	0	10.8813632171838	29.8541995529334	2.09685681163935	7.084671745904	5.92859745290332
2020-04-19	3.18488622856522	5.82133950813264	6.13571464509186	2.24391590251981	2.72034080429596	59.7083991058667	0.299550973091336	7.084671745904	6.03218034776391
2020-04-20	2.5213682642808	2.6867720806766	2.45428585803674	7.85370565881932	2.72034080429596	0	0	12.7524091426272	6.83951761653029
2020-04-21	2.12325748571015	6.26913485491207	0	0	19.0423856300717	60.9523240872389	0.299550973091336	9.9185404442656	7.56155132482325
2020-04-22	1.19433233571196	2.23897673389717	0	2.24391590251981	5.44068160859192	0	7.18922335419207	21.254015237712	7.51585298885534
2020-04-23	1.72514670713949	2.23897673389717	1.22714292901837	2.24391590251981	5.44068160859192	0	1.19820389236534	17.0032121901696	7.35438553510206
2020-04-24	1.99055389285326	3.58236277423547	0	2.24391590251981	13.6017040214798	0	0.599101946182672	19.8370808885312	6.60797938095956
2020-04-25	2.25596107856703	4.47795346779434	2.45428585803674	0	8.16102241288789	131.856048025456	2.69595875782202	17.0032121901696	5.28272763789021
2020-04-26	2.65407185713768	4.0301581210149	4.90857171607349	1.1219579512599	0	0	0	18.4201465393504	4.28345735805862
2020-04-27	1.45973952142572	2.6867720806766	1.22714292901837	1.1219579512599	13.6017040214798	70.9037239382167	0	9.9185404442656	4.50890248216696
2020-04-28	1.32703592856884	2.23897673389717	0	0	2.72034080429596	26.1224246088167	0.599101946182672	7.084671745904	6.8364710607991
2020-04-29	1.06162874285507	2.6867720806766	0	0	8.16102241288789	43.5373743480278	2.09685681163935	21.254015237712	7.28736130901579
2020-04-30	1.06162874285507	1.79118138711773	0	0	5.44068160859192	24.8784996274445	0	26.9217526344352	6.67500360704582
2020-05-01	1.85785029999638	3.13456742745603	0	1.1219579512599	13.6017040214798	32.3420495156778	1.19820389236534	9.9185404442656	5.81282833511795
2020-05-02	1.59244311428261	1.79118138711773	1.22714292901837	0	10.8813632171838	23.6345746460722	2.99550973091336	12.7524091426272	5.31014663947096
2020-05-03	1.59244311428261	1.79118138711773	1.22714292901837	2.24391590251981	2.72034080429596	23.6345746460722	1.49775486545668	15.5862778409888	3.66500654462625
2020-05-04	1.45973952142572	3.13456742745603	0	0	13.6017040214798	9.95139985097779	0	9.9185404442656	4.13722268296131
2020-05-05	1.72514670713949	1.79118138711773	2.45428585803674	2.24391590251981	0	16.1710247578389	1.49775486545668	8.5016060950848	6.76640027898164
2020-05-06	1.72514670713949	2.23897673389717	0	1.1219579512599	2.72034080429596	41.0495243852834	4.1937136232787	18.4201465393504	7.07410240783222
2020-05-07	1.85785029999638	2.23897673389717	1.22714292901837	1.1219579512599	0	26.1224246088167	0	11.3354747934464	5.83415422523631
2020-05-08	2.12325748571015	2.6867720806766	2.45428585803674	2.24391590251981	8.16102241288789	24.8784996274445	2.09685681163935	26.9217526344352	5.39545019994439
2020-05-09	1.45973952142572	1.79118138711773	2.45428585803674	1.1219579512599	2.72034080429596	24.8784996274445	1.19820389236534	9.9185404442656	4.46625070193025
2020-05-10	2.12325748571015	4.47795346779434	1.22714292901837	1.1219579512599	0	18.6588747205834	1.79730583854802	17.0032121901696	3.04655573119389
2020-05-11	0.796221557141304	0.895590693558867	1.22714292901837	1.1219579512599	0	16.1710247578389	0	7.084671745904	3.15318518178568
2020-05-12	2.12325748571015	1.3433860403383	0	1.1219579512599	2.72034080429596	1.24392498137222	4.49326459637004	11.3354747934464	4.8409770568671
2020-05-13	0.796221557141304	0.447795346779434	2.45428585803674	2.24391590251981	2.72034080429596	21.1467246833278	0	19.8370808885312	5.28577419362141
2020-05-14	1.06162874285507	1.3433860403383	1.22714292901837	1.1219579512599	8.16102241288789	12.4392498137222	2.99550973091336	11.3354747934464	5.40154331140677
2020-05-15	1.59244311428261	0.447795346779434	3.68142878705511	2.24391590251981	2.72034080429596	11.19532483235	0	14.169343491808	5.07251529243783
2020-05-16	1.06162874285507	1.79118138711773	0	2.24391590251981	2.72034080429596	12.4392498137222	2.69595875782202	9.9185404442656	3.64672721023909
2020-05-17	1.45973952142572	1.79118138711773	6.13571464509186	0	0	11.19532483235	0	11.3354747934464	2.52864125689093
2020-05-18	0.796221557141304	0.447795346779434	2.45428585803674	0	2.72034080429596	7.46354988823334	0	12.7524091426272	3.71679799205655
2020-05-19	0.928925149998189	1.79118138711773	1.22714292901837	2.24391590251981	0	4.97569992548889	3.89416265018737	11.3354747934464	4.40227303157518
2020-05-20	0.530814371427536	1.3433860403383	0	0	2.72034080429596	12.4392498137222	2.39640778473069	9.9185404442656	4.57897326398442
2020-05-21	1.19433233571196	1.3433860403383	2.45428585803674	0	13.6017040214798	7.46354988823334	0	7.084671745904	3.61930820865835
2020-05-22	0.66351796428442	0.895590693558867	2.45428585803674	1.1219579512599	2.72034080429596	6.21962490686112	3.2950607040047	8.5016060950848	3.66805310035745
2020-05-23	1.19433233571196	1.79118138711773	1.22714292901837	0	0	11.19532483235	2.39640778473069	12.7524091426272	3.27200085530224
2020-05-24	1.19433233571196	1.3433860403383	3.68142878705511	1.1219579512599	0	13.6831747950945	0	7.084671745904	1.95284222369529
2020-05-25	0.530814371427536	1.3433860403383	1.22714292901837	0	0	1.24392498137222	0	11.3354747934464	1.81879377152275
2020-05-26	0.796221557141304	0.447795346779434	2.45428585803674	1.1219579512599	0	6.21962490686112	0	0	2.00158711539439
2020-05-27	1.45973952142572	2.6867720806766	1.22714292901837	1.1219579512599	2.72034080429596	7.46354988823334	0	7.084671745904	4.50585592643577
2020-05-28	0.530814371427536	0.447795346779434	1.22714292901837	0	8.16102241288789	2.48784996274445	3.2950607040047	11.3354747934464	3.31769919127015
2020-05-29	0.796221557141304	1.3433860403383	1.22714292901837	0	0	11.19532483235	0	9.9185404442656	3.40300275174358
2020-05-30	0.265407185713768	0.447795346779434	0	1.1219579512599	0	8.70747486960556	2.69595875782202	2.8338686983616	2.90032105609659
2020-05-31	0.796221557141304	0.895590693558867	1.22714292901837	0	-2.72034080429596	3.73177494411667	0	5.6677373967232	1.89191110907141
2020-06-01	0.66351796428442	0.895590693558867	1.22714292901837	1.1219579512599	0	31.0981245343056	0	2.8338686983616	2.35803413594407
2020-06-02	0.796221557141304	0.895590693558867	1.22714292901837	2.24391590251981	0	7.46354988823334	0	2.8338686983616	2.98867117230121
2020-06-03	0.66351796428442	0.447795346779434	0	0	2.72034080429596	7.46354988823334	2.09685681163935	4.2508030475424	3.08006784423703
2020-06-04	1.45973952142572	1.3433860403383	1.22714292901837	1.1219579512599	0	6.21962490686112	2.09685681163935	2.8338686983616	3.06178850984986
2020-06-05	0.66351796428442	0.447795346779434	0	1.1219579512599	0	11.19532483235	1.49775486545668	5.6677373967232	2.68096904345063
2020-06-06	0.530814371427536	0.447795346779434	0	0	2.72034080429596	1.24392498137222	2.39640778473069	5.6677373967232	1.9437025565017
2020-06-07	1.45973952142572	1.3433860403383	0	1.1219579512599	0	1.24392498137222	0	8.5016060950848	1.38922941342442
2020-06-08	1.32703592856884	0.895590693558867	0	1.1219579512599	0	8.70747486960556	0	2.8338686983616	1.55983653437127
2020-06-09	0.66351796428442	0.447795346779434	0	0	0	4.97569992548889	0	5.6677373967232	2.79673816123599
2020-06-10	0.132703592856884	0	0	0	0	1.24392498137222	2.69595875782202	5.6677373967232	2.65659659760108
2020-06-11	1.59244311428261	2.23897673389717	0	0	0	2.48784996274445	0.898652919274008	4.2508030475424	2.48903603238541
2020-06-12	0.66351796428442	1.3433860403383	0	0	0	3.73177494411667	0	5.6677373967232	2.50426881104138
2020-06-13	0.530814371427536	0.447795346779434	1.22714292901837	0	0	2.48784996274445	3.2950607040047	7.084671745904	2.1935201264596
2020-06-14	0.265407185713768	0.447795346779434	0	0	0	8.70747486960556	0	5.6677373967232	1.05715483872428
2020-06-15	0.265407185713768	0	1.22714292901837	0	0	1.24392498137222	0.299550973091336	0	1.22166884820875
2020-06-16	1.06162874285507	0.895590693558867	2.45428585803674	1.1219579512599	0	1.24392498137222	0.898652919274008	7.084671745904	2.39154624898721
2020-06-17	0.796221557141304	0	2.45428585803674	1.1219579512599	0	8.70747486960556	0	4.2508030475424	2.28187024266423
2020-06-18	0.928925149998189	0.447795346779434	0	1.1219579512599	5.44068160859192	4.97569992548889	2.39640778473069	5.6677373967232	2.13563556756692
2020-06-19	0.928925149998189	0	0	1.1219579512599	0	9.95139985097779	0.299550973091336	4.2508030475424	1.93151633357693
2020-06-20	0.530814371427536	0.447795346779434	0	0	0	2.48784996274445	1.79730583854802	1.4169343491808	1.72130398812455
2020-06-21	0.66351796428442	0.895590693558867	1.22714292901837	0	0	6.21962490686112	0	2.8338686983616	0.965758166788464
2020-06-22	0.66351796428442	0	1.22714292901837	1.1219579512599	0	1.24392498137222	0	2.8338686983616	1.15464462212249
2020-06-23	1.32703592856884	1.3433860403383	1.22714292901837	2.24391590251981	0	-3.73177494411667	0.898652919274008	2.8338686983616	2.25445124108348
2020-06-24	0.398110778570652	0	2.45428585803674	0	0	9.95139985097779	1.79730583854802	5.6677373967232	2.30319613278258
2020-06-25	0.530814371427536	0.895590693558867	0	0	0	7.46354988823334	1.49775486545668	2.8338686983616	1.67255909642545
2020-06-26	1.45973952142572	0.447795346779434	2.45428585803674	1.1219579512599	2.72034080429596	8.70747486960556	1.79730583854802	4.2508030475424	1.91933011065215
2020-06-27	0.928925149998189	0.447795346779434	0	1.1219579512599	0	8.70747486960556	0.599101946182672	2.8338686983616	1.51413819840337
2020-06-28	0.530814371427536	0	1.22714292901837	1.1219579512599	0	0	0.299550973091336	2.8338686983616	0.987084056906822
2020-06-29	0.66351796428442	0	1.22714292901837	1.1219579512599	0	3.73177494411667	0	1.4169343491808	1.13027217627293
2020-06-30	0.796221557141304	0	0	4.48783180503961	2.72034080429596	-6.21962490686112	1.19820389236534	0	1.68779187508142
2020-07-01	0.796221557141304	0.895590693558867	1.22714292901837	0	0	2.48784996274445	1.49775486545668	2.8338686983616	2.13563556756692
2020-07-02	1.32703592856884	0.895590693558867	1.22714292901837	0	2.72034080429596	4.97569992548889	2.09685681163935	1.4169343491808	2.25140468535229
2020-07-03	1.19433233571196	1.3433860403383	0	1.1219579512599	0	1.24392498137222	2.99550973091336	1.4169343491808	2.06251823001827
2020-07-04	0.928925149998189	0	0	2.24391590251981	0	-1.24392498137222	0	2.8338686983616	0.920059830820556
2020-07-05	0.928925149998189	0.447795346779434	0	0	0	-1.24392498137222	0	2.8338686983616	0.980990945444434
2020-07-06	1.19433233571196	0.895590693558867	1.22714292901837	2.24391590251981	0	1.24392498137222	0	2.8338686983616	1.12722562054174
2020-07-07	1.19433233571196	0.895590693558867	0	0	2.72034080429596	0	3.59461167709603	0	3.48221320075462
2020-07-08	1.06162874285507	0.895590693558867	0	0	0	4.97569992548889	2.09685681163935	4.2508030475424	2.56519992566526
2020-07-09	2.12325748571015	2.23897673389717	2.45428585803674	0	0	1.24392498137222	2.69595875782202	5.6677373967232	3.15623173751687
2020-07-10	1.19433233571196	0.447795346779434	0	1.1219579512599	0	3.73177494411667	1.49775486545668	0	2.49208258811661
2020-07-11	0.928925149998189	0.447795346779434	1.22714292901837	0	2.72034080429596	2.48784996274445	0.599101946182672	0	2.28796335412661
2020-07-12	0.66351796428442	0	1.22714292901837	0	0	2.48784996274445	0	0	1.44406741658591
2020-07-13	1.19433233571196	0.447795346779434	1.22714292901837	1.1219579512599	0	0	0	0	1.32525174306934
2020-07-14	1.59244311428261	0.895590693558867	0	1.1219579512599	0	2.48784996274445	4.1937136232787	0	2.73580704661212
2020-07-15	0.398110778570652	0.447795346779434	0	0	2.72034080429596	2.48784996274445	3.59461167709603	4.2508030475424	2.93687972487091
2020-07-16	0.796221557141304	0	1.22714292901837	0	0	3.73177494411667	5.09236654255271	4.2508030475424	2.9460193920645
2020-07-17	0.796221557141304	0	0	0	0	3.73177494411667	0	4.2508030475424	2.80283127269838
2020-07-18	0.928925149998189	0.895590693558867	0	0	0	6.21962490686112	3.89416265018737	1.4169343491808	2.70229493356898
2020-07-19	1.19433233571196	0.895590693558867	0	0	0	0	0	0	1.45930019524188
2020-07-20	1.45973952142572	0.895590693558867	0	1.1219579512599	0	0	0	1.4169343491808	1.62076764899515
2020-07-21	1.59244311428261	0.447795346779434	0	2.24391590251981	2.72034080429596	4.97569992548889	2.69595875782202	1.4169343491808	3.31465263553896
2020-07-22	1.06162874285507	0.895590693558867	0	0	0	0	5.39191751564405	0	3.73507732644371
2020-07-23	1.19433233571196	0.447795346779434	1.22714292901837	0	0	3.73177494411667	2.09685681163935	1.4169343491808	3.32074574700134
2020-07-24	1.72514670713949	0.447795346779434	0	2.24391590251981	0	2.48784996274445	3.59461167709603	0	3.32683885846373
2020-07-25	1.59244311428261	0.447795346779434	0	2.24391590251981	0	2.48784996274445	0	0	2.95820561498927
2020-07-26	1.99055389285326	0.895590693558867	0	3.36587385377971	0	2.48784996274445	2.69595875782202	0	1.63600042765112
2020-07-27	1.06162874285507	0.447795346779434	1.22714292901837	1.1219579512599	0	0	0	1.4169343491808	3.38167686162522
2020-07-28	1.72514670713949	0.895590693558867	1.22714292901837	1.1219579512599	0	4.97569992548889	0	1.4169343491808	3.70765832486297
2020-07-29	2.12325748571015	1.3433860403383	2.45428585803674	0	0	2.48784996274445	5.69146848873539	1.4169343491808	4.39922647584398
2020-07-30	1.72514670713949	0.895590693558867	0	0	5.44068160859192	0	1.79730583854802	0	3.94528967189609
2020-07-31	1.99055389285326	2.23897673389717	2.45428585803674	2.24391590251981	0	1.24392498137222	0.898652919274008	1.4169343491808	3.61016854146476
2020-08-01	2.12325748571015	1.3433860403383	1.22714292901837	0	0	2.48784996274445	0	0	3.40909586320597
2020-08-02	1.19433233571196	0.447795346779434	0	2.24391590251981	0	1.24392498137222	1.19820389236534	1.4169343491808	1.40750874781158
2020-08-03	1.32703592856884	1.3433860403383	0	2.24391590251981	0	1.24392498137222	0	0	1.71216432093097
2020-08-04	2.38866467142391	2.6867720806766	0	4.48783180503961	0	3.73177494411667	0.898652919274008	1.4169343491808	3.83256710984192
2020-08-05	2.78677544999457	1.3433860403383	1.22714292901837	3.36587385377971	0	1.24392498137222	0	0	4.30478324817697
2020-08-06	1.06162874285507	0.447795346779434	0	2.24391590251981	0	3.73177494411667	4.49326459637004	0	3.60407543000238
2020-08-07	2.25596107856703	3.13456742745603	0	3.36587385377971	0	6.21962490686112	0	2.8338686983616	3.94528967189609
2020-08-08	1.19433233571196	0.895590693558867	1.22714292901837	0	2.72034080429596	2.48784996274445	0.898652919274008	1.4169343491808	3.30855952407657
2020-08-09	1.45973952142572	0.895590693558867	2.45428585803674	1.1219579512599	0	1.24392498137222	2.09685681163935	1.4169343491808	1.7456764339741
2020-08-10	1.45973952142572	0.895590693558867	1.22714292901837	2.24391590251981	0	0	0.299550973091336	0	1.59030209168321
2020-08-11	1.06162874285507	0	1.22714292901837	1.1219579512599	0	2.48784996274445	0	2.8338686983616	3.30551296834538
2020-08-12	1.85785029999638	1.79118138711773	3.68142878705511	1.1219579512599	0	0	2.39640778473069	0	4.60334570983397
2020-08-13	1.32703592856884	0.895590693558867	1.22714292901837	1.1219579512599	0	0	1.79730583854802	1.4169343491808	3.16841796044165
2020-08-14	1.99055389285326	1.79118138711773	1.22714292901837	1.1219579512599	2.72034080429596	0	4.1937136232787	0	3.98794145213281
2020-08-15	1.45973952142572	0.895590693558867	0	1.1219579512599	0	0	0	4.2508030475424	3.17451107190404
2020-08-16	1.45973952142572	0.895590693558867	0	5.60978975629951	0	0	1.19820389236534	0	1.86753866322186
2020-08-17	0.928925149998189	0.895590693558867	1.22714292901837	0	0	0	0	0	1.43797430512352
2020-08-18	0.928925149998189	1.79118138711773	0	1.1219579512599	2.72034080429596	0	0	2.8338686983616	3.74726354936849
2020-08-19	1.59244311428261	0.895590693558867	1.22714292901837	1.1219579512599	0	-79.6111988078223	3.59461167709603	1.4169343491808	2.08384412013662
2020-08-20	1.06162874285507	0	0	2.24391590251981	0	0	1.79730583854802	1.4169343491808	3.35121130431328
2020-08-21	0.530814371427536	0.447795346779434	0	1.1219579512599	0	1.24392498137222	2.39640778473069	1.4169343491808	3.33902508138851
2020-08-22	0.66351796428442	0.895590693558867	1.22714292901837	1.1219579512599	0	0	2.39640778473069	2.8338686983616	2.93078661340853
2020-08-23	0.530814371427536	0	0	0	0	0	0	0	1.53241753279053
2020-08-24	0.928925149998189	0.447795346779434	0	1.1219579512599	0	0	0	0	1.2978327414886
2020-08-25	0.796221557141304	0.895590693558867	0	1.1219579512599	0	0	1.49775486545668	0	3.71375143632536
2020-08-26	1.99055389285326	1.79118138711773	1.22714292901837	0	0	0	0.898652919274008	1.4169343491808	3.52791153672253
2020-08-27	1.19433233571196	0	0	1.1219579512599	0	1.24392498137222	1.49775486545668	0	3.37558375016283
2020-08-28	1.06162874285507	0.447795346779434	0	1.1219579512599	0	0	0.898652919274008	0	2.82111060708555
2020-08-29	0.66351796428442	0	0	2.24391590251981	0	1.24392498137222	0.898652919274008	0	2.93383316913972
2020-08-30	0.66351796428442	0.447795346779434	0	1.1219579512599	0	0	0.898652919274008	1.4169343491808	1.34353107745651
2020-08-31	1.06162874285507	1.3433860403383	0	3.36587385377971	0	0	0	1.4169343491808	1.46843986243546
2020-09-01	0.796221557141304	0	0	1.1219579512599	0	3.73177494411667	1.79730583854802	0	3.2445818537215
2020-09-02	0.796221557141304	0.895590693558867	0	1.1219579512599	0	1.24392498137222	2.09685681163935	1.4169343491808	3.20802318494717
2020-09-03	0.796221557141304	0.895590693558867	1.22714292901837	0	-2.72034080429596	0	1.49775486545668	1.4169343491808	3.11357995728016
2020-09-04	0.265407185713768	0	0	1.1219579512599	0	0	0.299550973091336	2.8338686983616	2.8942279446342
2020-09-05	1.32703592856884	1.3433860403383	0	3.36587385377971	0	0	0.898652919274008	0	2.4463842521487
2020-09-06	0.796221557141304	0.447795346779434	0	0	0	0	0.898652919274008	0	1.32829829880054
2020-09-07	0.530814371427536	0.447795346779434	0	0	0	1.24392498137222	0	0	0.971851278250852
2020-09-08	0.265407185713768	0	0	0	0	0	0.299550973091336	0	1.41055530354277
2020-09-09	0.530814371427536	0	0	1.1219579512599	0	0	3.89416265018737	5.6677373967232	3.36035097150687
2020-09-10	0.928925149998189	0	1.22714292901837	0	0	0	1.19820389236534	1.4169343491808	2.76627260392406
2020-09-11	0.928925149998189	0.895590693558867	1.22714292901837	3.36587385377971	0	1.24392498137222	1.49775486545668	0	3.47916664502343
2020-09-12	0.796221557141304	0	0	2.24391590251981	0	0	1.19820389236534	0	2.25445124108348
2020-09-13	0.66351796428442	0.447795346779434	1.22714292901837	0	0	0	0	0	1.1972964023592
2020-09-14	0.928925149998189	0	0	2.24391590251981	0	1.24392498137222	0	0	1.27955340710144
2020-09-15	1.19433233571196	1.3433860403383	1.22714292901837	1.1219579512599	2.72034080429596	0	2.39640778473069	0	3.63758754304551
2020-09-16	1.06162874285507	0.895590693558867	1.22714292901837	0	0	0	1.79730583854802	1.4169343491808	2.85462272012868
2020-09-17	0.66351796428442	0	0	1.1219579512599	0	0	1.79730583854802	2.8338686983616	2.58347926005242
2020-09-18	1.06162874285507	0.447795346779434	0	1.1219579512599	0	1.24392498137222	0.898652919274008	0	2.91250727902136
2020-09-19	0.66351796428442	0	0	3.36587385377971	0	1.24392498137222	11.6824879505621	0	2.01681989405036
2020-09-20	1.06162874285507	1.3433860403383	1.22714292901837	0	0	0	-10.7838350312881	1.4169343491808	0.804290713035188
2020-09-21	0.796221557141304	0.447795346779434	0	1.1219579512599	0	0	0	1.4169343491808	1.2460412940583
2020-09-22	1.45973952142572	0	1.22714292901837	1.1219579512599	0	0	1.49775486545668	0	3.11662651301135
2020-09-23	0.796221557141304	0	0	1.1219579512599	0	0	0.599101946182672	0	3.1927904062912
2020-09-24	0.796221557141304	0.447795346779434	0	0	0	0	1.79730583854802	0	2.70838804503137
2020-09-25	0.928925149998189	0	0	3.36587385377971	0	0	0.599101946182672	2.8338686983616	2.76931915965525
2020-09-26	0.530814371427536	0.447795346779434	0	1.1219579512599	2.72034080429596	0	0	1.4169343491808	2.32756857863213
2020-09-27	0.928925149998189	0	1.22714292901837	2.24391590251981	0	0	0.299550973091336	0	0.920059830820556
2020-09-28	0.928925149998189	0.447795346779434	0	0	0	0	0	0	1.01754961421876
2020-09-29	0.66351796428442	0.447795346779434	0	0	0	0	1.49775486545668	2.8338686983616	2.72057426795615
2020-09-30	0.928925149998189	0.447795346779434	0	0	0	0	0.599101946182672	1.4169343491808	2.76017949246167
2020-10-01	1.32703592856884	2.23897673389717	0	0	0	1.24392498137222	2.69595875782202	1.4169343491808	2.72666737941854
2020-10-02	0.796221557141304	0.447795346779434	0	0	2.72034080429596	0	0.599101946182672	1.4169343491808	2.54082747981571
2020-10-03	0.796221557141304	0.447795346779434	2.45428585803674	0	-2.72034080429596	0	1.19820389236534	0	2.03814578416871
2020-10-04	0.530814371427536	0	1.22714292901837	1.1219579512599	0	0	1.49775486545668	2.8338686983616	1.12722562054174
2020-10-05	1.06162874285507	1.79118138711773	0	1.1219579512599	0	0	0	0	1.43188119366113
2020-10-06	1.45973952142572	1.79118138711773	1.22714292901837	0	0	0	0.898652919274008	0	2.11430967744856
2020-10-07	0.66351796428442	1.3433860403383	1.22714292901837	1.1219579512599	0	0	2.09685681163935	0	2.74799326953689
2020-10-08	0.928925149998189	0.895590693558867	0	2.24391590251981	0	0	1.79730583854802	4.2508030475424	2.96734528218285
2020-10-09	0.928925149998189	0.447795346779434	0	0	0	0	0.599101946182672	0	2.9429728363333
2020-10-10	0.398110778570652	0.447795346779434	0	1.1219579512599	0	0	1.19820389236534	2.8338686983616	1.995494003932
2020-10-11	0.398110778570652	0	1.22714292901837	2.24391590251981	0	2.48784996274445	0.299550973091336	1.4169343491808	1.398369080618
2020-10-12	1.59244311428261	1.3433860403383	0	2.24391590251981	0	0	0	0	1.19424984662801
2020-10-13	0.530814371427536	0.447795346779434	0	0	0	1.24392498137222	4.1937136232787	0	2.34889446875049
2020-10-14	1.19433233571196	0	2.45428585803674	1.1219579512599	0	0	1.19820389236534	1.4169343491808	3.00695050668837
2020-10-15	0.530814371427536	0	0	0	0	1.24392498137222	0.898652919274008	0	2.51950158969735
2020-10-16	0.66351796428442	0	0	0	0	1.24392498137222	5.39191751564405	4.2508030475424	2.82111060708555
2020-10-17	0.796221557141304	0.447795346779434	1.22714292901837	0	0	3.73177494411667	1.19820389236534	0	2.39154624898721
2020-10-18	1.32703592856884	0.895590693558867	2.45428585803674	2.24391590251981	0	0	-4.79281556946138	0	1.3953225248868
2020-10-19	1.32703592856884	0.895590693558867	1.22714292901837	0	2.72034080429596	1.24392498137222	0	0	1.46539330670426
2020-10-20	0.796221557141304	0.447795346779434	3.68142878705511	1.1219579512599	-2.72034080429596	1.24392498137222	1.19820389236534	1.4169343491808	2.83329683001032
2020-10-21	1.45973952142572	1.3433860403383	0	1.1219579512599	0	0	1.79730583854802	0	3.52791153672253
2020-10-22	1.45973952142572	0.447795346779434	1.22714292901837	1.1219579512599	0	2.48784996274445	0.898652919274008	0	2.5469205912781
2020-10-23	0.928925149998189	0.895590693558867	1.22714292901837	1.1219579512599	0	1.24392498137222	0.299550973091336	0	2.88813483317181
2020-10-24	1.45973952142572	1.3433860403383	0	0	2.72034080429596	0	0.299550973091336	0	2.91250727902136
2020-10-25	1.06162874285507	0.447795346779434	1.22714292901837	1.1219579512599	0	1.24392498137222	0.599101946182672	0	1.35571730038128
2020-10-26	1.19433233571196	0.447795346779434	1.22714292901837	0	2.72034080429596	1.24392498137222	0	0	1.56592964583366
2020-10-27	1.32703592856884	0.895590693558867	1.22714292901837	3.36587385377971	0	0	2.09685681163935	2.8338686983616	3.04655573119389
2020-10-28	1.59244311428261	0.895590693558867	0	1.1219579512599	2.72034080429596	1.24392498137222	1.19820389236534	0	3.07397473277464
2020-10-29	0.530814371427536	0.447795346779434	0	1.1219579512599	2.72034080429596	1.24392498137222	1.19820389236534	1.4169343491808	3.00695050668837
2020-10-30	1.45973952142572	0.447795346779434	1.22714292901837	0	0	1.24392498137222	0.898652919274008	1.4169343491808	3.22020940787195
2020-10-31	1.85785029999638	0.895590693558867	3.68142878705511	2.24391590251981	-2.72034080429596	0	0.898652919274008	0	2.80587782842958
2020-11-01	1.06162874285507	0	1.22714292901837	0	0	1.24392498137222	0	0	1.4958588640162
2020-11-02	0.66351796428442	0.895590693558867	0	0	2.72034080429596	0	0	1.4169343491808	1.69388498654381
2020-11-03	1.32703592856884	0.447795346779434	1.22714292901837	3.36587385377971	2.72034080429596	0	2.99550973091336	0	4.85011672406068
2020-11-04	1.59244311428261	0.447795346779434	0	2.24391590251981	-5.44068160859192	1.24392498137222	0.898652919274008	0	3.37863030589403
2020-11-05	1.59244311428261	0.447795346779434	3.68142878705511	2.24391590251981	0	3.73177494411667	0	4.2508030475424	3.52791153672253
2020-11-06	1.85785029999638	0.447795346779434	2.45428585803674	3.36587385377971	0	1.24392498137222	0.898652919274008	2.8338686983616	3.67719276755103
2020-11-07	0.66351796428442	0.447795346779434	1.22714292901837	1.1219579512599	2.72034080429596	2.48784996274445	0.299550973091336	2.8338686983616	3.37558375016283
2020-11-08	1.45973952142572	0	3.68142878705511	2.24391590251981	0	1.24392498137222	0	0	1.68474531935022
2020-11-09	1.32703592856884	1.3433860403383	0	2.24391590251981	5.44068160859192	3.73177494411667	8.98652919274008	1.4169343491808	2.30928924424497
2020-11-10	1.85785029999638	1.3433860403383	0	2.24391590251981	0	0	-6.88967238110073	2.8338686983616	4.28650391378981
2020-11-11	0.928925149998189	0.447795346779434	2.45428585803674	1.1219579512599	-2.72034080429596	0	0	0	4.33524880548891
2020-11-12	1.72514670713949	0.447795346779434	0	2.24391590251981	0	0	0.898652919274008	0	3.64977376597029
2020-11-13	1.45973952142572	0.447795346779434	1.22714292901837	2.24391590251981	2.72034080429596	0	0.898652919274008	0	3.64672721023909
2020-11-14	2.12325748571015	0.895590693558867	1.22714292901837	2.24391590251981	5.44068160859192	0	1.49775486545668	1.4169343491808	4.1433157944237
2020-11-15	1.59244311428261	0.895590693558867	2.45428585803674	3.36587385377971	0	1.24392498137222	0	2.8338686983616	2.33975480155691
2020-11-16	1.99055389285326	1.79118138711773	1.22714292901837	2.24391590251981	2.72034080429596	0	0	0	2.4951291438478
2020-11-17	1.59244311428261	0.895590693558867	3.68142878705511	0	0	1.24392498137222	2.09685681163935	0	5.1913309659544
2020-11-18	1.72514670713949	0.447795346779434	1.22714292901837	1.1219579512599	0	0	3.59461167709603	7.084671745904	5.82806111377392
2020-11-19	1.59244311428261	2.23897673389717	2.45428585803674	0	5.44068160859192	0	2.09685681163935	2.8338686983616	6.18146157859241
2020-11-20	2.12325748571015	0.447795346779434	1.22714292901837	3.36587385377971	5.44068160859192	4.97569992548889	2.39640778473069	2.8338686983616	5.89813189559138
2020-11-21	2.91947904285145	2.6867720806766	7.36285757411023	3.36587385377971	-2.72034080429596	1.24392498137222	1.79730583854802	1.4169343491808	4.9872117319644
2020-11-22	2.25596107856703	2.6867720806766	4.90857171607349	2.24391590251981	0	1.24392498137222	0.599101946182672	0	3.21106974067836
2020-11-23	2.5213682642808	0.895590693558867	4.90857171607349	3.36587385377971	5.44068160859192	0	0	2.8338686983616	3.24762840945269
2020-11-24	1.85785029999638	0.895590693558867	4.90857171607349	2.24391590251981	0	0	4.79281556946138	1.4169343491808	6.50134993036777
2020-11-25	2.25596107856703	0.895590693558867	2.45428585803674	3.36587385377971	0	6.21962490686112	1.19820389236534	5.6677373967232	6.79686583629358
2020-11-26	2.5213682642808	1.79118138711773	6.13571464509186	4.48783180503961	0	0	0	0	4.28041080232742
2020-11-27	1.85785029999638	0.447795346779434	2.45428585803674	1.1219579512599	5.44068160859192	3.73177494411667	2.39640778473069	0	4.71302171615695
2020-11-28	2.5213682642808	2.23897673389717	0	2.24391590251981	5.44068160859192	3.73177494411667	0.299550973091336	1.4169343491808	4.11589679284295
2020-11-29	2.25596107856703	1.3433860403383	1.22714292901837	1.1219579512599	0	4.97569992548889	0	2.8338686983616	3.15623173751687
2020-11-30	4.11381137856341	4.47795346779434	11.0442863611653	2.24391590251981	0	2.48784996274445	0	0	4.00012767505758
2020-12-01	2.78677544999457	1.79118138711773	1.22714292901837	2.24391590251981	2.72034080429596	1.24392498137222	6.59012140800939	7.084671745904	7.76871711454443
2020-12-02	3.05218263570833	4.0301581210149	4.90857171607349	0	-2.72034080429596	2.48784996274445	4.79281556946138	7.084671745904	8.57300782757962
2020-12-03	2.25596107856703	3.13456742745603	1.22714292901837	3.36587385377971	16.3220448257758	2.48784996274445	1.49775486545668	2.8338686983616	8.99038596275318
2020-12-04	3.45029341427899	4.47795346779434	2.45428585803674	1.1219579512599	2.72034080429596	6.21962490686112	2.09685681163935	1.4169343491808	7.95151045841606
2020-12-05	2.38866467142391	1.3433860403383	4.90857171607349	4.48783180503961	5.44068160859192	8.70747486960556	2.39640778473069	2.8338686983616	7.26298886316624
2020-12-06	2.12325748571015	0.895590693558867	4.90857171607349	1.1219579512599	0	2.48784996274445	2.09685681163935	2.8338686983616	4.2408055778219
2020-12-07	2.91947904285145	3.13456742745603	1.22714292901837	1.1219579512599	0	1.24392498137222	0	5.6677373967232	4.76481316358725
2020-12-08	1.32703592856884	1.79118138711773	1.22714292901837	2.24391590251981	10.8813632171838	1.24392498137222	7.78832530037474	0	7.8326947848995
2020-12-09	0.928925149998189	1.79118138711773	0	2.24391590251981	2.72034080429596	7.46354988823334	4.49326459637004	4.2508030475424	9.64234888922867
2020-12-10	1.45973952142572	1.3433860403383	4.90857171607349	0	5.44068160859192	3.73177494411667	3.2950607040047	5.6677373967232	9.0787360789578
2020-12-11	0.796221557141304	1.3433860403383	0	1.1219579512599	2.72034080429596	1.24392498137222	6.88967238110073	1.4169343491808	10.2790790370482
2020-12-12	0.265407185713768	0.447795346779434	1.22714292901837	0	10.8813632171838	3.73177494411667	4.1937136232787	5.6677373967232	7.64380832956548
2020-12-13	0	0	0	0	0	1.24392498137222	3.2950607040047	2.8338686983616	5.04814284658828
2020-12-14	0	0	0	0	5.44068160859192	0	0	1.4169343491808	5.04509629085709
2020-12-15	0	0	0	0	5.44068160859192	3.73177494411667	9.58563113892276	5.6677373967232	9.06959641176422
2020-12-16	13.4030628785453	0	15.9528580772388	2.24391590251981	10.8813632171838	1.24392498137222	6.88967238110073	0	11.3514666544284
2020-12-17	9.95276946426631	14.3294510969419	9.81714343214697	7.85370565881932	8.16102241288789	1.24392498137222	6.59012140800939	7.084671745904	10.5045241611565
2020-12-18	-1.72514670713949	-5.3735441613532	0	0	5.44068160859192	1.24392498137222	4.1937136232787	4.2508030475424	8.94468762678527
2020-12-19	0	0	0	0	13.6017040214798	2.48784996274445	8.08787627346607	2.8338686983616	8.54558882599887
2020-12-20	0	0	0	0	0	2.48784996274445	0	9.9185404442656	5.20656374461036
2020-12-21	0.265407185713768	0	2.45428585803674	0	0	4.97569992548889	0.898652919274008	7.084671745904	5.47770720468662
2020-12-22	3.3175898214221	3.58236277423547	3.68142878705511	3.36587385377971	19.0423856300717	6.21962490686112	8.38742724655741	2.8338686983616	10.0475408014775
2020-12-23	4.11381137856341	4.47795346779434	4.90857171607349	2.24391590251981	0	8.70747486960556	11.6824879505621	9.9185404442656	10.3034514828977
2020-12-24	2.91947904285145	0.895590693558867	0	5.60978975629951	0	8.70747486960556	9.58563113892276	7.084671745904	8.90203584654856
2020-12-25	0	0	0	0	0	0	5.99101946182672	0	4.62771815568353
2020-12-26	0	0	0	0	21.7627264343677	2.48784996274445	0	8.5016060950848	5.80978177938676
2020-12-27	0	0	0	0	0	9.95139985097779	0	8.5016060950848	4.37790058572563
2020-12-28	1.32703592856884	0.447795346779434	1.22714292901837	0	-2.72034080429596	3.73177494411667	0.599101946182672	4.2508030475424	5.70315232879497
2020-12-29	23.0904251570978	20.1507906050745	42.950002515643	24.6830749277179	13.6017040214798	3.73177494411667	9.28608016583142	5.6677373967232	11.0163455239971
2020-12-30	6.76788323570109	6.7169302016915	3.68142878705511	10.0976215613391	2.72034080429596	11.19532483235	11.0833860043794	7.084671745904	11.8511017943442
2020-12-31	5.30814371427536	5.82133950813264	4.90857171607349	2.24391590251981	0	4.97569992548889	18.5721603316628	8.5016060950848	10.0262149113591
2021-01-01	0	0	0	0	0	0	17.3739564392975	2.8338686983616	6.84561072799268
2021-01-02	0	0	0	0	13.6017040214798	2.48784996274445	0	5.6677373967232	7.74739122442607
2021-01-03	-0.132703592856884	-0.447795346779434	0	0	0	4.97569992548889	0	2.8338686983616	4.35962125133846
2021-01-04	3.05218263570833	1.3433860403383	-1.22714292901837	12.3415374638589	5.44068160859192	4.97569992548889	1.79730583854802	4.2508030475424	6.04132001495749
2021-01-05	7.82951197855616	7.16472554847094	9.81714343214697	7.85370565881932	10.8813632171838	9.95139985097779	16.7748544931148	5.6677373967232	10.9645540765668
2021-01-06	8.49302994284058	7.61252089525037	8.5900005031286	12.3415374638589	2.72034080429596	4.97569992548889	11.0833860043794	7.084671745904	11.9211725761617
2021-01-07	3.84840419284964	3.58236277423547	4.90857171607349	1.1219579512599	8.16102241288789	4.97569992548889	14.0788957352928	2.8338686983616	12.2532471508618
2021-01-08	8.62573353569747	5.3735441613532	13.4985722192021	10.0976215613391	0	6.21962490686112	9.88518211201409	1.4169343491808	12.7132770662721
2021-01-09	-0.132703592856884	0	0	0	13.6017040214798	3.73177494411667	15.8762015738408	5.6677373967232	9.87388712479941
2021-01-10	0	0	0	0	0	8.70747486960556	9.88518211201409	5.6677373967232	6.37034803392643
2021-01-11	0.132703592856884	0	0	0	0	3.73177494411667	0	5.6677373967232	5.59956943393438
2021-01-12	11.9433233571196	7.61252089525037	15.9528580772388	8.97566361007922	5.44068160859192	9.95139985097779	12.2815898967448	5.6677373967232	13.3317278797045
2021-01-13	6.50247604998732	5.82133950813264	6.13571464509186	11.219579512599	0	8.70747486960556	16.1757525469321	8.5016060950848	12.2258281492811
2021-01-14	5.0427365285616	4.0301581210149	3.68142878705511	6.73174770755942	5.44068160859192	11.19532483235	15.8762015738408	15.5862778409888	11.5190272196441
2021-01-15	3.58299700713587	3.58236277423547	2.45428585803674	4.48783180503961	0	6.21962490686112	9.58563113892276	0	11.6500291160855
2021-01-16	0	0	0	0	2.72034080429596	8.70747486960556	8.38742724655741	7.084671745904	10.857924625975
2021-01-17	0	0	0	0	0	3.73177494411667	11.3829369774708	4.2508030475424	6.06873901653824
2021-01-18	0	0	0	0	0	6.21962490686112	0	9.9185404442656	4.77699938651203
2021-01-19	4.91003293570471	6.26913485491207	2.45428585803674	6.73174770755942	0	3.73177494411667	1.79730583854802	5.6677373967232	7.29954753194057
2021-01-20	0	0	0	0	2.72034080429596	7.46354988823334	19.4708132509368	2.8338686983616	13.4383573302963
2021-01-21	16.5879491071105	11.1948836694858	28.2242873674225	16.8293692688985	5.44068160859192	4.97569992548889	14.3784467083841	1.4169343491808	12.5213440552069
2021-01-22	6.50247604998732	5.3735441613532	3.68142878705511	6.73174770755942	0	2.48784996274445	23.6645268742156	4.2508030475424	11.5251203311065
2021-01-23	0	0	0	0	8.16102241288789	9.95139985097779	12.8806918429275	4.2508030475424	10.7756676212328
2021-01-24	0	0	0	0	0	4.97569992548889	9.28608016583142	2.8338686983616	5.62089532405273
2021-01-25	4.51192215713406	7.16472554847094	1.22714292901837	4.48783180503961	0	4.97569992548889	0	9.9185404442656	5.3863105327508
2021-01-26	2.5213682642808	0.447795346779434	2.45428585803674	4.48783180503961	0	6.21962490686112	13.7793447622015	12.7524091426272	12.1100590314957
2021-01-27	5.8389580857029	4.47795346779434	7.36285757411023	6.73174770755942	0	7.46354988823334	13.1802428160188	9.9185404442656	12.460412940583
2021-01-28	4.24651497142029	1.3433860403383	6.13571464509186	3.36587385377971	2.72034080429596	4.97569992548889	20.6690171433022	9.9185404442656	11.6226101145047
2021-01-29	5.57355089998913	4.0301581210149	6.13571464509186	8.97566361007922	0	7.46354988823334	11.0833860043794	7.084671745904	10.9005764062118
2021-01-30	0	0	0	0	0	3.73177494411667	9.58563113892276	2.8338686983616	8.75884772718245
2021-01-31	0	0	0	0	0	2.48784996274445	4.79281556946138	5.6677373967232	5.9377371200969
2021-02-01	4.37921856427718	4.47795346779434	1.22714292901837	2.24391590251981	5.44068160859192	3.73177494411667	0	4.2508030475424	5.39849675567558
2021-02-02	-0.265407185713768	-0.895590693558867	0	0	2.72034080429596	2.48784996274445	2.99550973091336	0	10.7543417311144
2021-02-03	9.55465868569565	6.26913485491207	4.90857171607349	8.97566361007922	0	2.48784996274445	16.1757525469321	14.169343491808	11.7962637911828
2021-02-04	3.71570059999275	1.79118138711773	1.22714292901837	4.48783180503961	2.72034080429596	9.95139985097779	16.4753035200235	8.5016060950848	11.8602414615378
2021-02-05	4.37921856427718	4.0301581210149	0	3.36587385377971	0	12.4392498137222	11.6824879505621	11.3354747934464	11.2052319793311
2021-02-06	0	0	0	0	0	3.73177494411667	10.4842840581968	9.9185404442656	8.33537648054649
2021-02-07	0	0	0	0	0	7.46354988823334	2.69595875782202	7.084671745904	4.47539036912383
2021-02-08	0.132703592856884	-0.447795346779434	1.22714292901837	-1.1219579512599	2.72034080429596	2.48784996274445	0	5.6677373967232	4.39617992011279
2021-02-09	14.3319880285435	6.26913485491207	11.0442863611653	14.5854533663787	8.16102241288789	6.21962490686112	9.58563113892276	7.084671745904	9.25543631136705
2021-02-10	5.97166167855978	2.23897673389717	9.81714343214697	5.60978975629951	-2.72034080429596	6.21962490686112	15.2770996276581	5.6677373967232	10.2943118157042
2021-02-11	4.11381137856341	4.47795346779434	0	2.24391590251981	2.72034080429596	7.46354988823334	15.2770996276581	11.3354747934464	9.65148855642226
2021-02-12	5.57355089998913	2.6867720806766	4.90857171607349	4.48783180503961	0	3.73177494411667	7.18922335419207	4.2508030475424	8.66440449951543
2021-02-13	0	0	0	0	10.8813632171838	6.21962490686112	8.98652919274008	4.2508030475424	6.92177462127253
2021-02-14	0	0	0	0	0	3.73177494411667	8.38742724655741	0	3.52791153672253
2021-02-15	0	0	0	0	0	3.73177494411667	0	1.4169343491808	2.86680894305345
2021-02-16	4.51192215713406	4.47795346779434	3.68142878705511	3.36587385377971	2.72034080429596	1.24392498137222	1.49775486545668	2.8338686983616	4.97502550903963
2021-02-17	6.50247604998732	3.58236277423547	1.22714292901837	10.0976215613391	-2.72034080429596	3.73177494411667	17.0744054662062	4.2508030475424	7.33915275644609
2021-02-18	5.8389580857029	8.50811158880924	3.68142878705511	6.73174770755942	5.44068160859192	3.73177494411667	10.7838350312881	9.9185404442656	7.85706723074905
2021-02-19	2.5213682642808	4.0301581210149	3.68142878705511	2.24391590251981	5.44068160859192	1.24392498137222	10.1847330851054	1.4169343491808	7.68950666553339
2021-02-20	0	0	0	0	2.72034080429596	0	5.69146848873539	1.4169343491808	5.84329389242989
2021-02-21	0	0	0	0	0	3.73177494411667	0.599101946182672	1.4169343491808	3.692425546207
2021-02-22	4.64462574999094	5.82133950813264	4.90857171607349	5.60978975629951	2.72034080429596	1.24392498137222	0	0	3.65586687743267
2021-02-23	3.18488622856522	0.447795346779434	0	4.48783180503961	0	3.73177494411667	8.38742724655741	4.2508030475424	6.92177462127253
2021-02-24	4.11381137856341	4.0301581210149	2.45428585803674	6.73174770755942	0	1.24392498137222	3.59461167709603	4.2508030475424	9.81600256590673
2021-02-25	3.98110778570652	4.47795346779434	3.68142878705511	3.36587385377971	0	4.97569992548889	8.98652919274008	5.6677373967232	7.36047864656445
2021-02-26	1.85785029999638	1.79118138711773	0	6.73174770755942	0	3.73177494411667	0	5.6677373967232	6.51962926475493
2021-02-27	0	0	0	0	0	4.97569992548889	3.2950607040047	1.4169343491808	4.61248537702756
2021-02-28	0	0	0	0	0	2.48784996274445	3.89416265018737	9.9185404442656	3.32074574700134
2021-03-01	1.72514670713949	0	0	3.36587385377971	0	2.48784996274445	5.69146848873539	2.8338686983616	4.00317423078878
2021-03-02	2.5213682642808	1.3433860403383	0	0	0	1.24392498137222	4.1937136232787	0	5.84024733669869
2021-03-03	3.05218263570833	4.0301581210149	0	2.24391590251981	0	2.48784996274445	7.4887743272834	5.6677373967232	7.69864633272697
2021-03-04	2.65407185713768	3.13456742745603	2.45428585803674	5.60978975629951	2.72034080429596	2.48784996274445	5.09236654255271	1.4169343491808	5.86766633827944
2021-03-05	1.19433233571196	0.895590693558867	0	2.24391590251981	0	0	3.59461167709603	4.2508030475424	5.25835519204066
2021-03-06	0	0	0	0	2.72034080429596	1.24392498137222	4.1937136232787	4.2508030475424	4.61248537702756
2021-03-07	0	0	0	0	0	2.48784996274445	0	0	2.13868212329811
2021-03-08	2.91947904285145	4.47795346779434	0	7.85370565881932	0	0	1.49775486545668	7.084671745904	2.15391490195408
2021-03-09	1.85785029999638	0.895590693558867	2.45428585803674	4.48783180503961	0	1.24392498137222	4.49326459637004	1.4169343491808	5.37717086555722
2021-03-10	3.18488622856522	2.6867720806766	0	3.36587385377971	0	3.73177494411667	2.39640778473069	1.4169343491808	4.6916958260386
2021-03-11	0.928925149998189	0.895590693558867	1.22714292901837	6.73174770755942	0	3.73177494411667	2.69595875782202	1.4169343491808	4.73434760627531
2021-03-12	2.12325748571015	1.79118138711773	2.45428585803674	1.1219579512599	-2.72034080429596	3.73177494411667	0	0	4.32306258256414
2021-03-13	0	0	0	0	2.72034080429596	4.97569992548889	6.59012140800939	2.8338686983616	2.97039183791405
2021-03-14	0	0	0	0	0	0	2.39640778473069	1.4169343491808	1.56897620156486
2021-03-15	1.59244311428261	0.447795346779434	1.22714292901837	2.24391590251981	0	1.24392498137222	0	1.4169343491808	2.14172867902931
2021-03-16	1.85785029999638	1.3433860403383	1.22714292901837	1.1219579512599	0	1.24392498137222	2.99550973091336	0	3.82952055411072
2021-03-17	0.928925149998189	-0.447795346779434	1.22714292901837	3.36587385377971	0	2.48784996274445	2.39640778473069	2.8338686983616	3.63454098731432
2021-03-18	1.59244311428261	3.13456742745603	1.22714292901837	3.36587385377971	0	1.24392498137222	2.39640778473069	2.8338686983616	4.98111862050202
2021-03-19	0.796221557141304	0	0	4.48783180503961	2.72034080429596	2.48784996274445	3.89416265018737	1.4169343491808	3.12576618020494
2021-03-20	0	0	0	0	0	1.24392498137222	0	2.8338686983616	2.35194102448169
2021-03-21	0	0	0	0	0	3.73177494411667	0.898652919274008	1.4169343491808	2.16610112487886
2021-03-22	1.19433233571196	0.895590693558867	1.22714292901837	0	0	1.24392498137222	0	0	1.67255909642545
2021-03-23	0.398110778570652	0.447795346779434	0	0	2.72034080429596	0	1.19820389236534	1.4169343491808	2.87899516597823
2021-03-24	1.85785029999638	2.6867720806766	0	2.24391590251981	2.72034080429596	1.24392498137222	3.2950607040047	2.8338686983616	4.45101792327428
2021-03-25	1.72514670713949	0.895590693558867	1.22714292901837	4.48783180503961	0	0	3.2950607040047	0	4.10675712564937
2021-03-26	0.530814371427536	-0.895590693558867	2.45428585803674	0	-2.72034080429596	2.48784996274445	1.49775486545668	2.8338686983616	3.51877186952895
2021-03-27	0.132703592856884	0	0	0	2.72034080429596	3.73177494411667	4.49326459637004	1.4169343491808	2.45857047507347
2021-03-28	0	0	0	0	0	1.24392498137222	2.09685681163935	0	1.34353107745651
2021-03-29	1.06162874285507	1.3433860403383	0	2.24391590251981	2.72034080429596	1.24392498137222	0	4.2508030475424	1.91019044345857
2021-03-30	1.45973952142572	1.3433860403383	1.22714292901837	1.1219579512599	0	0	2.39640778473069	2.8338686983616	2.72362082368734
2021-03-31	1.32703592856884	0.447795346779434	1.22714292901837	0	0	0	0	4.2508030475424	3.25372152091508
2021-04-01	1.99055389285326	1.3433860403383	2.45428585803674	4.48783180503961	2.72034080429596	2.48784996274445	0	2.8338686983616	3.36339752723806
2021-04-02	2.12325748571015	0.895590693558867	0	3.36587385377971	0	1.24392498137222	3.89416265018737	4.2508030475424	2.6962018221066
2021-04-03	0	0	0	0	2.72034080429596	1.24392498137222	0	1.4169343491808	2.2971030213202
2021-04-04	0	0	0	0	0	0	0.898652919274008	0	0.947478832401301
2021-04-05	0.928925149998189	1.3433860403383	0	1.1219579512599	2.72034080429596	3.73177494411667	3.59461167709603	2.8338686983616	1.398369080618
2021-04-06	1.85785029999638	0.895590693558867	0	2.24391590251981	5.44068160859192	1.24392498137222	0.599101946182672	2.8338686983616	2.52254814542854
2021-04-07	0.928925149998189	1.3433860403383	0	1.1219579512599	0	0	0.898652919274008	2.8338686983616	7.92713801256651
2021-04-08	1.32703592856884	1.3433860403383	0	0	0	1.24392498137222	1.19820389236534	1.4169343491808	3.07092817704345
2021-04-09	0.796221557141304	0.447795346779434	0	4.48783180503961	0	1.24392498137222	2.39640778473069	2.8338686983616	2.76627260392406
2021-04-10	0	0	0	0	5.44068160859192	0	3.89416265018737	2.8338686983616	2.30319613278258
2021-04-11	0	0	0	0	0	0	2.39640778473069	0	0.880454606315035
2021-04-12	0.928925149998189	0.447795346779434	1.22714292901837	2.24391590251981	0	1.24392498137222	0	4.2508030475424	1.3496241889189
2021-04-13	1.45973952142572	1.79118138711773	0	2.24391590251981	2.72034080429596	0	0.599101946182672	1.4169343491808	2.63527070748272
2021-04-14	2.25596107856703	1.3433860403383	1.22714292901837	2.24391590251981	2.72034080429596	2.48784996274445	7.4887743272834	4.2508030475424	2.83025027427913
2021-04-15	0.66351796428442	0.447795346779434	0	1.1219579512599	0	1.24392498137222	1.49775486545668	2.8338686983616	2.76931915965525
2021-04-16	2.38866467142391	1.3433860403383	3.68142878705511	2.24391590251981	-2.72034080429596	0	2.69595875782202	4.2508030475424	2.63527070748272
2021-04-17	0	0	0	0	5.44068160859192	0	3.59461167709603	2.8338686983616	2.1478217904917
2021-04-18	0	0	0	0	0	1.24392498137222	0	1.4169343491808	1.06629450591786
2021-04-19	1.85785029999638	1.79118138711773	1.22714292901837	1.1219579512599	0	1.24392498137222	0	0	1.48367264109143
2021-04-20	1.72514670713949	1.3433860403383	1.22714292901837	3.36587385377971	2.72034080429596	0	0	1.4169343491808	2.56519992566526
2021-04-21	2.12325748571015	0.895590693558867	0	2.24391590251981	2.72034080429596	0	2.09685681163935	0	2.6931552663754
2021-04-22	0.796221557141304	0.447795346779434	0	0	2.72034080429596	1.24392498137222	0.898652919274008	1.4169343491808	2.85462272012868
2021-04-23	0.796221557141304	0	1.22714292901837	0	2.72034080429596	0	0	1.4169343491808	2.29100990985781
2021-04-24	0	0	0	0	0	0	1.19820389236534	0	2.31538235570736
2021-04-25	0	0	0	0	0	0	1.19820389236534	0	0.92310638655175
2021-04-26	2.12325748571015	0.447795346779434	2.45428585803674	3.36587385377971	0	1.24392498137222	0	0	1.4471139723171
2021-04-27	1.59244311428261	0.895590693558867	0	3.36587385377971	10.8813632171838	1.24392498137222	0	1.4169343491808	2.04119233989991
2021-04-28	1.59244311428261	2.23897673389717	1.22714292901837	3.36587385377971	0	0	1.79730583854802	5.6677373967232	2.98257806083882
2021-04-29	1.72514670713949	0.447795346779434	2.45428585803674	1.1219579512599	5.44068160859192	1.24392498137222	0.599101946182672	1.4169343491808	2.6962018221066
2021-04-30	1.59244311428261	0.895590693558867	-1.22714292901837	3.36587385377971	0	3.73177494411667	0.599101946182672	0	2.44943080787989
2021-05-01	0	0	0	0	2.72034080429596	1.24392498137222	1.19820389236534	0	2.27577713120184
2021-05-02	0	0	0	0	0	1.24392498137222	1.79730583854802	1.4169343491808	0.980990945444434
2021-05-03	1.06162874285507	0.895590693558867	2.45428585803674	2.24391590251981	0	0	0	0	1.45016052804829
2021-05-04	2.78677544999457	3.13456742745603	1.22714292901837	4.48783180503961	2.72034080429596	1.24392498137222	0.299550973091336	0	2.68096904345063
2021-05-05	1.45973952142572	0	0	0	2.72034080429596	0	0.898652919274008	4.2508030475424	2.48598947665422
2021-05-06	1.85785029999638	1.3433860403383	1.22714292901837	0	10.8813632171838	1.24392498137222	0	1.4169343491808	2.42810491776153
2021-05-07	1.45973952142572	2.23897673389717	1.22714292901837	0	0	0	0.599101946182672	0	2.30624268851378
2021-05-08	0	0	0	0	0	2.48784996274445	2.09685681163935	0	1.93151633357693
2021-05-09	0	0	0	0	0	0	0	0	0.782964822916831
2021-05-10	2.91947904285145	1.3433860403383	2.45428585803674	5.60978975629951	0	0	0	0	1.18511017943442
2021-05-11	0.928925149998189	1.3433860403383	0	2.24391590251981	8.16102241288789	2.48784996274445	0	4.2508030475424	2.08689067586782
2021-05-12	2.78677544999457	1.3433860403383	0	6.73174770755942	0	0	1.19820389236534	2.8338686983616	2.39763936044959
2021-05-13	1.59244311428261	1.3433860403383	1.22714292901837	1.1219579512599	8.16102241288789	3.73177494411667	0	0	2.31842891143855
2021-05-14	-0.66351796428442	-1.79118138711773	0	-1.1219579512599	0	0	0.898652919274008	1.4169343491808	1.91019044345857
2021-05-15	0	0	0	0	5.44068160859192	1.24392498137222	1.49775486545668	2.8338686983616	1.61162798180157
2021-05-16	0	0	0	0	0	1.24392498137222	1.49775486545668	2.8338686983616	0.822570047422351
2021-05-17	2.5213682642808	2.6867720806766	3.68142878705511	-1.1219579512599	0	2.48784996274445	0	2.8338686983616	1.1972964023592
2021-05-18	1.72514670713949	1.79118138711773	2.45428585803674	0	2.72034080429596	0	0	0	2.36717380313766
2021-05-19	2.65407185713768	1.79118138711773	1.22714292901837	4.48783180503961	8.16102241288789	0	1.19820389236534	2.8338686983616	2.02900611697513
2021-05-20	2.25596107856703	0.447795346779434	0	4.48783180503961	2.72034080429596	0	0.898652919274008	1.4169343491808	2.08079756440543
2021-05-21	1.59244311428261	1.79118138711773	2.45428585803674	2.24391590251981	0	0	0	0	1.88277144187783
2021-05-22	0	0	0	0	0	1.24392498137222	0.599101946182672	0	1.48671919682262
2021-05-23	0	0	0	0	0	0	0	2.8338686983616	0.597124923314003
2021-05-24	0.928925149998189	1.3433860403383	0	1.1219579512599	0	1.24392498137222	0	4.2508030475424	1.32220518733815
2021-05-25	1.72514670713949	1.3433860403383	0	5.60978975629951	2.72034080429596	0	0.599101946182672	0	1.97721466954484
2021-05-26	2.5213682642808	1.79118138711773	0	3.36587385377971	2.72034080429596	1.24392498137222	0.599101946182672	1.4169343491808	3.02218328534434
2021-05-27	1.72514670713949	2.23897673389717	3.68142878705511	3.36587385377971	2.72034080429596	1.24392498137222	0.299550973091336	1.4169343491808	4.13112957149892
2021-05-28	1.45973952142572	1.3433860403383	0	5.60978975629951	2.72034080429596	1.24392498137222	0	0	1.61772109326396
2021-05-29	0	0	0	0	2.72034080429596	1.24392498137222	0	0	1.0480151715307
2021-05-30	0	0	0	0	0	0	0	0	0.456983359679084
2021-05-31	0	0	0	0	0	0	0	0	0.52400758576535
2021-06-01	3.18488622856522	3.58236277423547	0	2.24391590251981	0	0	0	2.8338686983616	1.92542322211454
2021-06-02	1.59244311428261	1.3433860403383	0	2.24391590251981	2.72034080429596	0	1.19820389236534	1.4169343491808	1.71216432093097
2021-06-03	2.65407185713768	1.3433860403383	0	3.36587385377971	0	0	0.299550973091336	1.4169343491808	1.93456288930812
2021-06-04	1.99055389285326	0.895590693558867	0	3.36587385377971	0	3.73177494411667	0.599101946182672	0	1.58725553595202
2021-06-05	0	0	0	0	2.72034080429596	1.24392498137222	0.299550973091336	0	1.77918854701723
2021-06-06	0	0	0	0	0	0	0	0	0.502681695646992
2021-06-07	1.72514670713949	-1.79118138711773	4.90857171607349	2.24391590251981	0	0	0	0	0.962711611057271
2021-06-08	-9.42195509283877	2.6867720806766	-7.36285757411023	-49.3661498554357	2.72034080429596	0	0	1.4169343491808	0.971851278250852
2021-06-09	1.99055389285326	4.0301581210149	0	2.24391590251981	0	1.24392498137222	0.299550973091336	0	1.47453297389784
2021-06-10	1.32703592856884	3.13456742745603	3.68142878705511	-1.1219579512599	2.72034080429596	2.48784996274445	0.299550973091336	0	1.26127407271427
2021-06-11	1.59244311428261	1.3433860403383	0	0	2.72034080429596	0	0.599101946182672	0	1.62381420472635
2021-06-12	0	0	0	0	0	1.24392498137222	0.599101946182672	1.4169343491808	0.840849381809515
2021-06-13	0	0	0	0	0	0	0	0	0.325981463237747
2021-06-14	-4.37921856427718	0	0	-38.1465703428367	0	0	0	0	0.560566254539676
2021-06-15	2.38866467142391	1.3433860403383	2.45428585803674	2.24391590251981	0	0	0	0	0.999270279831597
2021-06-16	0.132703592856884	-3.58236277423547	3.68142878705511	0	0	0	0	1.4169343491808	1.16073773358487
2021-06-17	1.19433233571196	0.447795346779434	2.45428585803674	1.1219579512599	0	0	0	1.4169343491808	0.901780496433393
2021-06-18	1.32703592856884	0	2.45428585803674	2.24391590251981	2.72034080429596	0	0.299550973091336	1.4169343491808	1.8462127731035
2021-06-19	0	0	0	0	0	1.24392498137222	0	0	0.539240364421319
2021-06-20	0	0	0	0	0	1.24392498137222	0	0	0.228491679839542
2021-06-21	2.38866467142391	1.79118138711773	1.22714292901837	5.60978975629951	0	0	0	0	0.789057934379219
2021-06-22	0.66351796428442	0.447795346779434	0	-1.1219579512599	2.72034080429596	0	0	0	1.05410828299309
2021-06-23	6.10436527141667	15.6728371372802	0	2.24391590251981	-2.72034080429596	0	1.79730583854802	0	1.21862229247756
2021-06-24	1.19433233571196	0.895590693558867	3.68142878705511	0	0	0	0.299550973091336	0	1.04192206006831
2021-06-25	0.530814371427536	0	1.22714292901837	2.24391590251981	0	0	0.299550973091336	0	1.60553487033918
2021-06-26	0	0	0	0	0	0	0.299550973091336	0	0.478309249797441
2021-06-27	0	0	0	0	0	0	0	0	0.228491679839542
2021-06-28	1.19433233571196	0	0	4.48783180503961	2.72034080429596	1.24392498137222	0	0	0.444797136754309
2021-06-29	1.19433233571196	0.447795346779434	1.22714292901837	1.1219579512599	2.72034080429596	0	0	0	1.02668928141234
2021-06-30	1.32703592856884	1.3433860403383	3.68142878705511	-2.24391590251981	0	0	0	0	0.92310638655175
2021-07-01	1.06162874285507	0.447795346779434	1.22714292901837	1.1219579512599	2.72034080429596	1.24392498137222	0	0	0.865221827659066
2021-07-02	0.132703592856884	0	0	1.1219579512599	-2.72034080429596	0	0	0	1.32829829880054
2021-07-03	0	0	0	0	0	0	0	0	0.286376238732226
2021-07-04	0	0	0	0	0	0	0	0	0.12490878497895
2021-07-05	0	0	0	0	0	0	0	0	0.350353909087298
2021-07-06	2.78677544999457	1.79118138711773	3.68142878705511	6.73174770755942	2.72034080429596	1.24392498137222	0.599101946182672	1.4169343491808	0.917013275089362
2021-07-07	1.72514670713949	1.3433860403383	2.45428585803674	0	0	0	0	1.4169343491808	0.999270279831597
2021-07-08	1.72514670713949	0.447795346779434	0	2.24391590251981	0	1.24392498137222	0.299550973091336	0	0.749452709873698
2021-07-09	1.45973952142572	0.895590693558867	1.22714292901837	0	0	0	0.299550973091336	0	1.42883463792994
2021-07-10	0	0	0	0	0	0	0	0	0.265050348613869
2021-07-11	0	0	0	0	0	0	0	0	0.362540132012073
2021-07-12	0.398110778570652	0.895590693558867	0	1.1219579512599	0	0	0.299550973091336	1.4169343491808	0.697661262443402
2021-07-13	2.91947904285145	2.6867720806766	2.45428585803674	2.24391590251981	2.72034080429596	0	0	0	1.09371350749861
2021-07-14	0.66351796428442	0.447795346779434	0	0	0	0	0	1.4169343491808	0.999270279831597
2021-07-15	1.06162874285507	-0.447795346779434	0	2.24391590251981	0	4.97569992548889	0.299550973091336	0	1.07543417311144
2021-07-16	0.928925149998189	1.3433860403383	0	1.1219579512599	-2.72034080429596	0	0	1.4169343491808	1.38313630196203
2021-07-17	0	0	0	0	0	0	0	0	0.240677902764318
2021-07-18	0	0	0	0	0	0	0	0	0.265050348613869
2021-07-19	0.132703592856884	-1.3433860403383	1.22714292901837	0	0	1.24392498137222	0	0	0.581892144658034
2021-07-20	1.72514670713949	0	0	3.36587385377971	2.72034080429596	0	0	0	0.880454606315035
2021-07-21	0.928925149998189	0.447795346779434	0	0	0	0	0.299550973091336	0	1.10285317469219
2021-07-22	0.398110778570652	0	0	0	0	0	0.299550973091336	0	0.86826838339026
2021-07-23	0	0	0	0	2.72034080429596	1.24392498137222	1.49775486545668	0	1.696931542275
2021-07-24	1.59244311428261	0.447795346779434	2.45428585803674	2.24391590251981	0	0	0	0	0.3990988007864
2021-07-25	0	0	0	0	0	0	0	0	0.301609017388196
2021-07-26	1.45973952142572	0.447795346779434	0	0	0	0	0	1.4169343491808	0.789057934379219
2021-07-27	1.06162874285507	0	1.22714292901837	0	2.72034080429596	2.48784996274445	1.49775486545668	0	1.37399663476845
2021-07-28	0.398110778570652	-0.447795346779434	0	1.1219579512599	0	0	0	1.4169343491808	1.13636528773532
2021-07-29	2.5213682642808	0.895590693558867	2.45428585803674	2.24391590251981	0	2.48784996274445	0	1.4169343491808	0.974897833982046
2021-07-30	0.398110778570652	0	1.22714292901837	0	-2.72034080429596	0	0	0	2.6931552663754
2021-07-31	0	0	0	0	0	0	0	0	0.511821362840574
2021-08-01	0	0	0	0	0	0	0	0	0.676335372325044
2021-08-02	0.66351796428442	0	0	0	0	1.24392498137222	0	0	1.05410828299309
2021-08-03	1.19433233571196	0.895590693558867	3.68142878705511	1.1219579512599	5.44068160859192	0	1.49775486545668	0	1.76700232409246
2021-08-04	1.19433233571196	0.895590693558867	0	0	0	0	0.599101946182672	0	1.65732631776948
2021-08-05	1.32703592856884	0	1.22714292901837	1.1219579512599	0	0	0.299550973091336	0	1.57202275729605
2021-08-06	1.72514670713949	0.895590693558867	1.22714292901837	0	-5.44068160859192	0	1.19820389236534	0	3.45784075490507
2021-08-07	0	0	0	0	0	0	0.299550973091336	0	0.792104490110412
2021-08-08	0	0	0	0	0	0	0	0	0.380819466399237
2021-08-09	1.19433233571196	0.895590693558867	0	0	0	0	0	0	1.59334864741441
2021-08-10	1.32703592856884	0.447795346779434	1.22714292901837	1.1219579512599	0	1.24392498137222	1.19820389236534	0	2.54996714700929
2021-08-11	2.25596107856703	1.3433860403383	1.22714292901837	2.24391590251981	2.72034080429596	1.24392498137222	0.898652919274008	0	2.41591869483676
2021-08-12	1.45973952142572	-0.447795346779434	2.45428585803674	-1.1219579512599	0	1.24392498137222	0.898652919274008	1.4169343491808	3.13185929166732
2021-08-13	3.18488622856522	1.3433860403383	2.45428585803674	0	2.72034080429596	1.24392498137222	0	0	3.21106974067836
2021-08-14	0	0	0	0	0	0	0.898652919274008	0	0.810383824497576
2021-08-15	0	0	0	0	0	0	0	0	0.621497369163554
2021-08-16	1.19433233571196	0.447795346779434	0	1.1219579512599	0	0	0	0	3.12881273593613
2021-08-17	2.78677544999457	1.3433860403383	0	5.60978975629951	0	1.24392498137222	0	1.4169343491808	3.10139373435538
2021-08-18	3.71570059999275	1.3433860403383	1.22714292901837	0	0	0	2.99550973091336	2.8338686983616	3.67414621181984
2021-08-19	4.37921856427718	3.13456742745603	3.68142878705511	2.24391590251981	0	0	1.49775486545668	2.8338686983616	5.41677609006274
2021-08-20	3.45029341427899	1.79118138711773	1.22714292901837	0	0	1.24392498137222	2.09685681163935	0	4.4418782560807
2021-08-21	0	0	0	0	0	0	0.599101946182672	0	1.71825743239336
2021-08-22	0	0	0	0	0	0	0	0	0.642823259281912
2021-08-23	3.58299700713587	1.3433860403383	3.68142878705511	5.60978975629951	0	0	0	0	4.05191912248788
2021-08-24	4.51192215713406	2.23897673389717	3.68142878705511	4.48783180503961	0	1.24392498137222	0.898652919274008	0	4.33524880548891
2021-08-25	4.11381137856341	1.79118138711773	1.22714292901837	3.36587385377971	0	0	2.39640778473069	0	4.69778893750098
2021-08-26	3.05218263570833	0.895590693558867	2.45428585803674	2.24391590251981	0	1.24392498137222	2.99550973091336	4.2508030475424	6.73288816593851
2021-08-27	4.77732934284783	4.92574881457377	1.22714292901837	5.60978975629951	2.72034080429596	1.24392498137222	2.39640778473069	1.4169343491808	5.31319319520215
2021-08-28	0	0	0	0	0	0	0.898652919274008	0	1.96502844662006
2021-08-29	0	0	0	0	0	0	0	0	0.956618499594883
2021-08-30	3.58299700713587	2.23897673389717	2.45428585803674	2.24391590251981	0	0	1.49775486545668	0	5.21265685607275
2021-08-31	5.30814371427536	0.895590693558867	1.22714292901837	2.24391590251981	0	0	0.898652919274008	1.4169343491808	4.38704025291921
2021-09-01	4.91003293570471	2.6867720806766	3.68142878705511	6.73174770755942	2.72034080429596	0	5.99101946182672	1.4169343491808	6.21497369163554
2021-09-02	4.24651497142029	2.23897673389717	0	6.73174770755942	0	2.48784996274445	0.299550973091336	0	9.16708619516243
2021-09-03	6.36977245713044	2.6867720806766	3.68142878705511	8.97566361007922	0	1.24392498137222	0.599101946182672	1.4169343491808	5.89813189559138
2021-09-04	0	0	0	0	0	0	0.898652919274008	0	1.95893533515767
2021-09-05	0	0	0	0	0	0	0	0	1.26736718417666
2021-09-06	0	0	0	0	0	0	2.39640778473069	0	1.90714388772738
2021-09-07	6.90058682855797	3.58236277423547	1.22714292901837	2.24391590251981	-2.72034080429596	2.48784996274445	0	1.4169343491808	6.32464969795852
2021-09-08	6.36977245713044	1.79118138711773	1.22714292901837	6.73174770755942	2.72034080429596	1.24392498137222	1.19820389236534	0	7.04668340625148
2021-09-09	7.82951197855616	2.6867720806766	1.22714292901837	7.85370565881932	0	0	0.898652919274008	1.4169343491808	9.83732845602508
2021-09-10	9.02384431426812	6.26913485491207	8.5900005031286	0	0	0	3.59461167709603	1.4169343491808	7.50671332166175
2021-09-11	0	0	0	0	0	0	0.299550973091336	0	2.5438740355469
2021-09-12	0	0	0	0	0	0	0	0	1.13027217627293
2021-09-13	8.3603263499837	3.13456742745603	1.22714292901837	7.85370565881932	0	0	5.69146848873539	0	6.59883971376597
2021-09-14	7.43140119998551	4.0301581210149	2.45428585803674	6.73174770755942	0	1.24392498137222	1.49775486545668	2.8338686983616	5.83110766950511
2021-09-15	6.90058682855797	3.58236277423547	2.45428585803674	4.48783180503961	0	1.24392498137222	5.09236654255271	0	8.35974892639605
2021-09-16	7.43140119998551	0.895590693558867	3.68142878705511	3.36587385377971	0	1.24392498137222	3.2950607040047	0	10.5837346101676
2021-09-17	7.43140119998551	1.3433860403383	4.90857171607349	3.36587385377971	0	2.48784996274445	2.39640778473069	0	7.49148054300579
2021-09-18	0	0	0	0	0	0	1.19820389236534	0	3.02218328534434
2021-09-19	0	0	0	0	0	0	0	0	1.19424984662801
2021-09-20	9.28925149998189	4.92574881457377	3.68142878705511	5.60978975629951	0	1.24392498137222	0.898652919274008	4.2508030475424	7.03145062759551
2021-09-21	5.8389580857029	0	1.22714292901837	5.60978975629951	0	0	3.59461167709603	1.4169343491808	7.46710809715623
2021-09-22	7.69680838569928	2.23897673389717	4.90857171607349	1.1219579512599	5.44068160859192	2.48784996274445	1.79730583854802	0	8.19523491691158
2021-09-23	8.09491916426993	0.895590693558867	3.68142878705511	3.36587385377971	0	1.24392498137222	3.59461167709603	1.4169343491808	10.0780063587894
2021-09-24	7.96221557141305	2.6867720806766	0	4.48783180503961	5.44068160859192	1.24392498137222	2.09685681163935	0	7.54936510189847
2021-09-25	0	0	0	0	0	0	1.49775486545668	0	2.55910681420287
2021-09-26	0	0	0	0	0	0	0	0	1.74262987824291
2021-09-27	4.51192215713406	1.79118138711773	2.45428585803674	4.48783180503961	5.44068160859192	0	0.898652919274008	2.8338686983616	6.90349528688536
2021-09-28	8.3603263499837	3.13456742745603	3.68142878705511	3.36587385377971	0	3.73177494411667	0	0	7.65904110822145
2021-09-29	8.3603263499837	3.13456742745603	4.90857171607349	7.85370565881932	5.44068160859192	2.48784996274445	3.59461167709603	0	8.00330190584636
2021-09-30	9.55465868569565	3.58236277423547	1.22714292901837	6.73174770755942	0	2.48784996274445	3.59461167709603	0	8.57300782757962
2021-10-01	5.17544012141848	1.3433860403383	2.45428585803674	5.60978975629951	0	4.97569992548889	0.898652919274008	2.8338686983616	6.55923448926045
2021-10-02	0	0	0	0	0	0	0	0	2.5469205912781
2021-10-03	0	0	0	0	0	0	0	0	1.61162798180157
2021-10-04	5.57355089998913	3.13456742745603	3.68142878705511	2.24391590251981	0	1.24392498137222	2.69595875782202	2.8338686983616	5.86461978254825
2021-10-05	7.03329042141486	3.58236277423547	2.45428585803674	4.48783180503961	0	0	0.599101946182672	1.4169343491808	5.72447821891333
2021-10-06	7.43140119998551	1.3433860403383	6.13571464509186	5.60978975629951	0	2.48784996274445	3.59461167709603	1.4169343491808	8.10079168924456
2021-10-07	7.43140119998551	2.6867720806766	2.45428585803674	7.85370565881932	0	4.97569992548889	2.09685681163935	1.4169343491808	7.56459788055444
2021-10-08	6.6351796428442	2.23897673389717	2.45428585803674	2.24391590251981	5.44068160859192	2.48784996274445	0.599101946182672	1.4169343491808	5.52035898492334
2021-10-09	0	0	0	0	0	0	0	0	1.32829829880054
2021-10-10	0	0	0	0	0	0	0	0	1.45320708377949
2021-10-11	5.57355089998913	1.3433860403383	2.45428585803674	5.60978975629951	0	0	3.2950607040047	0	3.60712198573357
2021-10-12	-0.265407185713768	-0.447795346779434	0	0	0	4.97569992548889	3.89416265018737	0	6.97356606870282
2021-10-13	11.8106197642627	2.23897673389717	9.81714343214697	11.219579512599	2.72034080429596	0	1.19820389236534	1.4169343491808	9.78249045286359
2021-10-14	6.23706886427355	3.58236277423547	3.68142878705511	4.48783180503961	0	0	2.99550973091336	0	6.61407249242194
2021-10-15	4.64462574999094	2.6867720806766	4.90857171607349	2.24391590251981	2.72034080429596	2.48784996274445	2.39640778473069	0	5.52645209638572
2021-10-16	0	0	0	0	0	0	1.19820389236534	0	1.72130398812455
2021-10-17	0	0	0	0	0	0	0	0	1.40750874781158
2021-10-18	0	0	0	0	2.72034080429596	3.73177494411667	1.79730583854802	1.4169343491808	5.41982264579394
2021-10-19	11.8106197642627	7.16472554847094	6.13571464509186	7.85370565881932	0	1.24392498137222	0.299550973091336	1.4169343491808	5.96820267740884
2021-10-20	6.36977245713044	1.3433860403383	2.45428585803674	4.48783180503961	5.44068160859192	1.24392498137222	2.39640778473069	0	9.68500066946539
2021-10-21	6.10436527141667	2.6867720806766	3.68142878705511	10.0976215613391	0	0	1.49775486545668	1.4169343491808	6.11443735250615
2021-10-22	4.51192215713406	5.3735441613532	3.68142878705511	-2.24391590251981	2.72034080429596	1.24392498137222	0	0	5.66659366002064
2021-10-23	0	0	0	0	0	0	0	0	1.67255909642545
2021-10-24	0	0	0	0	0	0	0	0	0.786011378648025
2021-10-25	3.84840419284964	0.895590693558867	3.68142878705511	1.1219579512599	8.16102241288789	1.24392498137222	3.89416265018737	0	4.49976281497338
2021-10-26	4.11381137856341	0.895590693558867	2.45428585803674	0	0	3.73177494411667	0.599101946182672	1.4169343491808	4.81965116674874
2021-10-27	5.70625449284602	2.6867720806766	4.90857171607349	2.24391590251981	2.72034080429596	0	2.69595875782202	0	6.27285825052823
2021-10-28	4.11381137856341	2.6867720806766	1.22714292901837	6.73174770755942	0	2.48784996274445	0	1.4169343491808	5.63003499124632
2021-10-29	5.70625449284602	4.0301581210149	4.90857171607349	4.48783180503961	2.72034080429596	1.24392498137222	1.79730583854802	2.8338686983616	5.2370293019223
2021-10-30	0	0	0	0	0	0	0	0	1.16073773358487
2021-10-31	0	0	0	0	0	0	0	0	0.712894041099371
2021-11-01	4.11381137856341	2.23897673389717	2.45428585803674	3.36587385377971	0	0	1.49775486545668	1.4169343491808	3.89654478019699
2021-11-02	4.51192215713406	2.6867720806766	1.22714292901837	8.97566361007922	0	1.24392498137222	4.1937136232787	2.8338686983616	3.90873100312177
2021-11-03	4.51192215713406	2.23897673389717	1.22714292901837	4.48783180503961	2.72034080429596	0	0	0	5.97734234460242
2021-11-04	5.30814371427536	2.23897673389717	1.22714292901837	3.36587385377971	0	2.48784996274445	2.69595875782202	0	3.70461176913178
2021-11-05	4.11381137856341	3.58236277423547	3.68142878705511	3.36587385377971	0	1.24392498137222	1.49775486545668	0	6.46783781732464
2021-11-06	0	0	0	0	0	0	0	0	1.44102086085471
2021-11-07	0	0	0	0	0	0	0	0	0.624543924894748
2021-11-08	3.84840419284964	2.23897673389717	2.45428585803674	3.36587385377971	0	1.24392498137222	1.19820389236534	0	3.82952055411072
2021-11-09	4.11381137856341	1.3433860403383	3.68142878705511	1.1219579512599	0	1.24392498137222	2.69595875782202	0	4.37180747426324
2021-11-10	-0.132703592856884	-0.447795346779434	0	0	2.72034080429596	2.48784996274445	3.89416265018737	0	5.13039985133052
2021-11-11	0	0	0	0	0	0	0	0	2.68706215491301
2021-11-12	10.2181766499801	3.58236277423547	2.45428585803674	15.7074113176386	0	0	0	1.4169343491808	7.47624776434982
2021-11-13	0	0	0	0	0	0	2.39640778473069	0	1.73958332251171
2021-11-14	0	0	0	0	0	0	0	0	0.612357701969973
2021-11-15	7.43140119998551	1.3433860403383	3.68142878705511	4.48783180503961	8.16102241288789	2.48784996274445	0	1.4169343491808	3.97270867347684
2021-11-16	5.17544012141848	1.79118138711773	1.22714292901837	6.73174770755942	0	3.73177494411667	1.19820389236534	0	4.06410534541265
2021-11-17	3.58299700713587	0.895590693558867	0	5.60978975629951	0	0	0.898652919274008	0	5.02072384500754
2021-11-18	3.98110778570652	0.895590693558867	3.68142878705511	7.85370565881932	0	0	4.1937136232787	1.4169343491808	4.13112957149892
2021-11-19	3.18488622856522	2.6867720806766	1.22714292901837	6.73174770755942	5.44068160859192	0	2.99550973091336	0	5.45638131456826
2021-11-20	0	0	0	0	0	0	0	0	1.39227596915561
2021-11-21	0	0	0	0	0	0	0	0	0.670242260862657
2021-11-22	3.84840419284964	2.23897673389717	0	5.60978975629951	-2.72034080429596	0	1.79730583854802	0	3.86303266715386
2021-11-23	5.0427365285616	1.79118138711773	3.68142878705511	1.1219579512599	0	2.48784996274445	0	0	4.19815379758519
2021-11-24	4.11381137856341	0	4.90857171607349	5.60978975629951	2.72034080429596	1.24392498137222	0.599101946182672	0	5.21570341180395
2021-11-25	0	0	0	0	0	0	0	0	1.46234675097307
2021-11-26	0	0	0	0	0	1.24392498137222	0	0	1.13331873200413
2021-11-27	0	0	0	0	0	0	0	0	0.956618499594883
2021-11-28	0	0	0	0	0	0	0	0	0.752499265604892
2021-11-29	6.50247604998732	3.13456742745603	4.90857171607349	1.1219579512599	10.8813632171838	2.48784996274445	1.79730583854802	0	5.89508533986019
2021-11-30	6.10436527141667	2.23897673389717	6.13571464509186	8.97566361007922	0	1.24392498137222	2.99550973091336	0	5.03291006793231
2021-12-01	0	0	0	0	21.7627264343677	1.24392498137222	1.49775486545668	0	6.27590480625942
2021-12-02	10.2181766499801	6.26913485491207	8.5900005031286	11.219579512599	0	1.24392498137222	1.79730583854802	1.4169343491808	11.9089863532369
2021-12-03	4.37921856427718	1.79118138711773	1.22714292901837	3.36587385377971	5.44068160859192	2.48784996274445	1.19820389236534	0	4.81965116674874
2021-12-04	0	0	0	0	0	0	0	0	2.07470445294304
2021-12-05	0	0	0	0	0	0	0	0	1.18206362370323
2021-12-06	3.05218263570833	2.23897673389717	3.68142878705511	-1.1219579512599	8.16102241288789	0	0.299550973091336	0	4.31087635963936
2021-12-07	3.18488622856522	1.3433860403383	0	4.48783180503961	0	0	0	0	4.80441838809277
2021-12-08	4.91003293570471	2.23897673389717	2.45428585803674	1.1219579512599	13.6017040214798	0	1.79730583854802	0	5.56301076516005
2021-12-09	5.0427365285616	2.6867720806766	2.45428585803674	4.48783180503961	0	6.21962490686112	3.59461167709603	0	4.79527872089919
2021-12-10	2.5213682642808	2.6867720806766	0	2.24391590251981	10.8813632171838	3.73177494411667	1.49775486545668	2.8338686983616	5.49598653907378
2021-12-11	0	0	0	0	0	0	0	0	1.87363177468424
2021-12-12	0	0	0	0	0	0	0	0	1.07848072884264
2021-12-13	3.45029341427899	1.3433860403383	4.90857171607349	-1.1219579512599	8.16102241288789	2.48784996274445	1.19820389236534	0	4.2925970252522
2021-12-14	3.71570059999275	0.895590693558867	3.68142878705511	4.48783180503961	0	4.97569992548889	3.2950607040047	5.6677373967232	4.7404407177377
2021-12-15	3.58299700713587	0.447795346779434	1.22714292901837	2.24391590251981	19.0423856300717	3.73177494411667	1.19820389236534	0	6.87912284103581
2021-12-16	2.38866467142391	0.447795346779434	2.45428585803674	0	0	8.70747486960556	0.599101946182672	1.4169343491808	3.97575522920803
2021-12-17	2.78677544999457	0.447795346779434	6.13571464509186	2.24391590251981	13.6017040214798	4.97569992548889	1.19820389236534	2.8338686983616	5.66050054855825
2021-12-18	0	0	0	0	0	0	0	0	2.01072678258797
2021-12-19	0	0	0	0	0	0	0	0	0.910920163626974
2021-12-20	2.78677544999457	1.3433860403383	3.68142878705511	4.48783180503961	10.8813632171838	0	2.09685681163935	0	4.81660461101755
2021-12-21	3.98110778570652	1.3433860403383	6.13571464509186	2.24391590251981	0	2.48784996274445	1.79730583854802	1.4169343491808	6.00780790191436
2021-12-22	3.98110778570652	0.895590693558867	3.68142878705511	3.36587385377971	8.16102241288789	2.48784996274445	3.59461167709603	0	12.7924875152832
2021-12-23	3.84840419284964	3.13456742745603	1.22714292901837	3.36587385377971	0	4.97569992548889	2.99550973091336	0	4.26822457940265
2021-12-24	0	0	0	0	0	3.73177494411667	2.39640778473069	0	2.15391490195408
2021-12-25	0	0	0	0	0	0	0	0	0.70375437390579
2021-12-26	0	0	0	0	0	0	0	0	1.06324795018667
2021-12-27	2.25596107856703	0.895590693558867	1.22714292901837	1.1219579512599	24.4830672386637	0	0	2.8338686983616	5.47161409322423
2021-12-28	2.78677544999457	0.895590693558867	0	2.24391590251981	0	4.97569992548889	0.898652919274008	0	7.14721974538088
2021-12-29	2.25596107856703	0.447795346779434	0	2.24391590251981	10.8813632171838	3.73177494411667	1.49775486545668	1.4169343491808	7.18987152561759
2021-12-30	1.85785029999638	1.3433860403383	1.22714292901837	0	0	3.73177494411667	3.2950607040047	1.4169343491808	4.56374048532845
2021-12-31	0	0	0	0	0	6.21962490686112	2.39640778473069	0	2.23617190669632
2022-01-01	0	0	0	0	0	0	0	0	1.19424984662801
2022-01-02	0	0	0	0	0	0	0	0	1.16073773358487
2022-01-03	0	0	0	0	21.7627264343677	0	0	9.9185404442656	5.61784876832154
2022-01-04	7.43140119998551	4.0301581210149	6.13571464509186	6.73174770755942	0	12.4392498137222	2.09685681163935	2.8338686983616	7.07410240783222
2022-01-05	0	0	0	0	13.6017040214798	3.73177494411667	3.2950607040047	2.8338686983616	6.70242260862657
2022-01-06	8.62573353569747	3.13456742745603	4.90857171607349	11.219579512599	0	6.21962490686112	2.39640778473069	0	6.34292903234569
2022-01-07	3.98110778570652	1.3433860403383	3.68142878705511	6.73174770755942	19.0423856300717	6.21962490686112	0	4.2508030475424	7.34829242363967
2022-01-08	0	0	0	0	0	0	0	2.8338686983616	2.55910681420287
2022-01-09	0	0	0	0	0	0	0	0	1.7974678814044
2022-01-10	3.18488622856522	1.3433860403383	6.13571464509186	1.1219579512599	16.3220448257758	6.21962490686112	1.49775486545668	8.5016060950848	6.1357632426245
2022-01-11	-0.265407185713768	0	-1.22714292901837	0	0	13.6831747950945	0	5.6677373967232	7.67122733114623
2022-01-12	10.2181766499801	3.58236277423547	11.0442863611653	14.5854533663787	24.4830672386637	11.19532483235	5.99101946182672	4.2508030475424	8.61565960781633
2022-01-13	5.30814371427536	2.23897673389717	4.90857171607349	4.48783180503961	0	4.97569992548889	2.69595875782202	7.084671745904	7.71387911138294
2022-01-14	7.03329042141486	4.47795346779434	2.45428585803674	11.219579512599	10.8813632171838	6.21962490686112	3.2950607040047	14.169343491808	8.42372659675112
2022-01-15	0	0	0	0	0	0	0	0	3.04046261973151
2022-01-16	0	0	0	0	0	0	0	0	2.25749779681468
2022-01-17	0	0	0	0	0	0	1.49775486545668	0	3.12271962447374
2022-01-18	4.51192215713406	6.7169302016915	4.90857171607349	2.24391590251981	0	7.46354988823334	0	7.084671745904	8.1830486939868
2022-01-19	0	0	0	0	40.8051120644394	24.8784996274445	0.599101946182672	4.2508030475424	10.684270949297
2022-01-20	14.4646916214004	11.1948836694858	17.1800010062572	21.3172010739382	0	9.95139985097779	1.79730583854802	0	8.95078073824766
2022-01-21	8.22762275712681	7.61252089525037	8.5900005031286	13.4634954151188	27.2034080429596	9.95139985097779	1.79730583854802	5.6677373967232	10.3186842615537
2022-01-22	0.530814371427536	0	0	0	0	0	0	0	3.04046261973151
2022-01-23	0	0	0	0	0	0	0	0	2.16000801341647
2022-01-24	6.90058682855797	3.58236277423547	11.0442863611653	10.0976215613391	2.72034080429596	6.21962490686112	2.09685681163935	11.3354747934464	6.59579315803478
2022-01-25	0	0	0	0	0	18.6588747205834	5.99101946182672	4.2508030475424	9.79467667578837
2022-01-26	16.1898383285399	8.95590693558867	20.8614297933123	22.4391590251981	19.0423856300717	8.70747486960556	5.39191751564405	2.8338686983616	11.7444723437525
2022-01-27	0	0	0	0	0	11.19532483235	5.39191751564405	2.8338686983616	8.01548812877114
2022-01-28	15.7917275499692	8.95590693558867	15.9528580772388	23.561116976458	10.8813632171838	7.46354988823334	6.29057043491806	2.8338686983616	12.5487630567876
2022-01-29	0	0	0	0	0	0	0	0	3.61321509719596
2022-01-30	0	0	0	0	0	0	0	0	1.43492774939232
2022-01-31	10.2181766499801	4.0301581210149	14.7257151482205	19.0732851714183	5.44068160859192	6.21962490686112	6.59012140800939	0	7.98806912719039
2022-02-01	0	0	0	0	0	16.1710247578389	6.29057043491806	8.5016060950848	10.3034514828977
2022-02-02	9.156547907125	6.26913485491207	2.45428585803674	16.8293692688985	8.16102241288789	7.46354988823334	7.18922335419207	0	10.9462747421797
2022-02-03	0	0	0	0	0	6.21962490686112	7.4887743272834	1.4169343491808	7.54022543470489
2022-02-04	16.1898383285399	8.95590693558867	8.5900005031286	7.85370565881932	2.72034080429596	7.46354988823334	0	2.8338686983616	12.5061112765509
2022-02-05	0	0	0	0	0	0	0	0	2.74799326953689
2022-02-06	0	0	0	0	0	0	0	0	1.3953225248868
2022-02-07	17.5168742571087	18.3596092179568	18.4071439352756	19.0732851714183	2.72034080429596	0	15.2770996276581	15.5862778409888	9.34073987184048
2022-02-08	0	0	0	0	0	9.95139985097779	7.4887743272834	0	9.1305275263881
2022-02-09	12.606841321404	7.61252089525037	13.4985722192021	16.8293692688985	8.16102241288789	7.46354988823334	6.29057043491806	1.4169343491808	10.4892913825006
2022-02-10	0	0	0	0	0	16.1710247578389	0	0	9.99270279831597
2022-02-11	16.1898383285399	10.7470883227064	19.6342868642939	16.8293692688985	10.8813632171838	3.73177494411667	6.59012140800939	5.6677373967232	8.24397980861068
2022-02-12	0	0	0	0	0	0	0	0	2.47989636519183
2022-02-13	0	0	0	0	0	0	0	0	1.74262987824291
2022-02-14	7.43140119998551	4.47795346779434	8.5900005031286	13.4634954151188	2.72034080429596	11.19532483235	11.9820389236534	0	9.75811800701404
2022-02-15	0	0	0	0	0	6.21962490686112	0	0	7.95455701414726
2022-02-16	19.7728353356757	12.9860650566036	14.7257151482205	21.3172010739382	21.7627264343677	3.73177494411667	5.99101946182672	2.8338686983616	9.71241967104613
2022-02-17	0	0	0	0	0	11.19532483235	5.09236654255271	2.8338686983616	9.00866529714034
2022-02-18	0	0	0	0	2.72034080429596	6.21962490686112	4.79281556946138	1.4169343491808	7.62552899517832
2022-02-19	12.3414341356902	7.61252089525037	19.6342868642939	14.5854533663787	0	0	0	0	2.08079756440543
2022-02-20	0	0	0	0	0	0	0	0	1.33439141026293
2022-02-21	0	0	0	0	0	0	0	0	2.79673816123599
2022-02-22	0	0	0	0	0	3.73177494411667	8.08787627346607	1.4169343491808	6.62016560388433
2022-02-23	12.3414341356902	10.7470883227064	14.7257151482205	16.8293692688985	2.72034080429596	9.95139985097779	0	2.8338686983616	9.49002110266898
2022-02-24	3.05218263570833	0	0	0	0	7.46354988823334	4.1937136232787	0	9.04522396591467
2022-02-25	13.1376556928315	9.85149762914754	9.81714343214697	22.4391590251981	2.72034080429596	8.70747486960556	4.1937136232787	0	6.34597558807688
2022-02-26	0	0	0	0	0	0	0	0	2.31842891143855
2022-02-27	0	0	0	0	0	0	0	0	0.679381928056238
2022-02-28	4.64462574999094	4.92574881457377	-1.22714292901837	-1.1219579512599	0	1.24392498137222	4.79281556946138	1.4169343491808	6.55618793352926
2022-03-01	0	0	0	0	0	6.21962490686112	0	4.2508030475424	5.4411485359123
2022-03-02	11.6779161714058	6.26913485491207	9.81714343214697	11.219579512599	8.16102241288789	1.24392498137222	3.2950607040047	0	6.37948770112001
2022-03-03	0	0	0	0	0	1.24392498137222	1.49775486545668	0	5.22788963472872
2022-03-04	9.42195509283877	4.0301581210149	4.90857171607349	11.219579512599	5.44068160859192	4.97569992548889	3.2950607040047	0	5.35279841970767
2022-03-05	0	0	0	0	0	0	0	0	0.932246053745332
2022-03-06	0	0	0	0	0	0	0	0	0.645869815013106
2022-03-07	6.76788323570109	3.58236277423547	4.90857171607349	8.97566361007922	0	2.48784996274445	6.88967238110073	0	5.1395395185241
2022-03-08	0	0	0	0	0	2.48784996274445	0	4.2508030475424	4.32306258256414
2022-03-09	7.56410479284239	6.7169302016915	4.90857171607349	8.97566361007922	-2.72034080429596	4.97569992548889	2.69595875782202	0	6.17536846713002
2022-03-10	0	0	0	0	0	2.48784996274445	1.79730583854802	2.8338686983616	5.40458986713797
2022-03-11	6.6351796428442	5.3735441613532	4.90857171607349	5.60978975629951	5.44068160859192	2.48784996274445	2.09685681163935	0	5.04814284658828
2022-03-12	0	0	0	0	0	0	0	0	0.837802826078321
2022-03-13	0	0	0	0	0	0	0	0	0.584938700389228
2022-03-14	4.77732934284783	4.92574881457377	9.81714343214697	3.36587385377971	0	0	5.39191751564405	0	4.0397328995631
2022-03-15	0	0	0	0	0	3.73177494411667	0	0	3.31465263553896
2022-03-16	0	0	0	0	-2.72034080429596	1.24392498137222	2.39640778473069	1.4169343491808	5.63003499124632
2022-03-17	7.16599401427174	4.92574881457377	9.81714343214697	5.60978975629951	0	-1.24392498137222	2.99550973091336	0	4.60334570983397
2022-03-18	7.96221557141305	5.82133950813264	4.90857171607349	5.60978975629951	0	1.24392498137222	2.09685681163935	0	2.47989636519183
2022-03-19	0	0	0	0	0	0	0	0	0.865221827659066
2022-03-20	0	0	0	0	0	0	0	0	0.265050348613869
2022-03-21	2.91947904285145	2.6867720806766	2.45428585803674	2.24391590251981	-2.72034080429596	1.24392498137222	1.49775486545668	2.8338686983616	4.67036993592024
2022-03-22	0	0	0	0	0	3.73177494411667	0	0	1.72435054385574
2022-03-23	5.30814371427536	4.47795346779434	9.81714343214697	5.60978975629951	0	1.24392498137222	0.898652919274008	0	5.02377040073873
2022-03-24	-0.398110778570652	0	0	0	0	-1.24392498137222	0.599101946182672	2.8338686983616	2.63222415175152
2022-03-25	5.30814371427536	7.16472554847094	3.68142878705511	4.48783180503961	0	2.48784996274445	0.898652919274008	0	1.8949576648026
2022-03-26	0	0	0	0	0	0	0	0	0.460029915410278
2022-03-27	0	0	0	0	0	0	0	0	0.182793343871634
2022-03-28	2.91947904285145	4.47795346779434	0	1.1219579512599	0	1.24392498137222	2.69595875782202	0	3.1440455145921
2022-03-29	0	0	0	0	0	6.21962490686112	0	0	3.00085739522599
2022-03-30	3.18488622856522	2.6867720806766	2.45428585803674	0	2.72034080429596	0	1.19820389236534	0	3.55837709403447
2022-03-31	0	0	0	0	0	0	2.99550973091336	2.8338686983616	1.58725553595202
2022-04-01	4.24651497142029	4.47795346779434	8.5900005031286	0	0	2.48784996274445	2.69595875782202	0	2.5438740355469
2022-04-02	0	0	0	0	0	0	0	0	0.481355805528635
2022-04-03	0	0	0	0	0	0	0	0	0.17974678814044
2022-04-04	0.66351796428442	0	0	1.1219579512599	0	1.24392498137222	0	0	1.7944213256732
2022-04-05	0	0	0	0	0	2.48784996274445	4.1937136232787	0	1.56592964583366
2022-04-06	3.84840419284964	1.79118138711773	1.22714292901837	7.85370565881932	2.72034080429596	1.24392498137222	0	0	3.43651486478671
2022-04-07	0	0	0	0	0	0	0	0	2.52559470115974
2022-04-08	2.91947904285145	2.6867720806766	2.45428585803674	3.36587385377971	0	0	5.39191751564405	0	1.95893533515767
2022-04-09	0	0	0	0	0	0	0	0	0.441750581023115
2022-04-10	0	0	0	0	0	0	0	0	0.0761638932798474
2022-04-11	0	0	0	0	0	2.48784996274445	0	0	1.03278239287473
2022-04-12	0	0	0	0	0	2.48784996274445	0	0	1.87667833041544
2022-04-13	3.05218263570833	3.58236277423547	4.90857171607349	0	2.72034080429596	0	3.89416265018737	0	3.54619087110969
2022-04-14	0	0	0	0	0	1.24392498137222	0	0	1.49281230828501
2022-04-15	4.11381137856341	4.0301581210149	2.45428585803674	8.97566361007922	0	1.24392498137222	1.79730583854802	0	1.40750874781158
2022-04-16	0	0	0	0	0	0	0	0	0.16451400948447
2022-04-17	0	0	0	0	0	0	0	0	0.0335121130431328
2022-04-18	0.928925149998189	1.3433860403383	1.22714292901837	-1.1219579512599	0	0	0	0	0.795151045841606
2022-04-19	0	0	0	0	0	0	0.599101946182672	0	1.35267074465009
2022-04-20	3.18488622856522	1.3433860403383	3.68142878705511	1.1219579512599	2.72034080429596	2.48784996274445	0	0	2.72666737941854
2022-04-21	0	0	0	0	0	2.48784996274445	0	0	1.31001896441337
2022-04-22	0.928925149998189	2.23897673389717	2.45428585803674	-2.24391590251981	0	0	0.599101946182672	0	1.70302465373739
2022-04-23	0	0	0	0	0	0	0	2.8338686983616	0.155374342290889
2022-04-24	0	0	0	0	0	0	0	0	0.0974897833982046
2022-04-25	0	0	0	0	0	0	0	0	0.877408050583842
2022-04-26	1.45973952142572	0	2.45428585803674	3.36587385377971	0	1.24392498137222	0.898652919274008	0	0.999270279831597
2022-04-27	2.38866467142391	2.23897673389717	2.45428585803674	1.1219579512599	5.44068160859192	2.48784996274445	0	7.084671745904	2.4463842521487
2022-04-28	0	0	0	0	0	1.24392498137222	0	0	1.2490878497895
2022-04-29	2.25596107856703	4.0301581210149	1.22714292901837	6.73174770755942	0	1.24392498137222	0.599101946182672	0	1.31001896441337
2022-04-30	0	0	0	0	0	0	0	0	0.350353909087298
2022-05-01	0	0	0	0	0	0	0	0	0.0670242260862657
2022-05-02	0.265407185713768	0.447795346779434	0	0	0	1.24392498137222	0	0	0.883501162046229
2022-05-03	0	0	0	0	0	0	0.299550973091336	0	2.294056465589
2022-05-04	1.45973952142572	0.895590693558867	1.22714292901837	0	8.16102241288789	3.73177494411667	0	0	5.94078367582809
2022-05-05	0	0	0	0	0	2.48784996274445	0	0	0.941385720938913
2022-05-06	0	0	0	0	0	1.24392498137222	1.49775486545668	0	1.1455049549289
2022-05-07	0	0	0	0	0	0	0	0	0.56361281027087
2022-05-08	0	0	0	0	0	0	0	0	0.0761638932798474
2022-05-09	3.45029341427899	4.92574881457377	4.90857171607349	-1.1219579512599	0	0	0	0	0.755545821336086
2022-05-10	0	0	0	0	0	0	3.89416265018737	0	1.01145650275637
2022-05-11	3.71570059999275	2.23897673389717	1.22714292901837	6.73174770755942	2.72034080429596	1.24392498137222	0	0	2.82720371854793
2022-05-12	0	0	0	0	0	3.73177494411667	4.1937136232787	0	0.17974678814044
2022-05-13	2.78677544999457	3.13456742745603	0	3.36587385377971	0	1.24392498137222	0	0	0.609311146238779
2022-05-14	0	0	0	0	0	0	0	1.4169343491808	0.173653676678052
2022-05-15	0	0	0	0	0	0	0	0	0.100536339129399
2022-05-16	2.78677544999457	3.58236277423547	1.22714292901837	6.73174770755942	0	0	0	0	0.731173375486535
2022-05-17	0	0	0	0	0	2.48784996274445	1.79730583854802	1.4169343491808	1.17901706797204
2022-05-18	2.78677544999457	0.895590693558867	1.22714292901837	6.73174770755942	8.16102241288789	0	0	0	2.91555383475256
2022-05-19	0	0	0	0	0	0	1.49775486545668	0	0.993177168369209
2022-05-20	3.84840419284964	4.0301581210149	4.90857171607349	5.60978975629951	0	3.73177494411667	0	0	1.2490878497895
2022-05-21	0	0	0	0	0	0	0	0	0.210212345452379
2022-05-22	0	0	0	0	0	0	0	0	0.10967600632298
2022-05-23	1.19433233571196	0.895590693558867	1.22714292901837	-2.24391590251981	0	2.48784996274445	0	0	0.697661262443402
2022-05-24	0	0	0	0	0	2.48784996274445	0.599101946182672	0	1.04192206006831
2022-05-25	2.25596107856703	3.13456742745603	3.68142878705511	-1.1219579512599	5.44068160859192	1.24392498137222	0	0	3.25676807664627
2022-05-26	0	0	0	0	0	0	1.19820389236534	0	1.01450305848757
2022-05-27	4.11381137856341	5.3735441613532	2.45428585803674	3.36587385377971	0	0	0	0	1.68169876361903
2022-05-28	0	0	0	0	0	0	0	0	0.100536339129399
2022-05-29	0	0	0	0	0	0	0	0	0.0243724458495512
2022-05-30	0	0	0	0	0	0	0	0	0.0822570047422351
2022-05-31	0	0	0	0	0	2.48784996274445	1.19820389236534	0	1.04192206006831
2022-06-01	3.58299700713587	4.47795346779434	1.22714292901837	1.1219579512599	8.16102241288789	1.24392498137222	0	1.4169343491808	1.98635433673842
2022-06-02	0	0	0	0	0	1.24392498137222	3.2950607040047	4.2508030475424	0.965758166788464
2022-06-03	2.91947904285145	3.13456742745603	3.68142878705511	-1.1219579512599	0	2.48784996274445	0	0	1.19120329089681
2022-06-04	0	0	0	0	0	0	0	1.4169343491808	0.441750581023115
2022-06-05	0	0	0	0	0	0	0	0	0.0548380031614901
2022-06-06	2.38866467142391	1.3433860403383	1.22714292901837	2.24391590251981	0	0	0	0	0.828663158884739
2022-06-07	0	0	0	0	0	3.73177494411667	1.49775486545668	0	1.42883463792994
2022-06-08	0	0	0	0	8.16102241288789	1.24392498137222	0	1.4169343491808	3.63758754304551
2022-06-09	0	0	0	0	0	2.48784996274445	2.09685681163935	0	0.86826838339026
2022-06-10	7.96221557141305	7.16472554847094	11.0442863611653	4.48783180503961	0	0	0	0	1.09371350749861
2022-06-11	0	0	0	0	0	0	0	0	0.292469350194614
2022-06-12	0	0	0	0	0	0	0	0	0.0456983359679084
