date	state	King	Snohomish	Pierce	Ann Arbor	Boston	San Diego	DC
2020-01-26	0	0	0	0	0	0	0	0
2020-01-27	0	0	0	0	0	0	0	0
2020-01-28	0	0	0	0	0	0	0	0
2020-01-29	0	0	0	0	0	0	0	0
2020-01-30	0	0	0	0	0	0	0	0
2020-01-31	0	0	0	0	0	0	0	0
2020-02-01	0	0	0	0	0	0	0	0
2020-02-02	0	0	0	0	0	0	0	0
2020-02-03	0	0	0	0	0	0	0	0
2020-02-04	0	0	0	0	0	0	0	0
2020-02-05	0	0	0	0	0	0	0	0
2020-02-06	0	0	0	0	0	0	0	0
2020-02-07	0	0	0	0	0	0	0	0
2020-02-08	0	0	0	0	0	0	0	0
2020-02-09	0	0	0	0	0	0	0	0
2020-02-10	0	0	0	0	0	0	0	0
2020-02-11	0	0	1	0	0	0	0	0
2020-02-12	0	2	5	0	0	0	0	0
2020-02-13	0	5	9	0	0	0	0	0
2020-02-14	1	8	14	0	0	0	0	0
2020-02-15	4	12	19	0	0	0	0	0
2020-02-16	6	16	24	0	0	0	0	0
2020-02-17	8	21	30	0	0	0	0	0
2020-02-18	11	26	36	2	0	0	0	0
2020-02-19	14	31	43	4	1	0	0	0
2020-02-20	18	36	50	6	5	0	0	0
2020-02-21	21	42	57	8	9	0	0	0
2020-02-22	25	48	65	11	15	0	0	0
2020-02-23	29	55	74	14	20	1	1	0
2020-02-24	34	62	83	17	27	20	3	0
2020-02-25	38	69	93	20	33	42	4	0
2020-02-26	43	77	103	24	41	65	5	0
2020-02-27	49	86	114	27	49	91	7	3
2020-02-28	54	94	125	31	57	119	9	11
2020-02-29	60	104	136	36	67	150	11	20
2020-03-01	66	113	148	40	76	184	13	30
2020-03-02	73	123	161	45	87	220	15	41
2020-03-03	80	133	174	51	98	259	18	53
2020-03-04	87	144	187	56	110	302	21	66
2020-03-05	94	155	201	62	123	347	23	81
2020-03-06	102	166	215	68	136	396	26	96
2020-03-07	109	178	229	74	150	448	30	113
2020-03-08	117	189	243	81	165	504	33	132
2020-03-09	126	201	257	88	180	563	37	151
2020-03-10	134	213	271	95	197	625	41	173
2020-03-11	143	225	286	102	213	691	45	195
2020-03-12	151	237	300	110	231	760	49	219
2020-03-13	160	249	314	117	248	831	53	244
2020-03-14	169	261	327	125	266	905	58	270
2020-03-15	177	272	341	133	284	982	62	297
2020-03-16	186	284	354	140	302	1061	67	326
2020-03-17	194	295	366	148	321	1142	72	356
2020-03-18	202	306	378	156	339	1225	77	386
2020-03-19	210	316	389	164	357	1309	82	418
2020-03-20	218	326	399	171	374	1396	87	451
2020-03-21	226	336	409	179	391	1483	92	485
2020-03-22	233	345	417	186	408	1572	97	520
2020-03-23	240	354	425	193	424	1662	102	556
2020-03-24	246	361	431	200	440	1752	108	593
2020-03-25	252	369	437	206	454	1842	113	630
2020-03-26	257	375	442	212	468	1932	118	668
2020-03-27	262	381	445	218	481	2021	123	707
2020-03-28	267	386	447	223	492	2109	128	745
2020-03-29	271	391	449	227	502	2195	133	783
2020-03-30	274	395	449	231	511	2279	137	822
2020-03-31	277	398	448	234	518	2361	142	860
2020-04-01	280	401	446	237	524	2439	146	898
2020-04-02	282	403	443	239	528	2514	151	935
2020-04-03	283	404	439	240	532	2585	155	972
2020-04-04	284	405	435	241	533	2652	159	1008
2020-04-05	284	405	430	241	534	2713	163	1044
2020-04-06	284	404	424	241	534	2769	167	1078
2020-04-07	284	403	418	240	532	2820	171	1112
2020-04-08	283	401	411	239	529	2865	174	1145
2020-04-09	282	398	404	238	525	2904	178	1176
2020-04-10	281	395	396	236	520	2938	182	1207
2020-04-11	279	391	388	233	515	2965	185	1236
2020-04-12	277	387	379	231	508	2987	189	1265
2020-04-13	275	383	371	228	501	3003	192	1292
2020-04-14	272	378	362	225	493	3013	195	1317
2020-04-15	269	373	353	221	484	3016	198	1342
2020-04-16	267	367	343	218	475	3013	201	1365
2020-04-17	264	361	334	214	466	3004	204	1386
2020-04-18	261	355	325	211	456	2989	207	1407
2020-04-19	258	349	315	207	445	2967	210	1425
2020-04-20	255	342	306	203	434	2938	213	1442
2020-04-21	252	336	297	200	423	2904	216	1458
2020-04-22	249	329	288	196	412	2864	218	1472
2020-04-23	246	322	279	192	401	2818	221	1484
2020-04-24	243	315	270	188	389	2768	223	1494
2020-04-25	240	308	261	185	378	2714	225	1503
2020-04-26	237	301	253	181	366	2655	228	1510
2020-04-27	234	294	244	178	355	2594	230	1515
2020-04-28	231	286	236	174	343	2529	232	1518
2020-04-29	229	279	228	171	332	2462	234	1519
2020-04-30	226	272	220	167	321	2393	235	1519
2020-05-01	224	265	212	164	310	2322	237	1516
2020-05-02	222	258	205	161	299	2249	239	1512
2020-05-03	220	251	197	158	289	2176	240	1506
2020-05-04	218	244	190	154	279	2101	241	1497
2020-05-05	217	238	183	151	269	2027	243	1487
2020-05-06	215	231	176	149	259	1952	244	1476
2020-05-07	214	225	170	146	250	1876	245	1462
2020-05-08	213	219	164	143	241	1801	246	1447
2020-05-09	212	213	158	141	232	1727	247	1430
2020-05-10	212	207	153	139	223	1653	248	1412
2020-05-11	212	201	147	136	215	1579	250	1393
2020-05-12	212	196	142	135	207	1507	251	1372
2020-05-13	213	191	138	133	199	1436	252	1351
2020-05-14	214	187	133	131	192	1366	254	1328
2020-05-15	215	183	129	130	185	1298	256	1304
2020-05-16	216	179	126	129	178	1232	257	1279
2020-05-17	218	176	123	128	172	1168	260	1253
2020-05-18	221	173	120	127	166	1106	262	1227
2020-05-19	223	170	117	127	160	1046	265	1200
2020-05-20	226	168	115	126	155	989	268	1172
2020-05-21	230	166	113	126	150	934	271	1144
2020-05-22	233	165	112	126	145	881	275	1115
2020-05-23	237	164	111	127	141	830	279	1086
2020-05-24	242	164	110	127	137	782	283	1057
2020-05-25	246	164	110	128	133	736	289	1027
2020-05-26	251	164	110	129	130	692	294	998
2020-05-27	256	165	110	130	127	651	301	968
2020-05-28	261	166	111	131	125	611	307	939
2020-05-29	267	168	113	133	123	574	315	910
2020-05-30	273	170	114	135	121	539	323	881
2020-05-31	279	173	116	137	120	506	332	852
2020-06-01	285	176	119	140	120	476	342	824
2020-06-02	292	179	122	143	120	447	352	797
2020-06-03	299	183	125	146	120	420	363	770
2020-06-04	306	188	128	150	121	396	375	744
2020-06-05	314	192	132	154	123	373	388	718
2020-06-06	322	197	137	159	125	352	401	694
2020-06-07	330	203	142	164	127	333	415	670
2020-06-08	338	209	147	170	130	315	430	647
2020-06-09	347	215	152	176	134	299	445	625
2020-06-10	356	222	158	182	138	285	461	604
2020-06-11	365	229	164	189	142	272	478	584
2020-06-12	374	236	171	197	147	261	495	566
2020-06-13	384	244	177	205	153	251	513	548
2020-06-14	394	252	184	214	159	243	531	532
2020-06-15	404	261	192	223	165	235	550	517
2020-06-16	415	269	200	232	172	229	570	504
2020-06-17	426	279	208	242	180	225	590	492
2020-06-18	437	288	216	253	188	221	610	481
2020-06-19	448	297	224	264	196	218	630	471
2020-06-20	459	307	233	275	205	217	650	463
2020-06-21	471	317	241	287	214	216	671	456
2020-06-22	482	327	250	299	223	216	691	450
2020-06-23	494	337	259	312	232	217	711	446
2020-06-24	506	346	267	325	242	219	731	443
2020-06-25	518	356	276	338	252	222	750	441
2020-06-26	529	366	285	352	262	225	769	440
2020-06-27	541	375	294	365	272	229	787	441
2020-06-28	553	385	303	379	281	234	804	442
2020-06-29	564	394	311	393	291	239	821	444
2020-06-30	576	403	320	407	301	244	836	448
2020-07-01	587	412	328	421	310	250	851	452
2020-07-02	597	421	337	436	319	256	865	457
2020-07-03	608	429	345	450	328	263	878	463
2020-07-04	618	437	353	464	336	270	890	469
2020-07-05	628	445	360	478	345	277	901	476
2020-07-06	637	452	368	491	352	285	911	484
2020-07-07	646	459	375	505	359	293	920	492
2020-07-08	654	466	381	517	366	301	928	500
2020-07-09	662	472	388	530	371	310	935	508
2020-07-10	669	478	394	542	377	319	940	517
2020-07-11	676	484	399	554	381	327	944	526
2020-07-12	681	489	404	565	385	336	948	535
2020-07-13	686	493	409	575	388	345	949	543
2020-07-14	691	497	413	585	390	354	950	552
2020-07-15	694	501	416	594	391	363	949	560
2020-07-16	697	504	420	602	392	373	948	569
2020-07-17	699	507	422	609	392	382	946	577
2020-07-18	700	509	424	615	392	391	942	584
2020-07-19	701	511	426	621	391	401	938	591
2020-07-20	701	512	427	625	390	410	933	598
2020-07-21	700	513	427	628	388	420	928	604
2020-07-22	699	514	427	631	386	430	922	610
2020-07-23	697	514	427	632	384	439	915	615
2020-07-24	694	514	426	633	381	449	908	619
2020-07-25	691	513	425	632	379	458	900	623
2020-07-26	687	512	423	631	376	467	892	627
2020-07-27	682	511	420	628	373	477	884	630
2020-07-28	677	509	418	625	370	485	875	632
2020-07-29	672	507	415	620	367	494	866	634
2020-07-30	666	505	411	615	363	503	856	635
2020-07-31	659	503	407	609	360	511	846	636
2020-08-01	652	500	403	603	357	519	836	636
2020-08-02	645	497	399	596	354	526	826	635
2020-08-03	638	494	394	588	350	534	816	634
2020-08-04	630	491	389	579	347	541	806	633
2020-08-05	622	487	384	570	344	547	796	631
2020-08-06	613	483	379	561	341	554	786	629
2020-08-07	605	479	373	551	338	560	776	626
2020-08-08	596	474	368	541	334	565	766	622
2020-08-09	587	470	362	531	332	570	756	619
2020-08-10	578	465	356	520	329	575	747	614
2020-08-11	569	460	351	509	326	579	737	610
2020-08-12	560	454	345	498	324	583	728	605
2020-08-13	551	449	339	487	322	586	719	599
2020-08-14	542	443	333	476	320	589	711	594
2020-08-15	533	437	327	465	318	591	702	588
2020-08-16	524	431	321	454	317	593	694	582
2020-08-17	515	425	315	443	317	595	687	576
2020-08-18	507	418	309	432	316	596	679	569
2020-08-19	498	411	303	421	317	597	672	563
2020-08-20	490	405	297	411	317	598	666	556
2020-08-21	482	398	291	401	318	598	659	550
2020-08-22	474	391	285	391	320	599	653	543
2020-08-23	467	384	280	382	322	599	647	537
2020-08-24	459	377	274	373	325	599	642	530
2020-08-25	452	370	269	364	328	599	637	524
2020-08-26	446	363	264	356	331	599	631	518
2020-08-27	439	356	259	349	336	599	627	512
2020-08-28	434	350	254	342	340	599	622	506
2020-08-29	428	343	249	335	345	599	617	500
2020-08-30	423	337	245	329	351	599	613	494
2020-08-31	418	331	241	324	358	600	609	489
2020-09-01	413	326	238	319	365	600	605	484
2020-09-02	409	320	235	314	372	601	601	479
2020-09-03	406	315	232	310	380	602	597	474
2020-09-04	403	311	230	307	389	603	593	470
2020-09-05	400	306	228	304	398	605	589	466
2020-09-06	398	303	226	302	408	607	585	462
2020-09-07	396	299	225	301	419	609	581	459
2020-09-08	395	296	225	300	430	612	577	456
2020-09-09	394	294	225	300	442	615	573	453
2020-09-10	394	292	225	300	455	618	569	451
2020-09-11	394	291	226	302	469	622	565	449
2020-09-12	394	290	228	303	483	627	561	447
2020-09-13	395	290	230	306	498	632	557	445
2020-09-14	397	291	233	308	514	637	554	444
2020-09-15	399	292	236	312	531	643	550	443
2020-09-16	401	293	240	316	549	649	546	442
2020-09-17	404	296	245	321	567	656	542	441
2020-09-18	407	298	250	326	586	664	539	441
2020-09-19	411	302	256	332	606	673	535	441
2020-09-20	415	306	262	338	627	682	532	442
2020-09-21	419	311	269	345	649	691	528	443
2020-09-22	424	316	277	352	671	702	525	444
2020-09-23	429	322	286	360	694	713	521	446
2020-09-24	435	329	295	368	717	726	518	448
2020-09-25	441	336	305	377	742	739	515	451
2020-09-26	448	344	315	386	767	753	513	454
2020-09-27	455	353	326	397	793	768	510	458
2020-09-28	463	362	338	407	820	783	508	462
2020-09-29	472	372	351	419	848	800	507	467
2020-09-30	481	383	364	430	877	818	506	472
2020-10-01	491	395	378	443	907	838	505	478
2020-10-02	501	407	393	456	938	858	505	484
2020-10-03	512	421	408	470	970	879	505	491
2020-10-04	524	435	424	484	1003	902	506	498
2020-10-05	537	450	441	500	1037	926	507	506
2020-10-06	551	466	459	515	1073	951	510	515
2020-10-07	565	483	477	532	1109	978	513	524
2020-10-08	581	500	496	549	1146	1005	517	534
2020-10-09	597	519	516	568	1184	1034	521	545
2020-10-10	615	539	537	587	1222	1065	527	556
2020-10-11	634	561	558	607	1262	1097	534	569
2020-10-12	654	583	581	628	1302	1130	542	582
2020-10-13	675	607	604	649	1342	1164	551	596
2020-10-14	697	632	628	672	1384	1200	562	611
2020-10-15	721	658	652	696	1426	1237	574	627
2020-10-16	746	686	678	721	1468	1275	588	643
2020-10-17	772	714	704	747	1512	1315	603	661
2020-10-18	800	744	732	773	1555	1355	620	680
2020-10-19	829	775	760	801	1600	1397	638	700
2020-10-20	859	806	789	830	1645	1439	659	721
2020-10-21	890	839	819	860	1690	1483	681	743
2020-10-22	923	873	849	891	1737	1527	706	766
2020-10-23	957	908	881	924	1783	1573	733	790
2020-10-24	992	945	913	957	1830	1619	762	815
2020-10-25	1029	982	947	992	1878	1666	794	842
2020-10-26	1067	1020	981	1027	1926	1714	828	869
2020-10-27	1107	1058	1016	1064	1975	1763	864	898
2020-10-28	1147	1098	1052	1102	2024	1812	903	928
2020-10-29	1188	1138	1088	1140	2073	1863	945	959
2020-10-30	1231	1178	1125	1179	2122	1914	990	991
2020-10-31	1274	1219	1162	1219	2171	1966	1038	1024
2020-11-01	1317	1260	1199	1260	2219	2019	1089	1058
2020-11-02	1361	1300	1237	1301	2268	2073	1143	1093
2020-11-03	1406	1341	1274	1342	2316	2128	1200	1128
2020-11-04	1450	1381	1311	1383	2363	2184	1260	1165
2020-11-05	1495	1420	1349	1425	2409	2241	1323	1202
2020-11-06	1540	1460	1386	1466	2453	2299	1390	1240
2020-11-07	1584	1498	1422	1508	2496	2357	1460	1278
2020-11-08	1628	1536	1459	1549	2537	2417	1532	1317
2020-11-09	1672	1572	1495	1589	2576	2478	1609	1356
2020-11-10	1715	1608	1531	1629	2613	2540	1688	1395
2020-11-11	1758	1643	1566	1669	2647	2603	1770	1435
2020-11-12	1799	1677	1601	1708	2679	2667	1855	1475
2020-11-13	1840	1709	1635	1746	2708	2732	1943	1514
2020-11-14	1880	1740	1669	1783	2735	2799	2034	1554
2020-11-15	1918	1769	1702	1819	2759	2866	2127	1594
2020-11-16	1956	1797	1733	1854	2781	2935	2222	1633
2020-11-17	1992	1823	1764	1888	2799	3005	2320	1672
2020-11-18	2026	1848	1794	1921	2814	3076	2421	1711
2020-11-19	2059	1871	1823	1952	2827	3149	2523	1749
2020-11-20	2091	1892	1850	1982	2836	3223	2627	1787
2020-11-21	2120	1911	1876	2011	2842	3298	2734	1825
2020-11-22	2148	1928	1901	2037	2845	3375	2842	1861
2020-11-23	2174	1943	1925	2062	2844	3453	2952	1897
2020-11-24	2198	1955	1947	2086	2840	3532	3064	1932
2020-11-25	2220	1966	1968	2107	2832	3612	3177	1966
2020-11-26	2239	1975	1987	2127	2823	3692	3291	1999
2020-11-27	2257	1982	2004	2145	2810	3772	3407	2032
2020-11-28	2274	1987	2020	2161	2795	3852	3524	2063
2020-11-29	2288	1990	2035	2175	2777	3931	3642	2093
2020-11-30	2300	1992	2048	2188	2758	4008	3760	2122
2020-12-01	2310	1992	2059	2198	2737	4084	3879	2150
2020-12-02	2318	1991	2069	2207	2714	4158	3999	2177
2020-12-03	2325	1988	2076	2214	2689	4230	4118	2202
2020-12-04	2329	1983	2082	2219	2662	4300	4237	2227
2020-12-05	2332	1976	2086	2222	2634	4368	4355	2250
2020-12-06	2332	1968	2089	2223	2604	4433	4472	2272
2020-12-07	2331	1958	2089	2223	2573	4495	4588	2292
2020-12-08	2327	1947	2087	2220	2541	4554	4702	2312
2020-12-09	2322	1934	2084	2217	2508	4611	4814	2330
2020-12-10	2316	1920	2079	2211	2475	4665	4924	2347
2020-12-11	2308	1905	2073	2205	2440	4715	5032	2364
2020-12-12	2300	1890	2065	2198	2406	4763	5136	2379
2020-12-13	2290	1874	2056	2190	2371	4809	5237	2394
2020-12-14	2280	1857	2047	2182	2336	4851	5334	2408
2020-12-15	2269	1841	2036	2173	2302	4891	5428	2421
2020-12-16	2258	1824	2025	2164	2269	4929	5517	2433
2020-12-17	2247	1808	2013	2156	2236	4963	5602	2445
2020-12-18	2236	1792	2001	2147	2204	4995	5681	2457
2020-12-19	2225	1777	1988	2139	2173	5025	5756	2468
2020-12-20	2214	1763	1976	2132	2143	5051	5825	2478
2020-12-21	2205	1750	1963	2126	2115	5076	5888	2489
2020-12-22	2195	1738	1951	2120	2089	5097	5945	2498
2020-12-23	2187	1726	1938	2116	2064	5116	5995	2508
2020-12-24	2178	1716	1925	2112	2040	5132	6040	2517
2020-12-25	2170	1706	1912	2109	2018	5145	6077	2525
2020-12-26	2163	1697	1899	2106	1997	5155	6107	2532
2020-12-27	2155	1689	1885	2104	1978	5162	6130	2539
2020-12-28	2148	1682	1871	2103	1959	5165	6145	2544
2020-12-29	2141	1674	1856	2102	1942	5165	6153	2548
2020-12-30	2133	1667	1841	2100	1926	5161	6152	2551
2020-12-31	2125	1659	1825	2099	1911	5153	6144	2552
2021-01-01	2115	1651	1807	2096	1896	5141	6127	2552
2021-01-02	2105	1642	1788	2093	1882	5123	6102	2550
2021-01-03	2092	1631	1768	2089	1869	5100	6068	2546
2021-01-04	2078	1619	1746	2083	1856	5072	6025	2540
2021-01-05	2062	1605	1723	2075	1843	5039	5974	2532
2021-01-06	2045	1590	1699	2066	1830	5001	5914	2522
2021-01-07	2025	1574	1673	2056	1818	4957	5847	2510
2021-01-08	2004	1556	1645	2044	1805	4910	5772	2496
2021-01-09	1982	1537	1617	2031	1793	4857	5691	2481
2021-01-10	1958	1516	1588	2016	1782	4801	5603	2463
2021-01-11	1933	1495	1558	2000	1770	4740	5509	2444
2021-01-12	1906	1472	1528	1983	1758	4676	5409	2423
2021-01-13	1878	1449	1497	1965	1747	4608	5305	2400
2021-01-14	1849	1424	1465	1945	1735	4537	5195	2376
2021-01-15	1820	1399	1433	1925	1724	4463	5081	2350
2021-01-16	1789	1373	1401	1903	1712	4385	4962	2323
2021-01-17	1757	1346	1369	1881	1701	4305	4840	2294
2021-01-18	1724	1319	1336	1857	1689	4223	4715	2264
2021-01-19	1691	1291	1304	1833	1678	4138	4588	2232
2021-01-20	1657	1262	1272	1808	1665	4052	4458	2200
2021-01-21	1623	1233	1240	1781	1653	3964	4326	2166
2021-01-22	1588	1204	1209	1755	1640	3874	4193	2131
2021-01-23	1553	1175	1178	1727	1626	3784	4060	2096
2021-01-24	1517	1145	1147	1699	1611	3693	3927	2060
2021-01-25	1482	1116	1117	1671	1596	3602	3795	2023
2021-01-26	1447	1087	1087	1642	1579	3511	3663	1986
2021-01-27	1411	1058	1058	1613	1562	3421	3532	1949
2021-01-28	1376	1029	1030	1583	1543	3331	3403	1911
2021-01-29	1341	1001	1002	1554	1524	3242	3276	1874
2021-01-30	1307	973	975	1524	1504	3154	3151	1837
2021-01-31	1273	945	949	1495	1483	3068	3028	1801
2021-02-01	1239	918	923	1466	1462	2983	2908	1765
2021-02-02	1206	892	898	1438	1439	2901	2790	1730
2021-02-03	1174	867	874	1410	1417	2821	2676	1696
2021-02-04	1143	842	851	1382	1394	2743	2564	1663
2021-02-05	1112	819	828	1355	1371	2668	2455	1630
2021-02-06	1083	795	806	1329	1348	2595	2350	1599
2021-02-07	1054	773	785	1303	1326	2524	2247	1568
2021-02-08	1026	752	765	1278	1303	2457	2148	1539
2021-02-09	999	732	745	1253	1281	2392	2052	1512
2021-02-10	972	712	726	1230	1260	2330	1959	1485
2021-02-11	947	694	708	1207	1239	2271	1870	1460
2021-02-12	923	676	690	1186	1220	2215	1784	1437
2021-02-13	900	660	673	1165	1201	2163	1702	1415
2021-02-14	879	644	657	1145	1184	2114	1624	1395
2021-02-15	858	630	642	1127	1168	2068	1549	1377
2021-02-16	839	617	627	1110	1153	2026	1478	1360
2021-02-17	821	605	613	1094	1140	1987	1410	1345
2021-02-18	804	594	599	1079	1129	1951	1346	1331
2021-02-19	788	585	587	1065	1120	1918	1285	1319
2021-02-20	774	576	575	1052	1113	1889	1228	1309
2021-02-21	760	569	564	1041	1108	1862	1174	1299
2021-02-22	748	563	554	1031	1105	1838	1123	1291
2021-02-23	737	559	545	1022	1105	1817	1075	1283
2021-02-24	727	555	536	1014	1108	1799	1030	1277
2021-02-25	718	553	529	1008	1113	1784	987	1272
2021-02-26	711	552	522	1003	1122	1771	948	1267
2021-02-27	705	553	517	999	1133	1761	911	1263
2021-02-28	700	555	513	997	1148	1753	876	1259
2021-03-01	696	558	510	996	1166	1748	844	1256
2021-03-02	693	562	508	997	1188	1746	814	1254
2021-03-03	692	567	507	999	1213	1745	786	1251
2021-03-04	692	574	507	1002	1242	1747	759	1249
2021-03-05	693	582	509	1007	1273	1750	735	1248
2021-03-06	695	590	512	1013	1308	1756	713	1246
2021-03-07	698	600	515	1020	1345	1763	692	1245
2021-03-08	702	611	520	1028	1385	1771	673	1244
2021-03-09	707	623	527	1037	1428	1781	655	1242
2021-03-10	713	635	534	1048	1473	1792	639	1241
2021-03-11	720	648	542	1059	1521	1805	624	1240
2021-03-12	728	663	551	1072	1572	1818	610	1239
2021-03-13	737	677	562	1085	1625	1832	597	1238
2021-03-14	746	693	573	1100	1680	1847	586	1236
2021-03-15	757	709	586	1115	1736	1862	575	1234
2021-03-16	768	726	599	1132	1795	1877	565	1232
2021-03-17	780	743	614	1149	1855	1893	555	1230
2021-03-18	793	761	629	1167	1916	1908	547	1228
2021-03-19	806	779	645	1185	1977	1923	539	1225
2021-03-20	819	797	662	1204	2038	1937	532	1222
2021-03-21	834	815	679	1223	2099	1950	525	1219
2021-03-22	848	833	697	1243	2158	1962	519	1215
2021-03-23	863	851	715	1263	2217	1972	513	1211
2021-03-24	878	869	734	1284	2274	1981	508	1207
2021-03-25	894	887	753	1305	2328	1988	503	1202
2021-03-26	909	905	771	1325	2380	1993	499	1197
2021-03-27	925	922	790	1346	2429	1995	494	1192
2021-03-28	940	939	809	1367	2474	1995	490	1185
2021-03-29	956	956	828	1388	2515	1993	485	1179
2021-03-30	972	973	846	1409	2553	1988	481	1171
2021-03-31	987	989	865	1430	2585	1980	477	1163
2021-04-01	1003	1004	883	1451	2614	1969	472	1154
2021-04-02	1018	1019	900	1471	2637	1957	468	1145
2021-04-03	1033	1033	917	1492	2656	1942	464	1135
2021-04-04	1047	1047	934	1512	2670	1924	459	1124
2021-04-05	1061	1060	950	1531	2679	1905	454	1113
2021-04-06	1075	1073	965	1550	2683	1883	449	1101
2021-04-07	1088	1084	980	1569	2681	1859	444	1088
2021-04-08	1101	1095	993	1588	2674	1833	439	1075
2021-04-09	1113	1105	1006	1605	2662	1806	434	1061
2021-04-10	1124	1114	1018	1622	2643	1776	428	1047
2021-04-11	1135	1122	1029	1639	2619	1744	422	1032
2021-04-12	1145	1129	1039	1655	2588	1711	416	1016
2021-04-13	1154	1135	1048	1670	2552	1676	410	999
2021-04-14	1162	1140	1056	1684	2511	1640	404	982
2021-04-15	1169	1144	1063	1697	2465	1603	397	965
2021-04-16	1176	1147	1069	1709	2415	1564	391	947
2021-04-17	1181	1148	1074	1720	2361	1525	384	928
2021-04-18	1186	1149	1077	1730	2305	1485	378	909
2021-04-19	1189	1148	1080	1738	2245	1445	371	890
2021-04-20	1192	1146	1081	1745	2183	1404	365	871
2021-04-21	1193	1143	1081	1751	2119	1364	359	851
2021-04-22	1194	1138	1081	1755	2053	1323	353	831
2021-04-23	1193	1132	1079	1758	1986	1282	347	811
2021-04-24	1192	1125	1076	1759	1918	1241	341	791
2021-04-25	1189	1117	1071	1759	1849	1200	336	771
2021-04-26	1185	1107	1066	1757	1781	1159	331	751
2021-04-27	1181	1096	1059	1753	1712	1119	326	731
2021-04-28	1175	1083	1051	1749	1643	1080	321	711
2021-04-29	1169	1070	1042	1742	1575	1040	316	691
2021-04-30	1161	1055	1032	1734	1507	1001	311	672
2021-05-01	1153	1040	1021	1725	1439	963	307	652
2021-05-02	1143	1023	1010	1714	1373	925	302	632
2021-05-03	1133	1006	997	1701	1307	888	298	613
2021-05-04	1122	987	984	1687	1242	852	293	593
2021-05-05	1111	968	969	1672	1179	816	289	574
2021-05-06	1098	948	954	1655	1116	781	284	555
2021-05-07	1085	928	939	1636	1056	747	279	536
2021-05-08	1072	907	922	1616	996	713	275	518
2021-05-09	1058	885	905	1595	939	681	270	499
2021-05-10	1043	863	888	1572	884	649	265	481
2021-05-11	1027	840	870	1547	830	619	259	464
2021-05-12	1012	818	852	1522	779	589	254	446
2021-05-13	995	795	834	1495	729	561	249	429
2021-05-14	979	772	815	1468	681	533	244	413
2021-05-15	962	749	796	1440	636	506	238	397
2021-05-16	946	726	778	1412	592	480	233	381
2021-05-17	929	704	759	1383	550	455	228	366
2021-05-18	912	682	741	1353	510	431	223	351
2021-05-19	895	661	722	1324	471	408	218	337
2021-05-20	878	640	704	1293	435	386	214	323
2021-05-21	861	619	686	1262	400	364	209	310
2021-05-22	844	599	668	1231	367	344	205	298
2021-05-23	826	579	651	1198	337	324	200	285
2021-05-24	808	560	634	1165	308	306	196	274
2021-05-25	791	542	616	1131	280	288	193	262
2021-05-26	773	524	600	1097	255	271	189	251
2021-05-27	755	506	583	1062	231	255	185	241
2021-05-28	736	489	567	1026	209	239	182	231
2021-05-29	718	472	551	991	188	225	179	221
2021-05-30	700	456	535	955	169	211	176	212
2021-05-31	682	441	520	919	151	198	173	203
2021-06-01	664	426	505	883	135	186	170	194
2021-06-02	646	411	491	848	120	174	168	186
2021-06-03	629	398	476	813	106	163	166	178
2021-06-04	611	384	463	778	94	153	163	171
2021-06-05	594	371	450	744	82	143	161	164
2021-06-06	577	359	437	710	72	134	159	157
2021-06-07	560	347	425	677	63	125	158	150
2021-06-08	544	336	413	645	54	117	156	143
2021-06-09	527	325	402	613	47	109	154	137
2021-06-10	511	315	391	582	40	102	153	131
2021-06-11	496	305	381	552	34	95	151	126
2021-06-12	480	295	371	522	29	89	150	120
2021-06-13	465	285	361	493	24	82	149	115
2021-06-14	450	276	352	465	19	77	147	110
2021-06-15	435	267	343	437	16	71	146	105
2021-06-16	420	258	335	409	12	66	145	101
2021-06-17	405	250	326	382	9	61	144	96
2021-06-18	390	241	318	356	6	56	143	92
2021-06-19	376	233	310	329	4	52	142	88
2021-06-20	361	224	303	303	2	47	141	84
2021-06-21	347	216	295	278	0	43	139	80
2021-06-22	332	208	288	252	0	39	138	76
2021-06-23	318	200	280	227	0	35	137	73
2021-06-24	304	192	273	202	0	31	136	69
2021-06-25	289	184	266	177	0	27	135	66
2021-06-26	275	175	259	152	0	23	134	62
2021-06-27	261	167	252	127	0	19	133	58
