date	state	Island	King	Ann Arbor	Boston	San Diego	DC	USA
2020-01-22	0	0	0	0	0	0	0	0.00304655573119389
2020-01-23	0	0	0	0	0	0	0	0
2020-01-24	0	0	0	0	0	0	0	0
2020-01-25	0	0	0	0	0	0	0	0
2020-01-26	0	0	0	0	0	0	0	0
2020-01-27	0	0	0	0	0	0	0	0
2020-01-28	0	0	0	0	0	0	0	0
2020-01-29	0	0	0	0	0	0	0	0
2020-01-30	0	0	0	0	0	0	0	0
2020-01-31	0	0	0	0	0	0	0	0
2020-02-01	0	0	0	0	0	0	0	0
2020-02-02	0	0	0	0	0	0	0	0
2020-02-03	0	0	0	0	0	0	0	0
2020-02-04	0	0	0	0	0	0	0	0
2020-02-05	0	0	0	0	0	0	0	0
2020-02-06	0	0	0	0	0	0	0	0
2020-02-07	0	0	0	0	0	0	0	0
2020-02-08	0	0	0	0	0	0	0	0
2020-02-09	0	0	0	0	0	0	0	0
2020-02-10	0	0	0	0	0	0	0	0
2020-02-11	0	0	0	0	0	0	0	0
2020-02-12	0	0	0	0	0	0	0	0
2020-02-13	0	0	0	0	0	0	0	0
2020-02-14	0	0	0	0	0	0	0	0
2020-02-15	0	0	0	0	0	0	0	0
2020-02-16	0	0	0	0	0	0	0	0
2020-02-17	0	0	0	0	0	0	0	0
2020-02-18	0	0	0	0	0	0	0	0
2020-02-19	0	0	0	0	0	0	0	0
2020-02-20	0	0	0	0	0	0	0	0
2020-02-21	0	0	0	0	0	0	0	0
2020-02-22	0	0	0	0	0	0	0	0
2020-02-23	0	0	0	0	0	0	0	0
2020-02-24	0	0	0	0	0	0	0	0
2020-02-25	0	0	0	0	0	0	0	0
2020-02-26	0	0	0	0	0	0	0	0
2020-02-27	0	0	0	0	0	0	0	0
2020-02-28	0	0	0	0	0	0	0	0
2020-02-29	0.132703592856884	0	0.447795346779434	0	0	0	0	0.00304655573119389
2020-03-01	0	0	0	0	0	0	0	0
2020-03-02	0.66351796428442	0	1.79118138711773	0	0	0	0	0.0152327786559695
2020-03-03	0.132703592856884	0	0.447795346779434	0	0	0	0	0.00304655573119389
2020-03-04	0.398110778570652	0	1.3433860403383	0	0	0	0	0.0121862229247756
2020-03-05	0.132703592856884	0	0.447795346779434	0	0	0	0	0.00304655573119389
2020-03-06	0.265407185713768	0	0.895590693558867	0	0	0	0	0.00609311146238779
2020-03-07	0.398110778570652	0	1.3433860403383	0	0	0	0	0.00913966719358168
2020-03-08	0.265407185713768	0	0.895590693558867	0	0	0	0	0.0121862229247756
2020-03-09	0.132703592856884	0	0	0	0	0	0	0.00609311146238779
2020-03-10	0.530814371427536	0	1.79118138711773	0	0	0	0	0.0152327786559695
2020-03-11	0.132703592856884	0	0.447795346779434	0	0	0	0	0.0152327786559695
2020-03-12	0.928925149998189	0	2.23897673389717	0	0	0	0	0.0335121130431328
2020-03-13	0.796221557141304	0	2.23897673389717	0	0	0	0	0.0213258901183573
2020-03-14	0.265407185713768	0	0.895590693558867	0	0	0	0	0.027419001580745
2020-03-15	0.132703592856884	0	0.447795346779434	0	0	0	0	0.0335121130431328
2020-03-16	1.06162874285507	0	3.58236277423547	0	0	0	0	0.0761638932798474
2020-03-17	0.928925149998189	0	1.3433860403383	0	0	0	0	0.10967600632298
2020-03-18	1.59244311428261	0	4.47795346779434	0	0	0	0	0.198026122527603
2020-03-19	0.796221557141304	11.839924224485	1.79118138711773	0	0	0	0	0.228491679839542
2020-03-20	1.32703592856884	0	3.13456742745603	0	1.24392498137222	0	1.4169343491808	0.319888351775359
2020-03-21	1.45973952142572	0	3.13456742745603	0	0	0	-1.4169343491808	0.316841796044165
2020-03-22	0.398110778570652	0	0.447795346779434	0	0	0	2.8338686983616	0.368633243474461
2020-03-23	1.59244311428261	0	5.3735441613532	0	0	0.299550973091336	0	0.569705921733258
2020-03-24	0.928925149998189	0	0	8.16102241288789	0	0	0	0.740313042680116
2020-03-25	2.25596107856703	0	6.26913485491207	0	0	0.299550973091336	0	1.01450305848757
2020-03-26	2.25596107856703	0	3.58236277423547	0	1.24392498137222	0.299550973091336	1.4169343491808	1.27041373990785
2020-03-27	0.928925149998189	0	0	0	0	0	0	1.59030209168321
2020-03-28	4.11381137856341	0	12.0904743630447	0	1.24392498137222	0.898652919274008	1.4169343491808	2.17219423634125
2020-03-29	1.32703592856884	0	2.23897673389717	5.44068160859192	0	0.299550973091336	1.4169343491808	1.69083843081261
2020-03-30	0.928925149998189	0	1.3433860403383	2.72034080429596	2.48784996274445	0	5.6677373967232	2.15391490195408
2020-03-31	2.65407185713768	23.6798484489699	2.6867720806766	2.72034080429596	1.24392498137222	0	0	3.28723363395821
2020-04-01	11.2798053928351	11.839924224485	19.2551999115156	2.72034080429596	8.70747486960556	0.599101946182672	0	4.96588584184605
2020-04-02	3.98110778570652	11.839924224485	4.92574881457377	0	7.46354988823334	1.79730583854802	4.2508030475424	4.70997516042576
2020-04-03	3.84840419284964	0	5.82133950813264	0	2.48784996274445	0.299550973091336	4.2508030475424	4.37180747426324
2020-04-04	3.84840419284964	11.839924224485	5.3735441613532	0	6.21962490686112	0.299550973091336	8.5016060950848	4.93237372880291
2020-04-05	3.71570059999275	0	7.16472554847094	0	1.24392498137222	0.299550973091336	1.4169343491808	4.9872117319644
2020-04-06	3.18488622856522	0	5.82133950813264	5.44068160859192	4.97569992548889	0.299550973091336	2.8338686983616	5.37107775409484
2020-04-07	3.18488622856522	0	6.7169302016915	2.72034080429596	11.19532483235	0	-2.8338686983616	7.93932423549129
2020-04-08	1.99055389285326	0	4.47795346779434	5.44068160859192	9.95139985097779	3.59461167709603	7.084671745904	6.55618793352926
2020-04-09	2.38866467142391	0	3.13456742745603	5.44068160859192	0	1.49775486545668	7.084671745904	6.87302972957342
2020-04-10	2.25596107856703	0	5.3735441613532	0	0	1.19820389236534	8.5016060950848	6.57142071218523
2020-04-11	3.05218263570833	0	4.92574881457377	8.16102241288789	38.5616744225389	1.19820389236534	12.7524091426272	6.50439648609896
2020-04-12	1.99055389285326	11.839924224485	2.23897673389717	0	8.70747486960556	0.299550973091336	4.2508030475424	5.81282833511795
2020-04-13	2.65407185713768	0	3.58236277423547	0	0	0	2.8338686983616	6.09615801811898
2020-04-14	2.25596107856703	0	2.23897673389717	8.16102241288789	0	0.599101946182672	21.254015237712	7.55850476909205
2020-04-15	1.32703592856884	0	2.23897673389717	8.16102241288789	73.3915739009612	1.79730583854802	7.084671745904	7.91799834537293
2020-04-16	2.78677544999457	0	5.3735441613532	2.72034080429596	0	2.09685681163935	12.7524091426272	6.6871898299706
2020-04-17	2.5213682642808	0	3.13456742745603	0	23.6345746460722	0.898652919274008	7.084671745904	6.40995325843195
2020-04-18	2.25596107856703	11.839924224485	5.3735441613532	10.8813632171838	29.8541995529334	2.09685681163935	7.084671745904	5.90422500705377
2020-04-19	3.18488622856522	0	5.82133950813264	2.72034080429596	59.7083991058667	0.299550973091336	7.084671745904	6.05959934934465
2020-04-20	2.5213682642808	0	2.6867720806766	2.72034080429596	0	0	12.7524091426272	6.87912284103581
2020-04-21	2.12325748571015	0	6.26913485491207	19.0423856300717	60.9523240872389	0.299550973091336	9.9185404442656	7.54631854616728
2020-04-22	1.19433233571196	0	2.23897673389717	5.44068160859192	0	7.18922335419207	21.254015237712	7.50975987739295
2020-04-23	1.72514670713949	0	2.23897673389717	5.44068160859192	0	1.19820389236534	17.0032121901696	7.39399075960758
2020-04-24	1.99055389285326	0	3.58236277423547	13.6017040214798	0	0.599101946182672	19.8370808885312	6.2880910291842
2020-04-25	2.25596107856703	0	4.47795346779434	8.16102241288789	131.856048025456	2.69595875782202	17.0032121901696	5.29491386081499
2020-04-26	2.65407185713768	0	4.0301581210149	0	0	0	18.4201465393504	4.31087635963936
2020-04-27	1.45973952142572	0	2.6867720806766	13.6017040214798	70.9037239382167	0	9.9185404442656	4.52718181655413
2020-04-28	1.32703592856884	0	2.23897673389717	2.72034080429596	26.1224246088167	0.599101946182672	7.084671745904	6.79991239202477
2020-04-29	1.06162874285507	0	2.6867720806766	8.16102241288789	43.5373743480278	2.09685681163935	21.254015237712	7.2325233058543
2020-04-30	1.06162874285507	0	1.79118138711773	5.44068160859192	24.8784996274445	0	26.9217526344352	6.67195705131463
2020-05-01	1.85785029999638	0	3.13456742745603	13.6017040214798	32.3420495156778	1.19820389236534	9.9185404442656	5.72752477464452
2020-05-02	1.59244311428261	0	1.79118138711773	10.8813632171838	23.6345746460722	2.99550973091336	12.7524091426272	5.40154331140677
2020-05-03	1.59244311428261	0	1.79118138711773	2.72034080429596	23.6345746460722	1.49775486545668	15.5862778409888	3.66500654462625
2020-05-04	1.45973952142572	0	3.13456742745603	13.6017040214798	9.95139985097779	0	9.9185404442656	4.17378135173564
2020-05-05	1.72514670713949	0	1.79118138711773	0	16.1710247578389	1.49775486545668	8.5016060950848	6.63844493827149
2020-05-06	1.72514670713949	0	2.23897673389717	2.72034080429596	41.0495243852834	4.1937136232787	18.4201465393504	7.06191618490745
2020-05-07	1.85785029999638	0	2.23897673389717	0	26.1224246088167	0	11.3354747934464	5.79759555646198
2020-05-08	2.12325748571015	0	2.6867720806766	8.16102241288789	24.8784996274445	2.09685681163935	26.9217526344352	5.389357088482
2020-05-09	1.45973952142572	0	1.79118138711773	2.72034080429596	24.8784996274445	1.19820389236534	9.9185404442656	4.48148348058622
2020-05-10	2.12325748571015	0	4.47795346779434	0	18.6588747205834	1.79730583854802	17.0032121901696	3.04960228692509
2020-05-11	0.796221557141304	0	0.895590693558867	0	16.1710247578389	0	7.084671745904	3.12576618020494
2020-05-12	2.12325748571015	0	1.3433860403383	2.72034080429596	1.24392498137222	4.49326459637004	11.3354747934464	4.84402361259829
2020-05-13	0.796221557141304	11.839924224485	0.447795346779434	2.72034080429596	21.1467246833278	0	19.8370808885312	5.16391196437365
2020-05-14	1.06162874285507	0	1.3433860403383	8.16102241288789	12.4392498137222	2.99550973091336	11.3354747934464	5.37717086555722
2020-05-15	1.59244311428261	0	0.447795346779434	2.72034080429596	11.19532483235	0	14.169343491808	4.95369961892127
2020-05-16	1.06162874285507	0	1.79118138711773	2.72034080429596	12.4392498137222	2.69595875782202	9.9185404442656	3.56142364976566
2020-05-17	1.45973952142572	0	1.79118138711773	0	11.19532483235	0	11.3354747934464	2.48598947665422
2020-05-18	0.796221557141304	0	0.447795346779434	2.72034080429596	7.46354988823334	0	12.7524091426272	3.72289110351894
2020-05-19	0.928925149998189	0	1.79118138711773	0	4.97569992548889	3.89416265018737	11.3354747934464	4.35048158414488
2020-05-20	0.530814371427536	11.839924224485	1.3433860403383	2.72034080429596	12.4392498137222	2.39640778473069	9.9185404442656	4.47539036912383
2020-05-21	1.19433233571196	0	1.3433860403383	13.6017040214798	7.46354988823334	0	7.084671745904	3.60102887427118
2020-05-22	0.66351796428442	0	0.895590693558867	2.72034080429596	6.21962490686112	3.2950607040047	8.5016060950848	3.66805310035745
2020-05-23	1.19433233571196	0	1.79118138711773	0	11.19532483235	2.39640778473069	12.7524091426272	3.28418707822702
2020-05-24	1.19433233571196	0	1.3433860403383	0	13.6831747950945	0	7.084671745904	1.94065600077051
2020-05-25	0.530814371427536	0	1.3433860403383	0	1.24392498137222	0	11.3354747934464	1.82793343871634
2020-05-26	0.796221557141304	0	0.447795346779434	0	6.21962490686112	0	0	1.98940089246961
2020-05-27	1.45973952142572	0	2.6867720806766	2.72034080429596	7.46354988823334	0	7.084671745904	4.42359892169353
2020-05-28	0.530814371427536	0	0.447795346779434	8.16102241288789	2.48784996274445	3.2950607040047	11.3354747934464	3.2445818537215
2020-05-29	0.796221557141304	0	1.3433860403383	0	11.19532483235	0	9.9185404442656	3.37863030589403
2020-05-30	0.265407185713768	0	0.447795346779434	0	8.70747486960556	2.69595875782202	2.8338686983616	2.88508827744062
2020-05-31	0.796221557141304	0	0.895590693558867	-2.72034080429596	3.73177494411667	0	5.6677373967232	1.89191110907141
2020-06-01	0.66351796428442	0	0.895590693558867	0	31.0981245343056	0	2.8338686983616	2.33670824582572
2020-06-02	0.796221557141304	0	0.895590693558867	0	7.46354988823334	0	2.8338686983616	2.98257806083882
2020-06-03	0.66351796428442	0	0.447795346779434	2.72034080429596	7.46354988823334	2.09685681163935	4.2508030475424	3.0435091754627
2020-06-04	1.45973952142572	0	1.3433860403383	0	6.21962490686112	2.09685681163935	2.8338686983616	3.04046261973151
2020-06-05	0.66351796428442	0	0.447795346779434	0	11.19532483235	1.49775486545668	5.6677373967232	2.64745693040749
2020-06-06	0.530814371427536	0	0.447795346779434	2.72034080429596	1.24392498137222	2.39640778473069	5.6677373967232	1.9437025565017
2020-06-07	1.45973952142572	0	1.3433860403383	0	1.24392498137222	0	8.5016060950848	1.40141563634919
2020-06-08	1.32703592856884	0	0.895590693558867	0	8.70747486960556	0	2.8338686983616	1.52937097705933
2020-06-09	0.66351796428442	0	0.447795346779434	0	4.97569992548889	0	5.6677373967232	2.76931915965525
2020-06-10	0.132703592856884	0	0	0	1.24392498137222	2.69595875782202	5.6677373967232	2.61394481736436
2020-06-11	1.59244311428261	0	2.23897673389717	0	2.48784996274445	0.898652919274008	4.2508030475424	2.45857047507347
2020-06-12	0.66351796428442	0	1.3433860403383	0	3.73177494411667	0	5.6677373967232	2.50731536677257
2020-06-13	0.530814371427536	0	0.447795346779434	0	2.48784996274445	3.2950607040047	7.084671745904	2.15391490195408
2020-06-14	0.265407185713768	0	0.447795346779434	0	8.70747486960556	0	5.6677373967232	1.06020139445548
2020-06-15	0.265407185713768	0	0	0	1.24392498137222	0.299550973091336	0	1.21252918101517
2020-06-16	1.06162874285507	0	0.895590693558867	0	1.24392498137222	0.898652919274008	7.084671745904	2.36108069167527
2020-06-17	0.796221557141304	0	0	0	8.70747486960556	0	4.2508030475424	2.25749779681468
2020-06-18	0.928925149998189	0	0.447795346779434	5.44068160859192	4.97569992548889	2.39640778473069	5.6677373967232	2.12344934464214
2020-06-19	0.928925149998189	0	0	0	9.95139985097779	0.299550973091336	4.2508030475424	1.91323699918977
2020-06-20	0.530814371427536	0	0.447795346779434	0	2.48784996274445	1.79730583854802	1.4169343491808	1.71521087666216
2020-06-21	0.66351796428442	0	0.895590693558867	0	6.21962490686112	0	2.8338686983616	0.971851278250852
2020-06-22	0.66351796428442	0	0	0	1.24392498137222	0	2.8338686983616	1.15464462212249
2020-06-23	1.32703592856884	0	1.3433860403383	0	-3.73177494411667	0.898652919274008	2.8338686983616	2.22398568377154
2020-06-24	0.398110778570652	0	0	0	9.95139985097779	1.79730583854802	5.6677373967232	2.30014957705139
2020-06-25	0.530814371427536	0	0.895590693558867	0	7.46354988823334	1.49775486545668	2.8338686983616	1.68169876361903
2020-06-26	1.45973952142572	0	0.447795346779434	2.72034080429596	8.70747486960556	1.79730583854802	4.2508030475424	1.91933011065215
2020-06-27	0.928925149998189	0	0.447795346779434	0	8.70747486960556	0.599101946182672	2.8338686983616	1.52327786559695
2020-06-28	0.530814371427536	0	0	0	0	0.299550973091336	2.8338686983616	0.987084056906822
2020-06-29	0.66351796428442	0	0	0	3.73177494411667	0	1.4169343491808	1.12417906481055
2020-06-30	0.796221557141304	0	0	2.72034080429596	-6.21962490686112	1.19820389236534	0	1.67255909642545
2020-07-01	0.796221557141304	0	0.895590693558867	0	2.48784996274445	1.49775486545668	2.8338686983616	2.13868212329811
2020-07-02	1.32703592856884	0	0.895590693558867	2.72034080429596	4.97569992548889	2.09685681163935	1.4169343491808	2.28187024266423
2020-07-03	1.19433233571196	0	1.3433860403383	0	1.24392498137222	2.99550973091336	1.4169343491808	2.06861134148065
2020-07-04	0.928925149998189	0	0	0	-1.24392498137222	0	2.8338686983616	0.944432276670107
2020-07-05	0.928925149998189	0	0.447795346779434	0	-1.24392498137222	0	2.8338686983616	1.00231683556279
2020-07-06	1.19433233571196	0	0.895590693558867	0	1.24392498137222	0	2.8338686983616	1.16073773358487
2020-07-07	1.19433233571196	0	0.895590693558867	2.72034080429596	0	3.59461167709603	0	3.47612008929223
2020-07-08	1.06162874285507	0	0.895590693558867	0	4.97569992548889	2.09685681163935	4.2508030475424	2.55606025847168
2020-07-09	2.12325748571015	0	2.23897673389717	0	1.24392498137222	2.69595875782202	5.6677373967232	3.16232484897926
2020-07-10	1.19433233571196	0	0.447795346779434	0	3.73177494411667	1.49775486545668	0	2.45857047507347
2020-07-11	0.928925149998189	0	0.447795346779434	2.72034080429596	2.48784996274445	0.599101946182672	0	2.31538235570736
2020-07-12	0.66351796428442	0	0	0	2.48784996274445	0	0	1.44102086085471
2020-07-13	1.19433233571196	0	0.447795346779434	0	0	0	0	1.35267074465009
2020-07-14	1.59244311428261	0	0.895590693558867	0	2.48784996274445	4.1937136232787	0	2.75713293673047
2020-07-15	0.398110778570652	0	0.447795346779434	2.72034080429596	2.48784996274445	3.59461167709603	4.2508030475424	2.90336761182778
2020-07-16	0.796221557141304	0	0	0	3.73177494411667	5.09236654255271	4.2508030475424	2.97953150510763
2020-07-17	0.796221557141304	0	0	0	3.73177494411667	0	4.2508030475424	2.81501749562316
2020-07-18	0.928925149998189	0	0.895590693558867	0	6.21962490686112	3.89416265018737	1.4169343491808	2.71143460076257
2020-07-19	1.19433233571196	0	0.895590693558867	0	0	0	0	1.46843986243546
2020-07-20	1.45973952142572	0	0.895590693558867	0	0	0	1.4169343491808	1.62990731618873
2020-07-21	1.59244311428261	0	0.447795346779434	2.72034080429596	4.97569992548889	2.69595875782202	1.4169343491808	3.33293196992612
2020-07-22	1.06162874285507	0	0.895590693558867	0	0	5.39191751564405	0	3.71984454778774
2020-07-23	1.19433233571196	0	0.447795346779434	0	3.73177494411667	2.09685681163935	1.4169343491808	3.26895429957105
2020-07-24	1.72514670713949	0	0.447795346779434	0	2.48784996274445	3.59461167709603	0	3.32683885846373
2020-07-25	1.59244311428261	0	0.447795346779434	0	2.48784996274445	0	0	2.93687972487091
2020-07-26	1.99055389285326	0	0.895590693558867	0	2.48784996274445	2.69595875782202	0	1.66951254069425
2020-07-27	1.06162874285507	0	0.447795346779434	0	0	0	1.4169343491808	3.36339752723806
2020-07-28	1.72514670713949	0	0.895590693558867	0	4.97569992548889	0	1.4169343491808	3.70156521340058
2020-07-29	2.12325748571015	0	1.3433860403383	0	2.48784996274445	5.69146848873539	1.4169343491808	4.36266780706966
2020-07-30	1.72514670713949	0	0.895590693558867	5.44068160859192	0	1.79730583854802	0	4.00012767505758
2020-07-31	1.99055389285326	0	2.23897673389717	0	1.24392498137222	0.898652919274008	1.4169343491808	3.5400977596473
2020-08-01	2.12325748571015	0	1.3433860403383	0	2.48784996274445	0	0	3.41518897466836
2020-08-02	1.19433233571196	0	0.447795346779434	0	1.24392498137222	1.19820389236534	1.4169343491808	1.45016052804829
2020-08-03	1.32703592856884	0	1.3433860403383	0	1.24392498137222	0	0	1.70607120946858
2020-08-04	2.38866467142391	0	2.6867720806766	0	3.73177494411667	0.898652919274008	1.4169343491808	3.80210155252998
2020-08-05	2.78677544999457	0	1.3433860403383	0	1.24392498137222	0	0	4.31087635963936
2020-08-06	1.06162874285507	0	0.447795346779434	0	3.73177494411667	4.49326459637004	0	3.59798231853999
2020-08-07	2.25596107856703	0	3.13456742745603	0	6.21962490686112	0	2.8338686983616	3.94528967189609
2020-08-08	1.19433233571196	0	0.895590693558867	2.72034080429596	2.48784996274445	0.898652919274008	1.4169343491808	3.31769919127015
2020-08-09	1.45973952142572	0	0.895590693558867	0	1.24392498137222	2.09685681163935	1.4169343491808	1.77004887982365
2020-08-10	1.45973952142572	0	0.895590693558867	0	0	0.299550973091336	0	1.60858142607038
2020-08-11	1.06162874285507	0	0	0	2.48784996274445	0	2.8338686983616	3.29028018968941
2020-08-12	1.85785029999638	0	1.79118138711773	0	0	2.39640778473069	0	4.58201981971562
2020-08-13	1.32703592856884	0	0.895590693558867	0	0	1.79730583854802	1.4169343491808	3.13185929166732
2020-08-14	1.99055389285326	0	1.79118138711773	2.72034080429596	0	4.1937136232787	0	3.96966211774564
2020-08-15	1.45973952142572	0	0.895590693558867	0	0	0	4.2508030475424	3.17755762763523
2020-08-16	1.45973952142572	0	0.895590693558867	0	0	1.19820389236534	0	1.86144555175947
2020-08-17	0.928925149998189	0	0.895590693558867	0	0	0	0	1.45930019524188
2020-08-18	0.928925149998189	0	1.79118138711773	2.72034080429596	0	0	2.8338686983616	3.7442169936373
2020-08-19	1.59244311428261	0	0.895590693558867	0	-79.6111988078223	3.59461167709603	1.4169343491808	2.06861134148065
2020-08-20	1.06162874285507	0	0	0	0	1.79730583854802	1.4169343491808	3.3451181928509
2020-08-21	0.530814371427536	0	0.447795346779434	0	1.24392498137222	2.39640778473069	1.4169343491808	3.3420716371197
2020-08-22	0.66351796428442	0	0.895590693558867	0	0	2.39640778473069	2.8338686983616	2.93078661340853
2020-08-23	0.530814371427536	0	0	0	0	0	0	1.52937097705933
2020-08-24	0.928925149998189	0	0.447795346779434	0	0	0	0	1.31306552014457
2020-08-25	0.796221557141304	0	0.895590693558867	0	0	1.49775486545668	0	3.70765832486297
2020-08-26	1.99055389285326	0	1.79118138711773	0	0	0.898652919274008	1.4169343491808	3.51267875806656
2020-08-27	1.19433233571196	0	0	0	1.24392498137222	1.49775486545668	0	3.37558375016283
2020-08-28	1.06162874285507	0	0.447795346779434	0	0	0.898652919274008	0	2.79064504977361
2020-08-29	0.66351796428442	0	0	0	1.24392498137222	0.898652919274008	0	2.93383316913972
2020-08-30	0.66351796428442	0	0.447795346779434	0	0	0.898652919274008	1.4169343491808	1.34048452172531
2020-08-31	1.06162874285507	0	1.3433860403383	0	0	0	1.4169343491808	1.47757952962904
2020-09-01	0.796221557141304	0	0	0	3.73177494411667	1.79730583854802	0	3.23239563079672
2020-09-02	0.796221557141304	0	0.895590693558867	0	1.24392498137222	2.09685681163935	1.4169343491808	3.26895429957105
2020-09-03	0.796221557141304	0	0.895590693558867	-2.72034080429596	0	1.49775486545668	1.4169343491808	3.11662651301135
2020-09-04	0.265407185713768	0	0	0	0	0.299550973091336	2.8338686983616	2.8942279446342
2020-09-05	1.32703592856884	0	1.3433860403383	0	0	0.898652919274008	0	2.40982558337437
2020-09-06	0.796221557141304	0	0.447795346779434	0	0	0.898652919274008	0	1.33439141026293
2020-09-07	0.530814371427536	0	0.447795346779434	0	1.24392498137222	0	0	0.984037501175628
2020-09-08	0.265407185713768	0	0	0	0	0.299550973091336	0	1.42883463792994
2020-09-09	0.530814371427536	0	0	0	0	3.89416265018737	5.6677373967232	3.35121130431328
2020-09-10	0.928925149998189	0	0	0	0	1.19820389236534	1.4169343491808	2.76931915965525
2020-09-11	0.928925149998189	0	0.895590693558867	0	1.24392498137222	1.49775486545668	0	3.47916664502343
2020-09-12	0.796221557141304	0	0	0	0	1.19820389236534	0	2.2453115738899
2020-09-13	0.66351796428442	0	0.447795346779434	0	0	0	0	1.19120329089681
2020-09-14	0.928925149998189	0	0	0	1.24392498137222	0	0	1.29173963002621
2020-09-15	1.19433233571196	0	1.3433860403383	2.72034080429596	0	2.39640778473069	0	3.61321509719596
2020-09-16	1.06162874285507	0	0.895590693558867	0	0	1.79730583854802	1.4169343491808	2.83329683001032
2020-09-17	0.66351796428442	0	0	0	0	1.79730583854802	2.8338686983616	2.58043270432123
2020-09-18	1.06162874285507	0	0.447795346779434	0	1.24392498137222	0.898652919274008	0	2.91555383475256
2020-09-19	0.66351796428442	0	0	0	1.24392498137222	11.6824879505621	0	2.02595956124394
2020-09-20	1.06162874285507	0	1.3433860403383	0	0	-10.7838350312881	1.4169343491808	0.810383824497576
2020-09-21	0.796221557141304	0	0.447795346779434	0	0	0	1.4169343491808	1.2490878497895
2020-09-22	1.45973952142572	0	0	0	0	1.49775486545668	0	3.11053340154897
2020-09-23	0.796221557141304	11.839924224485	0	0	0	0.599101946182672	0	3.20193007348478
2020-09-24	0.796221557141304	0	0.447795346779434	0	0	1.79730583854802	0	2.6962018221066
2020-09-25	0.928925149998189	0	0	0	0	0.599101946182672	2.8338686983616	2.78759849404241
2020-09-26	0.530814371427536	0	0.447795346779434	2.72034080429596	0	0	1.4169343491808	2.32147546716975
2020-09-27	0.928925149998189	0	0	0	0	0.299550973091336	0	0.92310638655175
2020-09-28	0.928925149998189	0	0.447795346779434	0	0	0	0	1.01450305848757
2020-09-29	0.66351796428442	0	0.447795346779434	0	0	1.49775486545668	2.8338686983616	2.71448115649376
2020-09-30	0.928925149998189	0	0.447795346779434	0	0	0.599101946182672	1.4169343491808	2.75713293673047
2020-10-01	1.32703592856884	0	2.23897673389717	0	1.24392498137222	2.69595875782202	1.4169343491808	2.72666737941854
2020-10-02	0.796221557141304	0	0.447795346779434	2.72034080429596	0	0.599101946182672	1.4169343491808	2.70534148930018
2020-10-03	0.796221557141304	0	0.447795346779434	-2.72034080429596	0	1.19820389236534	0	2.0472854513623
2020-10-04	0.530814371427536	0	0	0	0	1.49775486545668	2.8338686983616	1.12417906481055
2020-10-05	1.06162874285507	0	1.79118138711773	0	0	0	0	1.4471139723171
2020-10-06	1.45973952142572	0	1.79118138711773	0	0	0.898652919274008	0	2.09298378733021
2020-10-07	0.66351796428442	0	1.3433860403383	0	0	2.09685681163935	0	2.75408638099928
2020-10-08	0.928925149998189	0	0.895590693558867	0	0	1.79730583854802	4.2508030475424	2.97343839364524
2020-10-09	0.928925149998189	0	0.447795346779434	0	0	0.599101946182672	0	2.92469350194614
2020-10-10	0.398110778570652	0	0.447795346779434	0	0	1.19820389236534	2.8338686983616	1.97416811381364
2020-10-11	0.398110778570652	0	0	0	2.48784996274445	0.299550973091336	1.4169343491808	1.41055530354277
2020-10-12	1.59244311428261	0	1.3433860403383	0	0	0	0	1.1972964023592
2020-10-13	0.530814371427536	0	0.447795346779434	0	1.24392498137222	4.1937136232787	0	2.22703223950274
2020-10-14	1.19433233571196	0	0	0	0	1.19820389236534	1.4169343491808	3.00999706241957
2020-10-15	0.530814371427536	0	0	0	1.24392498137222	0.898652919274008	0	2.55606025847168
2020-10-16	0.66351796428442	0	0	0	1.24392498137222	5.39191751564405	4.2508030475424	2.81197093989196
2020-10-17	0.796221557141304	0	0.447795346779434	0	3.73177494411667	1.19820389236534	0	2.40373247191198
2020-10-18	1.32703592856884	0	0.895590693558867	0	0	-4.79281556946138	0	1.46539330670426
2020-10-19	1.32703592856884	0	0.895590693558867	2.72034080429596	1.24392498137222	0	0	1.55374342290889
2020-10-20	0.796221557141304	0	0.447795346779434	-2.72034080429596	1.24392498137222	1.19820389236534	1.4169343491808	2.88813483317181
2020-10-21	1.45973952142572	0	1.3433860403383	0	0	1.79730583854802	0	3.55837709403447
2020-10-22	1.45973952142572	0	0.447795346779434	0	2.48784996274445	0.898652919274008	0	2.61699137309555
2020-10-23	0.928925149998189	0	0.895590693558867	0	1.24392498137222	0.299550973091336	0	2.90641416755897
2020-10-24	1.45973952142572	0	1.3433860403383	2.72034080429596	0	0.299550973091336	0	2.95820561498927
2020-10-25	1.06162874285507	0	0.447795346779434	0	1.24392498137222	0.599101946182672	0	1.38008974623083
2020-10-26	1.19433233571196	0	0.447795346779434	2.72034080429596	1.24392498137222	0	0	1.696931542275
2020-10-27	1.32703592856884	0	0.895590693558867	0	0	2.09685681163935	2.8338686983616	3.10748684581777
2020-10-28	1.59244311428261	0	0.895590693558867	2.72034080429596	1.24392498137222	1.19820389236534	0	3.17451107190404
2020-10-29	0.530814371427536	0	0.447795346779434	2.72034080429596	1.24392498137222	1.19820389236534	1.4169343491808	3.03132295253792
2020-10-30	1.45973952142572	0	0.447795346779434	0	1.24392498137222	0.898652919274008	1.4169343491808	3.26286118810866
2020-10-31	1.85785029999638	0	0.895590693558867	-2.72034080429596	0	0.898652919274008	0	2.86071583159107
2020-11-01	1.06162874285507	0	0	0	1.24392498137222	0	0	1.55069686717769
2020-11-02	0.66351796428442	0	0.895590693558867	2.72034080429596	0	0	1.4169343491808	2.1965666821908
2020-11-03	1.32703592856884	0	0.447795346779434	2.72034080429596	0	2.99550973091336	0	4.94455995172769
2020-11-04	1.59244311428261	0	0.447795346779434	-5.44068160859192	1.24392498137222	0.898652919274008	0	3.3908165288188
2020-11-05	1.59244311428261	0	0.447795346779434	0	3.73177494411667	0	4.2508030475424	3.60407543000238
2020-11-06	1.85785029999638	0	0.447795346779434	0	1.24392498137222	0.898652919274008	2.8338686983616	3.70156521340058
2020-11-07	0.66351796428442	0	0.447795346779434	2.72034080429596	2.48784996274445	0.299550973091336	2.8338686983616	3.43346830905552
2020-11-08	1.45973952142572	0	0	0	1.24392498137222	0	0	1.75481610116768
2020-11-09	1.32703592856884	0	1.3433860403383	5.44068160859192	3.73177494411667	8.98652919274008	1.4169343491808	2.4463842521487
2020-11-10	1.85785029999638	0	1.3433860403383	0	0	-6.88967238110073	2.8338686983616	4.36876091853204
2020-11-11	0.928925149998189	0	0.447795346779434	-2.72034080429596	0	0	0	4.45406447900547
2020-11-12	1.72514670713949	0	0.447795346779434	0	0	0.898652919274008	0	3.77163599521804
2020-11-13	1.45973952142572	0	0.447795346779434	2.72034080429596	0	0.898652919274008	0	3.72593765925013
2020-11-14	2.12325748571015	0	0.895590693558867	5.44068160859192	0	1.49775486545668	1.4169343491808	4.17682790746683
2020-11-15	1.59244311428261	0	0.895590693558867	0	1.24392498137222	0	2.8338686983616	2.3945928047184
2020-11-16	1.99055389285326	0	1.79118138711773	2.72034080429596	0	0	0	2.66268970906346
2020-11-17	1.59244311428261	0	0.895590693558867	0	1.24392498137222	2.09685681163935	0	5.31319319520215
2020-11-18	1.72514670713949	0	0.447795346779434	0	0	3.59461167709603	7.084671745904	5.89203878412899
2020-11-19	1.59244311428261	0	2.23897673389717	5.44068160859192	0	2.09685681163935	2.8338686983616	6.12967013116211
2020-11-20	2.12325748571015	0	0.447795346779434	5.44068160859192	4.97569992548889	2.39640778473069	2.8338686983616	5.99866823472078
2020-11-21	2.91947904285145	0	2.6867720806766	-2.72034080429596	1.24392498137222	1.79730583854802	1.4169343491808	4.97197895330843
2020-11-22	2.25596107856703	0	2.6867720806766	0	1.24392498137222	0.599101946182672	0	3.27809396676463
2020-11-23	2.5213682642808	0	0.895590693558867	5.44068160859192	0	0	2.8338686983616	3.46698042209865
2020-11-24	1.85785029999638	0	0.895590693558867	0	0	4.79281556946138	1.4169343491808	6.62321215961553
2020-11-25	2.25596107856703	0	0.895590693558867	0	6.21962490686112	1.19820389236534	5.6677373967232	6.86389006237984
2020-11-26	2.5213682642808	0	1.79118138711773	0	0	0	0	4.25299180074668
2020-11-27	1.85785029999638	0	0.447795346779434	5.44068160859192	3.73177494411667	2.39640778473069	0	4.93237372880291
2020-11-28	2.5213682642808	23.6798484489699	2.23897673389717	5.44068160859192	3.73177494411667	0.299550973091336	1.4169343491808	4.29869013671458
2020-11-29	2.25596107856703	0	1.3433860403383	0	4.97569992548889	0	2.8338686983616	3.17755762763523
2020-11-30	4.11381137856341	23.6798484489699	4.47795346779434	0	2.48784996274445	0	0	4.1920606861228
2020-12-01	2.78677544999457	0	1.79118138711773	2.72034080429596	1.24392498137222	6.59012140800939	7.084671745904	7.71387911138294
2020-12-02	3.05218263570833	0	4.0301581210149	-2.72034080429596	2.48784996274445	4.79281556946138	7.084671745904	8.65221827659066
2020-12-03	2.25596107856703	0	3.13456742745603	16.3220448257758	2.48784996274445	1.49775486545668	2.8338686983616	8.85024439911826
2020-12-04	3.45029341427899	11.839924224485	4.47795346779434	2.72034080429596	6.21962490686112	2.09685681163935	1.4169343491808	8.10383824497576
2020-12-05	2.38866467142391	0	1.3433860403383	5.44068160859192	8.70747486960556	2.39640778473069	2.8338686983616	7.29650097620938
2020-12-06	2.12325748571015	0	0.895590693558867	0	2.48784996274445	2.09685681163935	2.8338686983616	4.32306258256414
2020-12-07	2.91947904285145	0	3.13456742745603	0	1.24392498137222	0	5.6677373967232	4.96893239757724
2020-12-08	1.32703592856884	0	1.79118138711773	10.8813632171838	1.24392498137222	7.78832530037474	0	7.92104490110412
2020-12-09	0.928925149998189	0	1.79118138711773	2.72034080429596	7.46354988823334	4.49326459637004	4.2508030475424	8.93554795959169
2020-12-10	1.45973952142572	0	1.3433860403383	5.44068160859192	3.73177494411667	3.2950607040047	5.6677373967232	8.86852373350542
2020-12-11	0.796221557141304	0	1.3433860403383	2.72034080429596	1.24392498137222	6.88967238110073	1.4169343491808	10.1511236963381
2020-12-12	0.265407185713768	0	0.447795346779434	10.8813632171838	3.73177494411667	4.1937136232787	5.6677373967232	7.63771521810309
2020-12-13	0	0	0	0	1.24392498137222	3.2950607040047	2.8338686983616	4.85925639125426
2020-12-14	0	0	0	5.44068160859192	0	0	1.4169343491808	5.16391196437365
2020-12-15	0	0	0	5.44068160859192	3.73177494411667	9.58563113892276	5.6677373967232	8.82587195326871
2020-12-16	13.4030628785453	47.3596968979399	0	10.8813632171838	1.24392498137222	6.88967238110073	0	11.1930457564064
2020-12-17	9.95276946426631	11.839924224485	14.3294510969419	8.16102241288789	1.24392498137222	6.59012140800939	7.084671745904	10.3948481548336
2020-12-18	-1.72514670713949	0	-5.3735441613532	5.44068160859192	1.24392498137222	4.1937136232787	4.2508030475424	8.92031518093572
2020-12-19	0	0	0	13.6017040214798	2.48784996274445	8.08787627346607	2.8338686983616	8.33537648054649
2020-12-20	0	0	0	0	2.48784996274445	0	9.9185404442656	5.17000507583604
2020-12-21	0.265407185713768	0	0	0	4.97569992548889	0.898652919274008	7.084671745904	5.55387109796647
2020-12-22	3.3175898214221	0	3.58236277423547	19.0423856300717	6.21962490686112	8.38742724655741	2.8338686983616	10.1358909176821
2020-12-23	4.11381137856341	0	4.47795346779434	0	8.70747486960556	11.6824879505621	9.9185404442656	10.0627735801334
2020-12-24	2.91947904285145	0	0.895590693558867	0	8.70747486960556	9.58563113892276	7.084671745904	8.71314939121454
2020-12-25	0	0	0	0	0	5.99101946182672	0	4.56678704105965
2020-12-26	0	0	0	21.7627264343677	2.48784996274445	0	8.5016060950848	5.81892144658034
2020-12-27	0	0	0	0	9.95139985097779	0	8.5016060950848	4.36266780706966
2020-12-28	1.32703592856884	0	0.447795346779434	-2.72034080429596	3.73177494411667	0.599101946182672	4.2508030475424	5.77931622207482
2020-12-29	23.0904251570978	0	20.1507906050745	13.6017040214798	3.73177494411667	9.28608016583142	5.6677373967232	10.8762039603622
2020-12-30	6.76788323570109	11.839924224485	6.7169302016915	2.72034080429596	11.19532483235	11.0833860043794	7.084671745904	11.7353326765589
2020-12-31	5.30814371427536	0	5.82133950813264	0	4.97569992548889	18.5721603316628	8.5016060950848	9.88911990345538
2021-01-01	0	0	0	0	0	17.3739564392975	2.8338686983616	6.71765538728254
2021-01-02	0	0	0	13.6017040214798	2.48784996274445	0	5.6677373967232	7.90581212244815
2021-01-03	-0.132703592856884	0	-0.447795346779434	0	4.97569992548889	0	2.8338686983616	4.3413419169513
2021-01-04	3.05218263570833	0	1.3433860403383	5.44068160859192	4.97569992548889	1.79730583854802	4.2508030475424	6.1357632426245
2021-01-05	7.82951197855616	0	7.16472554847094	10.8813632171838	9.95139985097779	16.7748544931148	5.6677373967232	10.888390183287
2021-01-06	8.49302994284058	0	7.61252089525037	2.72034080429596	4.97569992548889	11.0833860043794	7.084671745904	11.8023569026451
2021-01-07	3.84840419284964	0	3.58236277423547	8.16102241288789	4.97569992548889	14.0788957352928	2.8338686983616	12.1709901461196
2021-01-08	8.62573353569747	0	5.3735441613532	0	6.21962490686112	9.88518211201409	1.4169343491808	12.868651408563
2021-01-09	-0.132703592856884	0	0	13.6017040214798	3.73177494411667	15.8762015738408	5.6677373967232	9.52353321571211
2021-01-10	0	0	0	0	8.70747486960556	9.88518211201409	5.6677373967232	6.37034803392643
2021-01-11	0.132703592856884	0	0	0	3.73177494411667	0	5.6677373967232	5.6361281027087
2021-01-12	11.9433233571196	0	7.61252089525037	5.44068160859192	9.95139985097779	12.2815898967448	5.6677373967232	13.3286813239733
2021-01-13	6.50247604998732	0	5.82133950813264	0	8.70747486960556	16.1757525469321	8.5016060950848	12.1100590314957
2021-01-14	5.0427365285616	0	4.0301581210149	5.44068160859192	11.19532483235	15.8762015738408	15.5862778409888	11.4977013295258
2021-01-15	3.58299700713587	0	3.58236277423547	0	6.21962490686112	9.58563113892276	0	11.6195635587735
2021-01-16	0	0	0	2.72034080429596	8.70747486960556	8.38742724655741	7.084671745904	10.8152728457383
2021-01-17	0	0	0	0	3.73177494411667	11.3829369774708	4.2508030475424	6.0352269034951
2021-01-18	0	0	0	0	6.21962490686112	0	9.9185404442656	4.82574427821113
2021-01-19	4.91003293570471	0	6.26913485491207	0	3.73177494411667	1.79730583854802	5.6677373967232	7.31782686632773
2021-01-20	0	0	0	2.72034080429596	7.46354988823334	19.4708132509368	2.8338686983616	13.3347744354357
2021-01-21	16.5879491071105	0	11.1948836694858	5.44068160859192	4.97569992548889	14.3784467083841	1.4169343491808	12.4725991635078
2021-01-22	6.50247604998732	0	5.3735441613532	0	2.48784996274445	23.6645268742156	4.2508030475424	11.485515106601
2021-01-23	0	0	0	8.16102241288789	9.95139985097779	12.8806918429275	4.2508030475424	10.7330158409961
2021-01-24	0	0	0	0	4.97569992548889	9.28608016583142	2.8338686983616	5.56605732089124
2021-01-25	4.51192215713406	0	7.16472554847094	0	4.97569992548889	0	9.9185404442656	5.42896231298752
2021-01-26	2.5213682642808	0	0.447795346779434	0	6.21962490686112	13.7793447622015	12.7524091426272	12.1283383658829
2021-01-27	5.8389580857029	0	4.47795346779434	0	7.46354988823334	13.1802428160188	9.9185404442656	12.3598766014536
2021-01-28	4.24651497142029	0	1.3433860403383	2.72034080429596	4.97569992548889	20.6690171433022	9.9185404442656	11.5890980014616
2021-01-29	5.57355089998913	0	4.0301581210149	0	7.46354988823334	11.0833860043794	7.084671745904	10.8244125129319
2021-01-30	0	0	0	0	3.73177494411667	9.58563113892276	2.8338686983616	8.70705627975215
2021-01-31	0	0	0	0	2.48784996274445	4.79281556946138	5.6677373967232	5.8859456726666
2021-02-01	4.37921856427718	0	4.47795346779434	5.44068160859192	3.73177494411667	0	4.2508030475424	5.41982264579394
2021-02-02	-0.265407185713768	0	-0.895590693558867	2.72034080429596	2.48784996274445	2.99550973091336	0	10.8335521801255
2021-02-03	9.55465868569565	0	6.26913485491207	0	2.48784996274445	16.1757525469321	14.169343491808	11.7505654552148
2021-02-04	3.71570059999275	0	1.79118138711773	2.72034080429596	9.95139985097779	16.4753035200235	8.5016060950848	11.8267293484947
2021-02-05	4.37921856427718	0	4.0301581210149	0	12.4392498137222	11.6824879505621	11.3354747934464	11.156487087632
2021-02-06	0	0	0	0	3.73177494411667	10.4842840581968	9.9185404442656	8.30491092323456
2021-02-07	0	0	0	0	7.46354988823334	2.69595875782202	7.084671745904	4.45101792327428
2021-02-08	0.132703592856884	0	-0.447795346779434	2.72034080429596	2.48784996274445	0	5.6677373967232	4.41445925449995
2021-02-09	14.3319880285435	0	6.26913485491207	8.16102241288789	6.21962490686112	9.58563113892276	7.084671745904	9.21887764259272
2021-02-10	5.97166167855978	11.839924224485	2.23897673389717	-2.72034080429596	6.21962490686112	15.2770996276581	5.6677373967232	10.2425203682739
2021-02-11	4.11381137856341	0	4.47795346779434	2.72034080429596	7.46354988823334	15.2770996276581	11.3354747934464	9.60579022045435
2021-02-12	5.57355089998913	11.839924224485	2.6867720806766	0	3.73177494411667	7.18922335419207	4.2508030475424	8.63698549793469
2021-02-13	0	0	0	10.8813632171838	6.21962490686112	8.98652919274008	4.2508030475424	6.85475039518626
2021-02-14	0	0	0	0	3.73177494411667	8.38742724655741	0	3.50658564660417
2021-02-15	0	0	0	0	3.73177494411667	0	1.4169343491808	2.88204172170942
2021-02-16	4.51192215713406	0	4.47795346779434	2.72034080429596	1.24392498137222	1.49775486545668	2.8338686983616	5.02072384500754
2021-02-17	6.50247604998732	11.839924224485	3.58236277423547	-2.72034080429596	3.73177494411667	17.0744054662062	4.2508030475424	7.3361062007149
2021-02-18	5.8389580857029	11.839924224485	8.50811158880924	5.44068160859192	3.73177494411667	10.7838350312881	9.9185404442656	7.79308956039398
2021-02-19	2.5213682642808	0	4.0301581210149	5.44068160859192	1.24392498137222	10.1847330851054	1.4169343491808	7.67732044260861
2021-02-20	0	0	0	2.72034080429596	0	5.69146848873539	1.4169343491808	5.80978177938676
2021-02-21	0	0	0	0	3.73177494411667	0.599101946182672	1.4169343491808	3.68633243474461
2021-02-22	4.64462574999094	0	5.82133950813264	2.72034080429596	1.24392498137222	0	0	3.65891343316387
2021-02-23	3.18488622856522	0	0.447795346779434	0	3.73177494411667	8.38742724655741	4.2508030475424	6.87607628530462
2021-02-24	4.11381137856341	0	4.0301581210149	0	1.24392498137222	3.59461167709603	4.2508030475424	9.79163012005718
2021-02-25	3.98110778570652	0	4.47795346779434	0	4.97569992548889	8.98652919274008	5.6677373967232	7.64076177383429
2021-02-26	1.85785029999638	0	1.79118138711773	0	3.73177494411667	0	5.6677373967232	6.46783781732464
2021-02-27	0	0	0	0	4.97569992548889	3.2950607040047	1.4169343491808	4.60334570983397
2021-02-28	0	0	0	0	2.48784996274445	3.89416265018737	9.9185404442656	3.31465263553896
2021-03-01	1.72514670713949	11.839924224485	0	0	2.48784996274445	5.69146848873539	2.8338686983616	3.71070488059416
2021-03-02	2.5213682642808	0	1.3433860403383	0	1.24392498137222	4.1937136232787	0	5.85243355962347
2021-03-03	3.05218263570833	0	4.0301581210149	0	2.48784996274445	7.4887743272834	5.6677373967232	7.68036699833981
2021-03-04	2.65407185713768	0	3.13456742745603	2.72034080429596	2.48784996274445	5.09236654255271	1.4169343491808	5.85243355962347
2021-03-05	1.19433233571196	0	0.895590693558867	0	0	3.59461167709603	4.2508030475424	5.22788963472872
2021-03-06	0	0	0	2.72034080429596	1.24392498137222	4.1937136232787	4.2508030475424	4.62162504422114
2021-03-07	0	0	0	0	2.48784996274445	0	0	2.13563556756692
2021-03-08	2.91947904285145	0	4.47795346779434	0	0	1.49775486545668	7.084671745904	2.1965666821908
2021-03-09	1.85785029999638	0	0.895590693558867	0	1.24392498137222	4.49326459637004	1.4169343491808	5.35584497543887
2021-03-10	3.18488622856522	0	2.6867720806766	0	3.73177494411667	2.39640778473069	1.4169343491808	4.67950960311382
2021-03-11	0.928925149998189	0	0.895590693558867	0	3.73177494411667	2.69595875782202	1.4169343491808	4.70083549323218
2021-03-12	2.12325748571015	0	1.79118138711773	-2.72034080429596	3.73177494411667	0	0	4.33220224975772
2021-03-13	0	0	0	2.72034080429596	4.97569992548889	6.59012140800939	2.8338686983616	2.93992628060211
2021-03-14	0	0	0	0	0	2.39640778473069	1.4169343491808	1.57506931302724
2021-03-15	1.59244311428261	11.839924224485	0.447795346779434	0	1.24392498137222	0	1.4169343491808	2.1447752347605
2021-03-16	1.85785029999638	0	1.3433860403383	0	1.24392498137222	2.99550973091336	0	3.80514810826117
2021-03-17	0.928925149998189	0	-0.447795346779434	0	2.48784996274445	2.39640778473069	2.8338686983616	3.63758754304551
2021-03-18	1.59244311428261	0	3.13456742745603	0	1.24392498137222	2.39640778473069	2.8338686983616	4.96588584184605
2021-03-19	0.796221557141304	0	0	2.72034080429596	2.48784996274445	3.89416265018737	1.4169343491808	3.11662651301135
2021-03-20	0	0	0	0	1.24392498137222	0	2.8338686983616	2.3458479130193
2021-03-21	0	0	0	0	3.73177494411667	0.898652919274008	1.4169343491808	2.15391490195408
2021-03-22	1.19433233571196	0	0.895590693558867	0	1.24392498137222	0	0	1.68169876361903
2021-03-23	0.398110778570652	0	0.447795346779434	2.72034080429596	0	1.19820389236534	1.4169343491808	2.86376238732226
2021-03-24	1.85785029999638	0	2.6867720806766	2.72034080429596	1.24392498137222	3.2950607040047	2.8338686983616	4.44797136754309
2021-03-25	1.72514670713949	0	0.895590693558867	0	0	3.2950607040047	0	4.0915243469934
2021-03-26	0.530814371427536	0	-0.895590693558867	-2.72034080429596	2.48784996274445	1.49775486545668	2.8338686983616	3.51267875806656
2021-03-27	0.132703592856884	0	0	2.72034080429596	3.73177494411667	4.49326459637004	1.4169343491808	2.45247736361108
2021-03-28	0	0	0	0	1.24392498137222	2.09685681163935	0	1.3465776331877
2021-03-29	1.06162874285507	0	1.3433860403383	2.72034080429596	1.24392498137222	0	4.2508030475424	1.93151633357693
2021-03-30	1.45973952142572	0	1.3433860403383	0	0	2.39640778473069	2.8338686983616	2.70838804503137
2021-03-31	1.32703592856884	0	0.447795346779434	0	0	0	4.2508030475424	3.25372152091508
2021-04-01	1.99055389285326	0	1.3433860403383	2.72034080429596	2.48784996274445	0	2.8338686983616	3.35121130431328
2021-04-02	2.12325748571015	0	0.895590693558867	0	1.24392498137222	3.89416265018737	4.2508030475424	2.72971393514973
2021-04-03	0	0	0	2.72034080429596	1.24392498137222	0	1.4169343491808	2.30624268851378
2021-04-04	0	0	0	0	0	0.898652919274008	0	0.950525388132495
2021-04-05	0.928925149998189	0	1.3433860403383	2.72034080429596	3.73177494411667	3.59461167709603	2.8338686983616	1.41969497073635
2021-04-06	1.85785029999638	0	0.895590693558867	5.44068160859192	1.24392498137222	0.599101946182672	2.8338686983616	2.52254814542854
2021-04-07	0.928925149998189	0	1.3433860403383	0	0	0.898652919274008	2.8338686983616	7.91495178964174
2021-04-08	1.32703592856884	0	1.3433860403383	0	1.24392498137222	1.19820389236534	1.4169343491808	3.07702128850583
2021-04-09	0.796221557141304	0	0.447795346779434	0	1.24392498137222	2.39640778473069	2.8338686983616	2.75408638099928
2021-04-10	0	0	0	5.44068160859192	0	3.89416265018737	2.8338686983616	2.31233579997617
2021-04-11	0	0	0	0	0	2.39640778473069	0	0.889594273508617
2021-04-12	0.928925149998189	11.839924224485	0.447795346779434	0	1.24392498137222	0	4.2508030475424	1.38618285769322
2021-04-13	1.45973952142572	0	1.79118138711773	2.72034080429596	0	0.599101946182672	1.4169343491808	2.62613104028914
2021-04-14	2.25596107856703	0	1.3433860403383	2.72034080429596	2.48784996274445	7.4887743272834	4.2508030475424	2.8454830529351
2021-04-15	0.66351796428442	0	0.447795346779434	0	1.24392498137222	1.49775486545668	2.8338686983616	2.76017949246167
2021-04-16	2.38866467142391	0	1.3433860403383	-2.72034080429596	0	2.69595875782202	4.2508030475424	2.64745693040749
2021-04-17	0	0	0	5.44068160859192	0	3.59461167709603	2.8338686983616	2.16305456914766
2021-04-18	0	0	0	0	1.24392498137222	0	1.4169343491808	1.06934106164906
2021-04-19	1.85785029999638	0	1.79118138711773	0	1.24392498137222	0	0	1.51109164267217
2021-04-20	1.72514670713949	0	1.3433860403383	2.72034080429596	0	0	1.4169343491808	2.5469205912781
2021-04-21	2.12325748571015	0	0.895590693558867	2.72034080429596	0	2.09685681163935	0	2.73580704661212
2021-04-22	0.796221557141304	0	0.447795346779434	2.72034080429596	1.24392498137222	0.898652919274008	1.4169343491808	2.86071583159107
2021-04-23	0.796221557141304	11.839924224485	0	2.72034080429596	0	0	1.4169343491808	2.32756857863213
2021-04-24	0	0	0	0	0	1.19820389236534	0	2.28491679839542
2021-04-25	0	0	0	0	0	1.19820389236534	0	0.941385720938913
2021-04-26	2.12325748571015	0	0.447795346779434	0	1.24392498137222	0	0	1.45625363951068
2021-04-27	1.59244311428261	0	0.895590693558867	10.8813632171838	1.24392498137222	0	1.4169343491808	2.02900611697513
2021-04-28	1.59244311428261	0	2.23897673389717	0	0	1.79730583854802	5.6677373967232	2.9947642837636
2021-04-29	1.72514670713949	0	0.447795346779434	5.44068160859192	1.24392498137222	0.599101946182672	1.4169343491808	2.69010871064421
2021-04-30	1.59244311428261	0	0.895590693558867	0	3.73177494411667	0.599101946182672	0	2.44943080787989
2021-05-01	0	0	0	2.72034080429596	1.24392498137222	1.19820389236534	0	2.27882368693303
2021-05-02	0	0	0	0	1.24392498137222	1.79730583854802	1.4169343491808	0.999270279831597
2021-05-03	1.06162874285507	0	0.895590693558867	0	0	0	0	1.48062608536023
2021-05-04	2.78677544999457	0	3.13456742745603	2.72034080429596	1.24392498137222	0.299550973091336	0	2.56519992566526
2021-05-05	1.45973952142572	0	0	2.72034080429596	0	0.898652919274008	4.2508030475424	2.48294292092302
2021-05-06	1.85785029999638	0	1.3433860403383	10.8813632171838	1.24392498137222	0	1.4169343491808	2.42201180629915
2021-05-07	1.45973952142572	0	2.23897673389717	0	0	0.599101946182672	0	2.30624268851378
2021-05-08	0	0	0	0	2.48784996274445	2.09685681163935	0	1.9467491122329
2021-05-09	0	0	0	0	0	0	0	0.801244157303994
2021-05-10	2.91947904285145	0	1.3433860403383	0	0	0	0	1.22471540393995
2021-05-11	0.928925149998189	0	1.3433860403383	8.16102241288789	2.48784996274445	0	4.2508030475424	2.07165789721185
2021-05-12	2.78677544999457	0	1.3433860403383	0	0	1.19820389236534	2.8338686983616	2.33366169009452
2021-05-13	1.59244311428261	0	1.3433860403383	8.16102241288789	3.73177494411667	0	0	2.25749779681468
2021-05-14	-0.66351796428442	0	-1.79118138711773	0	0	0.898652919274008	1.4169343491808	1.92237666638335
2021-05-15	0	0	0	5.44068160859192	1.24392498137222	1.49775486545668	2.8338686983616	1.59944175887679
2021-05-16	0	0	0	0	1.24392498137222	1.49775486545668	2.8338686983616	0.816476935959964
2021-05-17	2.5213682642808	0	2.6867720806766	0	2.48784996274445	0	2.8338686983616	1.22471540393995
2021-05-18	1.72514670713949	0	1.79118138711773	2.72034080429596	0	0	0	2.37631347033124
2021-05-19	2.65407185713768	11.839924224485	1.79118138711773	8.16102241288789	0	1.19820389236534	2.8338686983616	1.99244744820081
2021-05-20	2.25596107856703	0	0.447795346779434	2.72034080429596	0	0.898652919274008	1.4169343491808	2.08689067586782
2021-05-21	1.59244311428261	0	1.79118138711773	0	0	0	0	1.83097999444753
2021-05-22	0	0	0	0	1.24392498137222	0.599101946182672	0	1.48671919682262
2021-05-23	0	0	0	0	0	0	2.8338686983616	0.627590480625942
2021-05-24	0.928925149998189	0	1.3433860403383	0	1.24392498137222	0	4.2508030475424	1.33134485453173
2021-05-25	1.72514670713949	-11.839924224485	1.3433860403383	2.72034080429596	0	0.599101946182672	0	1.9467491122329
2021-05-26	2.5213682642808	0	1.79118138711773	2.72034080429596	1.24392498137222	0.599101946182672	1.4169343491808	3.00085739522599
2021-05-27	1.72514670713949	0	2.23897673389717	2.72034080429596	1.24392498137222	0.299550973091336	1.4169343491808	4.11285023711176
2021-05-28	1.45973952142572	0	1.3433860403383	2.72034080429596	1.24392498137222	0	0	1.61467453753276
2021-05-29	0	0	0	2.72034080429596	1.24392498137222	0	0	0.999270279831597
2021-05-30	0	0	0	0	0	0	0	0.450890248216696
2021-05-31	0	0	0	0	0	0	0	0.554473143077289
2021-06-01	3.18488622856522	0	3.58236277423547	0	0	0	2.8338686983616	1.95893533515767
2021-06-02	1.59244311428261	0	1.3433860403383	2.72034080429596	0	1.19820389236534	1.4169343491808	1.72130398812455
2021-06-03	2.65407185713768	0	1.3433860403383	0	0	0.299550973091336	1.4169343491808	1.91628355492096
2021-06-04	1.99055389285326	0	0.895590693558867	0	3.73177494411667	0.599101946182672	0	1.57506931302724
2021-06-05	0	0	0	2.72034080429596	1.24392498137222	0.299550973091336	0	1.78528165847962
2021-06-06	0	0	0	0	0	0	0	0.514867918571768
2021-06-07	1.72514670713949	0	-1.79118138711773	0	0	0	0	0.935292609476525
2021-06-08	-9.42195509283877	0	2.6867720806766	2.72034080429596	0	0	1.4169343491808	0.938339165207719
2021-06-09	1.99055389285326	0	4.0301581210149	0	1.24392498137222	0.299550973091336	0	1.4471139723171
2021-06-10	1.32703592856884	-11.839924224485	3.13456742745603	2.72034080429596	2.48784996274445	0.299550973091336	0	1.22471540393995
2021-06-11	1.59244311428261	0	1.3433860403383	2.72034080429596	0	0.599101946182672	0	1.60248831460799
2021-06-12	0	0	0	0	1.24392498137222	0.599101946182672	1.4169343491808	0.819523491691157
2021-06-13	0	0	0	0	0	0	0	0.341214241893716
2021-06-14	-4.37921856427718	0	0	0	0	0	0	0.566659366002064
2021-06-15	2.38866467142391	0	1.3433860403383	0	0	0	0	0.984037501175628
2021-06-16	0.132703592856884	0	-3.58236277423547	0	0	0	1.4169343491808	1.16683084504726
2021-06-17	1.19433233571196	0	0.447795346779434	0	0	0	1.4169343491808	0.910920163626974
2021-06-18	1.32703592856884	0	0	2.72034080429596	0	0.299550973091336	1.4169343491808	1.82488688298514
2021-06-19	0	0	0	0	1.24392498137222	0	0	0.517914474302962
2021-06-20	0	0	0	0	1.24392498137222	0	0	0.243724458495512
2021-06-21	2.38866467142391	0	1.79118138711773	0	0	0	0	0.792104490110412
2021-06-22	0.66351796428442	0	0.447795346779434	2.72034080429596	0	0	0	1.04192206006831
2021-06-23	6.10436527141667	0	15.6728371372802	-2.72034080429596	0	1.79730583854802	0	1.17597051224084
2021-06-24	1.19433233571196	0	0.895590693558867	0	0	0.299550973091336	0	1.04192206006831
2021-06-25	0.530814371427536	0	0	0	0	0.299550973091336	0	1.60858142607038
2021-06-26	0	0	0	0	0	0.299550973091336	0	0.490495472722217
2021-06-27	0	0	0	0	0	0	0	0.231538235570736
2021-06-28	1.19433233571196	0	0	2.72034080429596	1.24392498137222	0	0	0.484402361259829
2021-06-29	1.19433233571196	0	0.447795346779434	2.72034080429596	0	0	0	1.00231683556279
2021-06-30	1.32703592856884	0	1.3433860403383	0	0	0	0	0.910920163626974
2021-07-01	1.06162874285507	0	0.447795346779434	2.72034080429596	1.24392498137222	0	0	0.862175271927872
2021-07-02	0.132703592856884	0	0	-2.72034080429596	0	0	0	1.33134485453173
2021-07-03	0	0	0	0	0	0	0	0.258957237151481
2021-07-04	0	0	0	0	0	0	0	0.121862229247756
2021-07-05	0	0	0	0	0	0	0	0.368633243474461
2021-07-06	2.78677544999457	0	1.79118138711773	2.72034080429596	1.24392498137222	0.599101946182672	1.4169343491808	0.92310638655175
2021-07-07	1.72514670713949	0	1.3433860403383	0	0	0	1.4169343491808	0.996223724100403
2021-07-08	1.72514670713949	11.839924224485	0.447795346779434	0	1.24392498137222	0.299550973091336	0	0.764685488529667
2021-07-09	1.45973952142572	0	0.895590693558867	0	0	0.299550973091336	0	1.41055530354277
2021-07-10	0	0	0	0	0	0	0	0.237631347033124
2021-07-11	0	0	0	0	0	0	0	0.368633243474461
2021-07-12	0.398110778570652	0	0.895590693558867	0	0	0.299550973091336	1.4169343491808	0.70375437390579
2021-07-13	2.91947904285145	0	2.6867720806766	2.72034080429596	0	0	0	1.08457384030503
2021-07-14	0.66351796428442	0	0.447795346779434	0	0	0	1.4169343491808	0.987084056906822
2021-07-15	1.06162874285507	0	-0.447795346779434	0	4.97569992548889	0.299550973091336	0	1.08457384030503
2021-07-16	0.928925149998189	0	1.3433860403383	-2.72034080429596	0	0	1.4169343491808	1.38008974623083
2021-07-17	0	0	0	0	0	0	0	0.21935201264596
2021-07-18	0	0	0	0	0	0	0	0.28942279446342
2021-07-19	0.132703592856884	0	-1.3433860403383	0	1.24392498137222	0	0	0.603218034776391
2021-07-20	1.72514670713949	0	0	2.72034080429596	0	0	0	0.880454606315035
2021-07-21	0.928925149998189	0	0.447795346779434	0	0	0.299550973091336	0	1.10894628615458
2021-07-22	0.398110778570652	0	0	0	0	0.299550973091336	0	0.874361494852648
2021-07-23	0	0	0	2.72034080429596	1.24392498137222	1.49775486545668	0	1.68169876361903
2021-07-24	1.59244311428261	0	0.447795346779434	0	0	0	0	0.41433157944237
2021-07-25	0	0	0	0	0	0	0	0.313795240312971
2021-07-26	1.45973952142572	11.839924224485	0.447795346779434	0	0	0	1.4169343491808	0.75859237706728
2021-07-27	1.06162874285507	0	0	2.72034080429596	2.48784996274445	1.49775486545668	0	1.3953225248868
2021-07-28	0.398110778570652	0	-0.447795346779434	0	0	0	1.4169343491808	1.15769117785368
2021-07-29	2.5213682642808	0	0.895590693558867	0	2.48784996274445	0	1.4169343491808	0.971851278250852
2021-07-30	0.398110778570652	0	0	-2.72034080429596	0	0	0	2.6962018221066
2021-07-31	0	0	0	0	0	0	0	0.539240364421319
2021-08-01	0	0	0	0	0	0	0	0.715940596830565
2021-08-02	0.66351796428442	0	0	0	1.24392498137222	0	0	1.13331873200413
2021-08-03	1.19433233571196	0	0.895590693558867	5.44068160859192	0	1.49775486545668	0	1.78223510274843
2021-08-04	1.19433233571196	0	0.895590693558867	0	0	0.599101946182672	0	1.67255909642545
2021-08-05	1.32703592856884	0	0	0	0	0.299550973091336	0	1.60248831460799
2021-08-06	1.72514670713949	0	0.895590693558867	-5.44068160859192	0	1.19820389236534	0	3.44565453198029
2021-08-07	0	0	0	0	0	0.299550973091336	0	0.822570047422351
2021-08-08	0	0	0	0	0	0	0	0.426517802367145
2021-08-09	1.19433233571196	0	0.895590693558867	0	0	0	0	1.58725553595202
2021-08-10	1.32703592856884	0	0.447795346779434	0	1.24392498137222	1.19820389236534	0	2.50426881104138
2021-08-11	2.25596107856703	0	1.3433860403383	2.72034080429596	1.24392498137222	0.898652919274008	0	2.45552391934228
2021-08-12	1.45973952142572	0	-0.447795346779434	0	1.24392498137222	0.898652919274008	1.4169343491808	3.1409989588609
2021-08-13	3.18488622856522	11.839924224485	1.3433860403383	2.72034080429596	1.24392498137222	0	0	3.23544218652792
2021-08-14	0	0	0	0	0	0.898652919274008	0	0.849989049003096
2021-08-15	0	0	0	0	0	0	0	0.648916370744299
2021-08-16	1.19433233571196	0	0.447795346779434	0	0	0	0	3.18669729482881
2021-08-17	2.78677544999457	0	1.3433860403383	0	1.24392498137222	0	1.4169343491808	3.13795240312971
2021-08-18	3.71570059999275	0	1.3433860403383	0	0	2.99550973091336	2.8338686983616	3.66195998889506
2021-08-19	4.37921856427718	0	3.13456742745603	0	0	1.49775486545668	2.8338686983616	5.42286920152513
2021-08-20	3.45029341427899	0	1.79118138711773	0	1.24392498137222	2.09685681163935	0	4.42969203315592
2021-08-21	0	0	0	0	0	0.599101946182672	0	1.76395576836126
2021-08-22	0	0	0	0	0	0	0	0.673288816593851
2021-08-23	3.58299700713587	0	1.3433860403383	0	0	0	0	4.06410534541265
2021-08-24	4.51192215713406	11.839924224485	2.23897673389717	0	1.24392498137222	0.898652919274008	0	4.37790058572563
2021-08-25	4.11381137856341	11.839924224485	1.79118138711773	0	0	2.39640778473069	0	4.70997516042576
2021-08-26	3.05218263570833	0	0.895590693558867	0	1.24392498137222	2.99550973091336	4.2508030475424	6.75726061178806
2021-08-27	4.77732934284783	0	4.92574881457377	2.72034080429596	1.24392498137222	2.39640778473069	1.4169343491808	5.32233286239573
2021-08-28	0	0	0	0	0	0.898652919274008	0	1.98330778100723
2021-08-29	0	0	0	0	0	0	0	0.987084056906822
2021-08-30	3.58299700713587	0	2.23897673389717	0	0	1.49775486545668	0	5.21874996753514
2021-08-31	5.30814371427536	0	0.895590693558867	0	0	0.898652919274008	1.4169343491808	4.40227303157518
2021-09-01	4.91003293570471	0	2.6867720806766	2.72034080429596	0	5.99101946182672	1.4169343491808	6.22715991456032
2021-09-02	4.24651497142029	11.839924224485	2.23897673389717	0	2.48784996274445	0.299550973091336	0	9.31027431452854
2021-09-03	6.36977245713044	11.839924224485	2.6867720806766	0	1.24392498137222	0.599101946182672	1.4169343491808	5.90727156278496
2021-09-04	0	0	0	0	0	0.898652919274008	0	2.00463367112558
2021-09-05	0	0	0	0	0	0	0	1.28259996283263
2021-09-06	0	0	0	0	0	2.39640778473069	0	1.87972488614663
2021-09-07	6.90058682855797	0	3.58236277423547	-2.72034080429596	2.48784996274445	0	1.4169343491808	6.37644114538882
2021-09-08	6.36977245713044	0	1.79118138711773	2.72034080429596	1.24392498137222	1.19820389236534	0	7.02231096040193
2021-09-09	7.82951197855616	0	2.6867720806766	0	0	0.898652919274008	1.4169343491808	9.83732845602508
2021-09-10	9.02384431426812	11.839924224485	6.26913485491207	0	0	3.59461167709603	1.4169343491808	7.48843398727459
2021-09-11	0	0	0	0	0	0.299550973091336	0	2.56519992566526
2021-09-12	0	0	0	0	0	0	0	1.15769117785368
2021-09-13	8.3603263499837	0	3.13456742745603	0	0	5.69146848873539	0	6.55009482206687
2021-09-14	7.43140119998551	0	4.0301581210149	0	1.24392498137222	1.49775486545668	2.8338686983616	5.85548011535466
2021-09-15	6.90058682855797	0	3.58236277423547	0	1.24392498137222	5.09236654255271	0	8.32928336908411
2021-09-16	7.43140119998551	11.839924224485	0.895590693558867	0	1.24392498137222	3.2950607040047	0	10.6233398346731
2021-09-17	7.43140119998551	0	1.3433860403383	0	2.48784996274445	2.39640778473069	0	7.49452709873698
2021-09-18	0	0	0	0	0	1.19820389236534	0	3.06788162131225
2021-09-19	0	0	0	0	0	0	0	1.23994818259591
2021-09-20	9.28925149998189	0	4.92574881457377	0	1.24392498137222	0.898652919274008	4.2508030475424	7.02231096040193
2021-09-21	5.8389580857029	0	0	0	0	3.59461167709603	1.4169343491808	7.43968909557549
2021-09-22	7.69680838569928	0	2.23897673389717	5.44068160859192	2.48784996274445	1.79730583854802	0	8.18000213825561
2021-09-23	8.09491916426993	23.6798484489699	0.895590693558867	0	1.24392498137222	3.59461167709603	1.4169343491808	10.0780063587894
2021-09-24	7.96221557141305	0	2.6867720806766	5.44068160859192	1.24392498137222	2.09685681163935	0	7.56764443628563
2021-09-25	0	0	0	0	0	1.49775486545668	0	2.58957237151481
2021-09-26	0	0	0	0	0	0	0	1.81270066006037
2021-09-27	4.51192215713406	11.839924224485	1.79118138711773	5.44068160859192	0	0.898652919274008	2.8338686983616	6.86389006237984
2021-09-28	8.3603263499837	23.6798484489699	3.13456742745603	0	3.73177494411667	0	0	7.65904110822145
2021-09-29	8.3603263499837	0	3.13456742745603	5.44068160859192	2.48784996274445	3.59461167709603	0	8.03681401888949
2021-09-30	9.55465868569565	0	3.58236277423547	0	2.48784996274445	3.59461167709603	0	8.59128716196678
2021-10-01	5.17544012141848	0	1.3433860403383	0	4.97569992548889	0.898652919274008	2.8338686983616	6.48307059598061
2021-10-02	0	0	0	0	0	0	0	2.66268970906346
2021-10-03	0	0	0	0	0	0	0	1.66341942923187
2021-10-04	5.57355089998913	0	3.13456742745603	0	1.24392498137222	2.69595875782202	2.8338686983616	5.87985256120422
2021-10-05	7.03329042141486	0	3.58236277423547	0	0	0.599101946182672	1.4169343491808	5.75189722049407
2021-10-06	7.43140119998551	0	1.3433860403383	0	2.48784996274445	3.59461167709603	1.4169343491808	8.09774513351337
2021-10-07	7.43140119998551	0	2.6867720806766	0	4.97569992548889	2.09685681163935	1.4169343491808	7.52803921178011
2021-10-08	6.6351796428442	0	2.23897673389717	5.44068160859192	2.48784996274445	0.599101946182672	1.4169343491808	5.49903309480498
2021-10-09	0	0	0	0	0	0	0	1.37704319049964
2021-10-10	0	0	0	0	0	0	0	1.50499853120978
2021-10-11	5.57355089998913	0	1.3433860403383	0	0	3.2950607040047	0	3.60102887427118
2021-10-12	-0.265407185713768	0	-0.447795346779434	0	4.97569992548889	3.89416265018737	0	6.97051951297163
2021-10-13	11.8106197642627	0	2.23897673389717	2.72034080429596	0	1.19820389236534	1.4169343491808	9.70632655958375
2021-10-14	6.23706886427355	11.839924224485	3.58236277423547	0	0	2.99550973091336	0	6.67195705131463
2021-10-15	4.64462574999094	0	2.6867720806766	2.72034080429596	2.48784996274445	2.39640778473069	0	5.55082454223527
2021-10-16	0	0	0	0	0	1.19820389236534	0	1.81270066006037
2021-10-17	0	0	0	0	0	0	0	1.46234675097307
2021-10-18	0	0	0	2.72034080429596	3.73177494411667	1.79730583854802	1.4169343491808	5.37717086555722
2021-10-19	11.8106197642627	0	7.16472554847094	0	1.24392498137222	0.299550973091336	1.4169343491808	5.98343545606481
2021-10-20	6.36977245713044	11.839924224485	1.3433860403383	5.44068160859192	1.24392498137222	2.39640778473069	0	9.71851278250852
2021-10-21	6.10436527141667	0	2.6867720806766	0	0	1.49775486545668	1.4169343491808	6.14794946554928
2021-10-22	4.51192215713406	0	5.3735441613532	2.72034080429596	1.24392498137222	0	0	5.69705921733258
2021-10-23	0	0	0	0	0	0	0	1.7487229897053
2021-10-24	0	0	0	0	0	0	0	0.856082160465484
2021-10-25	3.84840419284964	0	0.895590693558867	8.16102241288789	1.24392498137222	3.89416265018737	0	4.4388317003495
2021-10-26	4.11381137856341	0	0.895590693558867	0	3.73177494411667	0.599101946182672	1.4169343491808	4.88362883710381
2021-10-27	5.70625449284602	11.839924224485	2.6867720806766	2.72034080429596	0	2.69595875782202	0	6.27590480625942
2021-10-28	4.11381137856341	0	2.6867720806766	0	2.48784996274445	0	1.4169343491808	5.65745399282706
2021-10-29	5.70625449284602	0	4.0301581210149	2.72034080429596	1.24392498137222	1.79730583854802	2.8338686983616	5.27663452642782
2021-10-30	0	0	0	0	0	0	0	1.22166884820875
2021-10-31	0	0	0	0	0	0	0	0.789057934379219
2021-11-01	4.11381137856341	0	2.23897673389717	0	0	1.49775486545668	1.4169343491808	3.79905499679879
2021-11-02	4.51192215713406	0	2.6867720806766	0	1.24392498137222	4.1937136232787	2.8338686983616	3.9940345635952
2021-11-03	4.51192215713406	0	2.23897673389717	2.72034080429596	0	0	0	6.05350623788227
2021-11-04	5.30814371427536	0	2.23897673389717	0	2.48784996274445	2.69595875782202	0	3.66195998889506
2021-11-05	4.11381137856341	11.839924224485	3.58236277423547	0	1.24392498137222	1.49775486545668	0	6.46783781732464
2021-11-06	0	0	0	0	0	0	0	1.5476503114465
2021-11-07	0	0	0	0	0	0	0	0.70375437390579
2021-11-08	3.84840419284964	11.839924224485	2.23897673389717	0	1.24392498137222	1.19820389236534	0	3.67109965608864
2021-11-09	4.11381137856341	0	1.3433860403383	0	1.24392498137222	2.69595875782202	0	4.41445925449995
2021-11-10	-0.132703592856884	0	-0.447795346779434	2.72034080429596	2.48784996274445	3.89416265018737	0	5.16391196437365
2021-11-11	0	0	0	0	0	0	0	2.7449467138057
2021-11-12	10.2181766499801	0	3.58236277423547	0	0	0	1.4169343491808	7.46710809715623
2021-11-13	0	0	0	0	0	2.39640778473069	0	1.82793343871634
2021-11-14	0	0	0	0	0	0	0	0.700707818174596
2021-11-15	7.43140119998551	11.839924224485	1.3433860403383	8.16102241288789	2.48784996274445	0	1.4169343491808	3.90568444739057
2021-11-16	5.17544012141848	0	1.79118138711773	0	3.73177494411667	1.19820389236534	0	4.02754667663833
2021-11-17	3.58299700713587	0	0.895590693558867	0	0	0.898652919274008	0	5.06642218097545
2021-11-18	3.98110778570652	0	0.895590693558867	0	0	4.1937136232787	1.4169343491808	4.07019845687504
2021-11-19	3.18488622856522	0	2.6867720806766	5.44068160859192	0	2.99550973091336	0	5.38326397701961
2021-11-20	0	0	0	0	0	0	0	1.4471139723171
2021-11-21	0	0	0	0	0	0	0	0.75859237706728
2021-11-22	3.84840419284964	11.839924224485	2.23897673389717	-2.72034080429596	0	1.79730583854802	0	3.79905499679879
2021-11-23	5.0427365285616	0	1.79118138711773	0	2.48784996274445	0	0	4.11894334857414
2021-11-24	4.11381137856341	0	0	2.72034080429596	1.24392498137222	0.599101946182672	0	5.17305163156723
2021-11-25	0	0	0	0	0	0	0	1.48062608536023
2021-11-26	0	0	0	0	1.24392498137222	0	0	1.18511017943442
2021-11-27	0	0	0	0	0	0	0	1.02973583714354
2021-11-28	0	0	0	0	0	0	0	0.843895937540709
2021-11-29	6.50247604998732	0	3.13456742745603	10.8813632171838	2.48784996274445	1.79730583854802	0	5.84024733669869
2021-11-30	6.10436527141667	0	2.23897673389717	0	1.24392498137222	2.99550973091336	0	5.00244451062037
2021-12-01	0	0	0	21.7627264343677	1.24392498137222	1.49775486545668	0	6.09615801811898
2021-12-02	10.2181766499801	11.839924224485	6.26913485491207	0	1.24392498137222	1.79730583854802	1.4169343491808	12.0034295809039
2021-12-03	4.37921856427718	0	1.79118138711773	5.44068160859192	2.48784996274445	1.19820389236534	0	4.90495472722217
2021-12-04	0	0	0	0	0	0	0	2.13258901183573
2021-12-05	0	0	0	0	0	0	0	1.25518096125188
2021-12-06	3.05218263570833	0	2.23897673389717	8.16102241288789	0	0.299550973091336	0	4.3413419169513
2021-12-07	3.18488622856522	0	1.3433860403383	0	0	0	0	4.60943882129636
2021-12-08	4.91003293570471	11.839924224485	2.23897673389717	13.6017040214798	0	1.79730583854802	0	5.54777798650408
2021-12-09	5.0427365285616	0	2.6867720806766	0	6.21962490686112	3.59461167709603	0	4.73130105054412
2021-12-10	2.5213682642808	0	2.6867720806766	10.8813632171838	3.73177494411667	1.49775486545668	2.8338686983616	5.3406121967829
2021-12-11	0	0	0	0	0	0	0	1.90105077626499
2021-12-12	0	0	0	0	0	0	0	1.13027217627293
2021-12-13	3.45029341427899	0	1.3433860403383	8.16102241288789	2.48784996274445	1.19820389236534	0	4.23775902209071
2021-12-14	3.71570059999275	23.6798484489699	0.895590693558867	0	4.97569992548889	3.2950607040047	5.6677373967232	4.60639226556517
2021-12-15	3.58299700713587	0	0.447795346779434	19.0423856300717	3.73177494411667	1.19820389236534	0	6.79991239202477
2021-12-16	2.38866467142391	0	0.447795346779434	0	8.70747486960556	0.599101946182672	1.4169343491808	3.86303266715386
2021-12-17	2.78677544999457	0	0.447795346779434	13.6017040214798	4.97569992548889	1.19820389236534	2.8338686983616	5.67877988294542
2021-12-18	0	0	0	0	0	0	0	2.06861134148065
2021-12-19	0	0	0	0	0	0	0	0.974897833982046
2021-12-20	2.78677544999457	0	1.3433860403383	10.8813632171838	0	2.09685681163935	0	4.72216138335054
2021-12-21	3.98110778570652	0	1.3433860403383	0	2.48784996274445	1.79730583854802	1.4169343491808	5.82806111377392
2021-12-22	3.98110778570652	0	0.895590693558867	8.16102241288789	2.48784996274445	3.59461167709603	0	12.7498357350464
2021-12-23	3.84840419284964	11.839924224485	3.13456742745603	0	4.97569992548889	2.99550973091336	0	4.28041080232742
2021-12-24	0	0	0	0	3.73177494411667	2.39640778473069	0	2.09907689879259
2021-12-25	0	0	0	0	0	0	0	0.737266486948922
2021-12-26	0	0	0	0	0	0	0	1.12722562054174
2021-12-27	2.25596107856703	0	0.895590693558867	24.4830672386637	0	0	2.8338686983616	5.62394187978393
2021-12-28	2.78677544999457	0	0.895590693558867	0	4.97569992548889	0.898652919274008	0	6.97965918016521
2021-12-29	2.25596107856703	11.839924224485	0.447795346779434	10.8813632171838	3.73177494411667	1.49775486545668	1.4169343491808	7.17463874696162
2021-12-30	1.85785029999638	0	1.3433860403383	0	3.73177494411667	3.2950607040047	1.4169343491808	4.53022837228532
2021-12-31	0	0	0	0	6.21962490686112	2.39640778473069	0	2.22703223950274
2022-01-01	0	0	0	0	0	0	0	1.22166884820875
2022-01-02	0	0	0	0	0	0	0	1.398369080618
2022-01-03	0	0	0	21.7627264343677	0	0	9.9185404442656	5.80064211219317
2022-01-04	7.43140119998551	11.839924224485	4.0301581210149	0	12.4392498137222	2.09685681163935	2.8338686983616	7.086288630757
2022-01-05	0	0	0	13.6017040214798	3.73177494411667	3.2950607040047	2.8338686983616	6.7846796133688
2022-01-06	8.62573353569747	0	3.13456742745603	0	6.21962490686112	2.39640778473069	0	6.37948770112001
2022-01-07	3.98110778570652	0	1.3433860403383	19.0423856300717	6.21962490686112	0	4.2508030475424	7.4335959841131
2022-01-08	0	0	0	0	0	0	2.8338686983616	2.65659659760108
2022-01-09	0	0	0	0	0	0	0	1.88886455334021
2022-01-10	3.18488622856522	0	1.3433860403383	16.3220448257758	6.21962490686112	1.49775486545668	8.5016060950848	6.23934613748509
2022-01-11	-0.265407185713768	0	0	0	13.6831747950945	0	5.6677373967232	7.68036699833981
2022-01-12	10.2181766499801	0	3.58236277423547	24.4830672386637	11.19532483235	5.99101946182672	4.2508030475424	8.6796372781714
2022-01-13	5.30814371427536	0	2.23897673389717	0	4.97569992548889	2.69595875782202	7.084671745904	7.80527578331876
2022-01-14	7.03329042141486	0	4.47795346779434	10.8813632171838	6.21962490686112	3.2950607040047	14.169343491808	8.52730949161171
2022-01-15	0	0	0	0	0	0	0	3.07092817704345
2022-01-16	0	0	0	0	0	0	0	2.33061513436333
2022-01-17	0	0	0	0	0	1.49775486545668	0	3.16232484897926
2022-01-18	4.51192215713406	0	6.7169302016915	0	7.46354988823334	0	7.084671745904	8.3323299248153
2022-01-19	0	0	0	40.8051120644394	24.8784996274445	0.599101946182672	4.2508030475424	10.6081070560171
2022-01-20	14.4646916214004	0	11.1948836694858	0	9.95139985097779	1.79730583854802	0	8.9325014038605
2022-01-21	8.22762275712681	23.6798484489699	7.61252089525037	27.2034080429596	9.95139985097779	1.79730583854802	5.6677373967232	10.3064980386289
2022-01-22	0.530814371427536	0	0	0	0	0	0	3.1440455145921
2022-01-23	0	0	0	0	0	0	0	2.26054435254587
2022-01-24	6.90058682855797	0	3.58236277423547	2.72034080429596	6.21962490686112	2.09685681163935	11.3354747934464	6.62625871534672
2022-01-25	0	0	0	0	18.6588747205834	5.99101946182672	4.2508030475424	9.61797644337912
2022-01-26	16.1898383285399	0	8.95590693558867	19.0423856300717	8.70747486960556	5.39191751564405	2.8338686983616	11.7597051224084
2022-01-27	0	0	0	0	11.19532483235	5.39191751564405	2.8338686983616	7.97892945999681
2022-01-28	15.7917275499692	-11.839924224485	8.95590693558867	10.8813632171838	7.46354988823334	6.29057043491806	2.8338686983616	12.4695526077766
2022-01-29	0	0	0	0	0	0	0	3.692425546207
2022-01-30	0	0	0	0	0	0	0	1.48671919682262
2022-01-31	10.2181766499801	11.839924224485	4.0301581210149	5.44068160859192	6.21962490686112	6.59012140800939	0	7.89971901098577
2022-02-01	0	0	0	0	16.1710247578389	6.29057043491806	8.5016060950848	10.196822032306
2022-02-02	9.156547907125	11.839924224485	6.26913485491207	8.16102241288789	7.46354988823334	7.18922335419207	0	11.0041593010723
2022-02-03	0	0	0	0	6.21962490686112	7.4887743272834	1.4169343491808	7.56764443628563
2022-02-04	16.1898383285399	0	8.95590693558867	2.72034080429596	7.46354988823334	0	2.8338686983616	12.570088946906
2022-02-05	0	0	0	0	0	0	0	2.82415716281674
2022-02-06	0	0	0	0	0	0	0	1.43188119366113
2022-02-07	17.5168742571087	11.839924224485	18.3596092179568	2.72034080429596	0	15.2770996276581	15.5862778409888	8.74970805998886
2022-02-08	0	0	0	0	9.95139985097779	7.4887743272834	0	9.1305275263881
2022-02-09	12.606841321404	23.6798484489699	7.61252089525037	8.16102241288789	7.46354988823334	6.29057043491806	1.4169343491808	10.1572168078004
2022-02-10	0	0	0	0	16.1710247578389	0	0	9.90435268211135
2022-02-11	16.1898383285399	11.839924224485	10.7470883227064	10.8813632171838	3.73177494411667	6.59012140800939	5.6677373967232	8.24702636434187
2022-02-12	0	0	0	0	0	0	0	2.51340847823496
2022-02-13	0	0	0	0	0	0	0	1.77918854701723
2022-02-14	7.43140119998551	11.839924224485	4.47795346779434	2.72034080429596	11.19532483235	11.9820389236534	0	9.66367477934703
2022-02-15	0	0	0	0	6.21962490686112	0	0	7.91495178964174
2022-02-16	19.7728353356757	0	12.9860650566036	21.7627264343677	3.73177494411667	5.99101946182672	2.8338686983616	9.70023344812136
2022-02-17	0	0	0	0	11.19532483235	5.09236654255271	2.8338686983616	8.97210662836602
2022-02-18	0	0	0	2.72034080429596	6.21962490686112	4.79281556946138	1.4169343491808	7.63771521810309
2022-02-19	12.3414341356902	11.839924224485	7.61252089525037	0	0	0	0	2.09298378733021
2022-02-20	0	0	0	0	0	0	0	1.36485696757486
2022-02-21	0	0	0	0	0	0	0	2.7419001580745
2022-02-22	0	0	0	0	3.73177494411667	8.08787627346607	1.4169343491808	6.61407249242194
2022-02-23	12.3414341356902	0	10.7470883227064	2.72034080429596	9.95139985097779	0	2.8338686983616	9.41690376512033
2022-02-24	3.05218263570833	0	0	0	7.46354988823334	4.1937136232787	0	8.99952562994676
2022-02-25	13.1376556928315	23.6798484489699	9.85149762914754	2.72034080429596	8.70747486960556	4.1937136232787	0	6.33378936515211
2022-02-26	0	0	0	0	0	0	0	2.32452202290094
2022-02-27	0	0	0	0	0	0	0	0.685475039518626
2022-02-28	4.64462574999094	0	4.92574881457377	0	1.24392498137222	4.79281556946138	1.4169343491808	6.52267582048613
2022-03-01	0	0	0	0	6.21962490686112	0	4.2508030475424	5.37107775409484
2022-03-02	11.6779161714058	0	6.26913485491207	8.16102241288789	1.24392498137222	3.2950607040047	0	6.3886273683136
2022-03-03	0	0	0	0	1.24392498137222	1.49775486545668	0	5.19437752168559
2022-03-04	9.42195509283877	23.6798484489699	4.0301581210149	5.44068160859192	4.97569992548889	3.2950607040047	0	5.3406121967829
2022-03-05	0	0	0	0	0	0	0	0.944432276670107
2022-03-06	0	0	0	0	0	0	0	0.651962926475493
2022-03-07	6.76788323570109	0	3.58236277423547	0	2.48784996274445	6.88967238110073	0	5.10907396121216
2022-03-08	0	0	0	0	2.48784996274445	0	4.2508030475424	4.31696947110175
2022-03-09	7.56410479284239	11.839924224485	6.7169302016915	-2.72034080429596	4.97569992548889	2.69595875782202	0	6.16622879993644
2022-03-10	0	0	0	0	2.48784996274445	1.79730583854802	2.8338686983616	5.36498464263245
2022-03-11	6.6351796428442	0	5.3735441613532	5.44068160859192	2.48784996274445	2.09685681163935	0	5.05423595805067
2022-03-12	0	0	0	0	0	0	0	0.849989049003096
2022-03-13	0	0	0	0	0	0	0	0.594078367582809
2022-03-14	4.77732934284783	0	4.92574881457377	0	0	5.39191751564405	0	3.98794145213281
2022-03-15	0	0	0	0	3.73177494411667	0	0	3.28723363395821
2022-03-16	0	0	0	-2.72034080429596	1.24392498137222	2.39640778473069	1.4169343491808	5.62698843551512
2022-03-17	7.16599401427174	11.839924224485	4.92574881457377	0	-1.24392498137222	2.99550973091336	0	4.54850770667248
2022-03-18	7.96221557141305	11.839924224485	5.82133950813264	0	1.24392498137222	2.09685681163935	0	3.19583696202239
2022-03-19	0	0	0	0	0	0	0	0.865221827659066
2022-03-20	0	0	0	0	0	0	0	0.268096904345063
2022-03-21	2.91947904285145	0	2.6867720806766	-2.72034080429596	1.24392498137222	1.49775486545668	2.8338686983616	3.19888351775359
2022-03-22	0	0	0	0	3.73177494411667	0	0	2.35803413594407
2022-03-23	5.30814371427536	0	4.47795346779434	0	1.24392498137222	0.898652919274008	0	4.99330484342679
2022-03-24	-0.398110778570652	0	0	0	-1.24392498137222	0.599101946182672	2.8338686983616	2.63831726321391
2022-03-25	5.30814371427536	11.839924224485	7.16472554847094	0	2.48784996274445	0.898652919274008	0	2.57433959285884
2022-03-26	0	0	0	0	0	0	0	0.456983359679084
2022-03-27	0	0	0	0	0	0	0	0.185839899602828
2022-03-28	2.91947904285145	0	4.47795346779434	0	1.24392498137222	2.69595875782202	0	3.10748684581777
2022-03-29	0	0	0	0	6.21962490686112	0	0	2.31538235570736
2022-03-30	3.18488622856522	0	2.6867720806766	2.72034080429596	0	1.19820389236534	0	3.55533053830327
2022-03-31	0	0	0	0	0	2.99550973091336	2.8338686983616	1.56897620156486
2022-04-01	4.24651497142029	11.839924224485	4.47795346779434	0	2.48784996274445	2.69595875782202	0	2.52864125689093
2022-04-02	0	0	0	0	0	0	0	0.484402361259829
2022-04-03	0	0	0	0	0	0	0	0.182793343871634
2022-04-04	0.66351796428442	0	0	0	1.24392498137222	0	0	1.78223510274843
2022-04-05	0	0	0	0	2.48784996274445	4.1937136232787	0	1.55374342290889
2022-04-06	3.84840419284964	0	1.79118138711773	2.72034080429596	1.24392498137222	0	0	3.36949063870045
2022-04-07	0	0	0	0	0	0	0	2.60785170590197
2022-04-08	2.91947904285145	0	2.6867720806766	0	0	5.39191751564405	0	1.87667833041544
2022-04-09	0	0	0	0	0	0	0	0.514867918571768
2022-04-10	0	0	0	0	0	0	0	0.0913966719358168
2022-04-11	0	0	0	0	2.48784996274445	0	0	0.993177168369209
2022-04-12	0	0	0	0	2.48784996274445	0	0	1.82793343871634
2022-04-13	3.05218263570833	0	3.58236277423547	2.72034080429596	0	3.89416265018737	0	3.46698042209865
2022-04-14	0	0	0	0	1.24392498137222	0	0	1.64209353911351
2022-04-15	4.11381137856341	0	4.0301581210149	0	1.24392498137222	1.79730583854802	0	1.34048452172531
2022-04-16	0	0	0	0	0	0	0	0.16451400948447
2022-04-17	0	0	0	0	0	0	0	0.0335121130431328
2022-04-18	0.928925149998189	0	1.3433860403383	0	0	0	0	0.728126819755341
2022-04-19	0	0	0	0	0	0.599101946182672	0	1.38313630196203
2022-04-20	3.18488622856522	11.839924224485	1.3433860403383	2.72034080429596	2.48784996274445	0	0	2.67182937625704
2022-04-21	0	0	0	0	2.48784996274445	0	0	1.25822751698308
2022-04-22	0.928925149998189	0	2.23897673389717	0	0	0.599101946182672	0	1.55374342290889
2022-04-23	0	0	0	0	0	0	2.8338686983616	0.207165789721185
2022-04-24	0	0	0	0	0	0	0	0.0974897833982046
2022-04-25	0	0	0	0	0	0	0	0.801244157303994
2022-04-26	1.45973952142572	0	0	0	1.24392498137222	0.898652919274008	0	0.980990945444434
2022-04-27	2.38866467142391	0	2.23897673389717	5.44068160859192	2.48784996274445	0	7.084671745904	2.3945928047184
2022-04-28	0	0	0	0	1.24392498137222	0	0	1.30392585295099
2022-04-29	2.25596107856703	0	4.0301581210149	0	1.24392498137222	0.599101946182672	0	1.23690162686472
2022-04-30	0	0	0	0	0	0	0	0.402145356517594
2022-05-01	0	0	0	0	0	0	0	0.0700707818174596
2022-05-02	0.265407185713768	0	0.447795346779434	0	1.24392498137222	0	0	0.898733940702199
2022-05-03	0	0	0	0	0	0.299550973091336	0	1.38008974623083
2022-05-04	1.45973952142572	0	0.895590693558867	8.16102241288789	3.73177494411667	0	0	5.94687678729048
2022-05-05	0	0	0	0	2.48784996274445	0	0	0.913966719358168
2022-05-06	0	0	0	0	1.24392498137222	1.49775486545668	0	1.09066695176741
2022-05-07	0	0	0	0	0	0	0	0.642823259281912
2022-05-08	0	0	0	0	0	0	0	0.0913966719358168
2022-05-09	3.45029341427899	0	4.92574881457377	0	0	0	0	0.761638932798474
2022-05-10	0	0	0	0	0	3.89416265018737	0	1.01145650275637
2022-05-11	3.71570059999275	0	2.23897673389717	2.72034080429596	1.24392498137222	0	0	2.05033200709349
2022-05-12	0	0	0	0	3.73177494411667	4.1937136232787	0	0.953571943863689
2022-05-13	2.78677544999457	0	3.13456742745603	0	1.24392498137222	0	0	0.612357701969973
2022-05-14	0	0	0	0	0	0	1.4169343491808	0.201072678258797
2022-05-15	0	0	0	0	0	0	0	0.112722562054174
2022-05-16	2.78677544999457	0	3.58236277423547	0	0	0	0	0.740313042680116
2022-05-17	0	0	0	0	2.48784996274445	1.79730583854802	1.4169343491808	1.21862229247756
2022-05-18	2.78677544999457	11.839924224485	0.895590693558867	8.16102241288789	0	0	0	2.89118138890301
2022-05-19	0	0	0	0	0	1.49775486545668	0	1.08762039603622
2022-05-20	3.84840419284964	0	4.0301581210149	0	3.73177494411667	0	0	1.21557573674636
2022-05-21	0	0	0	0	0	0	0	0.28942279446342
2022-05-22	0	0	0	0	0	0	0	0.134048452172531
2022-05-23	1.19433233571196	0	0.895590693558867	0	2.48784996274445	0	0	0.752499265604892
2022-05-24	0	0	0	0	2.48784996274445	0.599101946182672	0	1.0480151715307
2022-05-25	2.25596107856703	0	3.13456742745603	5.44068160859192	1.24392498137222	0	0	3.28114052249582
2022-05-26	0	0	0	0	0	1.19820389236534	0	1.11808595334816
2022-05-27	4.11381137856341	0	5.3735441613532	0	0	0	0	1.5963952031456
2022-05-28	0	0	0	0	0	0	0	0.143188119366113
2022-05-29	0	0	0	0	0	0	0	0.0517914474302962
2022-05-30	0	0	0	0	0	0	0	0.127955340710144
2022-05-31	0	0	0	0	2.48784996274445	1.19820389236534	0	1.11808595334816
2022-06-01	3.58299700713587	11.839924224485	4.47795346779434	8.16102241288789	1.24392498137222	0	1.4169343491808	2.02595956124394
2022-06-02	0	0	0	0	1.24392498137222	3.2950607040047	4.2508030475424	1.03887550433712
2022-06-03	2.91947904285145	0	3.13456742745603	0	2.48784996274445	0	0	1.13331873200413
2022-06-04	0	0	0	0	0	0	1.4169343491808	0.560566254539676
2022-06-05	0	0	0	0	0	0	0	0.103582894860592
2022-06-06	2.38866467142391	0	1.3433860403383	0	0	0	0	0.846942493271903
2022-06-07	0	0	0	0	3.73177494411667	1.49775486545668	0	1.46539330670426
2022-06-08	0	0	0	8.16102241288789	1.24392498137222	0	1.4169343491808	3.57665642842163
2022-06-09	0	0	0	0	2.48784996274445	2.09685681163935	0	0.97794438971324
2022-06-10	7.96221557141305	0	7.16472554847094	0	0	0	0	1.09371350749861
2022-06-11	0	0	0	0	0	0	0	0.356447020549686
2022-06-12	0	0	0	0	0	0	0	0.0913966719358168
2022-06-13	1.32703592856884	0	2.6867720806766	0	1.24392498137222	0	0	0.825616603153545
2022-06-14	0	0	0	0	2.48784996274445	0.299550973091336	0	1.16987740077846
2022-06-15	3.71570059999275	47.3596968979399	3.13456742745603	5.44068160859192	3.73177494411667	0	0	2.12040278891095
2022-06-16	0	0	0	0	0	0.599101946182672	0	1.36790352330606
2022-06-17	4.11381137856341	0	5.3735441613532	0	0	0	1.4169343491808	0.965758166788464
2022-06-18	0	0	0	0	0	0	0	0.131001896441337
2022-06-19	0	0	0	0	0	0	0	0.16451400948447
2022-06-20	0	0	0	0	0	0	0	0.21935201264596
2022-06-21	0	0	0	0	1.24392498137222	0	0	1.45016052804829
2022-06-22	5.44084730713225	23.6798484489699	3.58236277423547	5.44068160859192	3.73177494411667	0	0	2.56519992566526
2022-06-23	0	0	0	0	1.24392498137222	4.1937136232787	0	1.1972964023592
2022-06-24	3.98110778570652	0	2.6867720806766	0	0	0	0	1.31611207587576
2022-06-25	0	0	0	0	0	0	0	0.502681695646992
2022-06-26	0	0	0	0	0	0	0	0.0670242260862657
2022-06-27	1.72514670713949	0	2.23897673389717	0	1.24392498137222	0	0	0.904827052164586
2022-06-28	0	0	0	10.8813632171838	0	1.19820389236534	0	1.75786265689888
2022-06-29	5.30814371427536	23.6798484489699	4.47795346779434	0	0	0	0	2.15086834622289
2022-06-30	0	0	0	0	1.24392498137222	1.49775486545668	0	-0.773825155723249
2022-07-01	4.77732934284783	0	4.0301581210149	0	1.24392498137222	0	2.8338686983616	1.50804508694098
2022-07-02	0	0	0	0	0	0	0	0.16451400948447
2022-07-03	0	0	0	0	0	0	0	0.0243724458495512
2022-07-04	0	0	0	0	0	0	0	0.240677902764318
2022-07-05	0	0	0	0	2.48784996274445	2.39640778473069	0	1.40750874781158
2022-07-06	3.71570059999275	0	7.16472554847094	0	2.48784996274445	0	0	2.28491679839542
2022-07-07	0	0	0	0	2.48784996274445	2.39640778473069	0	3.32074574700134
2022-07-08	5.44084730713225	0	4.92574881457377	0	2.48784996274445	0	1.4169343491808	1.46843986243546
2022-07-09	0	0	0	0	0	0	0	0.298562461657002
2022-07-10	0	0	0	0	0	0	0	0.0974897833982046
2022-07-11	2.38866467142391	0	0.895590693558867	0	0	0	4.2508030475424	1.39227596915561
2022-07-12	0	0	0	13.6017040214798	0	1.79730583854802	0	1.76700232409246
2022-07-13	5.57355089998913	0	3.58236277423547	0	0	0	-1.4169343491808	2.91250727902136
2022-07-14	0	0	0	0	1.24392498137222	2.09685681163935	0	1.20338951382159
2022-07-15	0	0	0	0	0	0	0	1.4958588640162
2022-07-16	0	0	0	0	0	0	0	0.216305456914766
2022-07-17	3.98110778570652	0	4.47795346779434	0	0	0	0	0.16451400948447
2022-07-18	3.98110778570652	11.839924224485	3.58236277423547	0	0	0	1.4169343491808	1.32220518733815
2022-07-19	-0.132703592856884	0	0	13.6017040214798	0	1.49775486545668	1.4169343491808	1.93760944503932
2022-07-20	6.10436527141667	35.5197726734549	4.0301581210149	0	0	0	9.9185404442656	2.6962018221066
2022-07-21	0	0	0	0	4.97569992548889	3.59461167709603	0	1.55983653437127
2022-07-22	2.91947904285145	0	2.6867720806766	0	0	0	0	1.66951254069425
2022-07-23	0	0	0	0	0	0	0	0.310748684581777
2022-07-24	0	0	0	0	0	0	0	0.0974897833982046
2022-07-25	3.98110778570652	0	1.79118138711773	0	0	0	0	1.28564651856382
2022-07-26	0	0	0	5.44068160859192	0	0	0	1.68169876361903
2022-07-27	5.70625449284602	11.839924224485	5.3735441613532	0	0	0	0	2.8424364972039
2022-07-28	0	0	0	0	4.97569992548889	0	1.4169343491808	1.30697240868218
2022-07-29	0	0	0	0	0	6.59012140800939	0	1.84011966164111
2022-07-30	0	0	0	0	0	0	0	0.155374342290889
2022-07-31	0	0	0	0	0	0	0	0.0396052245055206
2022-08-01	6.36977245713044	0	3.13456742745603	0	0	0	0	1.72435054385574
2022-08-02	0	0	0	8.16102241288789	0	2.39640778473069	0	1.58116242448963
2022-08-03	5.97166167855978	0	1.3433860403383	0	0	0	0	3.19888351775359
2022-08-04	0	0	0	0	-1.24392498137222	2.09685681163935	7.084671745904	2.02291300551275
2022-08-05	3.71570059999275	0	4.0301581210149	0	0	0	0	2.09298378733021
2022-08-06	0	0	0	0	0	0	0	0.21935201264596
2022-08-07	0	0	0	0	0	0	0	0.0974897833982046
2022-08-08	0	0	0	0	0	0	0	1.50499853120978
2022-08-09	0	0	0	10.8813632171838	0	1.49775486545668	0	1.98026122527603
2022-08-10	6.6351796428442	0	8.95590693558867	0	0	0	0	2.78150538258003
2022-08-11	0	0	0	0	8.70747486960556	2.39640778473069	0	1.7944213256732
2022-08-12	6.50247604998732	0	4.0301581210149	0	0	0	7.084671745904	1.87363177468424
2022-08-13	0	0	0	0	0	0	0	0.262003792882675
2022-08-14	0	0	0	0	0	0	0	0.0517914474302962
2022-08-15	2.5213682642808	0	3.13456742745603	0	0	0	0	1.40750874781158
2022-08-16	0	0	0	5.44068160859192	0	1.49775486545668	0	1.58725553595202
2022-08-17	5.70625449284602	0	3.58236277423547	0	0	0	0	3.25067496518388
2022-08-18	0	0	0	0	1.24392498137222	1.79730583854802	0	1.97416811381364
2022-08-19	4.51192215713406	0	8.0603162420298	0	0	0	2.8338686983616	1.71825743239336
2022-08-20	0	0	0	0	0	0	0	0.225445124108348
2022-08-21	0	0	0	0	0	0	0	0.0792104490110412
2022-08-22	1.99055389285326	0	0.895590693558867	0	0	0	0	1.54155719998411
2022-08-23	0	0	0	13.6017040214798	0	1.49775486545668	0	1.89191110907141
2022-08-24	5.70625449284602	0	5.3735441613532	0	0	0	0	2.83329683001032
2022-08-25	0	0	0	0	4.97569992548889	0.898652919274008	7.084671745904	1.98026122527603
2022-08-26	3.58299700713587	23.6798484489699	4.0301581210149	0	0	0	0	2.04119233989991
2022-08-27	0	0	0	0	0	0	0	0.21935201264596
2022-08-28	0	0	0	0	0	0	0	0.057884558892684
2022-08-29	0.66351796428442	0	1.3433860403383	0	0	0	0	1.4471139723171
2022-08-30	0	0	0	0	0	0.898652919274008	0	1.25213440552069
2022-08-31	3.84840419284964	0	3.58236277423547	10.8813632171838	0	0	0	4.5424145952101
2022-09-01	0	0	0	0	0	1.49775486545668	1.4169343491808	2.18133390353483
2022-09-02	3.58299700713587	0	2.6867720806766	0	0	0	0	1.37399663476845
2022-09-03	0	0	0	0	0	0	0	0.207165789721185
2022-09-04	0	0	0	0	0	0	0	0.0426517802367145
2022-09-05	0	0	0	0	0	0	0	0.271143460076257
2022-09-06	0	0	0	8.16102241288789	0	1.19820389236534	0	1.84316621737231
2022-09-07	4.91003293570471	23.6798484489699	4.47795346779434	0	0	0	0	2.37326691460004
2022-09-08	0	0	0	0	2.48784996274445	1.79730583854802	0	2.16610112487886
2022-09-09	2.5213682642808	0	2.6867720806766	0	0	0	0	1.54155719998411
2022-09-10	0	0	0	0	0	0	0	0.249817569957899
2022-09-11	0	0	0	0	0	0	0	0.0639776703550718
2022-09-12	3.45029341427899	0	3.58236277423547	0	0	0	0	1.37095007903725
2022-09-13	0	0	0	2.72034080429596	0	0	0	1.60858142607038
2022-09-14	0	0	0	0	0	0	0	2.8942279446342
2022-09-15	0	0	0	0	4.97569992548889	2.69595875782202	0	2.11430967744856
2022-09-16	6.76788323570109	11.839924224485	10.299292975927	0	0	0	0	1.23690162686472
2022-09-17	0	0	0	0	0	0	0	0.17974678814044
2022-09-18	0	0	0	0	0	0	0	0.0731173375486535
2022-09-19	2.12325748571015	0	1.79118138711773	0	0	0	0	1.18511017943442
2022-09-20	0	0	0	10.8813632171838	0	0	0	1.36790352330606
2022-09-21	3.98110778570652	11.839924224485	2.23897673389717	0	0	0	1.4169343491808	2.9429728363333
2022-09-22	0	0	0	0	0	1.19820389236534	0	2.10212345452379
2022-09-23	3.84840419284964	11.839924224485	1.79118138711773	0	0	0	0	1.20948262528398
2022-09-24	0	0	0	0	0	0	0	0.249817569957899
2022-09-25	0	0	0	0	0	0	0	0.0548380031614901
2022-09-26	1.32703592856884	0	1.79118138711773	0	0	0	0	1.11199284188577
2022-09-27	0	0	0	8.16102241288789	0	0	-1.4169343491808	1.37704319049964
2022-09-28	3.71570059999275	11.839924224485	4.0301581210149	0	0	0	0	3.87217233434744
2022-09-29	0	0	0	0	1.24392498137222	1.19820389236534	14.169343491808	2.21179946084677
2022-09-30	3.58299700713587	0	4.47795346779434	0	0	0	0	0.974897833982046
2022-10-01	0	0	0	0	0	0	0	0.106629450591786
2022-10-02	0	0	0	0	0	0	0	0.0548380031614901
2022-10-03	1.06162874285507	0	0.895590693558867	0	0	0	0	0.886547717777423
2022-10-04	-0.398110778570652	0	0	19.0423856300717	0	0	0	1.53851064425292
2022-10-05	4.11381137856341	0	1.79118138711773	0	0	0	0	3.12576618020494
2022-10-06	0	0	0	0	11.19532483235	2.09685681163935	0	1.90105077626499
2022-10-07	2.91947904285145	11.839924224485	5.3735441613532	0	0	0	0	1.21862229247756
2022-10-08	0	0	0	0	0	0	0	0.158420898022082
2022-10-09	0	0	0	0	0	0	0	0.0365586687743267
2022-10-10	0.398110778570652	0	1.3433860403383	0	0	0	0	0.411285023711176
2022-10-11	0	0	0	10.8813632171838	0	0	0	1.85839899602828
2022-10-12	3.98110778570652	0	0.895590693558867	0	0	0	0	2.3458479130193
2022-10-13	0	0	0	0	1.24392498137222	2.69595875782202	0	1.80051443713559
2022-10-14	2.65407185713768	0	4.0301581210149	0	0	0	0	1.00840994702518
2022-10-15	0	0	0	0	0	0	0	0.127955340710144
2022-10-16	0	0	0	0	0	0	0	0.0335121130431328
2022-10-17	1.85785029999638	0	1.3433860403383	0	0	0	0	1.02668928141234
2022-10-18	0	0	0	10.8813632171838	0	0	0	1.33134485453173
2022-10-19	3.84840419284964	23.6798484489699	1.79118138711773	0	0	0	0	2.16305456914766
2022-10-20	0	0	0	0	3.73177494411667	2.99550973091336	0	1.84316621737231
2022-10-21	3.05218263570833	11.839924224485	1.79118138711773	0	0	0	0	1.77004887982365
2022-10-22	0	0	0	0	0	0	0	0.0700707818174596
2022-10-23	0	0	0	0	0	0	0	0.0365586687743267
2022-10-24	1.59244311428261	0	2.23897673389717	0	0	0	0	0.636730147819524
2022-10-25	0	0	0	10.8813632171838	0	0	0	1.32525174306934
2022-10-26	2.91947904285145	0	4.0301581210149	0	0	0	0	3.35121130431328
2022-10-27	0	0	0	0	4.97569992548889	2.09685681163935	0	1.80660754859798
2022-10-28	0	0	0	0	0	0	7.084671745904	0.584938700389228
2022-10-29	0	0	0	0	0	0	0	0.10967600632298
2022-10-30	0	0	0	0	0	0	0	0.027419001580745
2022-10-31	3.58299700713587	0	2.23897673389717	0	0	0	0	0.402145356517594
2022-11-01	0	0	0	2.72034080429596	0	0	0	1.35571730038128
2022-11-02	2.65407185713768	0	1.3433860403383	0	0	0	0	2.20265979365319
2022-11-03	0	0	0	0	3.73177494411667	2.39640778473069	0	1.96502844662006
2022-11-04	0	0	0	0	0	0	0	1.08152728457383
2022-11-05	0	0	0	0	0	0	0	0.100536339129399
2022-11-06	0	0	0	0	0	0	0	0.057884558892684
2022-11-07	0	0	0	0	0	0	0	0.408238467979982
2022-11-08	0	0	0	0	0	0	0	0.673288816593851
2022-11-09	7.43140119998551	11.839924224485	6.7169302016915	10.8813632171838	0	0	0	2.76322604819286
2022-11-10	0	0	0	0	8.70747486960556	3.2950607040047	7.084671745904	1.80356099286679
2022-11-11	0	0	0	0	0	0	0	0.170607120946858
2022-11-12	0	0	0	0	0	0	0	0.0152327786559695
2022-11-13	0	0	0	0	0	0	0	0.0396052245055206
2022-11-14	0	0	0	0	0	0	0	0.773825155723249
2022-11-15	0	0	0	5.44068160859192	0	0	0	1.22471540393995
2022-11-16	7.43140119998551	11.839924224485	6.26913485491207	0	0	0	0	2.43724458495512
2022-11-17	0	0	0	0	8.70747486960556	4.1937136232787	0	1.60858142607038
2022-11-18	0	0	0	0	0	0	1.4169343491808	1.55374342290889
2022-11-19	0	0	0	0	0	0	0	0.0700707818174596
2022-11-20	0	0	0	0	0	0	0	0.0609311146238779
2022-11-21	0	0	0	0	0	0	0	0.642823259281912
2022-11-22	0	0	0	19.0423856300717	0	0	0	1.72435054385574
2022-11-23	5.17544012141848	0	4.92574881457377	0	1.24392498137222	1.49775486545668	0	3.00390395095718
2022-11-24	-0.66351796428442	0	0	0	0	0	0	0.575799033195646
2022-11-25	0	0	0	0	0	0	0	0.46916958260386
2022-11-26	0	0	0	0	0	0	0	0.0396052245055206
2022-11-27	0	0	0	0	0	0	0	0.0396052245055206
2022-11-28	0	0	0	0	0	0	0	0.90787360789578
2022-11-29	0	0	0	5.44068160859192	0	0	0	1.25518096125188
2022-11-30	-1.72514670713949	0	0	0	0	0	0	1.70607120946858
2022-12-01	-3.3175898214221	0	0	0	7.46354988823334	2.09685681163935	5.6677373967232	2.09298378733021
2022-12-02	0	0	0	0	0	0	0	0.950525388132495
2022-12-03	0	0	0	0	0	0	0	0.0883501162046229
2022-12-04	0	0	0	0	0	0	0	0.0335121130431328
2022-12-05	0	0	0	0	0	0	0	0.679381928056238
2022-12-06	0	0	0	2.72034080429596	0	0	0	1.84316621737231
2022-12-07	16.4552455142536	11.839924224485	8.95590693558867	0	0	0	0	3.06178850984986
2022-12-08	0	0	0	0	7.46354988823334	4.49326459637004	0	2.71752771222495
2022-12-09	0	0	0	0	0	0	0	0.606264590507585
2022-12-10	0	0	0	0	0	0	0	0.100536339129399
2022-12-11	0	0	0	0	0	0	0	0.0335121130431328
2022-12-12	0	0	0	0	0	0	0	0.694614706712208
2022-12-13	0	0	0	8.16102241288789	0	0	0	1.81270066006037
2022-12-14	9.156547907125	11.839924224485	10.7470883227064	0	0	0	0	2.68706215491301
2022-12-15	0	0	0	0	13.6831747950945	7.18922335419207	0	2.50122225531019
2022-12-16	0	0	0	0	0	0	0	1.29478618575741
2022-12-17	0	0	0	0	0	0	0	0.0792104490110412
2022-12-18	0	0	0	0	0	0	0	0.0670242260862657
2022-12-19	0	0	0	0	0	0	0	0.859128716196678
2022-12-20	0	0	0	10.8813632171838	0	0	0	1.78528165847962
2022-12-21	12.3414341356902	23.6798484489699	9.85149762914754	0	0	0	0	3.17451107190404
2022-12-22	0	0	0	0	8.70747486960556	5.39191751564405	5.6677373967232	1.81574721579156
2022-12-23	0	0	0	0	0	0	0	0.630637036357136
2022-12-24	0	0	0	0	0	0	0	0.0670242260862657
2022-12-25	0	0	0	0	0	0	0	0.0456983359679084
2022-12-26	0	0	0	0	0	0	0	0.0883501162046229
2022-12-27	0	0	0	8.16102241288789	0	0	0	1.08457384030503
2022-12-28	6.23706886427355	23.6798484489699	4.0301581210149	0	0	0	0	3.01609017388196
2022-12-29	0	0	0	0	8.70747486960556	4.49326459637004	0	2.81501749562316
2022-12-30	0	0	0	0	0	0	0	0.658056037937881
2022-12-31	0	0	0	0	0	0	0	0.0792104490110412
2023-01-01	0	0	0	0	0	0	0	0.0456983359679084
2023-01-02	0	0	0	0	0	0	0	0.0670242260862657
2023-01-03	0	0	0	5.44068160859192	0	0	0	1.23994818259591
2023-01-04	11.2798053928351	0	6.26913485491207	0	0	0	0	3.91482411458415
2023-01-05	0	0	0	0	8.70747486960556	6.29057043491806	0	2.56519992566526
2023-01-06	0	0	0	0	0	0	0	1.38313630196203
2023-01-07	0	0	0	0	0	0	0	0.0792104490110412
2023-01-08	0	0	0	0	0	0	0	0.0517914474302962
2023-01-09	0	0	0	0	0	0	0	0.913966719358168
2023-01-10	0	0	0	19.0423856300717	0	0	0	2.71752771222495
2023-01-11	13.5357664714022	47.3596968979399	8.95590693558867	0	0	0	0	5.57519698808483
2023-01-12	0	0	0	0	7.46354988823334	5.69146848873539	5.6677373967232	2.1935201264596
2023-01-13	0	0	0	0	0	0	0	1.15769117785368
2023-01-14	0	0	0	0	0	0	0	0.158420898022082
2023-01-15	0	0	0	0	0	0	0	0.0487448916991023
2023-01-16	0	0	0	0	0	0	0	0.134048452172531
2023-01-17	0	0	0	24.4830672386637	0	0	0	2.26663746400826
2023-01-18	11.5452125785489	11.839924224485	9.85149762914754	0	0	0	0	4.81660461101755
2023-01-19	0	0	0	0	16.1710247578389	6.59012140800939	8.5016060950848	4.01840700944475
2023-01-20	0	0	0	0	0	0	0	1.3465776331877
2023-01-21	0	0	0	0	0	0	0	0.0700707818174596
2023-01-22	0	0	0	0	0	0	0	0.0396052245055206
2023-01-23	0	0	0	0	0	0	0	0.956618499594883
2023-01-24	0	0	0	-2.72034080429596	0	0	0	2.4463842521487
2023-01-25	9.02384431426812	11.839924224485	8.95590693558867	0	0	0	0	4.16768824027325
2023-01-26	0.132703592856884	0	0	0	16.1710247578389	3.89416265018737	0	2.69010871064421
2023-01-27	-0.132703592856884	0	0	0	0	0	1.4169343491808	0.310748684581777
2023-01-28	0	0	0	0	0	0	0	0.0456983359679084
2023-01-29	0	0	0	0	0	0	0	0.0426517802367145
2023-01-30	0	0	0	0	0	0	0	0.694614706712208
2023-01-31	0	0	0	-2.72034080429596	0	0	0	2.3458479130193
2023-02-01	0	0	0	0	0	0	0	3.98489489640161
2023-02-02	7.29869760712862	23.6798484489699	5.82133950813264	0	19.9027997019556	3.59461167709603	0	3.5431443153785
2023-02-03	0	0	0	0	0	0	0	1.58420898022082
2023-02-04	0	0	0	0	0	0	0	0.0517914474302962
2023-02-05	0	0	0	0	0	0	0	0.00609311146238779
2023-02-06	0	0	0	0	0	0	0	0.584938700389228
2023-02-07	0	0	0	2.72034080429596	0	0	0	1.43797430512352
2023-02-08	9.95276946426631	23.6798484489699	8.50811158880924	0	0	0	0	3.25067496518388
2023-02-09	0	0	0	0	6.21962490686112	5.09236654255271	4.2508030475424	2.91250727902136
2023-02-10	0	0	0	0	0	0	0	0.325981463237747
2023-02-11	0	0	0	0	0	0	0	0.112722562054174
2023-02-12	0	0	0	0	0	0	0	0.0243724458495512
2023-02-13	0	0	0	0	0	0	0	0.52400758576535
2023-02-14	0	0	0	2.72034080429596	0	0	0	1.37399663476845
2023-02-15	7.69680838569928	11.839924224485	4.92574881457377	0	0	0	0	1.77004887982365
2023-02-16	0	0	0	0	12.4392498137222	4.1937136232787	1.4169343491808	3.38167686162522
2023-02-17	0	0	0	0	0	0	0	2.1965666821908
2023-02-18	0	0	0	0	0	0	0	0.0517914474302962
2023-02-19	0	0	0	0	0	0	0	0.00304655573119389
2023-02-20	0	0	0	0	0	0	0	0.222398568377154
2023-02-21	0	0	0	5.44068160859192	0	0	0	1.10285317469219
2023-02-22	7.16599401427174	23.6798484489699	5.3735441613532	0	0	0	0	2.62308448455794
2023-02-23	0	0	0	0	9.95139985097779	2.69595875782202	1.4169343491808	1.93456288930812
2023-02-24	0	0	0	0	0	0	0	0.158420898022082
2023-02-25	0	0	0	0	0	0	0	0.0426517802367145
2023-02-26	0	0	0	0	0	0	0	0
2023-02-27	0	0	0	0	0	0	0	-0.0304655573119389
2023-02-28	0	0	0	2.72034080429596	0	0	0	1.02059616994995
2023-03-01	8.09491916426993	0	5.82133950813264	0	0	0	0	2.76931915965525
2023-03-02	0	0	0	0	8.70747486960556	5.09236654255271	4.2508030475424	2.30319613278258
2023-03-03	0	0	0	0	0	0	0	1.49281230828501
2023-03-04	0	0	0	0	0	0	0	0.0213258901183573
2023-03-05	0	0	0	0	0	0	0	0
