date	state	King	Snohomish	Pierce	Ann Arbor	Boston	San Diego	DC
2020-01-26	0	0	0	0	0	0	0	0
2020-01-27	0	0	0	0	0	0	0	0
2020-01-28	0	0	0	0	0	0	0	0
2020-01-29	0	0	0	0	0	0	0	0
2020-01-30	0	0	0	0	0	0	0	0
2020-01-31	0	0	0	0	0	0	0	0
2020-02-01	0	0	0	0	0	0	0	0
2020-02-02	0	0	0	0	0	0	0	0
2020-02-03	0	0	0	0	0	0	0	0
2020-02-04	0	0	0	0	0	0	0	0
2020-02-05	0	0	0	0	0	0	0	0
2020-02-06	0	0	0	0	0	0	0	0
2020-02-07	0	0	0	0	0	0	0	0
2020-02-08	0	0	0	0	0	0	0	0
2020-02-09	0	0	0	0	0	0	0	0
2020-02-10	0	0.199976194597845	0	0	0	0	0	0
2020-02-11	0	0.467341075375876	0	0	0	0	0	0
2020-02-12	0.0269301847883698	0.749643582419386	0	0	0	0	0	0
2020-02-13	0.153355253596473	1.04769136120951	0.0352647727588326	0	0	0	0	0
2020-02-14	0.288551678246199	1.3622920572274	0.198991535696938	0	0	0	0	0
2020-02-15	0.433066955917843	1.69425331595419	0.374954043248338	0	0	0	0	0
2020-02-16	0.587448583791699	2.04438278287101	0.563921129474073	0	0	0	0	0
2020-02-17	0.752244059048063	2.413488103459	0.766661628435182	0	0	0	0	0
2020-02-18	0.92800087886723	2.80237692319931	0.983944374192704	0	0	0	0	0
2020-02-19	1.11526654042949	3.21185688757308	1.21653820080768	0	0	0	0	0
2020-02-20	1.31458854091515	3.64273564206144	1.46521194234114	0	0	0	0	0
2020-02-21	1.5265143775045	4.09582083214553	1.73073443285414	0	0	0	0	0
2020-02-22	1.75159154737783	4.5719201033065	2.01387450640771	0.0546845728298279	0	0	0	0
2020-02-23	1.99036754771544	5.07184110102547	2.31540099706288	0.128541064491036	0	0	0	0
2020-02-24	2.24332530580816	5.59618606533274	2.63600408794843	0.209613196598508	0	0	0	0
2020-02-25	2.51068946938902	6.14473561445514	2.97605935846399	0.298367870510386	0	0	0	0
2020-02-26	2.79262011630157	6.71706496116868	3.33586373707693	0.395295351560389	0	0	0	0
2020-02-27	3.08927732438939	7.31274931824932	3.71571415225463	0.500885905082236	0	0	0	0
2020-02-28	3.40082117149602	7.93136389847306	4.11590753246444	0.615629796409645	0	0	0	0
2020-02-29	3.72741173546503	8.57248391461589	4.53674080617374	0.740017290876336	0.21645544250678	0	0.0337362573697079	0
2020-03-01	4.06920909413999	9.23568457945379	4.9785109018499	0.874538653816026	0.462689547962639	0	0.0897078906649472	0
2020-03-02	4.42619129185847	9.92027128962481	5.44124446216893	1.01958273646976	0.735083543367955	0	0.151716873858244	0
2020-03-03	4.79760823893414	10.6244701772152	5.92388698664153	1.17513273370787	1.03447921637011	0	0.219967232855849	0
2020-03-04	5.1825278121747	11.3462375581734	6.42511368898702	1.34107042630801	1.36158628449795	0	0.294633986802669	0.11382927155434
2020-03-05	5.58001788838784	12.0835297484475	6.94359978292475	1.51727759504784	1.7171144652803	0.389267223802154	0.37589215484361	0.621090479349005
2020-03-06	5.98914634438125	12.8343030639861	7.47802048217405	1.70363602070501	2.10177347624599	1.46739424740349	0.46391675612358	1.18181289731929
2020-03-07	6.40898105696261	13.5965138207373	8.02705100045426	1.90002748405719	2.51627303492386	2.65791476323983	0.558882809787485	1.79838000255472
2020-03-08	6.83858990293963	14.3681183346496	8.58936655148471	2.10633376588203	2.96132285884274	3.96588238161604	0.660965334980232	2.47317527214479
2020-03-09	7.27704075911999	15.1470729216713	9.16364234898475	2.32243664695719	3.43763266553147	5.39635071283697	0.770339350846728	3.20858218317901
2020-03-10	7.72340150231138	15.9313338977506	9.74855360667371	2.54821790806032	3.94591217251888	6.95437336720745	0.88717987653188	4.00698421274691
2020-03-11	8.1767400093215	16.718857578836	10.3427755382709	2.78355932996908	4.4868710973338	8.64500395503235	1.01166193118059	4.87076483793799
2020-03-12	8.63612415695803	17.5076002808757	10.9449833574957	3.02834269346113	5.06121915750506	10.4732960866165	1.14396053393778	5.80230753584176
2020-03-13	9.10062182202867	18.2955183198181	11.5538522780675	3.28244977931412	5.66966607056151	12.4443033722648	1.28425070394834	6.80399578354774
2020-03-14	9.56930088134111	19.0805680116115	12.1680575137055	3.54576236830572	6.31292155403198	14.563079422282	1.43270746035718	7.87821305814543
2020-03-15	10.041229211703	19.8607056722042	12.7862742781292	3.81816224121357	6.99169532544529	16.834677846973	1.58950582230921	9.02734283672436
2020-03-16	10.5151068476736	20.6334690982757	13.4065468448866	4.09932542265608	7.70636001981042	19.2637012185505	1.75474404697847	10.2533898692332
2020-03-17	10.9881624548181	21.3947220094302	14.0243957268413	4.38810491261457	8.45593994205692	21.8529479568586	1.92821334365549	11.5568439970573
2020-03-18	11.4572568564529	22.1399096060027	14.6347104966857	4.68314795491112	9.23912231459445	24.6047654436492	2.10962815965996	12.9378163344412
2020-03-19	11.9192508758948	22.8644770883287	15.2323807271122	4.98310179336781	10.0545943598327	27.5215010606743	2.29870294231154	14.3964179956294
2020-03-20	12.3710053364605	23.5638696567432	15.8122959908131	5.28661367180669	10.9010433001814	30.6055021896858	2.4951521389299	15.9327600948665
2020-03-21	12.8093810614665	24.2335325115816	16.3693458604809	5.59233083404985	11.7771563580501	33.8591162124357	2.69869019683473	17.5469537463969
2020-03-22	13.2312388742294	24.8689108531791	16.8984199088078	5.89890052391935	12.6816207558486	37.2846905106759	2.90903156334568	19.2391100644653
2020-03-23	13.6338143394913	25.4660373137497	17.3951181357287	6.20500046463508	13.6128090569517	40.8821497690922	3.12581738596938	21.0085511168081
2020-03-24	14.0158419876958	26.023294253023	17.8578822501484	6.50943029700815	14.5678351885955	44.6417278841063	3.34839561296024	22.8514427851294
2020-03-25	14.3764310907115	26.5396514626072	18.285864388214	6.81102014124749	15.5434984189812	48.5512360550739	3.57604089275961	24.7631619046257
2020-03-26	14.7146909204076	27.0140787341106	18.6782166860728	7.10860011756202	16.5365980163098	52.5984854813504	3.80802787380885	26.739085310493
2020-03-27	15.0297307486527	27.4455458591417	19.0340912798719	7.40100034616067	17.5439332487828	56.7712873622915	4.0436312045493	28.7745898379276
2020-03-28	15.3206598473158	27.8330226293086	19.3526403057585	7.68705094725237	18.5623033846011	61.0574528972528	4.28212553342233	30.8650523221256
2020-03-29	15.5865874882659	28.1754788362197	19.6330158998799	7.96558204104603	19.5885076919662	65.4447932855898	4.52278550886928	33.0058495982833
2020-03-30	15.8266229433717	28.4718842714834	19.8743701983832	8.23542374775059	20.619345439079	69.9211197266581	4.76488577933152	35.1923585015969
2020-03-31	16.0398754845021	28.7212087267079	20.0758553374156	8.49540618757498	21.651615894141	74.4742434198133	5.0077009932504	37.4199558672626
2020-04-01	16.225454383526	28.9224219935016	20.2366234531243	8.7443594807281	22.6821183253532	79.091975564411	5.25050579906726	39.6840185304765
2020-04-02	16.3824689123124	29.0744938634727	20.3558266816566	8.98111374741891	23.7076520009168	83.7621273598068	5.49257484522347	41.979923326435
2020-04-03	16.51002834273	29.1763941282297	20.4326171591595	9.2044991078563	24.7250161890332	88.4725100053562	5.73318278016038	44.3030470903342
2020-04-04	16.6072419466479	29.2270925793807	20.4661470217804	9.41334568224922	25.7310101579034	93.2109347004149	5.97160425231934	46.6487666573703
2020-04-05	16.6732189959347	29.2255590085342	20.4555684056664	9.60648359080659	26.7224331757286	97.9652126443384	6.20711391014171	49.0124588627395
2020-04-06	16.7075608303579	29.1714816333206	20.4007485623308	9.78289103228002	27.6956951598676	102.719552696758	6.4389914672864	51.3884260405568
2020-04-07	16.7118370612787	29.0674223754591	20.3044152047515	9.94213851959185	28.6456486243086	107.443754358406	6.66653689828259	53.7666725206116
2020-04-08	16.6881093679566	28.9166615826911	20.1700111612723	10.0839446442071	29.5667567321972	112.104014790291	6.889055242877	56.1361281316123
2020-04-09	16.6384394296512	28.7224796027581	20.0009792602373	10.2080279975908	30.4534826466792	116.666531153423	7.10585154081637	58.4857227022671
2020-04-10	16.5648889256223	28.4881567834013	19.8007623299904	10.314107171208	31.3002895309004	121.097500608808	7.31623083184742	60.8043860612844
2020-04-11	16.4695195351293	28.2169734723623	19.5728031988755	10.4019007565237	32.1016405480064	125.363120317455	7.51949815571689	63.0810480373723
2020-04-12	16.354392937432	27.9122100173823	19.3205446952366	10.471127345003	32.8519988611428	129.429587440374	7.71495855217152	65.3046384592392
2020-04-13	16.2214055894301	27.5769058614065	19.0472453225296	10.52170038475	33.5464067226993	133.266912927285	7.90203863533519	67.4648606340543
2020-04-14	16.0717930585844	27.2131368281944	18.7554262846577	10.5543127504261	34.1822227420403	136.860362882765	8.08065131684052	69.554511782831
2020-04-15	15.9066256899959	26.822737836709	18.4474244606364	10.5698521733316	34.7573846177743	140.199017200102	8.25083108269726	71.5671626050435
2020-04-16	15.7269738287655	26.4075438059135	18.1255767294809	10.5692063847671	35.2698300485095	143.271955772586	8.41261241891518	73.4963838001663
2020-04-17	15.5339078199944	25.9693896547712	17.7922199702066	10.5532631160329	35.7174967328542	146.068258493507	8.56602981150404	75.3357460676736
2020-04-18	15.3284980087834	25.510110302245	17.4496910618286	10.5229100984295	36.0983223694169	148.577005256152	8.71111774647363	77.0788201070397
2020-04-19	15.1118147402335	25.0315406672983	17.1003268833624	10.4790350632573	36.4102446568059	150.787275953813	8.84791070983369	78.719176617739
2020-04-20	14.8849283594458	24.5355156688942	16.7464643138232	10.4225257418169	36.6512012936294	152.688150479776	8.97644318759401	80.2503862992458
2020-04-21	14.6489092115212	24.0238702259957	16.3904402322263	10.3542698654086	36.8191299784959	154.268708727333	9.09674966576433	81.6660198510345
2020-04-22	14.4048276415607	23.4984392575661	16.0345915175871	10.2751551653329	36.9119684100136	155.518030589772	9.20886463035444	82.9596479725793
2020-04-23	14.1537539946652	22.9610576825684	15.6812550489207	10.1860693728902	36.927654286791	156.425195960382	9.3128225673741	84.1248413633546
2020-04-24	13.8967586159359	22.413560419966	15.3327677052426	10.087900219381	36.8641253074364	156.979284732452	9.40865796283308	85.1551707228347
2020-04-25	13.6349118504736	21.8577823887218	14.991466365568	9.98153543610576	36.719319170558	157.169376799272	9.49640530274113	86.044206750494
2020-04-26	13.3692840433794	21.2955585077991	14.6596879089122	9.8678627543649	36.4911735747642	156.984552054131	9.57609907310804	86.7855201458067
2020-04-27	13.1008477720159	20.7286749976461	14.3393520225973	9.74767793255383	36.1790436692834	156.419707243948	9.6477739417491	87.3743370884294
2020-04-28	12.8301845427925	20.1587232846516	14.0307096271724	9.62140883744779	35.7879544058233	155.493006530164	9.71146530370179	87.8125056787476
2020-04-29	12.55777809438	19.5872460966895	13.7335944514936	9.48939136291696	35.3243481867117	154.228430927849	9.76720873580914	88.1035294973288
2020-04-30	12.2841121654496	19.0157861616338	13.4478402244167	9.35196140283156	34.7946674142765	152.649961452074	9.81503981491416	88.2509121247408
2020-05-01	12.0096704946722	18.4458862073582	13.1732806747977	9.20945485106179	34.2053544908453	150.78157911791	9.85499411785986	88.2581571415511
2020-05-02	11.7349368207188	17.8790889617367	12.9097495314926	9.06220760147782	33.562851818746	148.647264940427	9.88710722148927	88.1287681283275
2020-05-03	11.4603948822603	17.3169371526433	12.6570805233573	8.91055554794986	32.8736018003064	146.270999934696	9.9114147026454	87.8662486656376
2020-05-04	11.1865535899311	16.7608743427495	12.4149546689237	8.75484151315071	32.1436439962086	143.676859273433	9.92789888850504	87.4742927447931
2020-05-05	10.9140225422178	16.2119474339179	12.1824421454281	8.59543603496357	31.377406600552	140.88929475994	9.93632910757999	86.957356000082
2020-05-06	10.6434365095707	15.6711041628088	11.9584604197826	8.43271658007423	30.5789149657903	137.932852355164	9.93642143871586	86.3200844765366
2020-05-07	10.3754302624397	15.1392922660825	11.7419269588992	8.2670606151685	29.7521944443773	134.832078020052	9.92789196075821	85.5671242191889
2020-05-08	10.110638571275	14.6174594803994	11.5317592296902	8.09884560693217	28.9012703887668	131.611517715553	9.91045675255264	84.7031212730712
2020-05-09	9.84969620652656	14.1065535424196	11.3268746990677	7.92844902205104	28.0301681514125	128.295717402613	9.88383189294472	83.7327216832155
2020-05-10	9.59323793864446	13.6075221888035	11.1261908339439	7.7562483272109	27.1429130847681	124.90922304218	9.84773346078005	82.660571494654
2020-05-11	9.34185503050989	13.121161659198	10.9287387470439	7.58267299128712	26.2432684294638	121.474231752382	9.80206040070995	81.4917652952706
2020-05-12	9.09596471472847	12.6476622051966	10.7340041343454	7.40836049191333	25.3339489788351	118.003545280075	9.74744312060882	80.2331918443558
2020-05-13	8.85594071633696	12.1870625813791	10.5415863376388	7.23400030891268	24.4174074143938	114.507616529294	9.68469489415677	78.8921884440517
2020-05-14	8.6221567603721	11.7394015423257	10.3510846987147	7.06028192210837	23.4960964176517	110.996898404077	9.61462899503395	77.4760923965005
2020-05-15	8.39498657187065	11.3047178426162	10.1620985593638	6.88789481132357	22.5724686701207	107.48184380846	9.53805869692049	75.9922410038446
2020-05-16	8.17480387586935	10.8830502368307	9.97422726137663	6.71752845638147	21.6489768533125	103.972905646478	9.45579727349652	74.447971568226
2020-05-17	7.96198239740494	10.4744374795493	9.78707014654372	6.54987233710523	20.7280736487391	100.480536822169	9.36865799844219	72.8506213917869
2020-05-18	7.75689586151419	10.0789183253518	9.60022655665569	6.38561593331806	19.8122117379123	97.0151902395692	9.27745414543761	71.2075277766696
2020-05-19	7.55991799323382	9.69653152881838	9.41329583350312	6.22544872484311	18.9038438023439	93.5873188027142	9.18299898816294	69.5260280250163
2020-05-20	7.3714225176006	9.32731584452894	9.22587731887658	6.07006019150357	18.0054225235457	90.2073754156408	9.08610580029829	67.8134594389691
2020-05-21	7.19178315965127	8.9713100270635	9.03757035456666	5.92013981312262	17.1194005830296	86.8858129823855	8.98758785552381	66.0771593206702
2020-05-22	7.02137364442259	8.62855283100206	8.84797428236393	5.77637706952344	16.2482306623074	83.6330844069845	8.88825842751963	64.3244649722619
2020-05-23	6.86056769695128	8.29908301092464	8.65668844405899	5.63946144052922	15.394365442891	80.4596425934742	8.78893078996588	62.5627136958863
2020-05-24	6.70973904227411	7.98293932141122	8.46331218144241	5.51008240596312	14.5602576062921	77.3759404458911	8.6904182165427	60.7992427936856
2020-05-25	6.56916376708823	7.680104993961	8.26779251520812	5.38880151089446	13.7482876839118	74.3902459627471	8.59350777975396	59.0409123264034
2020-05-26	6.43872740473242	7.39034116774994	8.07146718166342	5.27566856137705	12.9605476067071	71.5020875204558	8.49888174739842	57.2926733891882
2020-05-27	6.31821785020585	7.11335345887319	7.87602159601896	5.17060542871086	12.1990571555244	68.7088085899065	8.40719618609861	55.5589998357899
2020-05-28	6.20742299850771	6.84884748342591	7.68314117348539	5.07353398419583	11.4658361112099	66.0077526419884	8.31910716247704	53.8443655199585
2020-05-29	6.10613074463719	6.59652885750323	7.49451132927337	4.98437609913191	10.7629042546098	63.3962631475907	8.23527074315621	52.1532442954437
2020-05-30	6.01412898359345	6.35610319720031	7.31181747859354	4.90305364481904	10.0922813665705	60.8716835776027	8.15634299475864	50.4901100159956
2020-05-31	5.9312056103757	6.12727611861231	7.13674503665655	4.8294884925572	9.45598722793816	58.4313574029136	8.08297998390683	48.859436535364
2020-06-01	5.8571656295085	5.90978698174393	6.97066305230832	4.76360407570975	8.85556619810543	56.0728960525607	8.01578208626672	47.2649113530376
2020-06-02	5.79188248361808	5.70351012223811	6.81367510893582	4.70533007589382	8.29066095065037	53.7949827881735	7.95512691367791	45.7070765514601
2020-06-03	5.73524672485604	5.50835361964736	6.66556842356127	4.65459773678996	7.76043873769737	51.5965688295297	7.90133638702342	44.1856878588139
2020-06-04	5.68714890537399	5.32422555352417	6.52613021320691	4.61133830207873	7.26406681137088	49.4766053964071	7.85473242718627	42.7005010032817
2020-06-05	5.64747957732355	5.15103400342105	6.39514769489497	4.57548301544068	6.80071242379528	47.4340437085832	7.81563695504949	41.2512717130459
2020-06-06	5.61612929285632	4.9886870488905	6.27240808564768	4.54696312055638	6.36954282709501	45.4678349858357	7.78437189149609	39.837755716289
2020-06-07	5.59298860412392	4.83709276948502	6.15769860248728	4.52570986110636	5.96972527339447	43.5769304479423	7.7612591574091	38.4597087411935
2020-06-08	5.57794806327797	4.69615924475711	6.05080646243599	4.51165448077119	5.60042701481808	41.7602813146806	7.74662067367154	37.1168865159418
2020-06-09	5.57089822247006	4.56579455425927	5.95151888251605	4.50472822323143	5.26081530349025	40.0168388058284	7.74077836116643	35.8090447687166
2020-06-10	5.57172963385183	4.44590677754401	5.85962307974969	4.50486233216762	4.9500573915354	38.3455541411632	7.74405414077679	34.5359392277002
2020-06-11	5.58033284957486	4.33640399416382	5.77490627115914	4.51198805126033	4.66732053107794	36.7453785404628	7.75676993338565	33.2973256210752
2020-06-12	5.59659842179079	4.2371942836712	5.69715567376663	4.5260366241901	4.41177197424228	35.2152632235047	7.77924765987602	32.0929596770241
2020-06-13	5.62041690265122	4.14818572561867	5.6261585045944	4.54693929463749	4.18257897315284	33.7541594100668	7.81180924113093	30.9225971237294
2020-06-14	5.65167884430775	4.06928639955871	5.56170198066467	4.57462730628307	3.97890877993404	32.3610183199265	7.85477659803339	29.7859936893735
2020-06-15	5.69026163077315	4.00038991857018	5.50345587297946	4.60889819486239	3.79978149650041	31.0345013763809	7.90836945745072	28.6829341499079
2020-06-16	5.73598997350473	3.94133202983734	5.45062016845989	4.6490146643311	3.64362862392702	29.7721108168041	7.97239877018735	27.6133194723597
2020-06-17	5.78867541582091	3.89193401407079	5.40227740800687	4.69410571069987	3.50873451307904	28.5710590820894	8.046573293032	26.5770796715247
2020-06-18	5.84812950104016	3.85201715198115	5.35751013252131	4.74330032997934	3.39338351482166	27.4285586131302	8.1306017827734	25.5741447621989
2020-06-19	5.91416377248092	3.82140272427902	5.31540088290411	4.79572751818018	3.29585998002007	26.3418218508199	8.22419299620025	24.6044447591784
2020-06-20	5.98658977346164	3.79991201167502	5.27503220005618	4.85051627131305	3.21444825953944	25.3080612360518	8.32705569010128	23.667909677259
2020-06-21	6.06521904730075	3.78736629487974	5.23548662487842	4.90679558538861	3.14743270424497	24.3244892097194	8.43889862126521	22.7644695312367
2020-06-22	6.1498317507506	3.78354927580788	5.196026521373	4.96389102841089	3.0932178794768	23.3887279108115	8.55932155498604	21.8939481443321
2020-06-23	6.24008249429902	3.78809434119042	5.15663354594709	5.02191445635741	3.05068920847499	22.5000382706993	8.68748829057878	21.0557445734644
2020-06-24	6.33559450186775	3.80059729896244	5.1174691781091	5.08117429719904	3.01885232895455	21.6580909188495	8.82245363586376	20.2491516839777
2020-06-25	6.43599099737852	3.82065395705899	5.07869489736748	5.14197897890668	2.99671287863049	20.8625564847287	8.96327239866128	19.4734623412157
2020-06-26	6.54089520475305	3.84786012341514	5.04047218323064	5.20463692945122	2.98327649521783	20.1131055978036	9.10899938679165	18.7279694105224
2020-06-27	6.64993034791309	3.88181160596595	5.00296251520701	5.26945657680354	2.97754881643159	19.409408887541	9.25868940807517	18.0119657572416
2020-06-28	6.76271965078034	3.9221042126465	4.96632737280501	5.33674634893452	2.97853547998678	18.7511369834075	9.41139727033215	17.3247442467173
2020-06-29	6.87888633727655	3.96833375139185	4.93072823553308	5.40681467381506	2.98524212359843	18.1379605148698	9.56617778138289	16.6655977442935
2020-06-30	6.99805363132344	4.02009603013706	4.89632658289964	5.47996997941604	2.99667438498154	17.5695501113946	9.7220857490477	16.0338191153139
2020-07-01	7.11984475684275	4.0769868568172	4.8632838944131	5.55652069370835	3.01183790185113	17.0455764024485	9.8781759811469	15.4287012251225
2020-07-02	7.2438829377562	4.13860203936734	4.83176164958191	5.63677524466288	3.02973831192222	16.5657100174983	10.0335032855008	14.8495369390632
2020-07-03	7.36979139798552	4.20453738572253	4.80192132791448	5.72104206025051	3.04938125290983	16.1296215860106	10.1871224699296	14.2956191224799
2020-07-04	7.49719336145244	4.27438870381786	4.77392440891924	5.80962956844213	3.06977236252897	15.7369817374521	10.3380883422538	13.7662406407166
2020-07-05	7.62571205207869	4.34775180158837	4.74793237210462	5.90284619720862	3.08991727849465	15.3874611012895	10.4854557102936	13.260694359117
2020-07-06	7.7549885862571	4.42429340422086	4.7241386129964	6.00103083195154	3.10899498357619	15.0801396409161	10.6282139567415	12.778277167637
2020-07-07	7.88473565026488	4.50396390590897	4.70286419118984	6.10464418779512	3.12687784076004	14.8117346554316	10.765090763779	12.3183020546798
2020-07-08	8.01468382285035	4.58678461809805	4.68446208229752	6.21417743729426	3.14361155808695	14.5783727778621	10.8947483884598	11.8800860332603
2020-07-09	8.1445636827618	4.67277685223348	4.66928526193207	6.33012175300384	3.15924184359767	14.376180641234	11.0158490878376	11.4629461163937
2020-07-10	8.27410580874754	4.76196191976061	4.65768670570608	6.45296830747877	3.17381440533294	14.2012848785735	11.1270551189662	11.0661993170949
2020-07-11	8.4030407795559	4.85436113212481	4.65001938923217	6.58320827327393	3.18737495133351	14.0498121229068	11.2270287388991	10.6891626483789
2020-07-12	8.53109917393517	4.94999580077143	4.64663628812294	6.72133282294423	3.19996918964014	13.9178890072602	11.3144322046902	10.3311531232609
2020-07-13	8.65793379967839	5.04875874242855	4.64774359959686	6.86758762443378	3.21158265079644	13.8021191060337	11.3882428328889	9.99157185527539
2020-07-14	8.7828863807575	5.150028794955	4.65296040729588	7.02123632724361	3.22196015535757	13.7010137591223	11.4486981780282	9.67015636003509
2020-07-15	8.90522087018918	5.25305630149236	4.66175901646784	7.18129707626395	3.23078634638157	13.6135612477948	11.4963508541371	9.36672825367235
2020-07-16	9.02420122099008	5.35709160518218	4.67361173236054	7.34678801638506	3.23774586692644	13.5387498533198	11.5317534752444	9.08110915231945
2020-07-17	9.13909138617688	5.46138504916602	4.68799086022181	7.51672729249717	3.24252336005024	13.4755678569661	11.5554586553789	8.81312067210871
2020-07-18	9.24915531876623	5.56518697658544	4.70436870529947	7.69013304949053	3.24480346881098	13.4230035400025	11.5680190085695	8.56258442917243
2020-07-19	9.35365697177481	5.66774773058199	4.72221757284134	7.86602343225539	3.24427083626671	13.3800451836977	11.569987148845	8.32932203964292
2020-07-20	9.45186029821928	5.76831765429723	4.74100976809525	8.04341658568198	3.24061010547544	13.3456810693204	11.5619156902343	8.11315511965249
2020-07-21	9.54302925111631	5.86614709087272	4.760217596309	8.22133065466056	3.2335059194952	13.3188994781394	11.5443572467663	7.91390528533343
2020-07-22	9.62642778348257	5.96048638345002	4.77931336273043	8.39878378408137	3.22264292138404	13.2986886914234	11.5178644324698	7.73139415281805
2020-07-23	9.70131984833472	6.05058587517068	4.79776937260736	8.57479411883465	3.20770575419997	13.2840369904412	11.4829898613736	7.56544333823865
2020-07-24	9.76696939868942	6.13569590917627	4.8150579311876	8.74837980381064	3.18837906100103	13.2739326564615	11.4402861475067	7.41587445772755
2020-07-25	9.82264038756336	6.21506682860834	4.83065134371897	8.91855898389959	3.16434748484525	13.267363970753	11.3903059048978	7.28250912741704
2020-07-26	9.86759676797318	6.28794897660844	4.8440219154493	9.08434980399175	3.13529566879066	13.2633192145845	11.3336017475759	7.16516896343944
2020-07-27	9.90122621999625	6.35362498360691	4.85468545660354	9.24472215973968	3.10099688121813	13.2608120931687	11.2707886158614	7.06348412757772
2020-07-28	9.92341133195266	6.41150662918917	4.86233179731513	9.39845294984526	3.06157889179992	13.258958007494	11.2027307552413	6.97631896421762
2020-07-29	9.9341584192232	6.46103798022942	4.86669427269467	9.54427082377269	3.01725809553115	13.2568977824929	11.1303547374944	6.90234636339554
2020-07-30	9.93347379718863	6.50166310360183	4.86750621785272	9.68090443098617	2.96825088740691	13.2537722430977	11.0545871343992	6.84023921514789
2020-07-31	9.92136378122974	6.5328260661806	4.86450096789987	9.80708242094989	2.91477366242233	13.248722214241	10.9763545177345	6.78867040951109
2020-08-01	9.89783468672732	6.55397093483994	4.8574118579467	9.92153344312807	2.8570428155725	13.240888520855	10.8965834592789	6.74631283652153
2020-08-02	9.86289282906214	6.56454177645401	4.8459722231038	10.0229861469849	2.79527474185253	13.2294119878722	10.8162005308112	6.71183938621562
2020-08-03	9.81665348536109	6.56415589651605	4.82986276146414	10.1104689003978	2.72967307078344	13.2136184399528	10.7359391811846	6.68394999308539
2020-08-04	9.75966777973545	6.55312355499532	4.80855362305035	10.1842089448969	2.66039036998987	13.1935737006677	10.6557603675518	6.66145276944522
2020-08-05	9.69259579804263	6.53192825048014	4.78146232086748	10.2447332404258	2.58756644162238	13.1695285933157	10.5754319241398	6.64318287206513
2020-08-06	9.61609762614001	6.5010534815588	4.74800636792053	10.2925687469279	2.51134108783152	13.1417339411956	10.4947216851759	6.62797545771511
2020-08-07	9.530833349885	6.4609827468196	4.70760327721456	10.3282424243465	2.43185411076785	13.110440567606	10.4133974848873	6.61466568316518
2020-08-08	9.43746305513499	6.41219954485085	4.65967056175459	10.3522812326252	2.34924531258192	13.0758992958457	10.3312271575013	6.60208870518533
2020-08-09	9.33664682774736	6.35518737424084	4.60362573454565	10.3652121317073	2.26365449542428	13.0383609492135	10.247978537245	6.58907968054558
2020-08-10	9.22904938296194	6.29045478399651	4.53913538440489	10.3675574303903	2.17527489479034	12.9979427915571	10.1635055603894	6.57471471450308
2020-08-11	9.1153539535482	6.21861052479924	4.46686240339793	10.3598208328876	2.08451347955488	12.9542278489209	10.0780065713802	6.55903370626367
2020-08-12	8.99624840165806	6.14028839774906	4.38771875940251	10.3425013922665	1.99183065193751	12.906665587898	9.99176601670698	6.54231750352034
2020-08-13	8.8724205894434	6.056122203946	4.30261642029636	10.3160981615944	1.89768681415788	12.8547054750818	9.90506834285927	6.52484695396608
2020-08-14	8.74455837905614	5.96674574449007	4.21246735395722	10.2811101939387	1.8025423684356	12.7977969770657	9.81819799632657	6.50690290529388
2020-08-15	8.61334963264816	5.87279282048129	4.11818352826282	10.2380365423667	1.70685771699031	12.7353895604428	9.73143942359837	6.48876620519674
2020-08-16	8.47948221237137	5.77489723301969	4.0206769110909	10.1873762599457	1.61109326204164	12.6669326918067	9.6450770711642	6.47071770136763
2020-08-17	8.34364398037768	5.67369278320528	3.9208594703192	10.1296283997431	1.5157094058092	12.5918758377504	9.55939538551357	6.45303824149957
2020-08-18	8.20652279881898	5.56981327213809	3.81964317382544	10.0652920148264	1.42116655051263	12.5096684648675	9.474678813136	6.43600867328554
2020-08-19	8.06880652984717	5.46389250091814	3.71793998948737	9.9948661582628	1.32792509837155	12.4197600397511	9.39121180052098	6.41990984441852
2020-08-20	7.93118303561417	5.35656427064545	3.61666188518272	9.91884988311972	1.2364454516056	12.3216000289946	9.30927879415805	6.40502260259152
2020-08-21	7.79434017827185	5.24846238242003	3.51672082878922	9.83774224246451	1.1471880124344	12.2146378991913	9.2291642405367	6.39162779549752
2020-08-22	7.65896581997214	5.14022063734192	3.41902878818462	9.75204228936455	1.06061318307757	12.0983231169345	9.15115258614645	6.38000627082952
2020-08-23	7.52574782286692	5.03247283651113	3.32449773124664	9.66224907688718	0.977181365754744	11.9721051488175	9.07552827747682	6.3704388762805
2020-08-24	7.395326733584	4.92581082743702	3.23394024732946	9.56881167349883	0.897349449177304	11.835956951192	9.00247493968205	6.36309498589219
2020-08-25	7.26815383665474	4.82065864326631	3.14777141169297	9.47197920926215	0.82156026802363	11.6919454394434	8.93177291257526	6.35769807910124
2020-08-26	7.1446331010864	4.71739836355503	3.06630692107349	9.37195082963886	0.750253143463859	11.5426610187154	8.8631017146343	6.35386016169304
2020-08-27	7.02516849588625	4.61641206785925	2.98986247220735	9.26892568009066	0.683867396668125	11.3906940941518	8.79614086433706	6.35119323945296
2020-08-28	6.91016399006155	4.51808183573501	2.91875376183088	9.16310290607928	0.622842348806563	11.2386350708963	8.73056988016136	6.34930931816638
2020-08-29	6.80002355261955	4.42278974673836	2.8532964866804	9.05468165306642	0.56761732104931	11.0890743540927	8.66606828058508	6.34782040361869
2020-08-30	6.69515115256753	4.33091788042535	2.79380634349224	8.9438610665138	0.518631634566499	10.9446023488847	8.60231558408607	6.34633850159526
2020-08-31	6.5958789057516	4.242810618751	2.7405324330858	8.83085627548983	0.476163776116528	10.8073287921695	8.53895223423797	6.3445542632197
2020-09-01	6.50225151537337	4.15866155326621	2.69345747261274	8.71594634348972	0.439848894810831	10.677440747858	8.47546237499751	6.34247292096849
2020-09-02	6.41424183147328	4.07862657792086	2.6524975833078	8.59942631761539	0.409161305349107	10.5546446116145	8.41129107541721	6.34017835265631
2020-09-03	6.33182270409179	4.00286158666481	2.61756888640572	8.48159124496873	0.38357532243105	10.4386467791034	8.34588340454958	6.33775443609785
2020-09-04	6.25496698326936	3.93152247344794	2.58858750314122	8.36273617265166	0.362565260756358	10.3291536459889	8.27868443144715	6.33528504910782
2020-09-05	6.18364751904644	3.86476513222012	2.56546955474905	8.2431561477661	0.345605435024727	10.2258716079355	8.20913922516243	6.33285406950089
2020-09-06	6.11783716146349	3.80274545693123	2.54813116246394	8.12314621741394	0.332170159935855	10.1285070606075	8.13669285474793	6.33054537509177
2020-09-07	6.05750876056097	3.74561934153112	2.53648844752063	8.0030014286971	0.321733750189436	10.0367663996691	8.06079038925618	6.32844284369515
2020-09-08	6.00263516637932	3.69354267996969	2.53045753115385	7.88301682871749	0.313770520485169	9.95035602078474	7.98087689773968	6.32663035312572
2020-09-09	5.95318922895902	3.64667136619679	2.52995453459834	7.76348746457702	0.307754785522749	9.86898231961874	7.89639744925096	6.32519178119817
2020-09-10	5.9091437983405	3.60516129416231	2.53489557908883	7.6447083833776	0.303160860001873	9.79235169183543	7.80679711284252	6.3242110057272
2020-09-11	5.87047172456424	3.56916835781611	2.54519678586006	7.52697463222114	0.299463058622237	9.72017053309914	7.71152095756689	6.32377190452749
2020-09-12	5.83714585767067	3.53884845110806	2.56077427614678	7.41058125820954	0.296135696083538	9.6521452390742	7.61001405247659	6.32395835541375
2020-09-13	5.80913904770027	3.51435746798804	2.5815441711837	7.29582330844472	0.292653087085473	9.58798220542494	7.50172146662412	6.32485423620066
2020-09-14	5.78638882542448	3.49576100117643	2.60746038383908	7.18306190241174	0.28858682610562	9.52753885247244	7.38658598438334	6.32647898460892
2020-09-15	5.76869144453872	3.48276343847565	2.63862799351518	7.07292244912823	0.28389762673308	9.47127669916475	7.26654125141336	6.32859427798326
2020-09-16	5.75580783946939	3.47497886645864	2.67518987124778	6.966096429995	0.278643482334837	9.41980828910668	7.14401862869466	6.33089735357442
2020-09-17	5.74749894464291	3.47202137169832	2.71728888807265	6.86327532641283	0.272882386277874	9.37374616590302	7.02144947720768	6.33308544863314
2020-09-18	5.74352569448569	3.47350504076764	2.76506791502558	6.76515061978252	0.266672331929176	9.33370287315857	6.9012651579329	6.33485580041014
2020-09-19	5.74364902342415	3.47904396023952	2.81866982314233	6.67241379150486	0.260071312655724	9.30029095447814	6.78589703185076	6.33590564615616
2020-09-20	5.74762986588468	3.48825221668689	2.87823748345868	6.58575632298063	0.253137321824504	9.27412295346652	6.67777645994173	6.33593222312194
2020-09-21	5.75528368224932	3.5007587266463	2.94390585959851	6.50580827092104	0.246030055631517	9.2557800345095	6.57878511982358	6.33467070020016
2020-09-22	5.76664403672257	3.5162517265087	3.01577828553811	6.4329539932789	0.239316021588839	9.24571784511687	6.48860595566341	6.33200797285126
2020-09-23	5.78179901946455	3.53443428262865	3.09395018784185	6.36751642331742	0.233663430037567	9.2443606535794	6.40637222826563	6.32786886817762
2020-09-24	5.80083672063536	3.55500946136071	3.17851699307413	6.30981849429982	0.229740491318795	9.25213272818787	6.33121719843463	6.32217821328162
2020-09-25	5.82384523039513	3.57768032905945	3.26957412779934	6.26018313948931	0.22821541577362	9.26945833723305	6.26227412697485	6.31486083526564
2020-09-26	5.85091263890397	3.60214995207941	3.36721701858185	6.21893329214911	0.229756413743137	9.29676174900572	6.19867627469068	6.30584156123207
2020-09-27	5.88212703632199	3.62812139677517	3.47154109198606	6.18639188554244	0.235031695568442	9.33446723179666	6.13955690238653	6.29504521828329
2020-09-28	5.91757651280931	3.65529772950128	3.58264177457635	6.1628818529325	0.244709471590629	9.38299905389664	6.08404927086682	6.28239663352168
2020-09-29	5.95734915852605	3.6833820166123	3.70061449291711	6.14872612758251	0.259457952150795	9.44278148359643	6.03128664093595	6.26782063404962
2020-09-30	6.00153306363233	3.7120773244628	3.82555467357272	6.14424764275569	0.279945347590035	9.51423878918682	5.98040227339835	6.25124204696951
2020-10-01	6.05021631828825	3.74108671940733	3.95755774310757	6.14976933171525	0.306839868249444	9.59779523895858	5.9305294290584	6.2325856993837
2020-10-02	6.10348701265393	3.77011326780046	4.09671912808605	6.16561412772441	0.340809724470118	9.69387510120248	5.88080136872054	6.2117764183946
2020-10-03	6.16143323688949	3.79886003599674	4.24313425507254	6.19210496404639	0.382523126593153	9.8029026442093	5.83035135318916	6.18873903110459
2020-10-04	6.22414308115504	3.82703009035074	4.39689855063144	6.22956477394439	0.432648284959644	9.92530213626982	5.77831264326869	6.16339836461604
2020-10-05	6.29169049532717	3.85444894676463	4.55805454531117	6.2782204736362	0.491821347588307	10.0612245943724	5.72399866952736	6.13591652121106
2020-10-06	6.36409286814827	3.88143191933107	4.72643318559641	6.33791491115788	0.560550213208337	10.2097280302957	5.66744354158886	6.10740470389068
2020-10-07	6.44135344807723	3.90841677169033	4.90181252195588	6.40839491750006	0.639310718226549	10.3695972045162	5.60886153884069	6.07921139083564
2020-10-08	6.5234754835729	3.93584126748267	5.08397060485829	6.48940732365337	0.72857869904976	10.5396168775099	5.54846694067038	6.05268506022669
2020-10-09	6.61046222309417	3.96414317034836	5.27268548477238	6.58069896060842	0.828829992084784	10.7185718097534	5.48647402646541	6.02917419024457
2020-10-10	6.7023169150999	3.99376024392768	5.46773521216686	6.68201665935585	0.940540433738438	10.9052467617227	5.42309707561332	6.01002725907003
2020-10-11	6.79904280804896	4.02513025186089	5.66889783751045	6.79310725088629	1.06418586041754	11.0984264938944	5.35855036750161	5.99659274488383
2020-10-12	6.90062318316345	4.0586648681425	5.87599135684402	6.91367069708454	1.20021504603466	11.2970721366329	5.29321016574272	5.99010916886566
2020-10-13	7.0069614527184	4.09467140818391	6.08899354849704	7.04321948341215	1.34896851452547	11.5008502998564	5.22810067084884	5.99137522419114
2020-10-14	7.11794106175207	4.13343109775079	6.30792213637114	7.18121922622486	1.51075972733137	11.7096039633712	5.16440806755704	6.0010796470348
2020-10-15	7.2334454553027	4.17522516260877	6.53279484436793	7.32713554187838	1.68590214589379	11.9231761069837	5.10331854060444	6.01991117357123
2020-10-16	7.35335807840855	4.22033482852351	6.76362939638902	7.48043404672845	1.87470923165414	12.1414097105003	5.04601827472812	6.04855853997497
2020-10-17	7.47756237610788	4.26904132126066	7.00044351633605	7.6405803571308	2.07749444605385	12.3641477537274	4.9936934546652	6.08771048242058
2020-10-18	7.60594179343895	4.32162586658586	7.24325492811063	7.80704008944116	2.29457125053433	12.5912332164714	4.94753026515276	6.13805573708264
2020-10-19	7.73837977543999	4.37836969026477	7.49208135561438	7.97927886001526	2.526253106537	12.8225090785386	4.90871489092791	6.20028304013569
2020-10-20	7.87475976714929	4.43955401806303	7.74694052274891	8.15676228520883	2.77285347550328	13.0578183197354	4.87843351672774	6.2750811277543
2020-10-21	8.01496521360508	4.50546007574629	8.00785015341586	8.33895598137759	3.03468581887459	13.2970039198683	4.85787232728936	6.36313873611303
2020-10-22	8.15887955984561	4.5763690890802	8.27482797151683	8.52532556487727	3.31206359809234	13.5399088587436	4.84821750734986	6.46514460138644
2020-10-23	8.30638625090916	4.65256228383041	8.54789170095345	8.71533665206361	3.60530027459796	13.7863761161677	4.85065524164634	6.58178745974909
2020-10-24	8.45736873183397	4.73432088576257	8.82705906562733	8.90845485929233	3.91470930983287	14.036248671947	4.8663717149159	6.71375604737554
2020-10-25	8.6117104476583	4.82192612064232	9.1123477894401	9.10414580291917	4.24060416523847	14.2893695058879	4.89655311189563	6.86173910044035
2020-10-26	8.7693435643141	4.91570615627442	9.40383589922748	9.30182005245205	4.58334930629592	14.5457435657905	4.94230878800377	7.02623492507453
2020-10-27	8.93039513130813	5.01617692861998	9.7018426335616	9.50066799000772	4.94351321464525	14.8060236714301	5.00444078138303	7.20698010723488
2020-10-28	9.09504091904088	5.12390131567922	10.0067475339487	9.6998249508551	5.3217153759662	15.0710246105758	5.08367430085727	7.40352080283466
2020-10-29	9.26345669791281	5.23944219545236	10.318930141895	9.89842627026314	5.71857527593853	15.3415611709965	5.18073455525034	7.61540316778713
2020-10-30	9.43581823832439	5.36336244593962	10.6387699989068	10.0956072835008	6.134712400242	15.6184481404613	5.29634675338609	7.84217335800553
2020-10-31	9.61230131067609	5.49622494514121	10.9666466464902	10.290503325837	6.57074623455635	15.9025003067393	5.43123610408836	8.08337752940312
2020-11-01	9.79308168536839	5.63859257105736	11.3029396261516	10.4822497325406	7.02729626456135	16.1945324575995	5.58612781618101	8.33856183789315
2020-11-02	9.97826996687717	5.79088684729239	11.6479009205272	10.6700696095941	7.50485320041931	16.4952451845569	5.76177249901667	8.60741599844792
2020-11-03	10.1677160959801	5.9529638798671	12.0012722767739	10.8535371458332	8.00339265022292	16.8048822941115	5.95902236406312	8.89020396227589
2020-11-04	10.3612048475303	6.12453842040641	12.3626678831786	11.0323143008071	8.5227614465474	17.1235733965088	6.17875502331693	9.18733323964455
2020-11-05	10.5585209963807	6.30532522053521	12.7317019280282	11.2060630340651	9.06280642196799	17.4514481019948	6.42184808877464	9.49921134082141
2020-11-06	10.7594493173846	6.49503903187842	13.1079885996097	11.3744453051565	9.62337440905997	17.7886360208153	6.68917917243282	9.82624577607399
2020-11-07	10.9637745853949	6.69339460606095	13.4911420862098	11.5371230736304	10.2043122403985	18.135266763216	6.98162588628803	10.1688440556697
2020-11-08	11.1712815752647	6.90010669470772	13.8807765761155	11.6937582990361	10.8054667485589	18.4914699394428	7.30006584233684	10.5274136898762
2020-11-09	11.3817507188862	7.1148305001556	14.2763563317266	11.8441303692046	11.4265427277699	18.8573019530295	7.64533378190964	10.9022531952403
2020-11-10	11.5949450763073	7.33698302758944	14.676745911894	11.9884883850946	12.0666768188746	19.2325263806626	8.01809296367234	11.2932251134272
2020-11-11	11.810623364615	7.56592173290604	15.0806599495812	12.1271988759467	12.7248636243694	19.6168335923162	8.41896377562461	11.7000829923811
2020-11-12	12.0285443008965	7.80100407200224	15.486813077752	12.2606283710012	13.400097746751	20.0099139579649	8.84856660576621	12.1225803800466
2020-11-13	12.2484666022386	8.04158750077482	15.89391992937	12.3891433994989	14.0913737885158	20.411457847583	9.30752184209681	12.5604708243681
2020-11-14	12.4701489857284	8.28702947512063	16.300695137399	12.5131104906801	14.7976863521605	20.8211556311449	9.7964498726162	13.0135078732901
2020-11-15	12.6933501684529	8.53668745093645	16.7058533348025	12.6328961737853	15.5180300401814	21.2386976786249	10.315971085324	13.4814450747571
2020-11-16	12.9178288674992	8.78991888411913	17.1081091545444	12.7488669780552	16.2513994550753	21.6637743599975	10.8667058682201	13.9640359767135
2020-11-17	13.1433437999542	9.04608123056546	17.5061772295881	12.8613894327301	16.9967891993386	22.0960760452369	11.449274609304	14.4610341271038
2020-11-18	13.369653682905	9.30453194617228	17.8987721928975	12.9708300670507	17.753193875468	22.5352931043177	12.0642976965756	14.9721930738724
2020-11-19	13.5965172334385	9.56462848683637	18.2846086774362	13.0775554102574	18.5196080859598	22.9811159072141	12.7123955180345	15.4972663649638
2020-11-20	13.8236931686418	9.82572830845458	18.6624013161679	13.1819319915907	19.2950264333108	23.4332348239006	13.3941884616805	16.0360075483224
2020-11-21	14.050940205602	10.0871888669237	19.0308647420562	13.2843263402912	20.0784435200174	23.8913402243514	14.1102969155133	16.5881701718928
2020-11-22	14.2780170614059	10.3483676181406	19.3887135880648	13.3851049855993	20.8688539485761	24.3551224785411	14.8613412675326	17.1535077836193
2020-11-23	14.5048394877377	10.6086448263656	19.7351058781844	13.4849620920264	21.6649043099343	24.824129754468	15.6477580872319	17.7316397298753
2020-11-24	14.7319513746697	10.867491989314	20.0709732005134	13.5859023651665	22.4638491488421	25.2973414122264	16.46924867008	18.3216485507492
2020-11-25	14.960053646871	11.1244034130645	20.3976905341771	13.6902581458844	23.2625949985002	25.7735946099348	17.3253304930394	18.9224825847585
2020-11-26	15.189847229011	11.3788734036958	20.7166328583009	13.800361775045	24.0580483921097	26.2517265057115	18.2155210330726	19.5330901704204
2020-11-27	15.4220330457589	11.6303962672868	21.0291751520103	13.9185455935132	24.8471158628712	26.7305742576749	19.139337767142	20.1524196462522
2020-11-28	15.657312021784	11.8784663099162	21.3366923944305	14.0471419421536	25.6267039439857	27.2089750239434	20.0962981722104	20.7794193507714
2020-11-29	15.8963850817556	12.1225778376627	21.640559564687	14.1884831618313	26.393719168654	27.6857659626354	21.0859197252402	21.4130376224953
2020-11-30	16.1398953174505	12.3624964467234	21.9420557436747	14.3446746176565	27.1450716758298	28.1603020965982	22.1075423706564	22.0522893871072
2020-12-01	16.388254489075	12.599072893768	22.2420764193667	14.5169137717217	27.8776860274778	28.6340099075955	23.1597959227338	22.6964559189544
2020-12-02	16.6418165239434	12.8334292255845	22.5414211815056	14.7061711103648	28.5884903913159	29.1088337421199	24.2411326632102	23.3448850795506
2020-12-03	16.9009353493695	13.0666874889607	22.8408896198342	14.9134171199239	29.2744129350617	29.5867179466638	25.3500048738228	23.996924730409
2020-12-04	17.1659648926673	13.2999697306847	23.1412813240951	15.1396222867369	29.9323818264328	30.06960686772	26.4848648363092	24.651922733043
2020-12-05	17.4372590811508	13.5343979975444	23.443395884031	15.3857570971417	30.5593252331469	30.559444851781	27.6441648324067	25.3092269489662
2020-12-06	17.7151718421342	13.7710943363278	23.7480328893846	15.6527920374763	31.1521713229218	31.0581762453395	28.8263571438529	25.9681852396918
2020-12-07	18.0000571029312	14.0111807938227	24.0559919298985	15.9416975940787	31.707848263475	31.5677453948879	30.0298940523852	26.6281454667334
2020-12-08	18.292268790856	14.2557794168172	24.3680725953153	16.2534442532869	32.2232842225244	32.0900966469189	31.2532278397411	27.2884554916044
2020-12-09	18.5921608332224	14.5060122520991	24.6850744753778	16.5890025014388	32.6954073677874	32.627174347925	32.4948107876578	27.948463175818
2020-12-10	18.9000871573447	14.7630013464565	25.0077971598287	16.9493428248725	33.1211458669819	33.180922844399	33.7530951778732	28.6075163808879
2020-12-11	19.2164016905366	15.0278687466773	25.3370402384105	17.3354357099257	33.4974278878254	33.7532864828332	35.0265332921243	29.2649629683274
2020-12-12	19.5414583601123	15.3017364995495	25.673603300866	17.7482516429367	33.8211815980358	34.3462096097205	36.3135774121489	29.9201507996499
2020-12-13	19.8756110933856	15.5857266518609	26.0182859369379	18.1887611102432	34.0893351653305	34.9616365715533	37.6126798196843	30.5724277363688
2020-12-14	20.2189106871012	15.8804383956727	26.3713125037202	18.6572247612707	34.2995478680844	35.6008293007374	38.9223233942703	31.2208196482701
2020-12-15	20.5701954157252	16.1843795041384	26.7306064277127	19.1510638977942	34.4524034272997	36.2623200733313	40.2411134066558	31.8630644382294
2020-12-16	20.9280004231546	16.4955348956846	27.093515902767	19.6669899846761	34.5492166746359	36.9439587513068	41.5676857253923	32.4965780173952
2020-12-17	21.290860853286	16.8118894887379	27.4573891227341	20.2017144867788	34.5913024417523	37.6435951966354	42.9006762190309	33.1187762969156
2020-12-18	21.6573118500164	17.1314282017251	27.8195742814655	20.7519488689647	34.5799755603083	38.3590792712889	44.2387207561231	33.7270751879389
2020-12-19	22.0258885572425	17.4521359530727	28.1774195728125	21.3144045960962	34.5165508619632	39.0882608372389	45.5804552052201	34.3188906016134
2020-12-20	22.3951261188612	17.7719976612074	28.5282731906264	21.8857931330358	34.4023431783763	39.8289897564572	46.9245154348734	34.8916384490874
2020-12-21	22.7634883575897	18.0890582496766	28.8695273298677	22.4627771800354	34.2387635243726	40.5789944080413	48.2691350154683	35.4432934372379
2020-12-22	23.1291538114275	18.4016026625116	29.1987501899346	23.0418243789057	34.0276076474384	41.3355172395927	49.6109383247282	35.9740654558576
2020-12-23	23.4902296971946	18.7079758488642	29.5135539713343	23.6193536068468	33.7707674782257	42.0956792158385	50.94614744221	36.4847231904677
2020-12-24	23.844823231711	19.0065227578865	29.8115508745742	24.1917837410589	33.4701349473865	42.8566013015062	52.2709844474714	36.9760353265897
2020-12-25	24.1910416317966	19.2955883387303	30.0903531001616	24.7555336587421	33.1276019855728	43.6154044613229	53.5816714200695	37.448770549745
2020-12-26	24.5269921142714	19.5735175405477	30.3475728486037	25.3070222370967	32.7450605234364	44.3692096600161	54.8744304395618	37.9036975454549
2020-12-27	24.8507818959555	19.8386553124907	30.580822320408	25.8426683533228	32.3244024916293	45.1151378623129	56.1454835855054	38.3415849992409
2020-12-28	25.1605181936687	20.0893466037111	30.7877137160818	26.3588908846206	31.8675198208033	45.8503100329408	57.3910529374578	38.7632015966242
2020-12-29	25.4543082242311	20.3239363633611	30.9658592361323	26.8521087081903	31.3763044416107	46.5718471366268	58.6073605749763	39.1693160231264
2020-12-30	25.7302592044626	20.5407695405925	31.1128710810669	27.318740701232	30.8526482847031	47.2768701380986	59.7906285776182	39.5606969642688
2020-12-31	25.9864783511832	20.7381910845572	31.2263614513929	27.755205740946	30.2984432807325	47.9625000020831	60.9370790249408	39.9381131055727
2021-01-01	26.221072881213	20.9145459444074	31.3039425476177	28.1579227045325	29.715581360351	48.6258576933078	62.0429339965016	40.3023331325596
2021-01-02	26.4321500113718	21.0681790692949	31.3432265702485	28.5233104691915	29.1059544542105	49.2640641765	63.1044155718576	40.6541257307508
2021-01-03	26.6178169584797	21.1974354083718	31.3418257197928	28.8477879121233	28.4714544929627	49.874240416387	64.1177458305664	40.9942595856678
2021-01-04	26.7767072351769	21.3011789043449	31.2981106723833	29.1286970093368	27.814370204788	50.4533327787538	65.0792756556621	41.3232760807143
2021-01-05	26.9095595373852	21.3803494741407	31.2134860066553	29.3670721320757	27.1385775079787	50.9975892336173	65.9858711440866	41.6408073908233
2021-01-06	27.0176388568466	21.4364060282407	31.0901147768694	29.5648707503924	26.4483491183556	51.503083152052	66.8345271962583	41.9462583888105
2021-01-07	27.1022101853031	21.4708074771265	30.9301600372864	29.7240503343394	25.7479577517391	51.9658879051326	67.6222387125962	42.2390339474912
2021-01-08	27.1645385144967	21.4850127312793	30.735784842167	29.8465683539691	25.04167612395	52.3820768639336	68.3460005935186	42.518538939681
2021-01-09	27.2058888361694	21.4804807011808	30.509152245772	29.9343822793339	24.3337769508089	52.7477233995295	69.0028077394444	42.7841782381953
2021-01-10	27.2275261420633	21.4586702973124	30.2524253023621	29.9894495804864	23.6285329481364	53.0589008829951	69.5896550507922	43.0353567158497
2021-01-11	27.2306113506706	21.4209280557535	29.9676383146348	30.0136659166802	22.9297611847099	53.3127135005778	70.1040048152055	43.2712972830842
2021-01-12	27.215889087485	21.3681510149758	29.656310579036	30.0086797039747	22.2394561411342	53.510388699217	70.5451888692266	43.4904950008373
2021-01-13	27.1839999047502	21.301123839049	29.3198326404481	29.9760775476305	21.5591566509705	53.6541847410251	70.9130064366228	43.6912629676721
2021-01-14	27.1355843547101	21.2206311920425	28.9595950437536	29.9174460529083	20.8904015477803	53.7463598881145	71.2072567411614	43.8719142821516
2021-01-15	27.0712829896084	21.1274577380262	28.5769883338352	29.8343718250687	20.234729665125	53.7891724025974	71.4277390066096	44.030762042839
2021-01-16	26.9917363616891	21.0223881410696	28.1734030555753	29.7284414693723	19.593679836566	53.7848805465863	71.5742524567345	44.1661193482972
2021-01-17	26.897585023196	20.9062070652424	27.7502297538566	29.6012415910798	18.9687908956647	53.7357425821936	71.6465963153036	44.2762992970894
2021-01-18	26.7894695263728	20.7796991746142	27.3088589735616	29.4543587954518	18.3616016759826	53.6440167715315	71.644569806084	44.3596149877785
2021-01-19	26.6680304234635	20.6436491332546	26.8506812595729	29.289379687749	17.773651011081	53.5119613767125	71.5679721528429	44.4143795189278
2021-01-20	26.5339082667118	20.4988416052332	26.377087156773	29.107890873232	17.2064777345214	53.3418346598489	71.4166025793476	44.4389059891003
2021-01-21	26.3877436083616	20.3460612546199	25.8894672100444	28.9114789571614	16.6616206798651	53.135894883053	71.1902603093653	44.431507496859
2021-01-22	26.2301770006566	20.186092745484	25.3892119642698	28.7017305447979	16.1406186806737	52.8964003084373	70.8887445666632	44.3904971407669
2021-01-23	26.0618489958409	20.0197207418954	24.8777119643317	28.4802322414021	15.6450105705083	52.625609198114	70.5118545750086	44.3141880193873
2021-01-24	25.8834001461581	19.8477299079235	24.3563577551127	28.2485706522347	15.1763351829307	52.3257798141956	70.0593895581688	44.2008932312831
2021-01-25	25.6953676939923	19.6708880427186	23.8267201793856	28.0083291107185	14.735520174139	51.9990488331842	69.5318653155718	44.0489977400939
2021-01-26	25.4978756422889	19.4898954857527	23.2910912714852	27.7610778629245	14.32104849088	51.6470665891415	68.9326639492901	43.8571739697651
2021-01-27	25.2909446841334	19.305435711578	22.7519433636364	27.5083838830861	13.9307919025374	51.2713618305189	68.2658841370568	43.6241662093188
2021-01-28	25.0745955126112	19.1181921947472	22.2117487880641	27.2518141454365	13.5626221784948	50.8734633057679	67.5356245566052	43.3487187477767
2021-01-29	24.848848820808	18.9288484098126	21.6729798769934	26.9929356242091	13.2144110881358	50.4548997633401	66.7459838856684	43.0295758741609
2021-01-30	24.6137253018093	18.7380878313266	21.1381089626492	26.7333152936371	12.8840304008442	50.0171999516868	65.9010608019797	42.6654818774933
2021-01-31	24.3692456487005	18.5465939338418	20.6096083772566	26.4745201279538	12.5693518860035	49.5618926192596	65.0049539832723	42.2551810467959
2021-02-01	24.1152967490042	18.3548240694205	20.0893006191708	26.2177830063736	12.2681523622237	49.0901879696459	64.0614401861313	41.7982188175501
2021-02-02	23.8512302679908	18.1623311001654	19.576408851268	25.963000428036	11.9778288450193	48.6020220269773	63.0730084825482	41.2973452110761
2021-02-03	23.5762640653675	17.968441765689	19.0695064025547	25.7097347970617	11.6956833991312	48.0970122705215	62.0418260233668	40.7561113951537
2021-02-04	23.2896160008418	17.7724828056039	18.5671666020374	25.4575485175711	11.4190180893	47.574776179546	60.9700599594302	40.1780685375624
2021-02-05	22.990503934121	17.5737809595227	18.0679627787227	25.2060039936849	11.1451349802667	47.0349312333184	59.8598774415821	39.5667678060821
2021-02-06	22.6781457249123	17.371662967058	17.5704682616171	24.9546636295236	10.8713361367719	46.4770949111063	58.7134456206658	38.9257603684925
2021-02-07	22.3517592329232	17.1654555678224	17.0732563797269	24.7030898292081	10.5949236235564	45.9008846921773	57.532931647525	38.2585973925733
2021-02-08	22.0108679275392	16.9545610815234	16.5752906882082	24.4508634785041	10.3138202760924	45.3063289455406	56.3207524720277	37.568714262508
2021-02-09	21.6562177168588	16.7386841482486	16.077095646814	24.1976393897595	10.0284320127775	44.6950995991723	55.080324240142	36.8590832280952
2021-02-10	21.2888601186587	16.5176049881803	15.579585941447	23.9430908569673	9.73978552274068	44.0692794707898	53.8153128968602	36.1325607555372
2021-02-11	20.9098466507157	16.2911038215012	15.0836762580095	23.6868911741209	9.44890749511088	43.4309513781108	52.5293843871752	35.3920033110366
2021-02-12	20.5202288308064	16.0589608683938	14.5902812824042	23.4287136352132	9.15682461901704	42.7821981388528	51.2262046560794	34.6402673607955
2021-02-13	20.1210581767076	15.8209563490404	14.1003157005336	23.1682315342374	8.86456358358817	42.1251025707336	49.9094396485655	33.8802093710164
2021-02-14	19.7133862061961	15.5768704836236	13.6146941983002	22.9051181651867	8.57315107795321	41.4617474914705	48.5827553096261	33.1146858079017
2021-02-15	19.2982644370485	15.3264834923259	13.1343314616066	22.6390468220543	8.28361379124116	40.7942157187813	47.2498175842539	32.3465531376537
2021-02-16	18.8767443870415	15.0695755953298	12.6601421763552	22.3696907988331	7.99697841258094	40.1245900703836	45.9142924174413	31.5786678264748
2021-02-17	18.449877573952	14.8059270128177	12.1930410284486	22.0967233895165	7.71427163110156	39.4549533639949	44.5798457541812	30.8138863405674
2021-02-18	18.0187155155566	14.5353179649722	11.7339427037893	21.8198178880975	7.43652013593195	38.7873884173328	43.250143539466	30.0550651461339
2021-02-19	17.5843097296321	14.2575286719757	11.2837618882799	21.5386475885693	7.16475061620111	38.123978048115	41.9288517182884	29.3050607093766
2021-02-20	17.1477117339551	13.9723393540108	10.8434132678228	21.2528857849251	6.89998976103798	37.466805074059	40.619636235641	28.566729496498
2021-02-21	16.7099730463025	13.6795302312599	10.4138115283206	20.9622057711579	6.64326425957156	36.8179523128824	39.3261630365164	27.8429279737003
2021-02-22	16.2721659572561	13.3791325032806	9.99584246147407	20.6664213933207	6.39563786772106	36.1788905376561	38.0516979152495	27.1359815625857
2021-02-23	15.8354458486192	13.0721812871317	9.59027628217651	20.3659087057051	6.15832260856692	35.5486423428647	36.797906063544	26.4460915063556
2021-02-24	15.400988875	12.7599626792467	9.19785431111947	20.0611843146629	5.93256757197981	34.9256182783457	35.5660525224458	25.7729280036109
2021-02-25	14.969971191007	12.4437627760594	8.81931786899457	19.7527648265453	5.71962184783045	34.3082288939372	34.3574023330011	25.1161612529529
2021-02-26	14.5435689512484	12.1248676740036	8.4554082764933	19.441166847704	5.52073452598951	33.6948847394766	33.1732205362556	24.4754614529825
2021-02-27	14.1229583103327	11.804563469513	8.10686685430727	19.1269069844905	5.33715469632771	33.083996364802	32.0147721732555	23.8504988023008
2021-02-28	13.7093154228682	11.4841362590212	7.77443492312801	18.8105018432563	5.17013144871571	32.4739743197509	30.8833222850466	23.2409434995088
2021-03-01	13.3037052693619	11.1647705950282	7.45865115382892	18.4924454907255	5.02073208686839	31.8635159404614	29.7800289916645	22.6466549297881
2021-03-02	12.9067481339152	10.8472448542978	7.1592436180106	18.1731418351133	4.88929676987728	31.2524657082716	28.7056227291024	22.0682492246415
2021-03-03	12.5189531265283	10.53223586966	6.87573773745552	17.8529722450073	4.77598387067808	30.6409548908199	27.6607270123434	21.5065317021523
2021-03-04	12.1408293572013	10.2204204739447	6.60765893394609	17.5323180889952	4.68095176220646	30.0291147557446	26.6459653563702	20.9623076804036
2021-03-05	11.7728859359342	9.91247549998183	6.35453262926478	17.2115607356648	4.60435881739814	29.4170765706841	25.6619612761658	20.4363824774789
2021-03-06	11.415631972727	9.60907778060139	6.115884245194	16.8910815536037	4.54636340918881	28.8049716032767	24.7093382867128	19.9295614114612
2021-03-07	11.06957657758	9.31090414863334	5.89123920351623	16.5712619113998	4.50712391051416	28.1929311211608	23.7887199029944	19.4426498004339
2021-03-08	10.7352288604932	9.0186314369076	5.68012292601388	16.2524831776407	4.48679869430988	27.5810863919747	22.9007296399932	18.9764529624801
2021-03-09	10.4130979314667	8.73293647825415	5.48206083446942	15.9351267209142	4.48554613351168	26.9695686833569	22.0459910126922	18.5317762156833
2021-03-10	10.1036929005005	8.45449610550291	5.29657835066526	15.6195739098079	4.50352460105525	26.3585092629455	21.2251275360742	18.1094248781265
2021-03-11	9.80752287759473	8.18398715148387	5.12320089638387	15.3062061129096	4.54089246987628	25.7480393983789	20.4387627251221	17.7102042678931
2021-03-12	9.5250969727495	7.92208644902694	4.96145389340766	14.9954046988069	4.59780811291046	25.1382903572956	19.6875200948187	17.3349197030663
2021-03-13	9.25692429596491	7.66947083096211	4.81086276351911	14.6875510360878	4.6744299030935	24.5293934073339	18.9720231601469	16.9843765017294
2021-03-14	9.00351395724102	7.42681713011929	4.67095292850063	14.3830264933397	4.77091621336109	23.921479816132	18.2928954360896	16.6593799819655
2021-03-15	8.76526064808542	7.19472334945777	4.54124834537855	14.082419992317	4.88720367557362	23.3147230590779	17.650440876987	16.3603282036114
2021-03-16	8.54210138603571	6.97347217245391	4.42126711215458	13.7871506674395	5.02234195729032	22.7094654425571	17.0436851946088	16.0859901935168
2021-03-17	8.33385877013697	6.76326745271341	4.31052586207434	13.4988452062936	5.17515898499507	22.1060914807047	16.471334540082	15.834727720285
2021-03-18	8.1403553994343	6.56431304384195	4.20854122838341	13.2191302964657	5.34448268517181	21.5049856876558	15.9320950645337	15.6049025525193
2021-03-19	7.96141387297279	6.37681279944523	4.1148298443274	12.9496326255421	5.52914098430443	20.9065325775455	15.4246729190909	15.3948764588228
2021-03-20	7.79685678979753	6.20097057312892	4.0289083431519	12.6919788811093	5.72796180887687	20.3111166645088	14.9477742548807	15.2030112077988
2021-03-21	7.64650674895361	6.03699021849872	3.95029335810253	12.4477957507535	5.93977308537302	19.7191224626809	14.5001052230302	15.0276685680505
2021-03-22	7.51013707758312	5.88497366501766	3.8785780587779	12.2183817066024	6.16343575434091	19.1310162179491	14.0803217756867	14.8672245921016
2021-03-23	7.38732401521609	5.74461514557824	3.81366176018883	12.0037223589491	6.39794281258502	18.5475911032095	13.6868790690793	14.7201124681577
2021-03-24	7.27759452947956	5.61550696893029	3.75552031369916	11.8034751026277	6.64232027097396	17.9697220231104	13.3181820604573	14.5847796683449
2021-03-25	7.18047558800055	5.49724144382368	3.70412957067276	11.6172973324725	6.89559414037629	17.3982838823003	12.97263570707	14.4596736647893
2021-03-26	7.0954941584061	5.38941087900823	3.65946538247345	11.4448464433178	7.15679043166064	16.8341515854274	12.6486449661669	14.343241929617
2021-03-27	7.02217720832323	5.29160758323381	3.6215036004651	11.2857798299978	7.42493515569557	16.2782000371403	12.3446147949972	14.233931934954
2021-03-28	6.96005170537899	5.20342386525023	3.59022007601154	11.1397548873468	7.69905432334971	15.7313041420872	12.0589501508104	14.1301911529265
2021-03-29	6.90864461720039	5.12445203380737	3.56559066047664	11.006429010199	7.97817394549162	15.1943388049166	11.7900559908557	14.0304670556604
2021-03-30	6.86748291141447	5.05428439765506	3.54759120522422	10.8854595933887	8.26132003298992	14.6681789302767	11.5363372723826	13.933207115282
2021-03-31	6.83609355564826	4.99251326554314	3.53619756161815	10.7765040317501	8.54751859671318	14.153699422816	11.2961989526405	13.8368588039173
2021-04-01	6.81400351752879	4.93873094622146	3.53138558102227	10.6792197201175	8.83579564753002	13.6517751871828	11.0680459888786	13.7398695936924
2021-04-02	6.80073976468309	4.89252974843987	3.53313111480043	10.5932640533252	9.125177196309	13.1632811280255	10.8502833383463	13.6406869567333
2021-04-03	6.7958292647382	4.85350198094821	3.54141001431648	10.5182944262073	9.41468925391875	12.6890921499925	10.641315958293	13.5377583651662
2021-04-04	6.79879898532113	4.82123995249633	3.55619813093426	10.4539682335982	9.70335783122784	12.2300831577322	10.4395488059681	13.4295312911171
2021-04-05	6.80916305614197	4.7953701669681	3.57736590266814	10.3999235400675	9.99041252237958	11.7870852381271	10.2434310878358	13.3147744065678
2021-04-06	6.82638425524298	4.77565590878356	3.6043621141346	10.355721089126	10.2758972546161	11.3607542069977	10.0515890072209	13.1935411829227
2021-04-07	6.84991252274947	4.76189465749678	3.63653013660063	10.3209022940201	10.5600595384542	10.9517020623982	9.86269301666259	13.0662062914419
2021-04-08	6.87919779878675	4.75388389266182	3.6732133413332	10.295008567996	10.8431468844107	10.5605408023832	9.67541356870059	12.9331444033856
2021-04-09	6.91369002348012	4.75142109383274	3.71375509959933	10.2775813243001	11.1254068030026	10.1878824250072	9.48842111587435	12.7947301900139
2021-04-10	6.9528391369549	4.75430374056361	3.757498782666	10.2681619761785	11.4070868047465	9.8343389283248	9.30038611072341	12.6513383225868
2021-04-11	6.99609507933638	4.7623293124085	3.80378776180019	10.2662919368776	11.6884344001593	9.50052231039037	9.10997900578726	12.5033434723645
2021-04-12	7.04291834040313	4.77530013927519	3.85203060112453	10.2713777249719	11.9694599824125	9.18681267837056	8.91619527100398	12.3511978457434
2021-04-13	7.09281160854665	4.79303795248626	3.90189663618412	10.2822862803494	12.249225475296	8.89266257588038	8.71933044590572	12.1956637896656
2021-04-14	7.14528812181171	4.81536933371801	3.9531203953797	10.2977496482262	12.5265556852542	8.61729265564698	8.52000508742323	12.0375811862094
2021-04-15	7.19986111824308	4.84212086464676	4.00543640711202	10.3164998738185	12.8002754187317	8.35992357039742	8.31883975248718	11.8777899174534
2021-04-16	7.2560438358855	4.8731191269488	4.05857919978178	10.3372690023425	13.0692094821729	8.11977597285888	8.11645499802833	11.7171298654758
2021-04-17	7.31334951278374	4.90819070230044	4.11228330178975	10.3587890790145	13.3321826820224	7.89607051575843	7.91347138097735	11.5564409123551
2021-04-18	7.37129138698257	4.94716217237797	4.16628324153664	10.3797921490505	13.5880198247246	7.68802785182322	7.71050945826499	11.3965629401697
2021-04-19	7.42938269652673	4.9898601188577	4.2203135474232	10.3990102576669	13.8355457167241	7.49486863378035	7.50818978682194	11.2383358309981
2021-04-20	7.48713667946099	5.03611112341592	4.27410874785016	10.4151754500798	14.0735851644653	7.31581351435695	7.30713292357893	11.0825994669185
2021-04-21	7.54406657383012	5.08574176772896	4.32740337121825	10.4270197715054	14.3009629743927	7.15008314628013	7.10795942546665	10.9301937300094
2021-04-22	7.59968561767886	5.13857863347309	4.37993194592821	10.4332752671599	14.5165039529508	6.99689818227702	6.91128984941585	10.7819585023493
2021-04-23	7.65350704905199	5.19444830232463	4.43142900038078	10.4326739822595	14.7190329065842	6.85547927507473	6.71774475235721	10.6387336660164
2021-04-24	7.70504410599426	5.25317735595988	4.48162906297669	10.4239479620205	14.9073746417373	6.72504707740038	6.52794469122147	10.5013591030893
2021-04-25	7.75381002655043	5.31459237605514	4.53026666211667	10.4058292516589	15.0803539648546	6.60482224198109	6.34251022293932	10.3706746956463
2021-04-26	7.79935569491296	5.37849084619878	4.57708973777861	10.3771051257444	15.2368783923828	6.49404213943887	6.1619045098747	10.2472711668382
2021-04-27	7.8413825798652	5.44455385762751	4.62189987624898	10.3367837762608	15.3761862807767	6.39201101197533	5.98596113612433	10.1307426041051
2021-04-28	7.87962979633814	5.51243340349007	4.66451207539142	10.2839286245451	15.4975986964935	6.29804981968696	5.81435629121815	10.0204339359596
2021-04-29	7.91383645926284	5.58178147693524	4.70474133306954	10.2176030919343	15.6004367059903	6.21147952267027	5.64676616468609	9.91569009091407
2021-04-30	7.9437416835703	5.65225007111178	4.74240264714697	10.1368705997656	15.6840213757242	6.13162108102175	5.48286694605811	9.8158559974811
2021-05-01	7.96908458419156	5.72349117916845	4.77731101548735	10.0407945693761	15.7476737721522	6.05779545483789	5.32233482486411	9.72027658417317
2021-05-02	7.98960427605765	5.79515679425402	4.80928143595429	9.9284384221029	15.7907149617314	5.98932360421522	5.16484599063406	9.62829677950279
2021-05-03	8.00503143379258	5.86695701235947	4.83812820925852	9.7987525855572	15.8125282551602	5.92549832599027	5.01013651273114	9.53920351452974
2021-05-04	8.01506297079237	5.93883434084465	4.86366284749921	9.65023551244697	15.8127459401012	5.86549976395993	4.85818197985164	9.45205173050306
2021-05-05	8.01938736014601	6.01078938991162	4.88569616562262	9.48127266175429	15.7910625484587	5.8084798986611	4.70901786052508	9.36583837121904
2021-05-06	8.01769307494251	6.08282276976246	4.90403897857502	9.29024949246126	15.7471726121365	5.75359071063073	4.56267962328099	9.27956038047399
2021-05-07	8.00966858827084	6.15493509059923	4.91850210130266	9.07555146354997	15.6807706630389	5.69998418040573	4.4192027366489	9.19221470206423
2021-05-08	7.99500237322003	6.22712696262399	4.92889634875182	8.83556403400252	15.5915512330697	5.64681228852304	4.27862266915837	9.10279827978606
2021-05-09	7.97338290287906	6.29939899603882	4.93503253586876	8.56867266280098	15.479208854133	5.59322701551958	4.1409748893389	9.01030805743579
2021-05-10	7.9445599641393	6.37168880180212	4.93681406782353	8.27356204582151	15.3436850279016	5.538509773998	4.00629079393363	8.91387487898409
2021-05-11	7.90852859910159	6.4436819938977	4.93451471068128	7.95011382651628	15.1859091351237	5.48245970482373	3.87458549254006	8.81316518909895
2021-05-12	7.86534516366914	6.51500118706572	4.92850082073098	7.5985088852316	15.0070575263161	5.42500538092795	3.74587002296927	8.70797933262273
2021-05-13	7.81506601374514	6.58526899604632	4.91913875426157	7.21892810231366	14.8083065519957	5.36607537524181	3.62015542303236	8.59811765439778
2021-05-14	7.75774750523281	6.65410803557966	4.90679486756201	6.81155235810876	14.5908325626793	5.30559826069649	3.49745273054041	8.48338049926647
2021-05-15	7.69344599403534	6.7211409204059	4.89183551692123	6.3765625329631	14.3558119088839	5.24350261022313	3.37777298330451	8.36356821207113
2021-05-16	7.62221783605594	6.78599026526517	4.8746270586282	5.91413950722299	14.1044209411263	5.1797169967529	3.26112721913577	8.23848113765414
2021-05-17	7.54411938719782	6.84827868489765	4.85553584897186	5.4244641612346	13.8378360099234	5.11416999321696	3.14752647584524	8.10791962085783
2021-05-18	7.45920700336418	6.90762879404346	4.83492824424115	4.90771737534427	13.5572334657921	5.04679017254648	3.03698179124405	7.97168400652456
2021-05-19	7.36753704045822	6.96366320744279	4.81317060072504	4.36408002989817	13.2637896592492	4.97750610767261	2.92950420314325	7.82957463949669
2021-05-20	7.26916585438315	7.01600453983576	4.79062927471246	3.79373300524261	12.9586809408117	4.90624637152651	2.82510474935397	7.68139186461657
2021-05-21	7.16414980104217	7.06427540596253	4.76767062249238	3.19685718172378	12.6430836609964	4.83293953703935	2.72379446768726	7.52693602672655
2021-05-22	7.0525452363385	7.10809842056326	4.74466100035373	2.573633439688	12.3181741703202	4.75751417714229	2.62558439595425	7.36600747066899
2021-05-23	6.93440851617532	7.14709619837811	4.72196676458547	1.92424265948144	11.9851288193	4.67989886476648	2.53048557196599	7.19840654128624
2021-05-24	6.8100323345998	7.18095786346065	4.7000986779183	1.25012110245293	11.6451651844916	4.60004060277936	2.43849283089286	7.02412355133061
2021-05-25	6.68065473823484	7.20963857711826	4.68014512884995	0.557726553961119	11.2996657466071	4.51796011379331	2.34953619734224	6.84390868519419
2021-05-26	6.54775011184734	7.23316000997173	4.66333891231991	0	10.9500542123975	4.43369655035703	2.26352949328082	6.65870209517908
2021-05-27	6.41279284020414	7.25154383264187	4.65091282326765	0	10.5977542886137	4.34728906501917	2.18038654067524	6.46944393358731
2021-05-28	6.27725730807213	7.26481171574947	4.64409965663267	0	10.2441896820068	4.2587768103284	2.1000211614922	6.27707435272097
2021-05-29	6.14261790021817	7.27298532991535	4.64413220735443	0	9.89078409932773	4.16819893883339	2.02234717769833	6.08253350488211
2021-05-30	6.01034900140912	7.2760863457603	4.65224327037243	0	9.53896124732757	4.07559460308282	1.94727841126031	5.88676154237281
2021-05-31	5.88178585458325	7.27417227516992	4.66930061895592	0	9.19001054548592	3.98106756475714	1.87474517624932	5.69061432721138
2021-06-01	5.75770713536438	7.26744399508901	4.69471193969326	0	8.84468426419722	3.88498002206402	1.80474375515461	5.49461056028134
2021-06-02	5.63875237754768	7.25613822372717	4.72751989750258	0	8.50360038658448	3.78775878234292	1.73728692256993	5.2991846521824
2021-06-03	5.52556111492837	7.240491679294	4.76676715730201	0	8.16737689577078	3.68983065293332	1.67238745308905	5.10477101351433
2021-06-04	5.41877288130165	7.2207410799991	4.81149638400968	0	7.83663177487915	3.59162244117466	1.61005812130571	4.91180405487688
2021-06-05	5.31902721046272	7.19712314405207	4.86075024254372	0	7.51198300703266	3.49356095440643	1.55031170181368	4.72071818686981
2021-06-06	5.22696363620677	7.1698745896625	4.91357139782227	0	7.19404857535434	3.39607299996807	1.49316096920671	4.53194782009285
2021-06-07	5.143221692329	7.13923213504	4.96900251476345	0	6.88344646296727	3.29958538519906	1.43861869807857	4.34592736514578
2021-06-08	5.06844091262462	7.10543249839415	5.02608625828539	0	6.58079465299446	3.20452491743885	1.386697663023	4.16309123262832
2021-06-09	5.00326083088883	7.06871239793458	5.08386529330623	0	6.28671112855902	3.11131840402691	1.33741063863378	3.98387383314026
2021-06-10	4.94832098091683	7.02930855187086	5.1413822847441	0	6.00181387278395	3.02039265230271	1.29077039950466	3.80870957728132
2021-06-11	4.90426089650381	6.9874576784126	5.19767989751712	0	5.72672086879234	2.93217446960571	1.24678972022939	3.63803287565126
2021-06-12	4.87172011144497	6.9433964957694	5.25180079654343	0	5.46205009970721	2.84709066327537	1.20548137540174	3.47227813884984
2021-06-13	4.85133815953551	6.89736172215086	5.30278764674116	0	5.20841954865164	2.76556804065116	1.16685813961546	3.31187977747681
2021-06-14	4.84333660816016	6.84932780133241	5.34981272457728	0	4.96633957473708	2.68797161507753	1.13091612786079	3.15728375168942
2021-06-15	4.84626515906169	6.79822007935287	5.39256675271413	0	4.73589004102869	2.61441922391893	1.0975848167139	3.00898221987499
2021-06-16	4.85825554757241	6.74270162781687	5.43087006536288	0	4.51704318658003	2.54496691054479	1.06677702314741	2.86747888997831
2021-06-17	4.87743950902459	6.68143551832907	5.46454299673472	0	4.30977125044469	2.47967071832457	1.03840556413397	2.73327746994422
2021-06-18	4.90194877875056	6.6130848224941	5.49340588104082	0	4.11404647167621	2.41858669062768	1.01238325664623	2.60688166771752
2021-06-19	4.92991509208259	6.53631261191662	5.51727905249235	0	3.92984108932818	2.36177087082358	0.988622917656819	2.48879519124302
2021-06-20	4.959470184353	6.44978195820126	5.53598284530051	0	3.75712734245416	2.30927930228169	0.967037364138377	2.37952174846553
2021-06-21	4.98906592355338	6.35254205836886	5.54941169609837	0	3.59579426350341	2.26113392177046	0.947582301908011	2.279419807056
2021-06-22	5.01843470831258	6.24518661110497	5.55775645120672	0	3.44539805850794	2.21722023965424	0.930384992160675	2.18826687358984
2021-06-23	5.04762906991874	6.12869544051132	5.56128205936821	0	3.30541172689546	2.1773896596964	0.915615584935792	2.10569521436859
2021-06-24	5.07670153965999	6.00404837068966	5.56025346932555	0	3.17530826809368	2.14149358566029	0.903444230272779	2.03133709569378
2021-06-25	5.10570464882449	5.87222522574171	5.5549356298214	0	3.0545606815303	2.10938342130928	0.894041078211059	1.96482478386697
2021-06-26	5.13469092870038	5.7342058297692	5.54559348959845	0	2.94264196663302	2.08091057040673	0.887576278790049	1.90579054518969
2021-06-27	5.1637129105758	5.59097000687389	5.53249199739937	0	2.83902512282956	2.05592643671599	0.884219982049172	1.85386664596349
2021-06-28	5.1928231257389	5.44349758115749	5.51589610196686	0	2.7431831495476	2.03428242400043	0.884142338027847	1.80868535248989
2021-06-29	5.22207410547782	5.29276837672176	5.49607075204358	0	2.65458904621488	2.01582993602341	0.887513496765493	1.76987893107045
2021-06-30	5.25151838108071	5.13976221766842	5.47328089637222	0	2.57271581225907	2.00042037654828	0.894503608301532	1.73707964800671
2021-07-01	5.2812084838357	4.9854589280992	5.44779148369545	0	2.4970364471079	1.98790514933841	0.905282822675382	1.7099197696002
2021-07-02	5.31119694503095	4.83083833211585	5.41986746275598	0.298177007387224	2.42702395018906	1.97813565815714	0.920021289926465	1.68803156215247
2021-07-03	5.3415362959546	4.6768802538201	5.38977378229646	0.705594934938175	2.36215132093027	1.97096330676786	0.9388891600942	1.67104729196505
2021-07-04	5.37227906789479	4.52456451731367	5.35777539105957	1.09243852727218	2.30189155875922	1.9662394989339	0.962056583218008	1.65859922533949
2021-07-05	5.40356598308252	4.37480191971289	5.32424629999058	1.45666356273031	2.24577702642587	1.96390161332503	0.989673802248923	1.65033029073729
2021-07-06	5.43589052752016	4.22822715019231	5.28999676884497	1.79817635173214	2.19357753996911	1.96423092823649	1.02181143178445	1.64592606525975
2021-07-07	5.46983437815295	4.08540587094107	5.25594611958083	2.11737083771672	2.14512227875012	1.96759469686995	1.05852017933369	1.64508278816814
2021-07-08	5.50597921192612	3.9469037441483	5.22301367415621	2.41464096412323	2.10024042213002	1.97436017242704	1.09985075240577	1.64749669872374
2021-07-09	5.5449067057849	3.81328643200315	5.19211875452918	2.69038067439073	2.05876114946999	1.98489460810943	1.14585385850979	1.65286403618781
2021-07-10	5.58719853667453	3.68511959669473	5.16418068265781	2.94498391195838	2.02051364013117	1.99956525711876	1.19658020515488	1.66088103982163
2021-07-11	5.63343638154022	3.5629689004122	5.14011878050018	3.17884462026526	1.9853270734747	2.01873937265667	1.25208049985015	1.67124394888645
2021-07-12	5.68417878351095	3.44738670601463	5.12069004099552	3.3924830530331	1.9530347071584	2.04264929131101	1.31239588508527	1.68372117913063
2021-07-13	5.73989175045054	3.33887217904092	5.10600214100776	3.58692470511393	1.92348611202665	2.07098768321426	1.37752924327218	1.69836985225077
2021-07-14	5.80101815640655	3.23791118569991	5.096000428382	3.76332138164242	1.89653493722048	2.10331230188511	1.44747389180337	1.71531926643059
2021-07-15	5.86800087542654	3.14498959220045	5.09063025096335	3.92282488775319	1.87203483188095	2.13918090084226	1.52222314807134	1.73469871985378
2021-07-16	5.94128278155807	3.06059326475139	5.0898369565969	4.0665870285809	1.84983944514907	2.17815123360438	1.60177032946859	1.75663751070402
2021-07-17	6.0213067488487	2.98520806956156	5.09356589312776	4.19575960926019	1.8298024261659	2.21978105369015	1.68610875338761	1.78126493716502
2021-07-18	6.10851565134598	2.91931987283981	5.10176240840103	4.3114944349257	1.81177742407247	2.26362811461826	1.7752317372209	1.80871029742048
2021-07-19	6.20335236309748	2.863414540795	5.11437185026181	4.41494331071208	1.79561808800982	2.30925016990739	1.86913259836094	1.83910288965408
2021-07-20	6.30625975815075	2.81797793963596	5.1313395665552	4.50725804175397	1.78117806711898	2.35620497307623	1.96780465420026	1.87257201204952
2021-07-21	6.41768071055335	2.78349593557153	5.1526109051263	4.58959043318601	1.76831101054099	2.40405027764345	2.07124122213132	1.9092469627905
2021-07-22	6.53805809435285	2.76045439481057	5.17813121382021	4.66309229014285	1.7568705674169	2.45234383712775	2.17943561954664	1.94925704006072
2021-07-23	6.66783478359679	2.74933918356192	5.20784584048205	4.72891541775914	1.74671038688774	2.5006434050478	2.2923811638387	1.99273154204386
2021-07-24	6.80745365233274	2.75063616803441	5.2417001329569	4.78821162116951	1.73768411809455	2.54850673492229	2.41007117240001	2.03979976692363
2021-07-25	6.95735757460825	2.76483121443691	5.27963943908987	4.8421327055086	1.72964541017836	2.5954915802699	2.53249896262306	2.09059101288372
2021-07-26	7.1179017024176	2.79222444967205	5.32153574566575	4.89184102015952	1.72245896921105	2.6412494328107	2.65962910154396	2.14528411597864
2021-07-27	7.28909029954183	2.83237304341765	5.36696759522811	4.9385410914991	1.71603372898784	2.6858067370703	2.79131115477324	2.20425606374616
2021-07-28	7.47083990770874	2.88464842604534	5.4154401692602	4.98344799015265	1.71028968023478	2.72928367577572	2.92736593756509	2.2679333815949
2021-07-29	7.66306706864609	2.94842202792675	5.46645864924527	5.02777678674545	1.70514681367791	2.77180043165395	3.06761426517363	2.33674259493342
2021-07-30	7.86568832408167	3.0230652794335	5.51952821666659	5.07274255190282	1.70052512004331	2.81347718743199	3.21187695285306	2.41111022917033
2021-07-31	8.07862021574321	3.1079496109372	5.57415405300741	5.11956035625003	1.69634459005701	2.85443412583685	3.35997481585749	2.49146280971422
2021-08-01	8.30177928535854	3.2024464528095	5.62984133975098	5.16944527041238	1.69252521444507	2.89479142959553	3.51172866944113	2.57822686197369
2021-08-02	8.5349806006839	3.30592971987698	5.68616353406892	5.22337981295954	1.68897146268945	2.93464335422907	3.66695247777423	2.6716893480697
2021-08-03	8.77763333358961	3.41778326478615	5.7429671958863	5.2814162942386	1.68552571929573	2.97398044643465	3.82543280069165	2.77157897697272
2021-08-04	9.02904518197444	3.53739342463846	5.80016716081653	5.34337447254101	1.68201484752541	3.01276732570349	3.98694934694434	2.87748489436559
2021-08-05	9.28852384373723	3.66414653653541	5.85767826447306	5.40907410615823	1.67826571063997	3.05096861152682	4.15128182528329	2.98899624593116
2021-08-06	9.55537701677674	3.79742893757845	5.9154153424693	5.47833495338172	1.6741051719009	3.08854892339586	4.31820994445945	3.10570217735228
2021-08-07	9.82891239899182	3.93662696486907	5.97329323041868	5.55097677250295	1.6693600945697	3.12547288080182	4.48751341322382	3.22719183431179
2021-08-08	10.1084376882812	4.08112695550873	6.03122676393463	5.62681932181336	1.66385734190786	3.16170510323593	4.65897194032733	3.35305436249252
2021-08-09	10.3932605825438	4.23031524659891	6.08913077863058	5.70568235960442	1.65742377717686	3.19721021018941	4.83236523452099	3.48287890757735
2021-08-10	10.6826887796783	4.38357817524107	6.14692011011995	5.78738564416757	1.6498862636382	3.23195282115347	5.00747300455573	3.61625461524909
2021-08-11	10.9760299775836	4.54030207853669	6.20450959401617	5.87174893379429	1.64107166455336	3.26589755561934	5.18407495918255	3.7527706311906
2021-08-12	11.2725918741584	4.69987329358724	6.26181406593267	5.95859198677602	1.63080684318385	3.29900903307824	5.36195080715241	3.89201610108473
2021-08-13	11.5716821673016	4.8616781574942	6.31874836148287	6.04773456140423	1.61891866279114	3.3312518730214	5.54088025721628	4.03358017061431
2021-08-14	11.872608554912	5.02510300735903	6.37522731628019	6.13899641597038	1.60523398663672	3.36259069494002	5.72064301812513	4.17705198546219
2021-08-15	12.1746787348883	5.18953418028322	6.43116576593807	6.23219730876591	1.5895796779821	3.39299011832533	5.90101879862993	4.32202069131123
