date	state	King	Snohomish	Pierce	Ann Arbor	Boston	San Diego	DC	USA
2020-01-26	0.132703592856884	0.447795346779434	0	0	0	0	0	0	0.0152327786559695
2020-02-02	0	0	0	0	0	1.24392498137222	0	0	0.00913966719358168
2020-02-09	0	0	0	0	0	0	0	0	0.0121862229247756
2020-02-16	0	0	0	0	0	0	0.599101946182672	0	0.00609311146238779
2020-02-23	0	0	0	0	0	0	0	0	0.00609311146238779
2020-03-01	1.32703592856884	3.58236277423547	2.45428585803674	0	0	0	0	0	0.0700707818174596
2020-03-08	14.7300988071141	33.1368556616781	35.5871449415328	4.48783180503961	0	23.6345746460722	0.299550973091336	0	1.52023130986575
2020-03-15	63.8304281641612	136.129785420948	150.93858026926	24.6830749277179	13.6017040214798	67.1719489941001	3.89416265018737	0	8.21351425129874
2020-03-22	163.225419213967	292.41036144697	400.048594859989	90.8785940520521	97.9322689546546	501.301767493006	41.6375852596957	144.527303616442	96.6062822361584
2020-03-29	332.687907292208	501.082993046186	530.125745335936	235.61116976458	573.991909706448	1241.43713140948	98.5522701470496	340.064243803392	330.855952407657
2020-04-05	391.741006113522	451.377709553669	793.961475074886	416.246399917424	851.466671744636	2382.11633932781	252.221919342905	935.176670459328	625.981899199872
2020-04-12	343.038787535045	563.774341595307	377.960022137658	272.635782156156	631.119066596663	3152.10590279721	143.185365137659	1236.98368683484	664.167428734656
2020-04-19	257.710377328069	334.950919391016	338.691448409071	237.855085667099	454.296914317426	3960.65714068916	138.99165151438	1300.74573254797	599.757147465755
2020-04-26	209.53897312102	308.53099393103	206.160012075086	113.31775307725	391.729075818619	3754.16559378137	232.152004145785	1484.94719794148	630.195285776113
2020-05-03	228.780994085268	262.408073212748	242.974299945638	167.171734737726	326.440896515515	2571.19293649639	264.803060212741	1664.89786028744	582.400919465143
2020-05-10	229.444512049553	249.869803502924	211.06858379116	189.610893762924	212.186582735085	1833.54542254266	299.251422118245	1779.66954257108	519.209260488719
2020-05-17	196.534021021045	208.224836252437	126.395721688892	132.391038248669	212.186582735085	1202.87545698694	272.591385513116	1205.81113115286	475.24441473186
2020-05-24	188.969916228203	139.264352848404	136.212865121039	85.2688042957526	190.423856300717	886.918511718395	259.111591724006	1398.51420264145	472.152160664698
2020-05-31	249.217347385228	138.368762154845	88.3542908893228	203.074389178042	160.500107453462	544.839141841034	233.649759011242	979.101635283932	441.540368677662
2020-06-07	322.735137827942	189.86522703448	82.2185762442309	139.122785956228	87.0509057374708	434.129818498906	298.053218225879	752.392139415005	455.624595822972
2020-06-14	275.890769549462	132.995217993492	150.93858026926	97.6103417596115	65.2881793031031	312.225170324428	289.066689033139	616.366441893648	456.471538316244
2020-06-21	359.759440235013	195.238771195833	125.168578759874	170.537608591505	125.135676997614	238.833596423467	405.89156853876	358.484390342742	577.447219846222
2020-06-28	449.599772599123	360.027458810665	256.47287216484	242.342917472139	149.618744236278	253.760696199934	759.96081873272	323.061031613222	843.301859173126
2020-07-05	621.716332534502	480.932202441112	322.738590331832	385.953535233407	242.110331582341	259.980321106795	1016.97555364509	331.562637708307	1055.21722927924
2020-07-12	633.128841520194	445.556370045536	392.685737285879	442.051432796402	421.652824665874	344.567219840106	958.862664865367	517.181037450992	1248.43893341875
2020-07-19	794.098299655594	534.219848707864	444.225740304651	649.613653779484	514.144412011937	359.494319616573	1124.81390395797	586.610820560851	1375.8184750957
2020-07-26	735.974125984279	565.565522982424	467.541455956	817.907346468469	424.37316547017	330.884045045011	989.416864120683	735.388927224835	1399.8344739247
2020-08-02	718.0591409486	464.363774610273	456.497169594834	734.882458075236	391.729075818619	505.033542437123	875.287943372884	699.965568495315	1301.46423592018
2020-08-09	658.87333853443	486.753541949244	400.048594859989	605.857293680347	378.127371797139	543.595216859662	877.684351157615	678.711553257603	1208.44679633537
2020-08-16	540.103622927518	461.229207182816	315.375732757721	479.076045187978	296.51714766826	648.084915294928	609.88578121396	661.708341067433	1135.32336567525
2020-08-23	521.790527113268	531.980871973967	350.962877699254	444.295348698921	312.839192494036	675.451264885117	594.908232559393	524.265709196896	910.761742728952
2020-08-30	444.822443256275	386.895179617431	306.785732254593	305.172562742694	337.322259732699	638.133515443951	574.239215416091	522.848774847715	892.314847776573
2020-09-06	408.992473184917	308.53099393103	229.475727726435	325.367805865372	321.000214906924	565.985866524362	746.780575916701	453.418991737856	857.67855566863
2020-09-13	364.934880356431	259.273505785292	218.43144136527	270.391866253637	418.932483861578	618.230715741995	637.444470738363	443.50045129359	776.560962769861
2020-09-20	379.001461199261	274.946342922572	203.70572621705	307.416478645213	389.008735014323	680.426964810606	609.586230240869	514.34716875263	886.325319209046
2020-09-27	525.506227713261	306.739812543912	265.062872667968	392.685282940966	693.68690509547	671.719489941001	648.827407715834	417.995633008336	867.601187685128
2020-10-04	503.610134891875	433.913691029271	328.874304976924	427.465979430023	897.712465417668	878.21103684879	587.41945823211	381.155339929635	915.520462781077
2020-10-11	555.497239698917	472.424090852302	434.408596872504	514.978699628295	674.644519465399	715.256864289028	679.082055998059	658.874472369072	1054.97045826502
2020-10-18	616.939003191654	487.649132642803	628.297179657406	631.662326559325	1422.73824064679	1021.2624097066	580.230234877918	546.936658783789	1192.32137685016
2020-10-25	673.736140934401	592.43324378919	641.795751876608	743.858121685315	1569.63664407877	1477.7828778702	717.125029580659	562.522936624777	1495.75832767707
2020-11-01	819.577389484116	784.985242904347	747.330043772188	738.248331929016	1528.83153201433	1816.13047280345	815.976850700799	852.994478206841	1780.95554934133
2020-11-08	1273.68908424037	1345.6250170722	1380.53579514567	1192.64130218928	1931.44197105013	2047.50051933868	995.108332609418	895.502508682265	2463.80445781966
2020-11-15	1789.64065326794	1688.18845735846	1558.47151985333	1733.42503469655	2725.78148590455	2630.90133560225	1466.002462309	1382.92792480046	3178.40152357277
2020-11-22	2186.82250668859	2145.83530176705	1709.41010012259	2120.50052788122	3158.31567378761	2584.87611129148	2206.19291681769	1663.48092593826	3686.59139198176
2020-11-29	2388.53196783106	2110.45946937147	2143.8186969951	2353.86778174328	3389.54464215277	2445.55651337779	2990.7169153439	1837.7638508875	3581.98180783976
2020-12-06	2558.12715950215	2213.45239913074	2227.26441616834	2237.18415481225	2649.61194338427	4739.35417902817	3557.46735643271	2391.78518141719	4280.86473913137
2020-12-13	2819.42053383736	2360.32927287439	2526.68729084883	2903.62717786063	2796.51034681625	4957.04105076831	4840.14462320981	2462.63189887623	4662.81752426261
2020-12-20	1550.24337175412	1230.98940829666	1364.58293706843	1351.95933126818	2494.5525175394	5004.31020006045	6049.73145255262	2447.04562103524	4728.92473707379
2020-12-27	1866.74144071779	1303.08445912815	1773.22153243155	1910.69439099561	1335.68733490932	4260.44306119987	6081.7834066734	2268.51189303846	4014.60186133648
2021-01-03	2477.17796785946	2047.32032547557	2277.5772762581	2268.59897744752	1713.81470670646	4784.13547835757	7031.95909331911	2213.25145342041	4774.67486448912
2021-01-10	2141.5705815244	1582.50875551852	1835.80582181148	2136.20793919885	2236.12014113128	6534.33792714829	7505.54918177652	2872.12592578948	5313.40950065907
2021-01-17	2423.1676055667	1887.90518202209	2026.01297580933	2433.52679628273	1719.25538831505	5249.36342139078	6208.49346829103	2918.88475931245	4661.0779409401
2021-01-24	1375.60544355446	1082.76914851267	807.460047294088	1562.88742610504	1414.5772182339	4230.58886164693	4818.57695314723	2054.55480631216	3618.6684319548
2021-01-31	1512.68825497562	1153.9686086506	1005.03005886605	1896.10893762924	2154.5099170024	3480.50209787948	3434.35190649217	2226.00386256304	3139.0552563044
2021-02-07	1133.68679377636	756.326340710463	901.950052828503	1253.22703155731	1678.45027625061	2725.43963418654	2690.26728933329	1647.89464809727	2526.02426551784
2021-02-14	1048.49108716224	824.839028767717	719.105756404766	1456.30142073535	1488.02641994989	2048.74444432005	1780.83053502799	1251.15303032665	1949.47577961232
2021-02-21	760.789697848516	579.447178732587	785.371474571758	934.590973399499	1060.93291367543	1681.78657481525	1495.95755961813	1034.36207490198	1402.32350995709
2021-02-28	789.984488277031	527.950713852952	617.252893296241	1110.7383717473	1101.73802573986	1853.44822224461	1061.00954668951	1346.08763172176	1462.6818721035
2021-03-07	635.119395413047	448.243142126213	439.317168588577	895.322445105402	726.330994747022	1641.98097541133	841.738234386654	1163.30310067744	1265.49964551344
2021-03-14	644.010536134458	545.862527724129	389.004308498824	926.73726774068	843.305649331748	1603.4193009888	782.726692687661	1547.29230930543	1151.18678136758
2021-03-21	712.08747927004	623.331122716971	460.178598381889	1079.32354911203	1069.09393608831	1640.73705042996	701.847929953	1017.35886271181	1165.74627120696
2021-03-28	829.530158948382	900.068647026661	622.161465012314	1250.98311565479	2121.86582735085	2185.576192271	580.230234877918	1340.41989432504	1347.84804692761
2021-04-04	965.949452405259	993.657874503563	883.542908893227	1464.15512639417	2733.94250831744	2206.72291695432	674.88834237478	1221.39740899385	1373.34467184197
2021-04-11	1048.49108716224	1019.63000461677	973.124342711569	1470.88687410173	3555.48543121482	2545.07051188757	597.903742290307	1123.62893890037	1488.26380057834
2021-04-18	1226.71201236904	1198.30034798176	1176.83006892862	1570.74113176386	3786.71439957998	1780.05664834365	579.930683904827	1178.88937851843	1448.33564116531
2021-04-25	1278.59911717608	1228.30263621599	1099.52006440046	1975.76795216869	2157.2302578067	1283.73058077613	196.205887374825	936.593604808508	1232.94110441417
2021-05-02	1267.4520153761	1252.93138028885	1179.28435478666	1778.30335274695	1409.13653662531	1047.38483431541	375.337369283444	675.877684559241	1054.16921410771
2021-05-09	1236.00126386902	1170.53703648144	1141.24292398709	1870.30390475026	1052.77189126254	796.111988078223	471.493231645763	538.435052688704	873.392690130128
2021-05-16	1142.44523090491	977.985037366283	962.080056350403	2012.79256456027	720.89031313843	578.425116338084	384.024347503093	517.181037450992	711.090480106504
2021-05-23	654.096009191582	435.704872416389	555.895746845322	712.443299050038	481.500322360385	419.202718722439	205.491967540657	287.637672883702	541.705028007855
2021-05-30	1092.54867999073	630.943643612222	751.011472559243	1930.88963411829	261.152717212412	266.199946013656	175.237319258432	212.54015237712	428.991605620875
2021-06-06	569.961931320317	309.426584624589	429.50002515643	700.101761586179	81.6102241288789	187.832672187206	185.122501370446	240.878839360736	309.910881755699
2021-06-13	543.819323527511	359.131868117106	395.140023143916	536.295900702233	95.2119281503587	120.660723193106	182.426542612624	157.279712759069	304.771342237175
2021-06-20	405.409476177781	239.570510526997	320.284304473795	329.855637670411	73.449201715991	82.0990487705667	175.237319258432	90.6837983475712	247.797703508118
2021-06-27	424.120682770602	350.175961181517	323.96573326085	375.855913672067	70.728860911695	77.1233488450779	221.068618141406	87.8499296492096	265.30930585102
2021-07-04	276.81969469946	167.027664348729	320.284304473795	225.51354820324	62.5678384988071	65.9280240127278	157.264260872951	103.436207490198	277.321875099118
2021-07-11	347.152598913609	241.361691914115	301.877160538519	326.489763816632	87.0509057374708	83.342973751939	436.745318767168	109.103944886922	431.657341885669
2021-07-18	655.423045120151	431.674714295374	758.374330133354	613.710999339167	136.017040214798	267.443870995028	892.961450785273	279.136066788617	705.545748675731
2021-07-25	819.311982298402	537.8022114821	1207.50864215408	849.322169103746	242.110331582341	513.741017306728	1443.53613932715	454.835926087037	1128.30410127058
2021-08-01	908.754203883942	617.957578555618	711.742898830655	1027.71348335407	416.212143057282	738.891438935101	2340.09220178952	602.19709840184	1737.79194774177
2021-08-08	2048.41265933886	1651.46923892255	1875.07439554007	2248.40373432485	601.195317749408	1085.94650873795	2526.11335607924	998.938716172464	2339.78831366995
2021-08-15	2480.49555768088	1973.43409325696	2078.78012175712	2873.33431317661	943.958259090699	1245.1689063536	2654.32117256233	1555.79391540052	2811.29765107537
2021-08-22	2810.52939311595	1888.80077271565	2405.20014087601	3134.75051582017	968.441326329363	1319.80440523593	2982.02993712425	1616.72209241529	3178.34059245815
2021-08-29	2983.57487820132	1917.45967490953	2624.8587251703	3369.23972763349	1022.84814241528	1337.21935497514	2681.87986208673	1720.15829990549	3336.07296888498
2021-09-05	3251.76883936509	1934.92369343393	2318.0729929157	3521.82600900483	1409.13653662531	1527.53987712509	2329.30836675823	1929.86458358425	3545.09106449073
2021-09-12	2951.46060872996	1676.09798299542	2265.30584696791	3313.14183007049	1354.72972053939	1384.48850426728	1796.10763465565	1484.94719794148	3124.95579638044
2021-09-19	3054.04048600833	1770.58280116588	2521.77871913275	2801.52900429598	1433.61960386397	1933.05942105244	1324.61440300989	2670.92124820581	3104.17523973796
2021-09-26	2616.91485113775	1451.30471891214	2100.86869447945	2937.28591639843	1509.78914638426	1452.90437824276	1613.68109204303	1918.5291087908	2570.11402005967
2021-10-03	2716.44254578042	1509.96590934025	2154.86298335626	3095.48198752607	1577.79766649166	1160.58200762028	1182.02813981841	1595.46807717758	2279.6706294263
2021-10-10	2269.49684503843	1364.43242163693	1789.17439050879	2501.96623130958	2032.09458080908	1105.84930843991	917.225079605671	1942.61699272688	2016.11309312072
2021-10-17	2268.56791988843	1507.27913725957	1724.13581527081	2746.55306468424	2108.26412332937	1010.06708487425	1149.97618569764	388.240011675539	1776.0505946141
2021-10-24	2061.68301862455	1245.76665474038	2080.00726468614	2399.86805774493	1643.08584579476	1007.5792349115	464.00445731848	867.163821698649	1517.27310425076
2021-10-31	1979.14138386757	1257.85712910343	2237.08155960049	2055.42696670814	1594.11971131743	945.38298584289	1190.11601609188	923.841195665881	1579.86763830387
2021-11-07	1627.07875201826	1109.63686931944	1568.28866328548	1653.7660201571	2363.97615893319	1090.92220866344	1075.98709534408	792.066301192067	1576.73273245648
2021-11-14	1693.96136281813	999.031418664916	1848.07725110167	2150.79339256523	2581.60342327687	1236.46143148399	1322.21799522516	810.486447731417	1709.63567967408
2021-11-21	1543.34278492556	950.669521212737	2342.61585149607	1461.91121049165	4094.11291046542	1776.32487339953	821.967870162626	930.925867411785	1998.61367700074
2021-11-28	799.937257741297	442.86959796486	1036.93577502052	904.298108715482	2644.17126177568	1807.42299793384	744.983270078153	682.962356305145	1553.63070034683
2021-12-05	1682.946964611	1110.08466466622	2154.86298335626	1932.01159206955	5184.9695729881	2369.67708951409	1340.19105361064	1303.57960124634	2618.50855784969
2021-12-12	1270.63690160467	875.439902953792	1398.94293908094	1605.52182825292	3958.09587025063	3638.48057051375	1744.58486728394	1802.34049215798	2536.16624954698
2021-12-19	1316.81775191886	1280.2468964424	1228.37007194739	1717.71762337891	3579.96849845349	4353.73743480278	1536.99604293165	3566.42375688807	2886.57804319317
2021-12-26	1776.50299757511	2388.09258437472	1684.86724154222	2559.18608682384	2663.21364740575	8467.39734820072	2947.28202424566	11825.734078263	4406.76974783442
2022-01-02	4687.35630689086	6911.27338219378	4618.96598482515	7033.55439644833	7124.57256645112	15022.8820000323	6303.45112676099	20858.6905542905	8967.52156199057
2022-01-09	10838.6986501789	12654.24870464	12417.4592987369	15748.9237618353	18487.4361059954	24000.2885905957	14188.2318404711	22322.3837369943	15557.9070836025
2022-01-16	14634.4195166643	17570.1460215846	16420.3995331948	15088.0905285432	16058.1717677591	23597.2568966311	29067.2282248909	16763.750285158	17209.4815041515
2022-01-23	14568.5985346073	14822.0259783992	15118.4008855063	16990.93121388	15247.5102080789	15516.7202176371	21612.0036065937	7550.84314678448	15091.6164961646
2022-01-30	18830.507122799	14593.202556195	22632.1970398858	19632.0202311458	9999.97279659196	8188.75815237335	17524.6305787624	3708.11719180615	10772.5357619411
2022-02-06	9606.01497613127	8275.70580383071	10094.4777341051	7852.58370086806	4681.70652419335	4488.08133279098	7034.05595013075	2445.62868668606	6083.11875958947
2022-02-13	5819.98147192436	4201.66373883142	6679.338962647	5962.08455299512	3182.79874102628	2801.31905805025	5210.3896259507	1809.42516390388	3777.21728531759
2022-02-20	-147.035580885428	356.892891383209	-3102.21732455844	-957.030132424697	2513.59490316947	2173.13694245727	3050.62710996217	1242.65142423156	2124.90864483739
2022-02-27	1054.33004524794	1234.5717710709	1054.11577602678	1728.93720289151	2393.89990778045	1786.27627325051	2162.15892377326	891.251705634723	1415.05201980202
2022-03-06	1692.89973407527	1235.01956641768	884.770051822246	4403.68495869512	1167.02620504297	1078.48295884972	1636.44696599797	498.760890911641	1017.86950257054
2022-03-13	1018.89818595516	698.112945629137	611.117178651149	916.639646179341	848.74633094034	827.210112612529	1250.32576168324	772.229220303536	735.030315042226
2022-03-20	965.949452405259	799.762489348068	683.518611463233	1321.66646658417	780.737810832941	853.332537221345	1140.69010553181	749.558270716643	648.163871478695
2022-03-27	798.875628998442	765.730042992831	596.391463502929	828.004968029808	1131.66177458712	1043.6530593713	1024.46432797237	807.652579033056	663.253462015298
2022-04-03	668.162590034411	972.16369785815	760.82861599139	460.00276001656	1610.44175614321	1725.32394916327	774.339265441104	799.150972937971	602.331487058614
