date	state	King	Snohomish	Pierce	Ann Arbor	Boston	San Diego	DC
2020-01-26	0	0	0	0	0	0	0	0
2020-01-27	0	0	0	0	0	0	0	0
2020-01-28	0	0	0	0	0	0	0	0
2020-01-29	0	0	0	0	0	0	0	0
2020-01-30	0	0	0	0	0	0	0	0
2020-01-31	0	0	0	0	0	0	0	0
2020-02-01	0	0	0	0	0	0	0	0
2020-02-02	0	0	0	0	0	0	0	0
2020-02-03	0	0	0	0	0	0	0	0
2020-02-04	0	0	0	0	0	0	0	0
2020-02-05	0	0	0	0	0	0	0	0
2020-02-06	0	0	0	0	0	0	0	0
2020-02-07	0	0	0	0	0	0	0	0
2020-02-08	0	0	0	0	0	0	0	0
2020-02-09	0	0	0	0	0	0	0	0
2020-02-10	0	0	0	0	0	0	0	0
2020-02-11	0	0	0	0	0	0	0	0
2020-02-12	0	0	1	0	0	0	0	0
2020-02-13	0	2	5	0	0	0	0	0
2020-02-14	0	5	9	0	0	0	0	0
2020-02-15	1	9	14	0	0	0	0	0
2020-02-16	4	13	19	0	0	0	0	0
2020-02-17	6	17	24	0	0	0	0	0
2020-02-18	9	21	30	0	0	0	0	0
2020-02-19	12	26	37	2	0	0	0	0
2020-02-20	15	32	44	4	0	0	0	0
2020-02-21	18	38	52	6	4	0	0	0
2020-02-22	22	44	60	8	9	0	0	0
2020-02-23	26	50	68	11	14	0	0	0
2020-02-24	30	57	77	14	20	0	1	0
2020-02-25	35	65	87	17	26	19	3	0
2020-02-26	40	73	97	20	33	41	4	0
2020-02-27	45	81	108	24	41	65	6	0
2020-02-28	51	90	119	28	50	91	7	4
2020-02-29	57	99	131	32	59	121	9	12
2020-03-01	63	109	143	37	69	153	12	22
2020-03-02	70	119	156	42	79	189	14	32
2020-03-03	77	129	169	47	90	227	16	44
2020-03-04	84	140	183	53	103	268	19	57
2020-03-05	91	151	197	59	115	313	22	71
2020-03-06	99	163	211	65	129	361	25	86
2020-03-07	107	175	226	71	143	413	28	102
2020-03-08	116	187	241	78	158	467	32	120
2020-03-09	124	199	256	85	174	526	35	139
2020-03-10	133	212	271	92	191	587	39	160
2020-03-11	142	224	286	100	208	653	43	182
2020-03-12	151	237	301	108	225	721	47	205
2020-03-13	160	249	316	115	243	793	52	230
2020-03-14	169	261	330	123	262	868	56	256
2020-03-15	177	273	344	132	281	946	61	284
2020-03-16	186	285	358	140	300	1028	66	313
2020-03-17	195	297	370	148	319	1112	71	343
2020-03-18	204	308	383	156	338	1199	76	375
2020-03-19	212	319	394	165	358	1288	81	408
2020-03-20	220	329	405	173	377	1378	87	442
2020-03-21	228	339	415	181	395	1470	92	477
2020-03-22	235	348	424	189	413	1563	97	513
2020-03-23	243	357	432	196	430	1656	103	550
2020-03-24	249	365	439	203	447	1750	108	588
2020-03-25	256	373	445	210	462	1843	113	625
2020-03-26	261	380	450	216	477	1937	119	664
2020-03-27	267	387	453	222	490	2029	124	703
2020-03-28	272	392	456	227	502	2120	129	742
2020-03-29	276	397	457	232	513	2209	134	781
2020-03-30	279	402	458	236	522	2296	139	820
2020-03-31	282	405	456	239	529	2381	143	859
2020-04-01	285	408	454	242	535	2463	148	898
2020-04-02	287	410	451	244	540	2542	152	936
2020-04-03	288	411	447	245	543	2617	156	974
2020-04-04	289	411	442	246	544	2687	160	1011
2020-04-05	289	411	436	246	545	2753	164	1048
2020-04-06	289	410	429	245	544	2814	168	1083
2020-04-07	288	408	422	244	542	2869	172	1118
2020-04-08	287	406	415	243	538	2918	176	1151
2020-04-09	285	403	407	241	534	2961	179	1183
2020-04-10	284	399	399	239	529	2997	183	1214
2020-04-11	281	395	390	236	523	3026	187	1244
2020-04-12	279	390	381	233	515	3049	190	1273
2020-04-13	277	386	372	230	508	3063	193	1301
2020-04-14	274	380	363	227	499	3071	197	1327
2020-04-15	271	375	353	223	490	3071	200	1352
2020-04-16	268	369	344	220	480	3065	203	1375
2020-04-17	265	363	334	216	470	3052	206	1397
2020-04-18	262	357	325	212	459	3032	209	1418
2020-04-19	259	350	315	208	448	3007	212	1437
2020-04-20	256	344	306	204	436	2976	215	1454
2020-04-21	252	337	296	200	425	2939	218	1470
2020-04-22	249	330	287	196	413	2898	220	1484
2020-04-23	246	323	278	193	401	2851	223	1497
2020-04-24	243	315	268	189	389	2799	226	1507
2020-04-25	239	308	259	185	377	2743	228	1516
2020-04-26	236	301	251	181	365	2683	230	1523
2020-04-27	233	293	242	177	353	2619	232	1529
2020-04-28	231	286	234	174	341	2552	234	1532
2020-04-29	228	279	225	170	330	2481	236	1533
2020-04-30	225	271	217	167	318	2408	238	1533
2020-05-01	223	264	210	163	307	2333	239	1530
2020-05-02	221	257	202	160	296	2256	241	1526
2020-05-03	219	250	195	157	286	2179	242	1519
2020-05-04	217	243	187	154	275	2100	243	1510
2020-05-05	215	236	180	151	265	2022	245	1500
2020-05-06	213	229	174	148	256	1943	246	1487
2020-05-07	212	223	167	145	246	1864	247	1473
2020-05-08	211	217	161	143	237	1786	248	1457
2020-05-09	210	210	155	140	228	1709	249	1440
2020-05-10	210	205	150	138	220	1632	250	1421
2020-05-11	210	199	144	136	212	1557	250	1401
2020-05-12	210	194	140	134	204	1484	251	1380
2020-05-13	210	189	135	132	196	1412	252	1358
2020-05-14	211	184	131	131	189	1341	253	1334
2020-05-15	212	180	127	129	182	1273	255	1310
2020-05-16	214	176	123	128	175	1206	256	1284
2020-05-17	216	172	120	127	169	1142	258	1258
2020-05-18	218	169	117	126	163	1080	260	1231
2020-05-19	221	167	115	126	157	1021	262	1203
2020-05-20	224	165	112	125	152	963	264	1174
2020-05-21	227	163	111	125	146	908	267	1145
2020-05-22	231	162	109	125	142	856	271	1116
2020-05-23	235	161	108	125	137	806	274	1086
2020-05-24	239	160	107	125	133	758	279	1056
2020-05-25	244	160	107	126	130	712	284	1026
2020-05-26	249	161	107	127	126	669	289	995
2020-05-27	254	162	108	128	124	627	295	965
2020-05-28	259	163	109	129	121	589	301	935
2020-05-29	265	165	110	131	119	552	308	905
2020-05-30	271	167	111	133	118	518	316	875
2020-05-31	277	169	114	135	117	486	325	846
2020-06-01	283	172	116	137	116	456	334	817
2020-06-02	290	176	119	140	116	428	344	789
2020-06-03	296	179	122	143	116	403	355	762
2020-06-04	304	184	126	147	117	379	367	735
2020-06-05	311	188	130	150	118	358	379	709
2020-06-06	319	193	134	155	120	338	392	683
2020-06-07	327	199	139	160	122	320	406	659
2020-06-08	335	205	144	165	125	303	421	636
2020-06-09	343	211	150	171	129	289	437	613
2020-06-10	352	218	155	177	133	275	453	592
2020-06-11	362	226	162	184	138	264	471	572
2020-06-12	371	233	168	192	143	253	488	553
2020-06-13	381	241	175	200	149	244	507	536
2020-06-14	391	250	182	209	155	237	526	520
2020-06-15	402	259	190	218	162	230	546	505
2020-06-16	413	268	198	228	169	225	566	491
2020-06-17	424	277	206	238	177	221	586	480
2020-06-18	435	287	214	249	186	218	607	469
2020-06-19	446	297	223	260	194	216	628	460
2020-06-20	458	307	231	272	203	215	649	452
2020-06-21	470	317	240	284	213	215	670	445
2020-06-22	481	327	249	296	222	216	691	440
2020-06-23	493	337	258	309	232	218	712	436
2020-06-24	505	347	267	322	242	220	733	433
2020-06-25	517	357	276	335	252	223	753	432
2020-06-26	529	367	286	349	262	227	772	431
2020-06-27	541	377	295	363	273	231	791	432
2020-06-28	553	386	304	377	283	236	810	434
2020-06-29	565	396	313	391	293	242	827	437
2020-06-30	577	405	321	406	304	247	844	441
2020-07-01	588	414	330	421	314	254	860	446
2020-07-02	599	423	338	435	323	260	874	452
2020-07-03	610	431	347	450	333	267	888	459
2020-07-04	621	439	355	464	342	274	901	466
2020-07-05	631	447	363	479	350	282	912	474
2020-07-06	641	455	370	493	358	290	922	482
2020-07-07	650	462	378	507	366	297	931	491
2020-07-08	659	469	385	521	372	306	939	500
2020-07-09	667	475	391	534	378	314	945	509
2020-07-10	674	481	397	547	383	322	950	519
2020-07-11	681	487	403	559	388	331	954	528
2020-07-12	687	492	408	570	391	340	956	537
2020-07-13	692	497	413	581	394	349	958	547
2020-07-14	696	501	417	591	396	358	958	556
2020-07-15	700	504	421	600	397	367	957	564
2020-07-16	702	508	424	608	398	376	955	573
2020-07-17	704	510	426	616	398	386	953	581
2020-07-18	706	512	428	622	397	395	949	589
2020-07-19	706	514	430	628	396	405	944	596
2020-07-20	706	515	431	632	395	414	939	603
2020-07-21	705	516	431	636	393	424	933	610
2020-07-22	704	517	431	639	390	433	926	616
2020-07-23	702	517	431	640	388	443	919	622
2020-07-24	699	516	430	641	385	452	911	627
2020-07-25	695	516	428	640	382	462	902	631
2020-07-26	691	515	426	639	379	471	894	635
2020-07-27	687	513	424	636	375	480	884	638
2020-07-28	681	512	421	633	372	489	875	640
2020-07-29	675	510	418	628	369	498	865	642
2020-07-30	669	507	414	623	365	507	855	643
2020-07-31	662	505	410	616	362	515	845	643
2020-08-01	655	502	406	609	358	523	835	643
2020-08-02	648	499	401	602	355	531	824	642
2020-08-03	640	496	396	593	351	538	814	641
2020-08-04	632	492	391	584	348	546	803	639
2020-08-05	623	489	386	575	344	552	793	637
2020-08-06	615	485	381	565	341	559	782	634
2020-08-07	606	481	375	555	338	565	772	631
2020-08-08	597	476	369	544	335	570	762	628
2020-08-09	588	472	364	533	331	575	752	623
2020-08-10	578	467	358	522	328	580	742	619
2020-08-11	569	462	352	510	326	584	732	614
2020-08-12	560	457	346	499	323	588	723	608
2020-08-13	551	451	340	487	321	591	714	603
2020-08-14	541	445	334	475	319	594	705	597
2020-08-15	532	439	328	464	317	596	697	591
2020-08-16	523	433	322	452	316	598	689	584
2020-08-17	514	427	315	441	315	600	682	578
2020-08-18	506	420	309	430	315	601	675	571
2020-08-19	497	413	303	419	315	601	668	564
2020-08-20	489	406	297	409	316	602	662	557
2020-08-21	481	399	291	399	317	602	656	551
2020-08-22	473	392	285	389	319	602	650	544
2020-08-23	465	385	280	379	321	602	645	537
2020-08-24	458	378	274	370	324	601	640	530
2020-08-25	451	371	269	362	327	601	635	524
2020-08-26	444	364	263	353	331	601	630	517
2020-08-27	438	357	258	346	335	600	626	511
2020-08-28	432	350	253	338	340	600	622	505
2020-08-29	426	344	249	332	345	600	618	499
2020-08-30	421	337	245	326	351	600	614	493
2020-08-31	417	331	241	320	357	600	610	487
2020-09-01	412	325	237	315	364	601	606	482
2020-09-02	408	320	234	311	371	602	602	477
2020-09-03	405	315	231	307	379	603	599	473
2020-09-04	402	310	229	304	388	604	595	469
2020-09-05	399	306	227	302	397	606	592	465
2020-09-06	397	302	225	300	407	607	588	461
2020-09-07	396	299	224	299	417	610	585	458
2020-09-08	395	296	223	298	429	612	581	455
2020-09-09	394	293	223	298	441	615	578	453
2020-09-10	394	291	224	299	453	618	574	451
2020-09-11	394	290	225	300	467	622	571	449
2020-09-12	395	289	227	302	481	626	567	447
2020-09-13	396	289	229	304	496	631	563	446
2020-09-14	398	289	231	307	512	636	560	445
2020-09-15	400	290	235	311	528	642	556	443
2020-09-16	402	292	239	315	546	649	553	443
2020-09-17	405	294	243	320	564	656	549	442
2020-09-18	408	297	248	325	583	663	546	442
2020-09-19	411	300	254	331	603	671	542	442
2020-09-20	415	304	260	337	623	680	539	442
2020-09-21	420	309	267	344	644	690	536	443
2020-09-22	424	314	275	351	666	701	532	444
2020-09-23	430	320	283	359	689	712	529	446
2020-09-24	435	326	292	367	713	724	527	448
2020-09-25	441	333	302	376	737	737	524	450
2020-09-26	448	341	312	386	763	751	521	453
2020-09-27	455	349	323	396	789	766	519	457
2020-09-28	463	359	335	406	815	781	517	461
2020-09-29	471	368	348	417	843	798	515	466
2020-09-30	479	379	361	429	871	816	514	471
2020-10-01	488	390	375	441	901	834	513	477
2020-10-02	498	402	389	454	931	854	512	483
2020-10-03	509	415	404	467	962	876	512	490
2020-10-04	520	428	420	481	995	898	512	497
2020-10-05	532	443	437	496	1029	922	513	505
2020-10-06	545	458	454	511	1064	947	515	513
2020-10-07	559	474	472	528	1099	973	518	522
2020-10-08	574	492	491	545	1136	1001	521	532
2020-10-09	590	510	511	562	1174	1030	525	542
2020-10-10	607	530	531	581	1213	1061	530	553
2020-10-11	625	551	552	600	1252	1093	536	565
2020-10-12	644	573	574	621	1292	1126	543	577
2020-10-13	665	597	597	642	1333	1161	552	591
2020-10-14	687	621	621	665	1374	1197	562	605
2020-10-15	710	647	646	688	1416	1234	573	621
2020-10-16	735	675	671	712	1458	1272	585	637
2020-10-17	761	703	697	738	1502	1312	599	655
2020-10-18	788	733	724	764	1545	1352	615	673
2020-10-19	817	764	752	792	1590	1394	633	693
2020-10-20	847	796	781	821	1635	1437	652	713
2020-10-21	878	829	811	851	1681	1480	673	735
2020-10-22	911	864	842	882	1727	1525	697	758
2020-10-23	945	899	874	914	1775	1570	723	782
2020-10-24	981	936	906	948	1822	1616	750	807
2020-10-25	1018	974	940	982	1871	1663	781	834
2020-10-26	1057	1012	975	1018	1920	1710	814	861
2020-10-27	1097	1052	1010	1056	1970	1758	849	890
2020-10-28	1138	1093	1046	1094	2019	1807	887	920
2020-10-29	1180	1134	1083	1133	2070	1857	928	951
2020-10-30	1223	1175	1121	1173	2120	1908	971	983
2020-10-31	1267	1217	1158	1214	2170	1960	1018	1017
2020-11-01	1312	1259	1196	1255	2221	2012	1068	1051
2020-11-02	1357	1300	1234	1297	2270	2066	1121	1086
2020-11-03	1402	1342	1272	1339	2320	2120	1177	1122
2020-11-04	1448	1383	1310	1381	2368	2175	1236	1159
2020-11-05	1494	1424	1348	1424	2416	2232	1299	1197
2020-11-06	1540	1464	1386	1467	2462	2289	1365	1235
2020-11-07	1586	1504	1423	1509	2507	2346	1434	1274
2020-11-08	1631	1543	1460	1551	2550	2405	1506	1314
2020-11-09	1676	1581	1497	1593	2592	2464	1582	1353
2020-11-10	1721	1618	1534	1634	2631	2524	1660	1393
2020-11-11	1764	1654	1570	1675	2667	2586	1742	1434
2020-11-12	1807	1688	1605	1714	2701	2648	1827	1474
2020-11-13	1849	1722	1639	1753	2733	2712	1915	1515
2020-11-14	1889	1753	1673	1791	2761	2778	2005	1555
2020-11-15	1929	1783	1706	1828	2785	2846	2099	1595
2020-11-16	1967	1811	1738	1864	2807	2916	2194	1635
2020-11-17	2003	1837	1769	1898	2824	2988	2292	1675
2020-11-18	2038	1861	1799	1931	2839	3061	2393	1714
2020-11-19	2071	1884	1828	1963	2850	3136	2496	1752
2020-11-20	2102	1904	1856	1993	2857	3213	2601	1791
2020-11-21	2132	1923	1883	2022	2862	3290	2708	1828
2020-11-22	2160	1939	1908	2049	2863	3369	2816	1865
2020-11-23	2186	1954	1932	2074	2862	3448	2927	1901
2020-11-24	2210	1967	1955	2098	2857	3528	3039	1937
2020-11-25	2232	1978	1976	2120	2850	3608	3153	1971
2020-11-26	2253	1987	1996	2140	2840	3688	3269	2004
2020-11-27	2271	1994	2015	2159	2827	3767	3386	2037
2020-11-28	2288	2000	2031	2175	2811	3847	3504	2068
2020-11-29	2302	2003	2046	2190	2793	3926	3623	2099
2020-11-30	2314	2005	2060	2202	2773	4004	3743	2128
2020-12-01	2325	2005	2071	2213	2750	4081	3864	2155
2020-12-02	2332	2003	2081	2221	2725	4157	3986	2182
2020-12-03	2338	1998	2088	2227	2699	4231	4107	2207
2020-12-04	2341	1992	2094	2231	2670	4302	4228	2231
2020-12-05	2342	1984	2097	2233	2640	4372	4349	2254
2020-12-06	2341	1974	2098	2232	2608	4438	4469	2275
2020-12-07	2338	1962	2097	2230	2575	4502	4588	2295
2020-12-08	2332	1949	2094	2225	2540	4562	4705	2314
2020-12-09	2325	1933	2088	2218	2505	4620	4820	2331
2020-12-10	2316	1917	2082	2210	2469	4675	4934	2348
2020-12-11	2306	1900	2074	2201	2434	4726	5044	2364
2020-12-12	2295	1883	2065	2192	2398	4775	5151	2379
2020-12-13	2285	1866	2055	2183	2362	4822	5256	2393
2020-12-14	2274	1849	2045	2173	2327	4866	5356	2408
2020-12-15	2263	1832	2035	2164	2292	4907	5452	2421
2020-12-16	2252	1816	2024	2156	2258	4945	5544	2434
2020-12-17	2241	1800	2012	2147	2225	4981	5632	2447
2020-12-18	2231	1785	2001	2140	2193	5014	5714	2459
2020-12-19	2220	1771	1989	2132	2162	5044	5792	2471
2020-12-20	2210	1757	1977	2125	2132	5071	5863	2482
2020-12-21	2201	1744	1964	2119	2103	5096	5929	2492
2020-12-22	2191	1731	1952	2114	2075	5118	5989	2502
2020-12-23	2182	1719	1939	2109	2049	5137	6042	2511
2020-12-24	2174	1709	1926	2105	2024	5153	6089	2520
2020-12-25	2166	1699	1913	2102	2001	5166	6129	2528
2020-12-26	2158	1690	1899	2099	1979	5176	6161	2535
2020-12-27	2151	1682	1886	2098	1960	5183	6185	2541
2020-12-28	2145	1676	1872	2097	1942	5188	6202	2547
2020-12-29	2139	1670	1858	2097	1925	5189	6210	2552
2020-12-30	2133	1664	1843	2097	1911	5186	6211	2556
2020-12-31	2126	1658	1828	2097	1897	5179	6203	2558
2021-01-01	2118	1651	1811	2097	1884	5168	6186	2559
2021-01-02	2109	1644	1793	2095	1871	5152	6160	2558
2021-01-03	2098	1635	1773	2092	1859	5131	6126	2556
2021-01-04	2085	1624	1752	2087	1848	5104	6083	2551
2021-01-05	2070	1612	1729	2081	1836	5072	6031	2544
2021-01-06	2053	1597	1704	2073	1824	5034	5971	2536
2021-01-07	2034	1582	1678	2063	1813	4992	5903	2525
2021-01-08	2013	1564	1650	2052	1802	4944	5827	2512
2021-01-09	1991	1545	1622	2039	1791	4892	5743	2497
2021-01-10	1967	1525	1592	2025	1781	4834	5652	2479
2021-01-11	1941	1504	1562	2009	1771	4772	5555	2460
2021-01-12	1915	1481	1531	1992	1761	4706	5451	2438
2021-01-13	1887	1457	1500	1974	1751	4636	5341	2415
2021-01-14	1857	1433	1468	1954	1742	4562	5226	2390
2021-01-15	1827	1407	1435	1934	1732	4485	5107	2363
2021-01-16	1796	1380	1403	1912	1722	4405	4983	2334
2021-01-17	1764	1353	1370	1889	1712	4322	4856	2304
2021-01-18	1731	1325	1337	1866	1702	4236	4725	2273
2021-01-19	1697	1297	1304	1841	1691	4149	4593	2240
2021-01-20	1662	1268	1272	1815	1679	4060	4458	2206
2021-01-21	1627	1238	1239	1789	1667	3969	4322	2171
2021-01-22	1592	1209	1207	1762	1655	3877	4185	2135
2021-01-23	1556	1179	1175	1734	1641	3784	4049	2099
2021-01-24	1520	1149	1144	1705	1627	3691	3912	2062
2021-01-25	1484	1118	1114	1676	1611	3597	3776	2024
2021-01-26	1448	1088	1084	1646	1594	3504	3641	1986
2021-01-27	1412	1059	1055	1616	1577	3411	3508	1947
2021-01-28	1376	1029	1026	1586	1558	3318	3376	1909
2021-01-29	1340	1000	998	1556	1539	3227	3247	1870
2021-01-30	1305	971	971	1526	1518	3137	3119	1832
2021-01-31	1270	943	945	1496	1497	3049	2994	1794
2021-02-01	1236	916	919	1467	1475	2962	2872	1757
2021-02-02	1203	889	894	1438	1452	2878	2753	1720
2021-02-03	1170	863	870	1409	1429	2796	2637	1684
2021-02-04	1138	838	846	1381	1405	2716	2524	1650
2021-02-05	1107	814	824	1354	1380	2639	2414	1616
2021-02-06	1077	791	802	1327	1356	2564	2308	1583
2021-02-07	1048	768	781	1300	1332	2493	2205	1552
2021-02-08	1019	746	761	1275	1307	2424	2106	1523
2021-02-09	992	725	741	1250	1283	2359	2010	1495
2021-02-10	965	705	722	1226	1260	2297	1918	1468
2021-02-11	940	687	704	1202	1237	2238	1830	1444
2021-02-12	916	669	687	1180	1215	2183	1746	1421
2021-02-13	893	652	670	1159	1194	2130	1665	1399
2021-02-14	871	636	654	1139	1174	2082	1588	1379
2021-02-15	850	622	638	1120	1156	2036	1515	1362
2021-02-16	831	608	623	1102	1139	1995	1446	1345
2021-02-17	813	596	609	1086	1124	1956	1380	1331
2021-02-18	796	585	596	1070	1110	1921	1317	1318
2021-02-19	780	576	583	1056	1099	1889	1258	1306
2021-02-20	765	567	571	1044	1090	1860	1203	1296
2021-02-21	752	560	559	1032	1083	1834	1150	1287
2021-02-22	740	554	549	1022	1079	1811	1101	1279
2021-02-23	729	549	539	1013	1077	1791	1054	1272
2021-02-24	719	546	531	1006	1078	1774	1010	1267
2021-02-25	711	544	523	999	1082	1760	969	1262
2021-02-26	703	543	516	995	1089	1748	931	1258
2021-02-27	697	543	511	991	1099	1739	896	1255
2021-02-28	692	545	506	989	1113	1732	862	1253
2021-03-01	689	548	503	988	1130	1728	832	1251
2021-03-02	686	552	500	989	1150	1726	803	1250
2021-03-03	685	558	499	991	1174	1727	777	1249
2021-03-04	685	565	499	994	1202	1730	752	1249
2021-03-05	686	573	500	998	1233	1735	730	1248
2021-03-06	688	582	503	1004	1267	1741	709	1248
2021-03-07	691	592	506	1011	1305	1750	689	1247
2021-03-08	695	603	511	1020	1346	1760	671	1247
2021-03-09	701	615	517	1029	1391	1772	655	1246
2021-03-10	707	628	525	1040	1439	1786	639	1244
2021-03-11	714	642	533	1052	1490	1800	625	1243
2021-03-12	723	657	543	1065	1543	1816	612	1242
2021-03-13	732	672	554	1079	1599	1832	600	1240
2021-03-14	742	688	566	1093	1658	1849	589	1239
2021-03-15	752	705	579	1109	1718	1866	579	1237
2021-03-16	764	722	593	1126	1781	1884	570	1235
2021-03-17	776	740	608	1143	1844	1901	561	1233
2021-03-18	789	758	624	1160	1909	1918	553	1231
2021-03-19	802	776	640	1179	1974	1935	546	1229
2021-03-20	816	794	657	1198	2039	1951	539	1227
2021-03-21	831	813	675	1217	2103	1965	533	1224
2021-03-22	845	832	693	1236	2167	1979	527	1221
2021-03-23	860	851	712	1256	2230	1991	522	1217
2021-03-24	876	869	731	1277	2291	2002	517	1213
2021-03-25	891	888	750	1297	2349	2010	512	1209
2021-03-26	907	906	770	1317	2406	2017	508	1204
2021-03-27	923	924	789	1338	2459	2021	503	1199
2021-03-28	939	942	809	1358	2509	2023	499	1193
2021-03-29	954	959	828	1379	2556	2022	495	1187
2021-03-30	970	976	847	1399	2598	2018	491	1180
2021-03-31	986	993	866	1419	2636	2011	487	1172
2021-04-01	1001	1009	885	1438	2669	2002	483	1164
2021-04-02	1016	1024	903	1458	2697	1990	479	1155
2021-04-03	1031	1039	920	1477	2720	1975	474	1145
2021-04-04	1046	1054	937	1497	2737	1958	470	1135
2021-04-05	1060	1067	954	1515	2748	1938	465	1124
2021-04-06	1074	1080	970	1534	2753	1915	460	1113
2021-04-07	1087	1093	985	1552	2751	1890	454	1100
2021-04-08	1100	1104	999	1569	2744	1863	449	1087
2021-04-09	1112	1115	1012	1586	2731	1834	443	1074
2021-04-10	1123	1125	1025	1603	2712	1804	437	1059
2021-04-11	1133	1133	1036	1618	2687	1771	431	1044
2021-04-12	1143	1141	1046	1633	2656	1737	424	1028
2021-04-13	1152	1148	1056	1647	2619	1702	418	1012
2021-04-14	1160	1153	1064	1660	2578	1665	411	995
2021-04-15	1167	1158	1071	1672	2532	1628	404	978
2021-04-16	1173	1161	1077	1683	2481	1589	398	960
2021-04-17	1178	1163	1082	1694	2427	1550	391	942
2021-04-18	1182	1164	1086	1703	2368	1509	384	923
2021-04-19	1186	1164	1089	1711	2307	1469	378	904
2021-04-20	1188	1163	1091	1718	2244	1427	371	884
2021-04-21	1190	1160	1092	1725	2177	1386	365	865
2021-04-22	1191	1156	1091	1730	2110	1344	358	845
2021-04-23	1191	1151	1090	1734	2040	1302	352	825
2021-04-24	1190	1145	1087	1736	1970	1260	347	805
2021-04-25	1188	1137	1083	1738	1898	1219	341	785
2021-04-26	1185	1128	1078	1738	1827	1177	336	764
2021-04-27	1181	1118	1072	1738	1755	1137	331	744
2021-04-28	1176	1106	1065	1736	1683	1096	327	724
2021-04-29	1170	1093	1057	1733	1612	1056	322	703
2021-04-30	1164	1079	1048	1728	1541	1016	318	683
2021-05-01	1157	1064	1038	1723	1470	977	313	662
2021-05-02	1149	1047	1027	1717	1400	938	309	642
2021-05-03	1141	1029	1015	1710	1330	899	304	621
2021-05-04	1131	1011	1002	1702	1261	862	299	600
2021-05-05	1122	991	988	1693	1193	824	294	579
2021-05-06	1112	971	973	1684	1126	787	289	559
2021-05-07	1101	950	959	1674	1060	751	284	538
2021-05-08	1091	928	943	1664	994	715	278	517
2021-05-09	1080	906	927	1654	930	679	272	496
2021-05-10	1069	883	911	1643	866	644	267	475
2021-05-11	1058	860	895	1633	803	609	260	455
2021-05-12	1048	836	878	1623	741	575	254	434
2021-05-13	1037	813	861	1613	680	541	248	413
2021-05-14	1026	789	844	1603	619	508	241	393
2021-05-15	1016	765	827	1593	559	475	235	372
2021-05-16	1005	740	810	1584	499	442	228	351
2021-05-17	995	716	792	1575	440	409	221	331
2021-05-18	985	692	775	1567	381	376	214	310
2021-05-19	975	667	758	1559	323	344	207	290
2021-05-20	965	643	741	1551	265	312	200	269
2021-05-21	955	619	724	1544	207	279	193	249
2021-05-22	946	595	707	1538	149	247	186	229
2021-05-23	937	571	690	1533	92	215	179	208
