date	state	King	Snohomish	Pierce	Ann Arbor	Boston	San Diego	DC
2020-01-26	0	0	0	0	0	0	0	0
2020-01-27	0	0	0	0	0	0	0	0
2020-01-28	0	0	0	0	0	0	0	0
2020-01-29	0	0	0	0	0	0	0	0
2020-01-30	0	0	0	0	0	0	0	0
2020-01-31	0	0	0	0	0	0	0	0
2020-02-01	0	0	0	0	0	0	0	0
2020-02-02	0	0	0	0	0	0	0	0
2020-02-03	0	0	0	0	0	0	0	0
2020-02-04	0	0	0	0	0	0	0	0
2020-02-05	0	0	0	0	0	0	0	0
2020-02-06	0	0	0	0	0	0	0	0
2020-02-07	0	0	0	0	0	0	0	0
2020-02-08	0	0	0	0	0	0	0	0
2020-02-09	0	0	0	0	0	0	0	0
2020-02-10	0	0	0	0	0	0	0	0
2020-02-11	0	0	0	0	0	0	0	0
2020-02-12	0	0	0	0	0	0	0	0
2020-02-13	0	0	0	0	0	0	0	0
2020-02-14	0	2	4	0	0	0	0	0
2020-02-15	0	5	8	0	0	0	0	0
2020-02-16	1	8	12	0	0	0	0	0
2020-02-17	3	12	17	0	0	0	0	0
2020-02-18	5	16	23	0	0	0	0	0
2020-02-19	8	21	29	0	0	0	0	0
2020-02-20	11	26	35	1	0	0	0	0
2020-02-21	14	31	43	2	0	0	0	0
2020-02-22	17	37	50	5	1	0	0	0
2020-02-23	21	43	59	7	6	0	0	0
2020-02-24	26	51	68	10	11	0	0	0
2020-02-25	30	58	78	13	17	0	1	0
2020-02-26	35	66	88	16	24	13	3	0
2020-02-27	41	75	100	20	32	35	4	0
2020-02-28	46	84	111	24	40	60	6	0
2020-02-29	52	93	124	28	49	87	8	4
2020-03-01	59	103	136	33	58	117	10	12
2020-03-02	66	114	150	38	69	150	12	22
2020-03-03	73	124	163	43	80	187	14	33
2020-03-04	80	136	177	49	92	226	17	45
2020-03-05	88	147	192	55	105	270	20	58
2020-03-06	96	159	207	61	119	316	23	73
2020-03-07	104	171	222	68	133	366	26	89
2020-03-08	112	183	238	74	149	421	30	106
2020-03-09	121	196	254	82	165	479	33	125
2020-03-10	130	209	270	89	182	541	37	145
2020-03-11	140	222	286	97	200	606	41	167
2020-03-12	149	235	302	105	218	676	46	190
2020-03-13	159	248	318	113	238	749	50	215
2020-03-14	168	262	333	122	257	825	55	241
2020-03-15	178	274	348	131	277	905	60	269
2020-03-16	187	287	363	139	298	988	65	298
2020-03-17	197	300	377	148	319	1074	70	328
2020-03-18	206	312	390	157	339	1163	75	360
2020-03-19	215	323	403	166	360	1255	81	393
2020-03-20	224	334	414	174	381	1348	86	428
2020-03-21	232	345	425	183	401	1443	92	464
2020-03-22	240	355	435	191	420	1541	97	501
2020-03-23	248	364	443	200	439	1639	103	538
2020-03-24	255	373	451	207	457	1738	109	577
2020-03-25	262	381	457	215	473	1837	114	617
2020-03-26	268	388	462	222	489	1937	120	657
2020-03-27	273	395	465	228	503	2035	125	697
2020-03-28	278	400	468	234	516	2132	130	738
2020-03-29	282	405	469	238	527	2227	135	778
2020-03-30	285	409	468	242	536	2319	140	819
2020-03-31	288	412	467	246	544	2409	145	859
2020-04-01	291	414	464	248	550	2495	149	898
2020-04-02	292	416	460	250	554	2578	154	938
2020-04-03	293	416	456	251	557	2657	158	976
2020-04-04	294	417	450	251	558	2731	162	1014
2020-04-05	294	416	444	251	558	2801	166	1051
2020-04-06	293	415	436	250	557	2865	170	1088
2020-04-07	292	413	429	249	554	2924	174	1123
2020-04-08	291	410	420	247	550	2977	177	1158
2020-04-09	289	407	411	245	545	3023	181	1191
2020-04-10	287	404	402	243	539	3062	185	1223
2020-04-11	285	400	393	240	532	3094	188	1254
2020-04-12	282	395	383	237	524	3119	192	1284
2020-04-13	279	390	373	233	515	3136	195	1312
2020-04-14	276	385	363	229	506	3145	199	1339
2020-04-15	273	379	353	225	496	3146	202	1365
2020-04-16	270	373	343	221	485	3139	205	1389
2020-04-17	266	366	333	217	473	3126	209	1411
2020-04-18	263	359	323	213	462	3105	212	1432
2020-04-19	259	352	313	209	450	3077	215	1451
2020-04-20	256	345	303	204	437	3042	218	1469
2020-04-21	252	338	293	200	425	3001	221	1485
2020-04-22	249	331	284	196	412	2953	224	1500
2020-04-23	245	323	275	192	400	2901	226	1513
2020-04-24	242	316	265	188	387	2843	229	1524
2020-04-25	239	308	256	184	375	2781	231	1533
2020-04-26	235	301	247	180	362	2714	233	1540
2020-04-27	232	293	239	176	350	2644	236	1545
2020-04-28	229	286	230	173	338	2571	238	1549
2020-04-29	226	278	222	169	326	2496	240	1550
2020-04-30	224	270	214	166	314	2418	241	1549
2020-05-01	221	263	206	162	303	2338	243	1546
2020-05-02	219	256	199	159	292	2257	244	1542
2020-05-03	217	248	191	156	281	2176	246	1535
2020-05-04	214	241	184	153	271	2094	247	1526
2020-05-05	213	234	177	150	261	2012	248	1515
2020-05-06	211	227	171	147	251	1931	248	1502
2020-05-07	210	221	164	144	242	1849	249	1488
2020-05-08	209	214	158	142	233	1769	250	1471
2020-05-09	208	208	152	139	224	1689	250	1453
2020-05-10	207	202	147	137	215	1610	251	1434
2020-05-11	207	196	142	135	207	1532	251	1413
2020-05-12	207	190	137	133	199	1456	252	1391
2020-05-13	208	185	132	131	192	1382	252	1367
2020-05-14	208	181	128	130	185	1309	253	1342
2020-05-15	210	176	124	128	178	1239	254	1317
2020-05-16	211	172	120	127	171	1171	255	1290
2020-05-17	213	169	117	126	165	1105	256	1263
2020-05-18	215	165	114	126	159	1043	257	1234
2020-05-19	218	163	112	125	154	982	259	1206
2020-05-20	221	161	110	125	148	925	261	1176
2020-05-21	225	159	108	125	143	870	263	1146
2020-05-22	228	157	106	125	139	818	266	1116
2020-05-23	233	157	105	125	134	769	269	1085
2020-05-24	237	156	105	125	130	722	272	1054
2020-05-25	242	156	104	126	127	678	277	1023
2020-05-26	246	157	104	126	123	636	281	992
2020-05-27	251	158	105	127	120	596	287	960
2020-05-28	257	159	106	128	118	559	293	929
2020-05-29	262	161	107	129	115	524	300	899
2020-05-30	268	163	108	130	113	492	307	868
2020-05-31	274	165	110	132	112	461	315	838
2020-06-01	280	168	113	134	111	433	324	808
2020-06-02	287	171	116	136	111	407	334	779
2020-06-03	293	175	119	139	111	383	344	751
2020-06-04	300	179	122	142	112	361	356	723
2020-06-05	308	184	126	146	113	341	368	697
2020-06-06	315	189	131	150	115	323	381	671
2020-06-07	323	195	136	155	117	306	395	646
2020-06-08	331	201	141	160	120	291	411	622
2020-06-09	340	208	146	165	124	278	427	600
2020-06-10	349	215	153	172	128	266	444	578
2020-06-11	358	222	159	179	133	256	462	558
2020-06-12	368	230	166	186	138	247	481	539
2020-06-13	378	239	173	194	144	239	500	522
2020-06-14	388	247	180	203	151	232	520	505
2020-06-15	398	257	188	212	157	227	541	490
2020-06-16	409	266	196	221	165	223	562	477
2020-06-17	420	275	204	231	173	220	583	464
2020-06-18	431	285	212	242	181	218	605	453
2020-06-19	443	295	221	253	190	217	626	444
2020-06-20	455	306	230	265	200	217	648	436
2020-06-21	467	316	239	277	209	217	670	430
2020-06-22	479	326	248	290	220	219	692	425
2020-06-23	491	337	257	303	230	221	714	421
2020-06-24	504	347	267	316	241	224	736	419
2020-06-25	516	358	276	330	252	227	757	419
2020-06-26	529	368	286	345	263	231	778	419
2020-06-27	541	378	295	359	274	236	798	421
2020-06-28	554	388	304	374	285	241	817	424
2020-06-29	566	398	313	389	296	246	836	428
2020-06-30	578	407	323	404	307	252	853	434
2020-07-01	590	417	332	419	318	259	870	440
2020-07-02	602	425	340	434	329	265	885	447
2020-07-03	613	434	349	450	339	272	900	454
2020-07-04	624	442	357	465	348	280	913	463
2020-07-05	635	450	366	480	357	287	924	471
2020-07-06	645	458	373	495	366	295	935	481
2020-07-07	655	466	381	510	373	302	944	491
2020-07-08	664	473	388	524	380	310	951	501
2020-07-09	672	479	395	539	387	319	958	511
2020-07-10	680	486	402	552	392	327	963	521
2020-07-11	687	491	407	565	397	335	966	531
2020-07-12	693	496	413	577	400	344	968	542
2020-07-13	699	501	418	589	403	353	969	552
2020-07-14	703	505	422	599	405	362	969	561
2020-07-15	707	509	426	609	406	371	968	571
2020-07-16	710	512	429	617	406	380	965	580
2020-07-17	712	514	431	625	406	389	962	589
2020-07-18	713	516	433	632	405	399	957	597
2020-07-19	713	518	435	638	403	408	952	605
2020-07-20	713	519	436	643	401	418	946	612
2020-07-21	712	520	436	647	398	427	939	619
2020-07-22	710	520	436	649	395	437	931	626
2020-07-23	708	520	436	651	392	446	923	631
2020-07-24	705	519	434	652	389	456	914	636
2020-07-25	701	518	433	651	385	465	905	641
2020-07-26	697	517	431	649	382	475	895	644
2020-07-27	692	516	428	647	378	484	885	647
2020-07-28	686	514	425	643	374	493	875	649
2020-07-29	680	512	421	638	371	502	865	651
2020-07-30	673	510	417	632	367	511	854	652
2020-07-31	666	507	413	625	363	520	843	652
2020-08-01	658	504	409	617	359	528	832	651
2020-08-02	650	501	404	609	356	536	821	650
2020-08-03	642	498	399	600	352	544	810	649
2020-08-04	634	494	393	590	348	551	799	647
2020-08-05	625	491	388	580	345	558	788	644
2020-08-06	616	487	382	569	341	564	777	641
2020-08-07	607	483	377	558	338	570	766	638
2020-08-08	597	479	371	547	334	576	756	633
2020-08-09	588	474	365	535	331	581	745	629
2020-08-10	578	469	359	523	328	586	735	624
2020-08-11	569	464	353	511	325	590	726	618
2020-08-12	559	459	347	499	322	594	716	612
2020-08-13	550	454	341	487	320	597	707	606
2020-08-14	540	448	334	474	317	600	699	600
2020-08-15	531	442	328	462	316	602	690	593
2020-08-16	522	436	322	450	315	604	683	586
2020-08-17	512	429	316	439	314	605	675	579
2020-08-18	504	422	310	427	313	606	669	572
2020-08-19	495	416	303	416	314	606	662	565
2020-08-20	486	408	297	405	314	606	656	558
2020-08-21	478	401	291	395	316	606	651	550
2020-08-22	470	394	285	385	317	606	646	543
2020-08-23	463	387	279	375	320	605	641	536
2020-08-24	455	379	274	366	322	605	636	529
2020-08-25	448	372	268	357	326	604	632	522
2020-08-26	442	365	263	349	329	603	628	515
2020-08-27	436	358	258	341	334	603	624	509
2020-08-28	430	351	253	334	338	602	620	503
2020-08-29	424	344	248	327	344	602	617	497
2020-08-30	419	338	244	321	350	602	613	491
2020-08-31	415	331	240	316	356	602	610	485
2020-09-01	411	326	236	311	363	602	607	480
2020-09-02	407	320	233	307	370	603	604	475
2020-09-03	404	315	230	303	378	603	601	471
2020-09-04	401	310	228	300	387	605	598	467
2020-09-05	399	306	226	298	396	606	595	463
2020-09-06	397	302	224	297	406	608	592	460
2020-09-07	396	298	223	296	416	610	589	457
2020-09-08	395	295	222	295	427	613	586	455
2020-09-09	395	293	222	296	439	615	583	452
2020-09-10	395	291	223	297	452	619	580	450
2020-09-11	395	289	224	298	465	622	577	449
2020-09-12	396	289	225	301	479	626	574	447
2020-09-13	398	288	227	303	494	631	570	446
2020-09-14	400	289	230	307	510	636	567	445
2020-09-15	402	290	233	311	527	642	564	444
2020-09-16	405	291	237	315	544	648	561	443
2020-09-17	408	293	242	320	562	654	558	443
2020-09-18	411	296	247	326	581	662	555	443
2020-09-19	415	299	252	332	601	670	552	443
2020-09-20	419	303	259	338	621	678	549	443
2020-09-21	423	307	266	345	642	688	546	444
2020-09-22	427	312	273	353	663	698	543	445
2020-09-23	432	318	282	360	685	709	540	447
2020-09-24	437	324	291	369	708	721	537	449
2020-09-25	443	331	300	377	732	733	534	452
2020-09-26	449	338	310	386	756	747	531	455
2020-09-27	455	346	321	396	782	761	529	459
2020-09-28	462	355	333	406	808	777	527	462
2020-09-29	470	364	345	417	835	793	525	467
2020-09-30	478	374	358	428	863	811	523	472
2020-10-01	486	385	371	440	892	830	522	477
2020-10-02	495	396	386	452	922	850	521	483
2020-10-03	505	409	401	465	953	871	521	489
2020-10-04	516	422	416	479	985	893	521	496
2020-10-05	527	435	433	493	1019	917	521	503
2020-10-06	539	450	450	508	1053	942	522	511
2020-10-07	552	466	467	523	1089	969	524	520
2020-10-08	566	482	486	539	1125	997	527	529
2020-10-09	581	500	505	556	1163	1026	530	538
2020-10-10	597	519	525	574	1201	1056	535	549
2020-10-11	614	539	546	593	1240	1088	540	560
2020-10-12	633	560	567	612	1280	1122	546	572
2020-10-13	652	583	590	633	1320	1157	554	585
2020-10-14	673	607	613	655	1361	1193	563	598
2020-10-15	696	632	637	677	1403	1231	573	613
2020-10-16	719	659	662	701	1445	1269	584	628
2020-10-17	745	687	687	726	1488	1309	597	645
2020-10-18	771	717	714	752	1532	1350	612	663
2020-10-19	800	748	742	779	1576	1392	628	682
2020-10-20	829	781	771	807	1621	1435	646	702
2020-10-21	861	814	801	837	1667	1478	665	724
2020-10-22	894	850	832	868	1713	1523	687	747
2020-10-23	929	886	864	900	1761	1568	711	771
2020-10-24	965	924	897	934	1809	1614	737	796
2020-10-25	1003	962	931	969	1859	1661	766	823
2020-10-26	1042	1002	966	1006	1909	1708	798	851
2020-10-27	1083	1043	1002	1044	1960	1756	832	880
2020-10-28	1125	1084	1038	1083	2012	1805	869	911
2020-10-29	1169	1127	1075	1123	2065	1854	908	942
2020-10-30	1213	1169	1113	1164	2117	1905	951	975
2020-10-31	1258	1212	1152	1206	2170	1956	996	1009
2020-11-01	1304	1255	1190	1248	2222	2007	1045	1043
2020-11-02	1351	1299	1229	1291	2274	2060	1097	1079
2020-11-03	1398	1342	1268	1335	2326	2113	1151	1116
2020-11-04	1445	1385	1307	1378	2376	2167	1209	1153
2020-11-05	1492	1427	1346	1422	2426	2222	1270	1191
2020-11-06	1540	1469	1385	1466	2474	2278	1335	1230
2020-11-07	1587	1510	1423	1509	2521	2334	1403	1269
2020-11-08	1634	1551	1461	1553	2566	2392	1474	1309
2020-11-09	1680	1590	1499	1596	2609	2450	1549	1350
2020-11-10	1726	1628	1536	1638	2650	2510	1627	1391
2020-11-11	1771	1666	1573	1680	2688	2570	1709	1432
2020-11-12	1815	1701	1609	1722	2724	2632	1793	1473
2020-11-13	1859	1736	1644	1762	2757	2695	1881	1514
2020-11-14	1901	1769	1679	1801	2787	2760	1971	1556
2020-11-15	1942	1800	1713	1840	2814	2826	2064	1597
2020-11-16	1981	1829	1746	1877	2837	2895	2160	1638
2020-11-17	2019	1857	1779	1913	2857	2965	2258	1678
2020-11-18	2056	1883	1810	1948	2873	3037	2359	1718
2020-11-19	2090	1906	1840	1981	2885	3111	2462	1758
2020-11-20	2123	1928	1870	2012	2893	3186	2567	1797
2020-11-21	2154	1948	1897	2042	2898	3264	2674	1835
2020-11-22	2183	1965	1924	2071	2900	3344	2783	1872
2020-11-23	2210	1980	1949	2097	2897	3425	2894	1909
2020-11-24	2235	1992	1972	2122	2891	3508	3007	1945
2020-11-25	2257	2003	1994	2144	2882	3592	3122	1980
2020-11-26	2277	2011	2014	2164	2869	3676	3238	2014
2020-11-27	2295	2017	2032	2182	2854	3760	3356	2046
2020-11-28	2310	2020	2048	2197	2835	3843	3476	2077
2020-11-29	2322	2021	2062	2210	2815	3926	3597	2107
2020-11-30	2332	2020	2073	2220	2791	4006	3719	2136
2020-12-01	2339	2017	2083	2228	2766	4085	3843	2163
2020-12-02	2344	2012	2090	2233	2738	4161	3967	2189
2020-12-03	2347	2004	2095	2236	2709	4236	4091	2213
2020-12-04	2348	1996	2099	2237	2678	4308	4216	2236
2020-12-05	2346	1985	2100	2236	2645	4378	4340	2258
2020-12-06	2343	1973	2100	2233	2611	4446	4463	2279
2020-12-07	2338	1960	2099	2229	2576	4511	4585	2298
2020-12-08	2332	1945	2095	2223	2540	4573	4706	2317
2020-12-09	2324	1930	2091	2216	2503	4632	4825	2334
2020-12-10	2315	1913	2084	2208	2465	4689	4941	2350
2020-12-11	2305	1896	2077	2199	2427	4742	5056	2366
2020-12-12	2294	1878	2068	2189	2389	4792	5167	2380
2020-12-13	2282	1860	2059	2179	2350	4839	5275	2394
2020-12-14	2270	1841	2048	2168	2312	4883	5380	2407
2020-12-15	2257	1823	2036	2158	2274	4923	5480	2419
2020-12-16	2244	1804	2024	2147	2237	4960	5576	2431
2020-12-17	2231	1786	2011	2136	2200	4994	5668	2442
2020-12-18	2218	1768	1998	2126	2165	5026	5755	2453
2020-12-19	2206	1752	1985	2117	2132	5056	5836	2464
2020-12-20	2195	1737	1972	2109	2100	5084	5912	2475
2020-12-21	2185	1724	1960	2102	2071	5109	5982	2486
2020-12-22	2176	1712	1947	2097	2044	5133	6045	2497
2020-12-23	2168	1702	1935	2093	2019	5154	6102	2508
2020-12-24	2161	1693	1923	2090	1996	5173	6152	2519
2020-12-25	2155	1685	1911	2088	1975	5190	6195	2529
2020-12-26	2150	1679	1899	2087	1956	5203	6230	2539
2020-12-27	2145	1674	1886	2088	1939	5214	6257	2547
2020-12-28	2141	1669	1874	2089	1923	5221	6277	2555
2020-12-29	2137	1666	1861	2091	1908	5225	6287	2562
2020-12-30	2133	1663	1848	2094	1895	5225	6289	2567
2020-12-31	2128	1659	1833	2096	1882	5220	6283	2571
2021-01-01	2123	1655	1818	2098	1871	5210	6266	2573
2021-01-02	2115	1649	1800	2098	1860	5195	6241	2574
2021-01-03	2106	1642	1781	2097	1850	5175	6205	2572
2021-01-04	2095	1633	1760	2094	1840	5148	6160	2567
2021-01-05	2081	1622	1738	2089	1830	5115	6105	2561
2021-01-06	2065	1608	1713	2083	1820	5076	6041	2552
2021-01-07	2047	1594	1687	2074	1811	5032	5968	2540
2021-01-08	2027	1577	1659	2064	1802	4983	5887	2527
2021-01-09	2005	1559	1630	2052	1793	4928	5798	2512
2021-01-10	1981	1539	1600	2038	1784	4869	5703	2494
2021-01-11	1956	1518	1569	2023	1775	4806	5600	2475
2021-01-12	1929	1495	1537	2007	1766	4738	5492	2453
2021-01-13	1901	1471	1504	1989	1758	4666	5377	2430
2021-01-14	1871	1446	1471	1969	1749	4590	5258	2404
2021-01-15	1840	1420	1438	1948	1740	4511	5133	2377
2021-01-16	1808	1393	1404	1926	1732	4429	5005	2348
2021-01-17	1775	1365	1370	1903	1723	4343	4873	2318
2021-01-18	1741	1336	1337	1879	1714	4255	4737	2286
2021-01-19	1706	1307	1303	1854	1705	4165	4599	2252
2021-01-20	1671	1277	1270	1827	1696	4072	4459	2217
2021-01-21	1634	1246	1237	1800	1686	3978	4317	2180
2021-01-22	1598	1215	1204	1772	1675	3882	4175	2143
2021-01-23	1561	1184	1172	1743	1663	3786	4033	2105
2021-01-24	1524	1153	1141	1713	1649	3689	3891	2066
2021-01-25	1486	1122	1110	1683	1634	3592	3751	2026
2021-01-26	1449	1091	1080	1652	1618	3495	3612	1986
2021-01-27	1412	1060	1050	1621	1601	3399	3475	1946
2021-01-28	1375	1030	1021	1590	1582	3303	3340	1906
2021-01-29	1338	1000	993	1559	1562	3209	3207	1865
2021-01-30	1302	970	966	1527	1541	3116	3077	1825
2021-01-31	1267	941	940	1497	1518	3024	2950	1785
2021-02-01	1232	913	914	1466	1495	2935	2826	1746
2021-02-02	1198	886	890	1436	1471	2848	2705	1708
2021-02-03	1164	859	866	1407	1446	2764	2588	1670
2021-02-04	1132	834	843	1378	1420	2682	2474	1634
2021-02-05	1100	809	820	1350	1394	2603	2364	1599
2021-02-06	1069	785	798	1322	1367	2528	2257	1565
2021-02-07	1040	762	778	1295	1341	2455	2155	1534
2021-02-08	1011	740	757	1269	1314	2386	2056	1504
2021-02-09	984	719	738	1244	1288	2320	1962	1475
2021-02-10	957	698	719	1220	1262	2258	1871	1449
2021-02-11	932	679	701	1196	1236	2200	1784	1425
2021-02-12	907	661	683	1174	1211	2144	1701	1402
2021-02-13	884	644	667	1152	1187	2092	1622	1381
2021-02-14	862	628	650	1132	1165	2044	1546	1362
2021-02-15	842	613	635	1112	1143	1999	1475	1344
2021-02-16	822	599	620	1094	1123	1957	1407	1328
2021-02-17	804	587	606	1077	1105	1919	1342	1314
2021-02-18	786	576	593	1061	1089	1883	1281	1301
2021-02-19	770	566	580	1047	1074	1852	1224	1290
2021-02-20	756	557	568	1033	1062	1823	1170	1280
2021-02-21	742	549	556	1021	1052	1798	1119	1272
2021-02-22	730	543	546	1011	1045	1776	1072	1265
2021-02-23	719	538	535	1002	1041	1757	1028	1259
2021-02-24	709	535	526	994	1039	1741	987	1255
2021-02-25	700	533	518	987	1041	1729	949	1251
2021-02-26	693	532	510	982	1046	1718	913	1249
2021-02-27	687	532	504	979	1054	1711	880	1247
2021-02-28	682	534	498	976	1067	1706	850	1246
2021-03-01	678	537	494	975	1082	1704	821	1246
2021-03-02	676	541	491	976	1102	1704	795	1246
2021-03-03	675	547	489	978	1126	1707	770	1247
2021-03-04	674	553	488	981	1153	1711	748	1247
2021-03-05	675	561	489	985	1184	1718	727	1248
2021-03-06	677	570	491	991	1219	1727	707	1248
2021-03-07	681	580	494	998	1259	1738	689	1249
2021-03-08	685	591	498	1007	1302	1751	673	1248
2021-03-09	690	604	504	1016	1348	1765	657	1248
2021-03-10	696	617	511	1027	1399	1781	643	1247
2021-03-11	704	630	519	1039	1452	1798	630	1246
2021-03-12	712	645	528	1051	1509	1817	618	1245
2021-03-13	721	660	538	1065	1569	1836	607	1244
2021-03-14	731	676	550	1080	1631	1856	597	1243
2021-03-15	741	692	563	1095	1697	1876	588	1241
2021-03-16	753	709	576	1112	1764	1896	579	1240
2021-03-17	765	726	591	1128	1833	1917	571	1238
2021-03-18	777	744	606	1146	1903	1937	563	1236
2021-03-19	791	762	623	1164	1973	1956	557	1234
2021-03-20	804	780	640	1182	2044	1975	550	1232
2021-03-21	818	798	657	1201	2115	1993	544	1230
2021-03-22	833	816	676	1221	2185	2009	539	1227
2021-03-23	848	834	694	1240	2254	2024	533	1223
2021-03-24	863	852	713	1260	2321	2037	528	1220
2021-03-25	878	870	732	1280	2386	2048	524	1216
2021-03-26	894	888	752	1300	2449	2056	519	1211
2021-03-27	910	906	771	1320	2508	2062	515	1206
2021-03-28	926	923	790	1340	2564	2065	511	1200
2021-03-29	941	940	810	1360	2615	2065	506	1193
2021-03-30	957	956	829	1380	2663	2062	502	1186
2021-03-31	973	972	848	1399	2705	2056	498	1179
2021-04-01	988	988	867	1419	2743	2047	493	1170
2021-04-02	1004	1003	885	1439	2775	2035	488	1161
2021-04-03	1019	1017	903	1458	2801	2020	483	1152
2021-04-04	1034	1032	921	1477	2820	2002	478	1141
2021-04-05	1049	1046	938	1496	2834	1981	472	1130
2021-04-06	1064	1059	954	1515	2840	1958	467	1118
2021-04-07	1078	1072	970	1534	2839	1931	460	1106
2021-04-08	1092	1085	986	1553	2832	1903	454	1093
2021-04-09	1105	1097	1001	1572	2818	1872	447	1079
2021-04-10	1118	1109	1015	1590	2798	1839	440	1064
2021-04-11	1130	1120	1028	1608	2770	1804	432	1049
2021-04-12	1142	1130	1041	1626	2735	1767	425	1033
2021-04-13	1154	1140	1053	1643	2695	1728	417	1016
2021-04-14	1165	1149	1065	1660	2648	1688	409	999
2021-04-15	1175	1158	1075	1677	2596	1647	401	981
2021-04-16	1185	1166	1086	1693	2539	1605	393	963
2021-04-17	1195	1174	1096	1709	2478	1561	385	944
2021-04-18	1204	1181	1105	1724	2414	1517	377	925
2021-04-19	1212	1188	1114	1739	2346	1472	370	906
2021-04-20	1220	1194	1122	1753	2275	1427	362	887
2021-04-21	1228	1200	1130	1766	2202	1381	355	867
2021-04-22	1235	1205	1138	1780	2127	1335	349	848
2021-04-23	1242	1210	1145	1792	2049	1289	342	828
2021-04-24	1248	1214	1152	1805	1969	1242	336	808
2021-04-25	1254	1219	1159	1817	1888	1195	330	788
2021-04-26	1260	1223	1165	1829	1806	1148	325	768
2021-04-27	1266	1227	1172	1840	1723	1100	319	748
2021-04-28	1272	1230	1178	1852	1638	1052	314	728
2021-04-29	1277	1234	1184	1863	1554	1005	309	708
2021-04-30	1283	1237	1190	1875	1469	957	304	688
2021-05-01	1288	1240	1195	1886	1383	909	300	668
2021-05-02	1293	1243	1201	1897	1299	861	295	648
