date	state	King	Snohomish	Pierce	Ann Arbor	Boston	San Diego	DC
2020-01-26	0	0	0	0	0	0	0	0
2020-01-27	0	0	0	0	0	0	0	0
2020-01-28	0	0	0	0	0	0	0	0
2020-01-29	0	0	0	0	0	0	0	0
2020-01-30	0	0	0	0	0	0	0	0
2020-01-31	0	0	0	0	0	0	0	0
2020-02-01	0	0	0	0	0	0	0	0
2020-02-02	0	0	0	0	0	0	0	0
2020-02-03	0	0	0	0	0	0	0	0
2020-02-04	0	0	0	0	0	0	0	0
2020-02-05	0	0	0	0	0	0	0	0
2020-02-06	0	0	0	0	0	0	0	0
2020-02-07	0	0	0	0	0	0	0	0
2020-02-08	0	0	0	0	0	0	0	0
2020-02-09	0	0.279526247406382	0	0	0	0	0	0
2020-02-10	0	0.592554344941953	0	0	0	0	0	0
2020-02-11	0.118542951252859	0.916562282111389	0.0330917324464385	0	0	0	0	0
2020-02-12	0.269876877404397	1.2523909448418	0.219079837002937	0	0	0	0	0
2020-02-13	0.42813052955333	1.60088121906029	0.414017723356942	0	0	0	0	0
2020-02-14	0.593784711706798	1.96287399069398	0.618532129254322	0	0	0	0	0
2020-02-15	0.767320227871941	2.33921014566998	0.833249792440949	0	0	0	0	0
2020-02-16	0.949217882055898	2.7307305699154	1.05879745066269	0	0	0	0	0
2020-02-17	1.13995425037313	3.13821886525442	1.29581038653763	0	0	0	0	0
2020-02-18	1.33998899736735	3.56222949709955	1.54495806217269	0	0	0	0	0
2020-02-19	1.54977755968963	4.00325964676036	1.806918484547	0.060962402075467	0	0	0	0
2020-02-20	1.76977537399099	4.46180649554642	2.0823696606397	0.132345989965356	0	0	0	0
2020-02-21	2.00043787692249	4.93836722476733	2.3719895974299	0.20952893649192	0	0	0	0
2020-02-22	2.24222050513518	5.43343901573264	2.67645630189676	0.292893686103564	0	0	0	0
2020-02-23	2.49557869528009	5.94751904975195	2.99644778101939	0.382822683248695	0	0	0	0
2020-02-24	2.76084153859151	6.48086813754756	3.33245906263179	0.479656021236954	0	0	0	0
2020-02-25	3.03783274463667	7.03280160749271	3.6842532579874	0.583564388822918	0.0777916934571321	0	0	0
2020-02-26	3.32624967756603	7.6023984173734	4.05141049919451	0.694676123622398	0.288361011855782	0	0.0256515990442564	0
2020-02-27	3.62578970153005	8.18873752497562	4.43351091836142	0.813119563251207	0.51833658029379	0	0.0766252836860594	0
2020-02-28	3.93615018067919	8.79089788808532	4.83013464759641	0.939023045325155	0.76853441261654	0	0.132285594681195	0
2020-02-29	4.25702847916391	9.40795846448852	5.2408618190078	1.07251490746006	1.03977052266942	0	0.192832097813901	0
2020-03-01	4.58812196113467	10.0389982119712	5.66527256470387	1.21372348727172	1.33286092429781	0	0.258464358868414	0.122125439818979
2020-03-02	4.92912799074194	10.6830960883193	6.10294701679291	1.36277712237596	1.64862163134711	0.854510177383773	0.329381943628972	0.588715190779282
2020-03-03	5.27974393213617	11.3393310513189	6.55346530738323	1.51980415038858	1.98786865766269	1.84934518078541	0.405784417879813	1.09978462238112
2020-03-04	5.63966714946783	12.0067820587558	7.01640756858312	1.6849329089254	2.35141801708994	2.93602251024739	0.487871347405174	1.65733739120096
2020-03-05	6.00859500688738	12.6845280684162	7.49135393250088	1.85829173560224	2.74008572347425	4.1185313413382	0.575842297989292	2.26337715381524
2020-03-06	6.38622486854527	13.371648038086	7.97788453124479	2.04000896803489	3.154687790661	5.40086084962633	0.669896835416405	2.91990756680043
2020-03-07	6.77225409859198	14.0672209255511	8.47557949692316	2.23021294383918	3.59604023249558	6.78700021068027	0.77023452547075	3.62893228673297
2020-03-08	7.16638006117796	14.7703256885976	8.98401896164428	2.42903200063091	4.06495906282337	8.28093860006852	0.877054933936565	4.39245497018933
2020-03-09	7.56813742196742	15.4797701699516	9.50253994364732	2.63651855516438	4.56216362854717	9.88669255247414	0.990540926623651	5.21245623344156
2020-03-10	7.97641005267956	16.1932777520998	10.0295070056949	2.85242134074786	5.08798660879941	11.6083880390385	1.11080856944406	6.09082453154421
2020-03-11	8.38991912654733	16.908300702469	10.5630415966806	3.07641316982807	5.64266401576991	13.4501783900177	1.23795722833542	7.02942527924745
2020-03-12	8.80738581680368	17.6222912884861	11.1012651654979	3.30816685485176	6.22643186164851	15.4162169356677	1.37208626923533	8.03012389130142
2020-03-13	9.22753129668157	18.332701777578	11.6422991610404	3.54735520826568	6.83952615862504	17.5106570062444	1.51329505808142	9.09478578245629
2020-03-14	9.64907673941394	19.0369844371715	12.1842650322015	3.79365104251656	7.48218291888934	19.7376519320039	1.66168296081131	10.2252763674622
2020-03-15	10.0707433182337	19.7325915346934	12.7252842278747	4.04672717005115	8.15463815463122	22.1013550432021	1.81734934336261	11.4234610610694
2020-03-16	10.4911594045146	20.4169777042661	13.263343374762	4.30612876522265	8.85676892864999	24.6045491097847	1.98030539323802	12.690569473408
2020-03-17	10.9085821621931	21.0876070467936	13.7958898107982	4.57089045001014	9.58701650618267	27.2445346604566	2.15020958420052	14.0252879961286
2020-03-18	11.3211759533465	21.7419460298752	14.3202360517268	4.83991920829915	10.3434632030758	30.0172416636121	2.32663221157817	15.4256672162621
2020-03-19	11.7271051400519	22.3774611211104	14.8336946132911	5.11212202397522	11.1241913351757	32.9186000876456	2.50914357069903	16.8897577208391
2020-03-20	12.1245340843867	22.9916187880987	15.3335780112342	5.3864058809239	11.9272832183291	35.9445399009515	2.69731395689116	18.4156100968902
2020-03-21	12.511627148428	23.5818854984394	15.8171987612996	5.6616777630307	12.7508211683823	39.0909910719244	2.89071366548262	20.0012749314463
2020-03-22	12.8865486942532	24.1457277197321	16.2818693792306	5.93684465418118	13.5928875011818	42.3538835689586	3.08891299180146	21.644802811538
2020-03-23	13.2474630839393	24.680611919576	16.7249023807705	6.21081353826088	14.4515645325742	45.7291473604487	3.29148223117575	23.344244324196
2020-03-24	13.5925346795638	25.1840045655707	17.1436102816626	6.48249139915532	15.3249345784059	49.2127124147889	3.49799167893355	25.0976500564511
2020-03-25	13.9199278432038	25.6533721253156	17.5353055976501	6.75078522075005	16.2110799545234	52.8005087003739	3.70801163040291	26.9030705953339
2020-03-26	14.2278069369365	26.0861810664102	17.8973008444765	7.01460198693061	17.1080829767732	56.4884661855978	3.92111238091189	28.7585565278751
2020-03-27	14.5143363228392	26.4798978564537	18.226908537885	7.27284868158253	18.0140259610018	60.2725148388554	4.13686422578856	30.6621584411055
2020-03-28	14.7776803629891	26.8319889630458	18.521441193619	7.52443228859135	18.9269912230556	64.1485846285408	4.35483746036097	32.6119269220558
2020-03-29	15.0160034194635	27.1399208537858	18.7782113274217	7.76825979184261	19.8450610787812	68.1126055230488	4.57460237995718	34.6059125577567
2020-03-30	15.2278796247091	27.4017716871885	18.995201777093	8.00333668504661	20.7660804037727	72.1582490779632	4.79570139603825	36.6414105944248
2020-03-31	15.4135221926505	27.6180663854308	19.1730766686591	8.22906250121267	21.6869443126147	76.2701531976273	5.01756538459722	38.7126949150211
2020-04-01	15.573554107582	27.7899415616048	19.3131704502027	8.44493528317489	22.6043104796397	80.4306973735739	5.23959733776013	40.8132840616924
2020-04-02	15.7085983537975	27.9185338288028	19.4168175698065	8.65045307376737	23.5148365791798	84.6222610973357	5.46120024765301	42.9366965765856
2020-04-03	15.8192779155913	28.0049798001169	19.4853524755533	8.84511391582418	24.4151802855676	88.8272238604456	5.68177710640192	45.0764510018475
2020-04-04	15.9062157772576	28.0504160886393	19.5201096155257	9.02841585217943	25.3019992731352	93.0279651544363	5.90073090613288	47.2260658796249
2020-04-05	15.9700349230904	28.0559793074623	19.5224234378065	9.19985692566721	26.171951216215	97.2068644708407	6.11746463897192	49.3790597520649
2020-04-06	16.0113583373839	28.022806069678	19.4936283904784	9.3589351791216	27.0216937891394	101.346301301192	6.33138129704511	51.5289511613141
2020-04-07	16.0308090044323	27.9520329883787	19.4350589216242	9.5051486553767	27.8478846662407	105.428655137022	6.54188387247847	53.6692586495195
2020-04-08	16.0290099085297	27.8447966766565	19.3480494793264	9.6379953972666	28.6471815218513	109.436305469864	6.74837535739803	55.7935007588279
2020-04-09	16.0065840339702	27.7022337476036	19.2339345116679	9.7569734476254	29.4162420303033	113.351631791251	6.95025874392985	57.8951960313863
2020-04-10	15.964154365048	27.5254808143123	19.0940484667314	9.86158084928717	30.1517238659293	117.157013592716	7.14693702419996	59.9678630093413
2020-04-11	15.9023438860572	27.3156744898748	18.9297257925996	9.95131564508602	30.8502847030615	120.834830365791	7.33781319033439	62.00502023484
2020-04-12	15.821775581292	27.0739513873831	18.7423009373552	10.025675877856	31.5085822160322	124.367461602009	7.5222902344592	64.0001862500292
2020-04-13	15.7231676232461	26.8015718201079	18.5333219513663	10.084334686256	32.1231329498783	127.736595064013	7.69984525186778	65.9464581138699
2020-04-14	15.6076189372118	26.5002909020327	18.3051912941422	10.1276655922431	32.689888932455	130.921151598877	7.87025175052305	67.8352469525793
2020-04-15	15.476323636681	26.1719874473194	18.0605250274779	10.1562172135993	33.2046610623219	133.899360324788	8.03335734155531	69.6575424091891
2020-04-16	15.3304758351454	25.8185402701299	17.8019392131679	10.1705381681066	33.6632602380387	136.64945035993	8.18900963609484	71.4043341267308
2020-04-17	15.1712696460969	25.4418281846261	17.532049913007	10.171177073547	34.061497358165	139.149650822488	8.33705624527193	73.0666117482357
2020-04-18	14.9998991830275	25.0437300049698	17.2534731887901	10.1586825477022	34.3951833212605	141.378190830647	8.47734478021687	74.6353649167356
2020-04-19	14.8175585594289	24.626124545323	16.9688251023119	10.1336032083544	34.6601290258848	143.313299502593	8.60972285205994	76.1015832752617
2020-04-20	14.6253614482474	24.1908298236413	16.6804307333015	10.0965015945224	34.8531952716518	144.938008275329	8.73407844647683	77.4576450150982
2020-04-21	14.4240997602462	23.7394206730551	16.3894512332259	10.0479959301737	34.9754424623916	146.254557861134	8.85046104732479	78.7014825205388
2020-04-22	14.2144849656431	23.2734111304888	16.0967567714865	9.98871836051234	35.0289809029888	147.269991291106	8.95896051300643	79.83241672413
2020-04-23	13.9972285346558	22.7943152328666	15.8032175174846	9.91930103074284	35.0159208983278	147.991351596342	9.05966670192441	80.849768558418
2020-04-24	13.773041937502	22.3036470171129	15.5097036406216	9.84037608606948	34.9383727532929	148.425681807939	9.15266947248136	81.7528589559493
2020-04-25	13.5426366443992	21.8029205201519	15.2170853102988	9.75257567169659	34.7984467727685	148.580024956995	9.2380586830799	82.54100884927
2020-04-26	13.3067241255653	21.2936497789079	14.9262326959177	9.65653193282849	34.598253261639	148.461424074608	9.31592419212268	83.2135391709267
2020-04-27	13.0660158512179	20.7773488303051	14.6380159668796	9.55287701466952	34.3399025247889	148.076922191876	9.38635585801232	83.7697708534655
2020-04-28	12.8212232915746	20.2555317112679	14.3533052925858	9.44224306242401	34.0255048671026	147.433562339895	9.44944353915147	84.2090248294329
2020-04-29	12.5730579168533	19.7297124587205	14.0729708424378	9.32526222129627	33.6571705934645	146.538387549764	9.50527709394276	84.5306220313751
2020-04-30	12.3222311972714	19.2014051095872	13.7978827858368	9.20256663649065	33.2370100087589	145.39844085258	9.55394638078882	84.7338833918386
2020-05-01	12.0694546030468	18.6721237007923	13.5289112921843	9.07478845321146	32.7671334178703	144.02076527944	9.59554125809229	84.8181298433697
2020-05-02	11.8154396043971	18.14338226926	13.2669265308816	8.94255981666305	32.2496511256832	142.412403861443	9.6301515842558	84.7826823185146
2020-05-03	11.56089767154	17.6166948519147	13.0127986713302	8.80651287204973	31.6866734370818	140.580399629685	9.65786721768199	84.6268617498198
2020-05-04	11.3065120009075	17.0934704684507	12.767092346309	8.667211757006	31.0806556339454	138.534383719422	9.678731625659	84.350869123164
2020-05-05	11.0528526937886	16.5746980696436	12.5291500421088	8.52494857888705	30.4354329061328	136.294339682543	9.69260271101698	83.9584256377561
2020-05-06	10.8004615776865	16.0612615890388	12.2980087083979	8.3799474374782	29.7551854204974	133.882839175093	9.69929198547163	83.4541325461372
2020-05-07	10.5498804801047	15.554044960182	12.0727052948445	8.23243243256482	29.0440933438928	131.322453853119	9.6986109607386	82.8425911008487
2020-05-08	10.3016512285464	15.0539321166187	11.852276751117	8.08262766393223	28.3063368431724	128.635755372666	9.69037114853357	82.1284025544317
2020-05-09	10.056315650515	14.5618069918945	11.6357600268839	7.93075723136579	27.5460960851897	125.845315389782	9.6743840605722	81.3161681594276
2020-05-10	9.81441557351377	14.0785535195551	11.4221920718133	7.77704523465085	26.7675512367984	122.973705560512	9.65046120857018	80.4104891683775
2020-05-11	9.57646695412764	13.604943767057	11.2107571695617	7.62177652888949	25.9745698860698	120.041185194697	9.6185598752161	79.4162380613783
2020-05-12	9.3428822652681	13.141302337501	11.0012289397376	7.46547899045087	25.1697693059472	117.058764217364	9.5792204270903	78.3393722287491
2020-05-13	9.1140481089283	12.6878419678992	10.7935283359374	7.30874125102087	24.355454190592	114.035140207331	9.53312900174606	77.1861202883642
2020-05-14	8.89035108710134	12.2447753952634	10.5875763117575	7.15215194228538	23.5339292341655	110.979010743419	9.48097173673663	75.9627108580983
2020-05-15	8.67217780178036	11.8123153566055	10.3832938207945	6.99629969593031	22.7074991308288	107.899073404448	9.42343476961531	74.675372555826
2020-05-16	8.45991485495847	11.3906745889375	10.1806018166449	6.84177314364154	21.8784685747434	104.804025769238	9.36120423793534	73.3303339994218
2020-05-17	8.2539488486288	10.9800658292712	9.97942125290496	6.68916091710497	21.0491422600704	101.70256541661	9.29496627925002	71.9338238067602
2020-05-18	8.05466638478446	10.5807018146186	9.77967308317132	6.53905164800649	20.2218248809712	98.6033899253844	9.2254070311126	70.4920705957159
2020-05-19	7.86245406541859	10.1927952819916	9.5812782610404	6.39203396803201	19.3988211316071	95.5151968743804	9.15321263107637	69.0113029841634
2020-05-20	7.6776984925243	9.81655896840201	9.38415774010868	6.2486965088674	18.5824357061393	92.4466838424186	9.07906921669459	67.4977495899771
2020-05-21	7.50078626809472	9.45220561086185	9.18823247397262	6.10962790219858	17.7749732987292	89.4065484083192	9.00366292552052	65.9576390310317
2020-05-22	7.33210399412296	9.09994794638302	8.99342341622869	5.97541677971142	16.9787386035379	86.4034881509026	8.92767989510745	64.3971999252018
2020-05-23	7.17203827260216	8.75999871197741	8.79965152047337	5.84665177309182	16.1960363147268	83.4462006489889	8.85180626300864	62.8226608903619
2020-05-24	7.02097570552543	8.43257064465694	8.60683774030312	5.72392151402569	15.4291711264572	80.5433834813982	8.77672816677737	61.2402505443865
2020-05-25	6.87921980729403	8.11781492068313	8.41502289187953	5.60772409593357	14.6802135352332	77.702383214489	8.70308831152856	59.6555699874778
2020-05-26	6.7467417419417	7.81563647331596	8.22472724162465	5.4981954591747	13.9502972469302	74.9251423647715	8.63135567262369	58.0717102491478
2020-05-27	6.62342958591034	7.52587867506505	8.03659091852567	5.39538100584296	13.2403217697666	72.2122524362944	8.56195579298594	56.4911348412365
2020-05-28	6.50917141564183	7.24838489843999	7.85125405156975	5.29932613803224	12.5511866119605	69.5643049331059	8.49531421553844	54.9163072755834
2020-05-29	6.40385530757805	6.98299851595039	7.66935676974407	5.21007625783644	11.8837912817303	66.9818913592547	8.43185648320435	53.3496910640285
2020-05-30	6.30736933816088	6.72956290010585	7.49153920203581	5.12767676734944	11.2390352872942	64.4656032187893	8.37200813890682	51.7937497184112
2020-05-31	6.21960158383221	6.48792142341595	7.31844147743213	5.05217306866512	10.6178181368705	62.0160320157579	8.316194725569	50.2509467505715
2020-06-01	6.14044012103392	6.25791745839032	7.15070372492021	4.9836105638774	10.0210393386775	59.6337692542092	8.26484178611405	48.7237456723491
2020-06-02	6.0697730262079	6.03939437753854	6.98896607348723	4.92203465508014	9.44959840093354	57.3194064381916	8.2183748634651	47.2146099955836
2020-06-03	6.00748837579603	5.83219555337023	6.83386865212036	4.86749074436725	8.90439483185679	55.0735350717536	8.17721950054531	45.7260032321148
2020-06-04	5.95347424624019	5.63616435839499	6.68605158980677	4.82002423383261	8.38632813966556	52.8967466589437	8.14180124027784	44.2603888937825
2020-06-05	5.90761871398227	5.4511441651224	6.54615501553364	4.77968052557011	7.89629783257812	50.7896327038102	8.11254562558583	42.8202304924264
2020-06-06	5.86980985546414	5.27697834606209	6.41481905828815	4.74650502167364	7.43520341881276	48.7527847104018	8.08987819939243	41.4079915398861
2020-06-07	5.83993574712771	5.11351027372363	6.29268384705745	4.7205431242371	7.00394440658775	46.7867941827668	8.07422450462079	40.0261355480015
2020-06-08	5.81789326432116	4.9606110440552	6.1801399314939	4.70179427145541	6.60303851241716	44.8918381879732	8.06597168281962	38.676639559131
2020-06-09	5.80361447801803	4.81826264675912	6.07657954391044	4.69007404592771	6.23147628599812	43.0664360451667	8.06535327003983	37.3595347377071
2020-06-10	5.79704025809817	4.68647479497627	5.9811453372852	4.68515206635417	5.88786648532359	41.3086926365123	8.07256440095787	36.0743657786811
2020-06-11	5.79811147444141	4.56525720184753	5.8929799645963	4.68679795143495	5.57081786838651	39.6167128441751	8.08780021025021	34.8206773770045
2020-06-12	5.8067689969276	4.45461958051379	5.81122607882184	4.69478131987024	5.2789391931798	37.9886015503202	8.11125583259331	33.5980142276283
2020-06-13	5.82295369543659	4.35457164411592	5.73502633293996	4.7088717903602	5.01083921769642	36.4224636371128	8.14312640266361	32.4059210255041
2020-06-14	5.84660643984824	4.26512310579482	5.66352337992876	4.72883898160501	4.76512669992929	34.9164039867179	8.1836070551376	31.243942465583
2020-06-15	5.87762942038851	4.18622931463824	5.59596885715044	4.75443844683411	4.54047728302877	33.4687486642734	8.23278961984806	30.1117141612692
2020-06-16	5.91577010866791	4.11762816352154	5.53205033950349	4.78536947739405	4.33583415077487	32.078708466809	8.29035270725309	29.0092353997785
2020-06-17	5.96073729664308	4.05900318126694	5.47156438627049	4.82131729916065	4.15020737210499	30.7457153743269	8.35587162296714	27.9365963867796
2020-06-18	6.01223977627065	4.01003789669666	5.41430755673399	4.86196713800972	3.98260701595655	29.4692013668296	8.42892167260464	26.8938873279413
2020-06-19	6.06998633950727	3.97041583863295	5.36007641017657	4.90700421981707	3.83204315126696	28.2485984243194	8.50907816178004	25.8811984289321
2020-06-20	6.13368577830957	3.93982053589803	5.30866750588079	4.95611377045854	3.69752584697365	27.0833385267988	8.59591639610778	24.8986198954208
2020-06-21	6.20304688463418	3.91793551731413	5.25987740312921	5.00898101580994	3.57806517201403	25.9728536542701	8.68901168120229	23.9462419330761
2020-06-22	6.27777845043775	3.90444431170347	5.21350266120441	5.06529118174707	3.4726711953255	24.9165757867357	8.78793932267802	23.0241547475666
2020-06-23	6.35758926767691	3.8990304478883	5.16933983938896	5.12472949414577	3.3803539858455	23.9139369041981	8.8922746261494	22.132448544561
2020-06-24	6.4421881283083	3.90137745469084	5.12718549696542	5.18698117888185	3.30012361251142	22.9643689866595	9.00159289723088	21.2712135297281
2020-06-25	6.53128382428855	3.91116886093333	5.08683619321635	5.25173146183112	3.23099014426069	22.0673040141224	9.11546944153689	20.4405399087364
2020-06-26	6.62458514757431	3.92808819543798	5.04808848742433	5.31866556886941	3.17196365003073	21.2221739665892	9.23347956468187	19.6405178872547
2020-06-27	6.7218008901222	3.95181898702703	5.01073893887193	5.38746872587253	3.12205419875894	20.4284108240623	9.35519857228028	18.8712376709518
2020-06-28	6.82263984388887	3.98204476452272	4.9745841068417	5.4578261587163	3.08027185938274	19.685446566544	9.48020176994653	18.1327894654962
2020-06-29	6.92679977664679	4.01843904365252	4.93948979875928	5.52959566775805	3.04566881866469	18.9925161419064	9.60793946368925	17.4250589421431
2020-06-30	7.03393435943176	4.06063528776496	4.90559881462258	5.60332535128117	3.01746573466786	18.3480663695002	9.73736196109374	16.7471136344942
2020-07-01	7.1436862390954	4.1082569471138	4.87312320257255	5.67973588205054	2.99492538328047	17.7503470365459	9.86729457013949	16.0978165417375
2020-07-02	7.25569806248936	4.16092747195281	4.84227501075016	5.75954793283108	2.97731054039075	17.1976079302638	9.99656259880597	15.476030663061
2020-07-03	7.36961247646526	4.21827031253577	4.81326628729637	5.84348217638766	2.96388398188692	16.6880988378744	10.1239913550727	14.8806189976527
2020-07-04	7.48507212787474	4.27990891911644	4.78630908035215	5.9322592854852	2.95390848365719	16.2200695465981	10.248406146919	14.3104445447008
2020-07-05	7.60171966356944	4.3454667419486	4.76161543805846	6.02659993288858	2.94664682158979	15.7917698436551	10.3686322823246	13.7643703033932
2020-07-06	7.71918570679746	4.41457881875368	4.73935471472166	6.127053206264	2.9414391881624	15.4014137921755	10.4836298948939	13.2413969872708
2020-07-07	7.83705278639291	4.48692653712376	4.71952548930967	6.23348185288281	2.93793544221062	15.0470725589262	10.5928984207323	12.741076167285
2020-07-08	7.95489140758634	4.56220287211859	4.7020836469558	6.34557703491767	2.9358628591595	14.7267815865839	10.6960721215701	12.26309712874
2020-07-09	8.07227207560834	4.6401007987979	4.68698507279338	6.46302991454123	2.93494871443413	14.4385763178252	10.7927852591376	11.80714915694
2020-07-10	8.18876529568946	4.72031329222144	4.67418565195571	6.58553165392614	2.93492028345955	14.1804921953265	10.8826720951654	11.3729215371892
2020-07-11	8.30394157306029	4.80253332744895	4.66364126957611	6.71277341524506	2.93550484166083	13.9505646617645	10.9653668913836	10.9601035547918
2020-07-12	8.41737141295139	4.88645387954018	4.65530781078789	6.84444636067063	2.93642966446303	13.7468291598158	11.0405039095227	10.5683844950519
2020-07-13	8.52862532059333	4.97176792355486	4.64914116072437	6.98024165237551	2.93742202729122	13.5673211321568	11.1077174113132	10.1974536432739
2020-07-14	8.63727380121669	5.05816843455275	4.64509720451887	7.11985045253235	2.93820920557047	13.4100760214641	11.1666416584852	9.84700028476182
2020-07-15	8.74288736005203	5.14534838759357	4.6431318273047	7.2629639233138	2.93851847472583	13.2731292704143	11.2169109127693	9.51671370481989
2020-07-16	8.84503650232994	5.23300075773709	4.64320091421517	7.40927322689253	2.93807711018237	13.1545163216839	11.2581594358959	9.20628318875231
2020-07-17	8.94329173328098	5.32081852004303	4.64526035038361	7.55846952544117	2.93661238736515	13.0522726179496	11.2900214895952	8.91539802186327
2020-07-18	9.03722355813571	5.40849464957114	4.64926602094331	7.71024398113237	2.93385158169924	12.9644336018878	11.3121313355976	8.64374748945698
2020-07-19	9.12640248212472	5.49572212138117	4.65517381102761	7.86428775613881	2.9295219686097	12.8890347161751	11.3241232356336	8.3910208768376
2020-07-20	9.21034890463339	5.58208577865894	4.66283972060123	8.02013336959911	2.92333965328332	12.8242652794527	11.3258498042892	8.15686539111901
2020-07-21	9.28838280166636	5.66673793709467	4.67172020895461	8.17667876851589	2.91497605995379	12.7689301142199	11.318037067573	7.94075992665376
2020-07-22	9.35977404338309	5.74872278050462	4.68117185020959	8.33266325685776	2.90409144261653	12.7219879189408	11.3016294043493	7.74214129960407
2020-07-23	9.42379249994303	5.82708449270512	4.69055121848802	8.48682613859333	2.89034605526694	12.6823973920793	11.2775711934825	7.56044632613216
2020-07-24	9.47970804150566	5.90086725751243	4.69921488791175	8.63790671769121	2.87340015190047	12.6491172320993	11.2468068138369	7.39511182240026
2020-07-25	9.52679053823042	5.96911525874286	4.70651943260262	8.78464429812001	2.8529139865125	12.6211061374649	11.2102806442767	7.24557460457057
2020-07-26	9.56430986027677	6.03087268021269	4.7118214266825	8.92577818384833	2.82854781309847	12.5973228066401	11.1689370636664	7.11127148880534
2020-07-27	9.59170214450199	6.08534472790272	4.71454412120152	9.06021486377441	2.80003792970296	12.5768215774267	11.1235957413851	6.99156661081431
2020-07-28	9.60906859455461	6.13238069645176	4.71437747492305	9.18752956651505	2.76742481056725	12.5590393449784	11.0745775088713	6.88553338449744
2020-07-29	9.61667668078102	6.17199090266312	4.71107812353874	9.30746470561665	2.73082497398179	12.5435086437867	11.0220784880785	6.79217254330222
2020-07-30	9.61479387352755	6.20418566334013	4.70440270274025	9.41976269462563	2.690354938237	12.529762008343	10.9662948009602	6.71048482067614
2020-07-31	9.60368764314056	6.22897529528609	4.69410784821925	9.52416594708843	2.64613122162336	12.517331973139	10.9074225694697	6.6394709500667
2020-08-01	9.58362545996643	6.24637011530433	4.67995019566739	9.62041687655143	2.59827034243129	12.5057510726661	10.8456579155605	6.57813166492138
2020-08-02	9.55487479435151	6.25638044019816	4.66168638077633	9.70825789656109	2.54688881895124	12.4945518414159	10.7811969611861	6.52546769868767
2020-08-03	9.51770311664215	6.25901658677088	4.63907303923772	9.78743142066379	2.49210316947367	12.4832668138799	10.7142358282998	6.48047978481307
2020-08-04	9.47237789718472	6.25428887182583	4.61186680674324	9.85767986240597	2.43402991228902	12.4714285245497	10.6449706388551	6.44216865674507
2020-08-05	9.41916660632558	6.2422076121663	4.57982431898453	9.91874563533404	2.37278556568772	12.4585695079167	10.5735975148055	6.40953504793116
2020-08-06	9.35833671441108	6.22278312459563	4.54270221165326	9.97037115299442	2.30848664796023	12.4442222984724	10.5003125781043	6.38157969181883
2020-08-07	9.2901556917876	6.19602572591712	4.50025712044109	10.0122988289335	2.241249677397	12.4279194307085	10.425311950705	6.35730332185557
2020-08-08	9.21489100880148	6.16194573293409	4.45224568103966	10.0442710766978	2.17119117228847	12.4091934391164	10.3487917545611	6.33570667148888
2020-08-09	9.13281013579908	6.12055346244985	4.39842452914066	10.0660303098336	2.09842765092508	12.3875768581877	10.2709481116259	6.31579047416624
2020-08-10	9.04423719557196	6.07195118500563	4.33869825596481	10.0774461194222	2.02311553776072	12.3626276488807	10.1919708025987	6.29673418112589
2020-08-11	8.94972292069238	6.01660898609429	4.27356327484928	10.0788968066841	1.94557088190302	12.3340054780212	10.1120242431612	6.27843211476903
2020-08-12	8.84987469617783	5.9550889049466	4.20366395466028	10.0708878503745	1.86614963862304	12.301395438902	10.0312665077409	6.26095731528762
2020-08-13	8.74529990704575	5.88795298079331	4.12964466426404	10.0539247292488	1.78520776319185	12.2644826248158	9.9498556707655	6.24438282287359
2020-08-14	8.63660593831361	5.8157632528652	4.05214977252681	10.0285129220623	1.7031012108805	12.2229521290551	9.86794980666241	6.2287816777189
2020-08-15	8.5244001749989	5.73908176039305	3.97182364831481	9.99515790757018	1.62018593696008	12.1764890449127	9.78570698985921	6.21422692001549
2020-08-16	8.40929000211906	5.6584705426076	3.88931066049427	9.95436516452781	1.53681789670164	12.1247784656812	9.70328529478343	6.20079158995531
2020-08-17	8.29188280469156	5.57449163873964	3.80525517793144	9.90664017169047	1.45335304537625	12.0675054846534	9.62084279586259	6.18854872773031
2020-08-18	8.17278596773387	5.48770708801992	3.72030156949252	9.85248840781344	1.37014733825498	12.0043551951219	9.53853756752425	6.17757137353243
2020-08-19	8.05260687626345	5.39867892967921	3.63509420404377	9.79241535165202	1.28755673060888	11.9350126903793	9.45652768419592	6.16793256755362
2020-08-20	7.93195291529777	5.30796920294829	3.55027745045141	9.7269264819615	1.20593717770902	11.8591630637185	9.37497122030515	6.15970534998583
2020-08-21	7.8114314698543	5.21613994705792	3.46649567758168	9.65652727749718	1.12564463482648	11.776491408432	9.29402625027948	6.152962761021
2020-08-22	7.69164992495049	5.12375320123887	3.3843932543008	9.58172321701434	1.04703505723232	11.6866828178125	9.21385084854643	6.14777784085108
2020-08-23	7.57321566560382	5.03137100472191	3.30461454947501	9.50301977926829	0.970464400197589	11.5894223851527	9.13460308953354	6.14422362966802
2020-08-24	7.456692004608	4.93951196427261	3.22774963522035	9.42086541730375	0.896288217664386	11.4847482082484	9.05638674767771	6.14230875820868
2020-08-25	7.34246596586184	4.84852095679591	3.15417139665215	9.33548048132332	0.824860458258873	11.3741104029076	8.9790883974533	6.14178421938953
2020-08-26	7.23088050104036	4.75869942673153	3.08419842213552	9.247028295819	0.756534669278225	11.2593120894414	8.90254031334403	6.14233659667197
2020-08-27	7.12227856181861	4.67034881851921	3.01814930003559	9.15567218528283	0.691664398019623	11.1421563881611	8.82657476983363	6.14365247351738
2020-08-28	7.01700309987164	4.58377057659868	2.9563426187175	9.06157547420682	0.630603191780248	11.0244464193778	8.75102404140582	6.14541843338716
2020-08-29	6.91539706687448	4.49926614540968	2.89909696654637	8.964901487083	0.573704597857277	10.9079853034026	8.67572040254432	6.1473210597427
2020-08-30	6.81780341450219	4.41713696939195	2.84673093188732	8.8658135484034	0.521322163547894	10.7945761605466	8.60049612773286	6.1490469360454
2020-08-31	6.7245151646439	4.3376612087374	2.79951010015271	8.76449991379911	0.473701260192059	10.6857060724381	8.52515048487815	6.15034356103048
2020-09-01	6.6356256200451	4.26102388664674	2.75748804494371	8.66124856345757	0.430654555300861	10.5815979659734	8.44935071557894	6.15120209452862
2020-09-02	6.5511781536654	4.18738674207282	2.72066533690874	8.55637240870526	0.39188654042817	10.4821587293657	8.37273105485695	6.15167461164434
2020-09-03	6.47121613846437	4.11691151396852	2.68904254669618	8.45018436086869	0.357101707127854	10.3872952508284	8.29492573773392	6.15181318748215
2020-09-04	6.39578294740161	4.04975994128673	2.66262024495446	8.34299733127437	0.326004546953787	10.296914418575	8.21556899923159	6.15166989714658
2020-09-05	6.32492195343671	3.98609376298031	2.64139900233196	8.23512423124878	0.298299551459838	10.2109231208186	8.13429507437168	6.15129681574213
2020-09-06	6.25867652952926	3.92607471800214	2.6253793894771	8.12687797211844	0.273691212199877	10.1292282457727	8.05073819817593	6.15074601837333
2020-09-07	6.19709004863885	3.86986454530509	2.61456197703826	8.01857146520983	0.251884020727774	10.0517366816506	7.96453260566608	6.15006958014469
2020-09-08	6.14020588372506	3.81762498384205	2.60894733566386	7.91051762184947	0.232582468597399	9.97835531666555	7.87531253186386	6.14931957616074
2020-09-09	6.0880674077475	3.76951777256588	2.6085360360023	7.80302935336385	0.215491047362623	9.908991039031	7.782712211791	6.14854808152598
2020-09-10	6.04071799366575	3.72570465042946	2.61332864870197	7.69641957107947	0.200314248577317	9.84355073696026	7.68636588046923	6.14780717134494
2020-09-11	5.99820101443941	3.68634735638566	2.62332574441129	7.59100118632283	0.18675656379535	9.78194129866666	7.5859077729203	6.14714892072214
2020-09-12	5.96055984302805	3.65160762938736	2.63852789377865	7.48708711042044	0.174522484570593	9.72406961236354	7.48097212416593	6.14662540476209
2020-09-13	5.92783785239127	3.62164720838744	2.65893566745246	7.38499025469878	0.163316502456915	9.66984256626424	7.37119316922785	6.14628869856931
2020-09-14	5.90004557950335	3.59655637549525	2.68457185227749	7.28506475665978	0.152910736874769	9.61927289482161	7.25656034225174	6.14615467543441
2020-09-15	5.87706221739729	3.57613958544609	2.71554809988396	7.18782965850691	0.143347818710932	9.57279671744653	7.13848387387894	6.1460944013923
2020-09-16	5.85873412312076	3.56012983613172	2.75199827809848	7.0938452286191	0.134738006718761	9.53095599978941	7.01872919387475	6.145942740664
2020-09-17	5.84490765372146	3.54826012544392	2.79405625474765	7.00367173537524	0.127191559651614	9.49429270750064	6.89906173200445	6.14553455747052
2020-09-18	5.83542916624706	3.54026345127447	2.84185589765807	6.91786944715423	0.12081873626285	9.46334880623062	6.78124691803333	6.14470471603287
2020-09-19	5.83014501774526	3.53587281151514	2.89553107465634	6.83699863233498	0.115729795305826	9.43866626162975	6.66705018172668	6.14328808057206
2020-09-20	5.82890156526373	3.5348212040577	2.95521565356907	6.76161955929639	0.1120349955339	9.42078703934841	6.55823695284978	6.1411195153091
2020-09-21	5.83158502711771	3.53686011546192	3.02103648207478	6.69224331143323	0.109925345326017	9.41021083123984	6.45617613135949	6.13806874419467
2020-09-22	5.83824106669257	3.54181498695954	3.09309232725981	6.6291842322037	0.109914851563469	9.40726823396854	6.36065049797887	6.1341449300981
2020-09-23	5.84895520864124	3.5495297484503	3.17147493606241	6.57270748008188	0.112598270753133	9.41224757040185	6.27104630362258	6.1293920956184
2020-09-24	5.86381297761665	3.55984832983394	3.25627605542084	6.52307821354183	0.118570359401888	9.42543716340708	6.18674979920527	6.12385426335456
2020-09-25	5.88289989827174	3.57261466101018	3.34758743227335	6.48056159105763	0.128425874016611	9.4471253358516	6.10714723564156	6.11757545590558
2020-09-26	5.90630149525942	3.58767267187877	3.4455008135582	6.44542277110334	0.142759571104181	9.47760041060271	6.0316248638461	6.11059969587047
2020-09-27	5.93410329323262	3.60486629233943	3.55010794621366	6.41792691215304	0.162166207171475	9.51715071052775	5.95956893473355	6.10297100584823
2020-09-28	5.96639081684428	3.62403945229191	3.66150057717798	6.3983391726808	0.187240538725373	9.56606455849407	5.89036569921852	6.09473340843785
2020-09-29	6.00324959074732	3.64503608163593	3.77977045338942	6.38692471116068	0.218577322272751	9.62463027736898	5.82340140821568	6.08593092623834
2020-09-30	6.04476513959466	3.66770011027124	3.90500932178623	6.38394868606677	0.256771314320487	9.69313619001982	5.75806231263967	6.07660758184869
2020-10-01	6.09102298803923	3.69187546809757	4.03730892930668	6.38967625587312	0.302417271375461	9.77187061931393	5.69373466340511	6.06680739786792
2020-10-02	6.14210866073396	3.71740608501465	4.17676102288902	6.40437257905381	0.356109949944549	9.86112188811864	5.62980471142667	6.05657439689501
2020-10-03	6.19810768233179	3.74413589092222	4.32345734947152	6.42830281408291	0.418444106534632	9.96117831930127	5.56565870761898	6.04595260152898
2020-10-04	6.25910557748562	3.77190881572002	4.47748965599243	6.46173211943449	0.490014497652584	10.0723282357292	5.50068290289667	6.03498603436882
2020-10-05	6.32516210210034	3.80063243700549	4.63891137767113	6.50483804071273	0.571373241341238	10.1947223823914	5.43448817639736	6.02386807008631
2020-10-06	6.39623393708854	3.83046892316692	4.80762270285152	6.55744767204228	0.66290190178724	10.3279611927637	5.36758392015045	6.01338949164438
2020-10-07	6.47225199461477	3.86164409029033	4.98348550815861	6.61930049467789	0.764939404713188	10.4715075224438	5.3007041544083	6.00449043407873
2020-10-08	6.55314718684358	3.89438375446171	5.16636167021742	6.6901359898743	0.877824675841683	10.6248242270291	5.23458289942327	5.99811103242506
2020-10-09	6.63885042593949	3.92891373176707	5.35611306565295	6.76969363888627	1.00189664089532	10.7873741621172	5.16995417544774	5.99519142171909
2020-10-10	6.72929262406707	3.96545983829242	5.55260157109023	6.85771292296856	1.13749422559669	10.9586201833058	5.10755200273406	5.9966717369965
2020-10-11	6.82440469339085	4.00424789012376	5.75568906315427	6.95393332337592	1.28495635566841	11.1380251461922	5.0481104015346	6.00349211329302
2020-10-12	6.92411754607537	4.04550370334711	5.96523741847009	7.05809432136309	1.44462195683306	11.3250519063742	4.99236339210173	6.01659268564434
2020-10-13	7.02836209428519	4.08945309404845	6.18110851366271	7.16993539818484	1.61682995481325	11.5191633194492	4.9410449946878	6.03691358908616
2020-10-14	7.13706925018483	4.13632187831381	6.40316422535712	7.28919603509592	1.80191927533158	11.7198222410149	4.89488922954518	6.06539495865419
2020-10-15	7.25016992593885	4.18633587222918	6.63126643017836	7.41561571335107	2.00022884411063	11.9264915266687	4.85463011692624	6.10297692938414
2020-10-16	7.36759503371178	4.23972089188057	6.86527700475144	7.54893391420505	2.21209758687302	12.1386340320082	4.82100167708334	6.15059963631171
2020-10-17	7.48927548566818	4.29670275335398	7.10505782570137	7.68889011891261	2.43786442934134	12.355712612631	4.79473793026884	6.2092032144726
2020-10-18	7.61514219397258	4.35750727273543	7.35047076965318	7.83522380872852	2.67786829723819	12.5771901241347	4.7765728967351	6.27972779890252
2020-10-19	7.74513662875494	4.42239061649911	7.60143593513979	7.98761213130201	2.93245915453342	12.8026657345103	4.76727925908398	6.36297570149994
2020-10-20	7.87924249200687	4.49173035267204	7.8581063083259	8.14548289986034	3.20203111818591	13.0322838613226	4.7677843493152	6.45919794161438
2020-10-21	8.01745404368541	4.5659343996694	8.12069309728412	8.30820159402527	3.4869893434018	13.2663252345303	4.77905416177798	6.56850771545815
2020-10-22	8.15976554374758	4.6454106759064	8.38940751008705	8.47513369341855	3.78773898538723	13.5050705840916	4.80205469082154	6.69101821924355
2020-10-23	8.30617125215042	4.73056709979824	8.66446075480732	8.64564467766194	4.10468519934835	13.7488006399651	4.83775193079508	6.82684264918287
2020-10-24	8.45666542885095	4.82181158976013	8.94606403951753	8.81910002637718	4.43823314049127	13.9977961321091	4.88711187604782	6.9760942014884
2020-10-25	8.61124233380619	4.91955206420726	9.23442857229028	8.99486521918603	4.78878796402214	14.2523377904821	4.95110052092898	7.13888607237244
2020-10-26	8.76989252382773	5.02413997207508	9.52972237941729	9.17234884634715	5.15667428091923	14.5127073648084	5.03065472689328	7.31533143535598
2020-10-27	8.93259174314531	5.13570088438004	9.8319407600667	9.35113194066681	5.54189452524941	14.7791906838763	5.12659482381747	7.50554337319475
2020-10-28	9.09931203284326	5.25430390265883	10.1410358316258	9.53083864558818	5.94437058685169	15.0520745962396	5.23971200868382	7.7096349459532
2020-10-29	9.27002543400584	5.38001812844813	10.4569597114817	9.71109310455442	6.36402435556502	15.3316459504526	5.37079747847458	7.92771921369573
2020-10-30	9.44470398771738	5.51291266328464	10.7796645170217	9.89151946100872	6.80077772122843	15.6181915950692	5.52064243017203	8.15990923648678
2020-10-31	9.62331973506216	5.65305660870505	11.109102365633	10.0717418583942	7.25455257368091	15.9119983786436	5.69003806075841	8.40631807439078
2020-11-01	9.8058447171245	5.80051906624606	11.445225374703	10.2513844401541	7.72527080276146	16.2133531497298	5.879775567216	8.66705878747215
2020-11-02	9.99225097498869	5.95536913744434	11.7879856616187	10.4300713497316	8.21285429830909	16.5225427568819	6.09064614652707	8.94224443579533
2020-11-03	10.182510549739	6.1176759238366	12.1373353437675	10.6074267305698	8.71722495016276	16.8398540486538	6.32344099567386	9.23198807942473
2020-11-04	10.3765954824598	6.28750852695951	12.4932265385366	10.783074726112	9.2383046481615	17.1655738735998	6.57895131163864	9.53640277842478
2020-11-05	10.5744778142354	6.46493604834978	12.8556113633132	10.9566394798012	9.77601528214428	17.4999890802739	6.85796829140368	9.85560159285991
2020-11-06	10.7761295861499	6.6500275895441	13.2244419354845	11.1277451350806	10.3302787419501	17.8433865172301	7.16128313195123	10.1896975827945
2020-11-07	10.9815228392879	6.84285225207915	13.5996703724378	11.2960158353935	10.901016917418	18.1960530330224	7.48968703026358	10.5388038082931
2020-11-08	11.1906296147335	7.04347913749163	13.9812487915604	11.461075724183	11.488151698387	18.5582754762051	7.84397118332296	10.9030333294201
2020-11-09	11.4033760563354	7.25186597608625	14.3688925847785	11.6226398178028	12.0915070719436	18.9302626062878	8.22489641072251	11.282454039755
2020-11-10	11.6195047189993	7.46752501323983	14.7613702421748	11.7807866242491	12.7105154141649	19.3119108266038	8.6331020224988	11.6769531669385
2020-11-11	11.8387122603956	7.68985712309723	15.157213528371	11.9356855244286	13.3445111983759	19.703038451442	9.06919695129926	12.0863727721262
2020-11-12	12.0606953381943	7.91826317980328	15.5549542079888	12.0875058992481	13.9928288979011	20.1034637950913	9.53379012977135	12.5105549164739
2020-11-13	12.2851506100657	8.15214405750282	15.9531240456501	12.2364171296142	14.6548029860653	20.5130051718405	10.0274904905625	12.9493416611373
2020-11-14	12.5117747336798	8.39090063034071	16.3502548059764	12.3825885964337	15.3297679361932	20.9314808959787	10.5509069663201	13.4025750672721
2020-11-15	12.7402643667069	8.63393377246179	16.7448782535896	12.5261896806132	16.0170582216097	21.3587092817947	11.1046484896916	13.870097196034
2020-11-16	12.9703681643261	8.88065853914796	17.1357393659926	12.6674942739889	16.7158176806529	21.7944397428145	11.6892133331381	14.351681559149
2020-11-17	13.2020427717529	9.13054671022926	17.5224359722138	12.8071943121136	17.4244276117145	22.2381460895121	12.3046571283755	14.8468274706236
2020-11-18	13.4352968317118	9.3830842466728	17.9047791141628	12.9460862414699	18.1410786781997	22.6892332315984	12.9509248469332	15.3549656950343
2020-11-19	13.670138986927	9.63775710944567	18.282579833749	13.0849665085398	18.8639615435139	23.1471060787844	13.6279614603407	15.8755269969577
2020-11-20	13.9065778801232	9.89405125951497	18.6556491728822	13.2246315598059	19.5912668710621	23.6111695407812	14.3357119401274	16.4079421409706
2020-11-21	14.1446221540246	10.1514526578478	19.0237981734718	13.3658778417503	20.3211853242496	24.0808285272998	15.0741212578229	16.9516418916496
2020-11-22	14.3842804513558	10.4094472654113	19.3868378774276	13.5095018008554	21.0519075664817	24.5554879480511	15.8431343849566	17.5060570135712
2020-11-23	14.6255614148413	10.6675210431725	19.7445793266589	13.6562998836036	21.7816242611634	25.0345527127461	16.6426962930581	18.0706182713122
2020-11-24	14.8684736872053	10.9251599520985	20.0968335630756	13.807068536477	22.5085260717	25.5174277310959	17.4727519536567	18.6447564294492
2020-11-25	15.1130259111725	11.1818499531565	20.443411628587	13.9626042059582	23.2308036614968	26.0035179128114	18.333246338282	19.2279022525588
2020-11-26	15.3592267294671	11.4370770073135	20.7841245651029	14.1237033385293	23.9466476939588	26.4922281676036	19.2241244184634	19.8194865052176
2020-11-27	15.6070847848137	11.6903270755367	21.1187834145328	14.2911623806726	24.6542488324915	26.9829634051836	20.1453311657306	20.4189399520023
2020-11-28	15.8566087199368	11.9410861187931	21.4471992187862	14.4657777788706	25.3517977404999	27.4751285352623	21.0968115516127	21.0256933574895
2020-11-29	16.1078071775606	12.1888400980498	21.7691830197728	14.6483459796055	26.0374850813892	27.9681284675507	22.0785105476395	21.6391774862559
2020-11-30	16.3608412536886	12.4333767142977	22.0848671504316	14.8398593691012	26.7092168480533	28.4617754941653	23.0901002448693	22.2588264373039
2020-12-01	16.6164818574397	12.6756906286226	22.3956691078192	15.0420940925478	27.3637603513402	28.957511436844	24.130161212476	22.8840876473398
2020-12-02	16.8756523512116	12.9170782421341	22.7033276800218	15.2570222348771	27.9975982315867	29.4571854997302	25.1970011391627	23.5144118874956
2020-12-03	17.139276097402	13.1588359559419	23.0095816551253	15.4866158810208	28.6072131291295	29.9626468869673	26.288927713632	24.1492499289034
2020-12-04	17.4082764584087	13.4022601711554	23.3161698212159	15.7328471159106	29.1890876843052	30.4757448026987	27.4042486245871	24.7880525426951
2020-12-05	17.6835767966294	13.6486472888844	23.6248309663796	15.9976880244783	29.7397045374506	30.9983284510678	28.5412715607306	25.4302705000028
2020-12-06	17.966100474462	13.8992937102384	23.9373038787026	16.2831106916556	30.2555463289023	31.5322470362181	29.6983042107657	26.0753545719586
2020-12-07	18.2564990019088	14.1551912148135	24.2548581952535	16.5905513023666	30.7335831950065	32.0789692524661	30.8736741210412	26.722618722414
2020-12-08	18.5543364793906	14.4161130961528	24.5768869490312	16.9193024415053	31.1727352561464	32.6384417548213	32.0657882684899	27.3708296860984
2020-12-09	18.8589051549332	14.6815280262856	24.902314022017	17.2681207939581	31.5724101287151	33.2102306884667	33.273073487691	28.0186173904607
2020-12-10	19.169497276562	14.9509046772415	25.2300632961924	17.6357630446112	31.9320154291051	33.793902198585	34.4939566132233	28.6646117629498
2020-12-11	19.4854050923025	15.2237117210498	25.5590586535389	18.0209858783511	32.2509587737094	34.3890224303591	35.7268644796658	29.3074427310146
2020-12-12	19.8059208501803	15.4994178297403	25.8882239760379	18.4225459800642	32.5286477789207	34.9951575289717	36.9702239215976	29.945740222104
2020-12-13	20.130336798221	15.7774916753422	26.2164831456709	18.8392000346367	32.7644900611318	35.6118736396055	38.2224617735975	30.5781341636668
2020-12-14	20.4579451844501	16.0574019298851	26.5427600444191	19.269704726955	32.9578932367354	36.2387369074436	39.4820048702445	31.2032544831519
2020-12-15	20.7880382568932	16.3386172653984	26.8659785542642	19.7128167419056	33.1082649221244	36.8753134776686	40.7472800461176	31.8197311080083
2020-12-16	21.1199082635757	16.6206063539118	27.1850625571875	20.1672927643748	33.2150127336916	37.5211694954633	42.0167141357958	32.4261939656849
2020-12-17	21.4528474525234	16.9028378674546	27.4989359351704	20.6318894792489	33.2775442878298	38.1758711060106	43.2887339738581	33.0212729836304
2020-12-18	21.7861480717616	17.1847804780563	27.8065225701944	21.1053635714143	33.2952672009317	38.8389844544933	44.5617663948833	33.6035980892939
2020-12-19	22.1191023693159	17.4659028577464	28.106746344241	21.5864717257573	33.2675890893901	39.5100756860941	45.8342382334505	34.1717992101241
2020-12-20	22.451002593212	17.7456736785545	28.3985311392915	22.0739706271644	33.1939175695979	40.1887109459959	47.1045763241386	34.7245062735701
2020-12-21	22.7810081635797	18.0234110887015	28.6806632039699	22.566337718343	33.0740711269018	40.8741001328338	48.3709349310414	35.2606078783607
2020-12-22	23.1077471889673	18.2978311411751	28.9513782534701	23.0609334732854	32.9095117224641	41.5640281590526	49.6303780363112	35.7800273083458
2020-12-23	23.4297149500272	18.5674993651542	29.2087743696287	23.5548391238047	32.7021121864014	42.2559236905491	50.879697051615	36.2829465186551
2020-12-24	23.7454067274119	18.8309812898181	29.4509496342821	24.0451359017143	32.45374534883	42.9472153932205	52.1156833886202	36.7695474644185
2020-12-25	24.053317801774	19.0868424443458	29.6760021292667	24.5289050388276	32.1662840398663	43.6353319329638	53.3351284589936	37.2400121007658
2020-12-26	24.3519434537659	19.3336483579164	29.882029936419	25.0032277669578	31.8416010896268	44.3177019756759	54.5348236744024	37.6945223828268
2020-12-27	24.6397789640403	19.569964559709	30.0671311375755	25.4651853179182	31.4815693282279	44.9917541872539	55.7115604465137	38.1332602657314
2020-12-28	24.9153196132496	19.7943565789027	30.2294038145727	25.9118589235221	31.0880615857859	45.6549172335948	56.8621301869947	38.5564077046094
2020-12-29	25.1770606820464	20.0053899446766	30.366946049247	26.3403298155829	30.6629506924173	46.3046197805957	57.9833243075124	38.9641466545906
2020-12-30	25.4234974510832	20.2016301862099	30.4778559234349	26.7476792259138	30.2081094782385	46.9382904941534	59.0719342197339	39.3566590708049
2020-12-31	25.6531252010126	20.3816428326816	30.5602315189728	27.1309883863282	29.7254107733658	47.5533580401652	60.1247513353263	39.7341269083821
2021-01-01	25.864439212487	20.5439934132709	30.6121709176972	27.4873385286394	29.2167274079158	48.147251084528	61.1385670659568	40.0967321224519
2021-01-02	26.0559347661591	20.6872474571568	30.6317722014447	27.8138108846606	28.6839322120047	48.7173982931387	62.1101728232925	40.4446566681444
2021-01-03	26.2261071426812	20.8099704935185	30.6171334520515	28.1074866862052	28.128898015749	49.2612283318945	63.0363600190004	40.7780825005893
2021-01-04	26.3738359780801	20.9111496156514	30.566933702382	28.3661619999406	27.5537100233945	49.7761308692017	63.9140333052497	41.0970782694223
2021-01-05	26.4995383298787	20.991458173317	30.482175789411	28.5904922319506	26.9613029357044	50.2593395835039	64.740550296218	41.4012594023032
2021-01-06	26.6040156109741	21.0519910803931	30.364443501141	28.7818476231732	26.3548238275715	50.708049155754	65.5133818465849	41.6901280213978
2021-01-07	26.6880692342632	21.0938432507575	30.2153206255748	28.9415984145464	25.7374197738882	51.119454266905	66.2299988110301	41.9631862488716
2021-01-08	26.7525006126432	21.118109598288	30.0363909507147	29.071114847008	25.1122378495474	51.49074959791	66.8878720442331	42.2199362068903
2021-01-09	26.7981111590111	21.1258850368624	29.8292382645636	29.171767161496	24.4824251294416	51.8191298297218	67.4844724008737	42.4598800176197
2021-01-10	26.8257022862639	21.1182644803586	29.5954463551238	29.2449255989484	23.8511286884634	52.1017896432934	68.0172707356315	42.6825198032254
2021-01-11	26.8360235063474	21.0962547888021	29.3365297734395	29.2919204826919	23.2212123126454	52.336656506901	68.4841425113206	42.8872465086378
2021-01-12	26.8296167274028	21.0605106068101	29.0537261227201	29.3139224656084	22.5944066325794	52.5245890381131	68.8845816232936	43.0730063698461
2021-01-13	26.8069719566199	21.0115985251475	28.7482037692169	29.3120622829688	21.9721589899972	52.6671786418217	69.2184865750373	43.2386344456043
2021-01-14	26.7685792011886	20.9500851345792	28.4211310791806	29.2874706700438	21.3559167266305	52.7660167229185	69.4857558700387	43.3829657946662
2021-01-15	26.7149284682988	20.8765370258702	28.0736764188625	29.2412783621041	20.7471271842111	52.8226946862954	69.6862880117848	43.5048354757858
2021-01-16	26.6465097651402	20.7915207897854	27.7070081545134	29.1746160944205	20.1472377044708	52.8388039368442	69.8199815037626	43.603078547717
2021-01-17	26.5638130989029	20.6956030170896	27.3222946523845	29.0886146022638	19.5576956291412	52.8159358794567	69.8867348494591	43.6765300692138
2021-01-18	26.4673284767766	20.5893502985479	26.9207042787267	28.9844046209046	18.9799482999541	52.7556819190247	69.8864465523612	43.7240250990299
2021-01-19	26.3575459059513	20.4733292249252	26.503405399791	28.8631168856138	18.4154430586413	52.6596334604401	69.819015115956	43.7443986959195
2021-01-20	26.2349553936167	20.3481063869863	26.0715663818285	28.7258821316622	17.8656272469345	52.5293819085947	69.6843390437303	43.7364859186363
2021-01-21	26.1000469469629	20.2142483754963	25.6263555910901	28.5738310943204	17.3319482065655	52.3665186683803	69.4823168391712	43.6991218259343
2021-01-22	25.9533105731796	20.07232178122	25.168941393827	28.4080945088593	16.8158532792659	52.1726351446887	69.2128470057657	43.6311414765674
2021-01-23	25.7952362794567	19.9228931949223	24.70049215629	28.2298031105495	16.3187898067675	51.9493227424118	68.8758280470006	43.5313799292896
2021-01-24	25.6263140729841	19.7665292073683	24.2221762447303	28.0400876346619	15.8422051308022	51.6981728664413	68.471158466363	43.3986722428548
2021-01-25	25.4469205006715	19.6038057582782	23.7352235962884	27.8401040942151	15.3869937322964	51.4206129596707	67.9992424422976	43.2318990638209
2021-01-26	25.2569782683085	19.4353361831942	23.2411104316637	27.6311096132194	14.9518386489568	51.1174146169992	67.4625068530798	43.0301233899628
2021-01-27	25.0562966214045	19.2617431666139	22.7413745424448	27.4143865934333	14.5348700576846	50.7891854713278	66.8638842519427	42.7924538068591
2021-01-28	24.8446848054687	19.0836493930348	22.2375537202207	27.1912174366148	14.1342181353811	50.4365331555573	66.2063071921194	42.5179989000887
2021-01-29	24.6219520660106	18.9016775469545	21.7311857565803	26.9628845445224	13.7480130589477	50.0600653025886	65.4927082268431	42.2058672552303
2021-01-30	24.3879076485395	18.7164503128706	21.2238084431122	26.7306703189142	13.3743850052857	49.6603895453226	64.7260199093468	41.8551674578628
2021-01-31	24.1423607985649	18.5285903752806	20.7169595714055	26.4958571615486	13.0114641512965	49.2381135166602	63.9091747928637	41.465008093565
2021-02-01	23.8852010761994	18.3385542775485	20.211942345908	26.2594809550077	12.6576142478824	48.7939480279284	63.0450860802524	41.0351302638469
2021-02-02	23.6166392999693	18.1461339985035	19.7091216225041	26.0215915051693	12.3121333419493	48.3290166041595	62.1365895728738	40.567805133944
2021-02-03	23.3369666030043	17.9509553758413	19.2086276699375	25.781992098735	11.9745530544043	47.844545948812	61.1865017217146	40.065936385023
2021-02-04	23.0464741184338	17.7526442472576	18.7105907569516	25.5404860224066	11.6444050061543	47.3417627653442	60.1976389777611	39.5324276982507
2021-02-05	22.7454529793877	17.5508264504481	18.2151411522899	25.2968765628856	11.3212208181063	46.8218937572147	59.1728177919997	38.9701827547938
2021-02-06	22.4341943189953	17.3451278231083	17.7224091246959	25.0509670068738	11.0045321111672	46.2861656278819	58.114854615417	38.3821052358192
2021-02-07	22.1129892703864	17.135174202934	17.2325249429133	24.8025606410728	10.6938705062441	45.7358050808043	57.0265658989994	37.7710988224934
2021-02-08	21.7821289666905	16.9205914276209	16.7456188756855	24.5514607521842	10.3887676242438	45.1720388194403	55.9107680937334	37.1400671959834
2021-02-09	21.4419045410373	16.7010053348645	16.2618211917561	24.2974706269098	10.0887550860734	44.5960935472483	54.7702776506055	36.4919140374558
2021-02-10	21.0926071265563	16.4760417623605	15.7812621598685	24.0403935519512	9.79336451263976	44.0091959676869	53.6079110206022	35.8295430280774
2021-02-11	20.7345278563773	16.2453265478047	15.3040720487663	23.78003281401	9.50212752484991	43.4125727842145	52.4264846547098	35.1558578490149
2021-02-12	20.3679578636296	16.0084855288925	14.8303811271931	23.516191699788	9.21457574361079	42.8074507002894	51.2288150039149	34.4737621814351
2021-02-13	19.9931882814431	15.7651445433198	14.3603196638923	23.2486734959867	8.93024078982939	42.1950564193703	50.017718519204	33.7861597065047
2021-02-14	19.6105102429472	15.5149294287822	13.8940179276076	22.9772814893079	8.64865428441267	41.5766166449155	48.7960116515635	33.0959541053905
2021-02-15	19.2203421151947	15.2576208585481	13.4317229650566	22.7018963496392	8.36960145113104	40.9532576502701	47.5664380047883	32.4057251950159
2021-02-16	18.8236112009307	14.9936188481774	12.9741489348544	22.4227082796117	8.09388192520874	40.3257039883254	46.3314497939062	31.7167573353307
2021-02-17	18.4213720368232	14.7234782488028	12.5221267735899	22.1399848650426	7.82254894473349	39.6945797818593	45.0934263867537	31.0300110220412
2021-02-18	18.0146791595404	14.4477539115569	12.0764874178525	21.8539936917491	7.55665574779296	39.0605091536496	43.8547471511668	30.3464467508539
2021-02-19	17.6045871057505	14.1670006875723	11.6380618042313	21.5650023455483	7.29725557247486	38.4241162264743	42.6177914549821	29.6670250174752
2021-02-20	17.1921504121215	13.8817734279818	11.2076808693153	21.2732784122574	7.04540165686688	37.7860251231113	41.3849386660357	28.9927063176116
2021-02-21	16.7784236153216	13.592626983918	10.7861755496938	20.9790894776936	6.80214723905673	37.1468599663385	40.158568152164	28.3244511469695
2021-02-22	16.3644612520189	13.3001162065135	10.374376781956	20.6827031276739	6.56854555713207	36.5072448789337	38.9410592812031	27.6632200012552
2021-02-23	15.9513178588816	13.004795946901	9.97311550269098	20.3843869480157	6.34564984918065	35.8678039836749	37.7347914209895	27.0099733761752
2021-02-24	15.5400479725778	12.7072210562133	9.58322264848792	20.0844085245359	6.13451335329014	35.2291614033399	36.5421439393595	26.365671767436
2021-02-25	15.1317061297756	12.4079463855828	9.20552915593598	19.7830354430518	5.93618930754824	34.5919412607067	35.3654962041492	25.7312756707439
2021-02-26	14.7273468671433	12.1075267861423	8.84086596162432	19.4805352893805	5.75173095004264	33.9567676785531	34.207227583195	25.1077455818054
2021-02-27	14.3280247213488	11.8065171090245	8.49006400214209	19.1771756493392	5.58219151886105	33.324264779657	33.0697174443332	24.4960419963269
2021-02-28	13.9347942290604	11.505472205362	8.15395421407847	18.8732241087451	5.42862425209115	32.6950566867963	31.9553451554	23.8971254100148
2021-03-01	13.5486276364054	11.2049783431438	7.83316069803618	18.5689090892647	5.29195631655696	32.0695413130579	30.8662337254669	23.3119585499677
2021-03-02	13.1701680273482	10.9057474577841	7.52748021067233	18.2643023559626	5.1726105940277	31.4472117327639	29.8034807285451	22.7415130688528
2021-03-03	12.7999761953124	10.6085229015535	7.23650267265757	17.9594365097527	5.07088389500891	30.8273348105453	28.767927379881	22.1867628507295
2021-03-04	12.4386129337218	10.3140480267224	6.95981800466261	17.6543441515493	4.98707303000613	30.2091774110336	27.7604148947212	21.6486817796572
2021-03-05	12.0866390359999	10.0230661855616	6.69701612735812	17.3490578822661	4.9214748095249	29.5920063988596	26.7817844883121	21.1282437396953
2021-03-06	11.7446152955703	9.73632073034141	6.44768696141476	17.0436103028173	4.87438604407075	28.9750886386545	25.8328773759	20.6264226149031
2021-03-07	11.4131025058567	9.45455501333249	6.2114204275032	16.7380340141169	4.84610354414923	28.3576909950494	24.9145347727314	20.1441922893401
2021-03-08	11.0925976004259	9.17845434901589	5.98781660858485	16.4324990498097	4.8367909195583	27.7392921419371	24.0274077807987	19.6823180798038
2021-03-09	10.7833420734168	8.90847190071483	5.77651623678391	16.127725174464	4.84607897726575	27.1202179902563	23.1713870490785	19.2407310340446
2021-03-10	10.4855135591118	8.64500279396305	5.57717020651531	15.8245695853791	4.87346532353178	26.5010062602073	22.3461731132933	18.8191536325511
2021-03-11	10.1992896917928	8.38844215429433	5.38942941219399	15.5238894798542	4.9184475646166	25.8821946719905	21.5514665091656	18.417308355812
2021-03-12	9.92484810574222	8.13918510724239	5.21294474823487	15.2265420551884	4.98052330678043	25.2643209458064	20.7869677724182	18.0349176843157
2021-03-13	9.66236643524205	7.89762677834098	5.04736710905288	14.933384508681	5.05919015628349	24.6479228018551	20.0523774387734	17.6717040985508
2021-03-14	9.41202231457454	7.66416229312388	4.89234738906296	14.6452740376311	5.15394571938598	24.0335379603372	19.347396043954	17.3273900790061
2021-03-15	9.17399337802185	7.43918677712483	4.74753648268003	14.363067839338	5.26428760234811	23.421704141453	18.6717241236825	17.00169810617
2021-03-16	8.94845725986613	7.22309535587757	4.61258528431902	14.0876231111008	5.38971341143009	22.8129590654027	18.0250622136814	16.6943506605312
2021-03-17	8.73559159438957	7.01628315491585	4.48714468839487	13.8197970502188	5.52972075289215	22.2078404523869	17.4071108496733	16.4050702225782
2021-03-18	8.53557401587432	6.81914529977344	4.37086558932249	13.5604468539911	5.68380723299449	21.6068860226057	16.8175705673807	16.1335792727996
2021-03-19	8.34858215860256	6.63207691598407	4.26339888151682	13.310429719717	5.85147045799732	21.0106334962597	16.2561419025263	15.8796002916841
2021-03-20	8.17479365685645	6.45547312908151	4.16439545939279	13.0706028446956	6.03220803416086	20.4196205935491	15.7225253908326	15.6428557597202
2021-03-21	8.01438614491817	6.28972906459949	4.07350621736533	12.8418234262261	6.22551756774532	19.8343850346743	15.2164215680222	15.4230681573965
2021-03-22	7.86742234073341	6.13510685893271	3.99042741299724	12.6247824954431	6.43078509824746	19.2554655483294	14.7373635357625	15.2196805466535
2021-03-23	7.73350529690205	5.99133669191964	3.91503675644281	12.4195064188228	6.64695039811028	18.6834048971834	14.2842146595007	15.0310183152399
2021-03-24	7.61212314968753	5.85801575425968	3.84725732100421	12.2258553966764	6.87284167301328	18.1187468523992	13.8556708706289	14.8551274323562
2021-03-25	7.50276403535323	5.73474123665223	3.78701217998359	12.0436896293156	7.10728712863599	17.5620351851395	13.4504281005392	14.6900538672028
2021-03-26	7.40491609016258	5.62111032979671	3.73422440668313	11.8728693170517	7.34911497065796	17.013813666567	13.0671822806237	14.5338435889803
2021-03-27	7.31806745037899	5.51672022439251	3.68881707440499	11.7132546601962	7.5971534047587	16.4746260678446	12.7046293422743	14.3845425668893
2021-03-28	7.24170625226588	5.42116811113904	3.65071325645133	11.5647058590605	7.85023063661775	15.9450161601351	12.3614652168833	14.2401967701302
2021-03-29	7.17533554620547	5.334078015544	3.61979814946499	11.4270294315907	8.10729004523033	15.4255276949048	12.0363809348979	14.0990959820259
2021-03-30	7.1185180390553	5.25518130234829	3.59580544345155	11.2998171662711	8.36773570285433	14.9167043448344	11.7280479229869	13.9605052423886
2021-03-31	7.07083135179172	5.18423617110111	3.57843095175726	11.1826071692205	8.63108685506337	14.4190897629085	11.4351327068742	13.8239334051525
2021-04-01	7.03185310539108	5.12100082135167	3.56737048772838	11.0749375465579	8.89686274743105	13.9332276021112	11.1563018122838	13.6888893242522
2021-04-02	7.00116092082971	5.06523345264915	3.56231986471116	10.9763464044021	9.16458262553097	13.459661515427	10.8902217649396	13.5548818536219
2021-04-03	6.97833241908397	5.01669226454276	3.56297489605185	10.886371848872	9.4337657349367	12.9989351558403	10.6355590905657	13.4214198471963
2021-04-04	6.96294522113022	4.9751354565817	3.56903139509672	10.8045519860865	9.70393132122186	12.5515921763355	10.3909803148859	13.2880121589096
2021-04-05	6.95457694794479	4.94032122831517	3.580185175192	10.7304249221645	9.97459862996005	12.1181762298969	10.1551519636243	13.1541676426963
2021-04-06	6.95280522050403	4.91200777929236	3.59613204968396	10.6635287632248	10.2452869067249	11.6992309695088	9.92674056250473	13.0193951524907
2021-04-07	6.9572076597843	4.88995330906248	3.61656783191886	10.6034016153864	10.5155153970899	11.2953000481557	9.70441263725129	12.8832035422274
2021-04-08	6.96736188676194	4.87391601717473	3.64118833524293	10.5495815847681	10.7848033466287	10.9069271188219	9.48683471358788	12.7451016658407
2021-04-09	6.9828455224133	4.86365410317829	3.66968937300245	10.5016067774888	11.052670000915	10.5346558344918	9.27267331723849	12.604598377265
2021-04-10	7.00323618771473	4.85892576662238	3.70176675854366	10.4590152996674	11.3186346055223	10.1790298481497	9.06059497392708	12.4612025304347
2021-04-11	7.02811150364257	4.8594892070562	3.73711630521282	10.4213452574228	11.5822164060241	9.84059281278006	8.84926620937761	12.3144229792843
2021-04-12	7.05703081596835	4.86511863975147	3.77541995646004	10.3880604703591	11.8428929861268	9.51971696124799	8.63768912694326	12.1640478085163
2021-04-13	7.08948036964426	4.87565234287009	3.81630417615081	10.3583276120219	12.0999752820668	9.21608884594201	8.42620814049413	12.0109820259059
2021-04-14	7.12492813441766	4.89094461029649	3.85938155825452	10.3312390694419	12.352732568213	8.92922359913134	8.21550324152951	11.8564098699964
2021-04-15	7.16284208003592	4.91084973591509	3.90426469674052	10.3058872296499	12.6004341189347	8.65863635308524	8.0062544215487	11.701515579331
2021-04-16	7.20269017624639	4.93522201361032	3.95056618557818	10.2813644796767	12.8423492086008	8.40384224007298	7.79914167205099	11.5474833924532
2021-04-17	7.24394039279644	4.96391573726662	3.99789861873687	10.2567632065531	13.0777471115803	8.16435639236381	7.59484498453568	11.3954975479062
2021-04-18	7.28606069943344	4.99678520076839	4.04587459018594	10.2311757973098	13.3058971022424	7.93969394222699	7.39404435050206	11.2467422842333
2021-04-19	7.32854832914338	5.03366964045561	4.09413861909351	10.2036677154172	13.5260394694682	7.72932934136725	7.19729330500892	11.1021741180503
2021-04-20	7.37101756786676	5.07434806249035	4.14246292542262	10.1731967301042	13.7372985601872	7.53257431923114	7.00463955735295	10.9618386782625
2021-04-21	7.41311196478272	5.11858441549021	4.19065165433506	10.1386936870392	13.9387697358408	7.34869992470066	6.81600436039029	10.8255538718478
2021-04-22	7.4544750690704	5.16614264807281	4.23850895099264	10.0990894318906	14.1295483578707	7.17697720665782	6.63130896697711	10.6931376057839
2021-04-23	7.49475042990892	5.21678670885573	4.28583896055714	10.053314810327	14.3087297877184	7.01667721398464	6.45047462996959	10.5644077870486
2021-04-24	7.53358159647742	5.27028054645658	4.33244582819034	10.0003006680168	14.4754093868254	6.86707099556313	6.27342260222388	10.4391823226198
2021-04-25	7.57061211795504	5.32638810949298	4.37813369905406	9.93897785062829	14.6286825166333	6.72742960027529	6.10007413659615	10.3172791194753
2021-04-26	7.60548554352091	5.38487334658252	4.42270671831007	9.86827720383008	14.7676445385836	6.59702407700315	5.93035048594257	10.1985160845928
2021-04-27	7.63784542235417	5.44550020634281	4.46596903112016	9.78712957329056	14.8913908141179	6.47512547462869	5.76417290311929	10.0827111249502
2021-04-28	7.66733530363395	5.50803263739145	4.50772478264614	9.69446580467818	14.9990167046777	6.36100484203395	5.60146264098248	9.96968214752527
2021-04-29	7.69359873653938	5.57223458834605	4.54777811804979	9.58921674366139	15.0896175717046	6.25393322810092	5.4421409523883	9.8592470592958
2021-04-30	7.7162792702496	5.63787000782422	4.58593318249291	9.47031323590864	15.1622887766401	6.15318168171161	5.28612909019292	9.75122376723959
2021-05-01	7.73502045394375	5.70470284444355	4.62199412113728	9.33668612708838	15.2161256809258	6.05802125174805	5.13334830725249	9.64543017833446
2021-05-02	7.74946583680095	5.77249704682165	4.6557650791447	9.18726626286904	15.2502236460031	5.96772298709222	4.98371985642318	9.5416841995582
2021-05-03	7.75929592190733	5.84101683509248	4.68707322408823	9.02110496142065	15.2638940423928	5.88161840310938	4.83716962013402	9.43974535253031
2021-05-04	7.76433902797687	5.91002751545537	4.715837813186	8.8377354309195	15.2573122769318	5.79928088109764	4.69364199910538	9.339139617437
2021-05-05	7.76446042763056	5.97929466562602	4.74200112606741	8.63681135204347	15.2308697655362	5.72034426883833	4.55308602363051	9.23933458910616
2021-05-06	7.75952539348936	6.04858386332012	4.76550544236187	8.41798640547042	15.1849579241219	5.64444241411282	4.41545072400266	9.1397978623657
2021-05-07	7.74939919817425	6.11766068625336	4.78629304169877	8.18091427187821	15.1199681686051	5.57120916470243	4.28068513051505	9.0399970320435
2021-05-08	7.73394711430621	6.18629071214142	4.80430620370753	7.92524863194471	15.0362919149017	5.50027836838851	4.14873827346094	8.93939969296746
2021-05-09	7.71303441450622	6.25423951870001	4.81948720801753	7.65064316634779	14.9343205789278	5.4312838729524	4.01955918313357	8.83747343996549
2021-05-10	7.68652637139523	6.32127268364482	4.83177833425819	7.35675155576531	14.8144455765995	5.36385952617545	3.89309688982617	8.73368586786548
2021-05-11	7.65428825759424	6.38715578469152	4.84112186205891	7.04322748087514	14.6770583238328	5.297639175839	3.76930042383199	8.62750457149532
2021-05-12	7.61618534572421	6.45165439955583	4.84746007104908	6.70972462235513	14.5225502365437	5.23225666972438	3.64811881544426	8.51839714568291
2021-05-13	7.57208290840612	6.51453410595341	4.85073524085811	6.35589666088319	14.3513127306484	5.16734585561295	3.52950109495624	8.40583118525615
2021-05-14	7.52184621826094	6.57556048159998	4.8508896511154	5.98139727713715	14.1637372220627	5.10254058128605	3.41339629266117	8.28927428504295
2021-05-15	7.46534054790965	6.6344991042112	4.84786558145035	5.5858801517949	13.9602151267028	5.03747469452501	3.29975343885227	8.16819403987118
2021-05-16	7.40243116997323	6.69111555150279	4.84160531149237	5.16899896553429	13.7411378604848	4.97178204311119	3.18852156382281	8.04205804456876
2021-05-17	7.33304032126983	6.74516081572127	4.83219903466372	4.73057069209628	13.5070559788319	4.90514130569611	3.07966721452523	7.9104542431411
2021-05-18	7.25731809540636	6.79632754723647	4.82032859955816	4.27106547747416	13.2591565951966	4.83741048441204	2.97322700454892	7.77345197630372
2021-05-19	7.17547155018692	6.8442938109491	4.80682376856229	3.79111676072431	12.9987859625388	4.76849241226144	2.86925506414245	7.63124093394968
2021-05-20	7.08770774341561	6.88873767175984	4.79251430406273	3.29135798090311	12.7272903338183	4.69828992224677	2.76780552355444	7.484010805972
2021-05-21	6.99423373289653	6.92933719456938	4.77822996844611	2.77242257706693	12.4460159619948	4.62670584737048	2.66893251303346	7.33195128226375
2021-05-22	6.89525657643376	6.9657704442784	4.76480052409904	2.23494398827212	12.1563091000282	4.55364302063503	2.57269016282811	7.17525205271795
2021-05-23	6.79098333183143	6.99771548578759	4.75305573340812	1.67955565357514	11.8595160008782	4.4790042750429	2.479132603187	7.01410280722768
2021-05-24	6.68174491175879	7.02491499630016	4.74370386838634	1.10764041396388	11.5568954117605	4.40273319676797	2.38830048116742	6.84874816002903
2021-05-25	6.56836764834593	7.04737010222944	4.73696723955208	0.52357871815246	11.2493560569142	4.32493638466998	2.30018051106156	6.67965242273044
2021-05-26	6.45180172858808	7.06514654229125	4.73294666705009	0	10.9377191548342	4.24576119078008	2.21474592397033	6.50733483128339
2021-05-27	6.3329973394805	7.07831005520145	4.73174297102509	0	10.6228059240154	4.16535496712946	2.13196995099462	6.33231462163937
2021-05-28	6.21290466801844	7.08692637967586	4.73345697162185	0	10.3054375829527	4.08386506574927	2.05182582323533	6.15511102974988
2021-05-29	6.09247390119715	7.09106125443035	4.73818948898509	0	9.98643535014097	4.0014388386707	1.97428677179337	5.97624329156641
2021-05-30	5.97265522601187	7.09078041818074	4.74604134325956	0	9.66662044407522	3.9182236379249	1.89932602776963	5.79623064304046
2021-05-31	5.85439882945786	7.08614960964288	4.75711335459	0	9.34681408325033	3.83436681554305	1.82691682226502	5.61559232012351
2021-06-01	5.73865489853036	7.07723456753261	4.77150634312115	0	9.02783748616118	3.75001572355632	1.75703238638044	5.43484755876704
2021-06-02	5.62637362022463	7.06410103056577	4.78932112899775	0	8.71051187130274	3.66531771399587	1.68964595121678	5.25451559492258
2021-06-03	5.51850518153593	7.04681473745821	4.81065853236455	0	8.3956584571699	3.58042013889289	1.62473074787496	5.07511566454161
2021-06-04	5.41599976945949	7.02544142692576	4.83561937336629	0	8.08409846225757	3.49547035027854	1.56226000745587	4.8971670035756
2021-06-05	5.31980757099057	7.00004683768427	4.86430447214771	0	7.77665310506067	3.41061570018398	1.50220696106041	4.72118884797607
2021-06-06	5.23087877312442	6.97069670844958	4.89681464885354	0	7.47414360407411	3.32600354064039	1.44454483978949	4.5477004336945
2021-06-07	5.14995963430362	6.93742280009847	4.93304114224828	0	7.17736148989535	3.24183224680555	1.38925329907578	4.37719451567089
2021-06-08	5.07698069876009	6.90012096215153	4.97203686557536	0	6.88697954153199	3.15850428634371	1.33633769167907	4.21005792479928
2021-06-09	5.01166858217308	6.85865306629028	5.01264515069796	0	6.60364085009418	3.07647315004574	1.28580979469093	4.04665101096221
2021-06-10	4.95374990022184	6.81288098419624	5.05370932947925	0	6.32798850669207	2.99619232870249	1.23768138520293	3.88733412404223
2021-06-11	4.90295126858562	6.76266658755093	5.09407273378243	0	6.06066560243577	2.91811531310483	1.19196424030663	3.73246761392187
2021-06-12	4.85899930294368	6.7078717480359	5.13257869547067	0	5.80231522843548	2.84269559404363	1.14867013709362	3.5824118304837
2021-06-13	4.82162061897527	6.64835833733265	5.16807054640714	0	5.55358047580132	2.77038666230975	1.10781085265545	3.43752712361026
2021-06-14	4.79052131566115	6.58402772489372	5.19960100135348	0	5.31495760088432	2.70155445728577	1.06941097527388	3.2981339613153
2021-06-15	4.76532542518813	6.51493927125565	5.22706030666513	0	5.08635552099903	2.63621471272118	1.03354633799145	3.16439328413746
2021-06-16	4.74563646304454	6.441191834726	5.25054809159596	0	4.8675363187009	2.57429561095718	1.00030558504085	3.03642615074661
2021-06-17	4.73105794471872	6.36288427361232	5.27016398539986	0	4.65826207654537	2.51572533433497	0.969777360654815	2.91435361981259
2021-06-18	4.72119338569898	6.28011544622216	5.28600761733073	0	4.45829487708787	2.46043206519576	0.942050309066052	2.79829675000527
2021-06-19	4.71564630147366	6.19298421086308	5.29817861664243	0	4.26739680288385	2.40834398588075	0.917213074507278	2.6883765999945
2021-06-20	4.71402020753108	6.10158942584262	5.30677661258887	0	4.08532993648875	2.35938927873115	0.895354301211206	2.58471422845014
2021-06-21	4.71591861935957	6.00602994946834	5.31190123442393	0	3.911856360458	2.31349612608816	0.876562633410551	2.48743069404204
2021-06-22	4.72094505244746	5.90640464004779	5.31365211140149	0	3.74673815734705	2.27059271029298	0.86092671533803	2.39664705544007
2021-06-23	4.72870302228308	5.80281235588854	5.31212887277543	0	3.58973740971134	2.23060721368682	0.848535191226357	2.31248437131409
2021-06-24	4.73879604435475	5.69535195529811	5.30743114779965	0	3.4406162001063	2.19346781861089	0.839476705308247	2.23506370033393
2021-06-25	4.7508276341508	5.58412229658408	5.29965856572803	0	3.29913661108739	2.15910270740638	0.833839901816415	2.16450610116948
2021-06-26	4.76440130715956	5.46922223805399	5.28891075581446	0	3.16506072521003	2.12744006241451	0.831713424983575	2.10093263249057
2021-06-27	4.77912057886935	5.35075063801539	5.27528734731281	0	3.03815062502966	2.09840806597647	0.833185919042443	2.04446435296707
2021-06-28	4.79473687938512	5.22892014322208	5.25895513400568	0	2.91817233640076	2.0719600212866	0.838354935412874	1.99513892252464
2021-06-29	4.81159329727816	5.10439855421277	5.24034956779046	0	2.80490765837383	2.04814971495175	0.847353654263287	1.95266040611211
2021-06-30	4.83018083573641	4.97796745997245	5.21997326509323	0	2.69814233329843	2.0270560544319	0.860324162949241	1.91664946993415
2021-07-01	4.85099049794779	4.85040844948607	5.19832884234009	0	2.59766210352408	2.00875794718705	0.877408548826297	1.8867267801954
2021-07-02	4.87451328710021	4.7225031117386	5.17591891595712	0	2.50325271140035	1.99333430067716	0.89874889925001	1.8625130031005
2021-07-03	4.90124020638161	4.59503303571501	5.15324610237042	0	2.41469989927677	1.98086402236223	0.924487301575942	1.84362880485411
2021-07-04	4.93166225897988	4.46877981040025	5.13081301800608	0.104180298673138	2.33178940950288	1.97142601970223	0.954765843159651	1.82969485166088
2021-07-05	4.96627044808297	4.34452502477931	5.10912227929018	0.428336675696029	2.25430698442823	1.96509920015715	0.989726611356697	1.82033180972544
2021-07-06	5.00555577687879	4.22305026783715	5.08867650264882	0.743890251084517	2.18203836640236	1.96196247118696	1.02951169352264	1.81516034525245
2021-07-07	5.05000924855526	4.10513712855872	5.06997830450808	1.0504843023513	2.1147692977748	1.96209474025167	1.07426317701303	1.81380112444656
2021-07-08	5.10012186630029	3.991567195929	5.05353030129405	1.34776210700909	2.05228552089511	1.96557491481123	1.12412314918345	1.81587481351241
2021-07-09	5.15638463330182	3.88312205893294	5.03983510943284	1.63536694257058	1.99437277811283	1.97248190232565	1.17923369738943	1.82100207865466
2021-07-10	5.21928855274776	3.78058330655553	5.02939534535051	1.91294208654847	1.94081681177749	1.98289461025489	1.23973690898654	1.82880358607794
2021-07-11	5.28932462782604	3.68473252778171	5.02271362547317	2.18013081645549	1.89140336423865	1.99689194605895	1.30577487133036	1.83890000198692
2021-07-12	5.36704481711698	3.59634450861234	5.02026979045281	2.43684795667173	1.84590409528211	2.01448564963268	1.37747594836376	1.85100041599929
2021-07-13	5.45324490077062	3.51616682311167	5.02245257784499	2.6840945190471	1.80403433443882	2.03541879061046	1.45491361037905	1.86516761138504
2021-07-14	5.54878161432938	3.44494024235985	5.02962794943119	2.92314306229895	1.76549532867597	2.05936727106152	1.53814760425586	1.8815527948272
2021-07-15	5.65451169333572	3.38340553743703	5.04216186699288	3.15526614514459	1.72998832496076	2.08600699305513	1.62723767687384	1.90030717300879
2021-07-16	5.77129187333206	3.33230347942335	5.06042029231153	3.38173632630136	1.69721457026041	2.11501385866051	1.7222435751126	1.92158195261287
2021-07-17	5.89997888986085	3.29237483939894	5.08476918716862	3.60382616448659	1.66687531154212	2.14606376994694	1.8232250458518	1.94552834032245
2021-07-18	6.04142947846452	3.26436038844396	5.11557451334562	3.82280821841761	1.63867179577309	2.17883262898364	1.93024183597107	1.97229754282059
2021-07-19	6.19641785773989	3.24886671012849	5.15312747756858	4.03991736274864	1.61236984618291	2.21304123716579	2.0433317422805	2.00201648569872
2021-07-20	6.3653881785013	3.24596363798244	5.1974202663419	4.25623773588156	1.58799359105072	2.24858999319224	2.16244476131209	2.03471497018194
2021-07-21	6.54870207461745	3.25558681802568	5.24837031111452	4.47281579215505	1.56563173491806	2.28542419508774	2.28750893952824	2.07039851640375
2021-07-22	6.74672117995706	3.27767189627807	5.30589504333544	4.6906979859079	1.54537298232645	2.32348914087707	2.41845232339141	2.10907264449766
2021-07-23	6.95980712838884	3.31215451875947	5.36991189445361	4.91093077147884	1.52730603781741	2.36273012858498	2.55520295936403	2.15074287459715
2021-07-24	7.1883215537815	3.35897033148974	5.440338295918	5.1345606032066	1.51151960593247	2.40309245623625	2.69768889390854	2.19541472683575
2021-07-25	7.43262609000375	3.41805498048875	5.51709167917758	5.36263393542994	1.49810239121316	2.44452142185564	2.84583817348738	2.24309372134695
2021-07-26	7.6930823709243	3.48934411177635	5.60008947568133	5.5961972224876	1.48714309820101	2.48696232346791	2.99957884456298	2.29378537826425
2021-07-27	7.97005203041187	3.57277337137242	5.6892491168782	5.83629691871832	1.47873043143755	2.53036045909783	3.15883895359778	2.34749521772116
2021-07-28	8.26389670233517	3.6682784052968	5.78448803421717	6.08397947846083	1.47295309546429	2.57466112677016	3.32354654705422	2.40422875985118
2021-07-29	8.57497802056291	3.77579485956938	5.8857236591472	6.34029135605389	1.46989979482278	2.61980962450967	3.49362967139474	2.46399152478782
2021-07-30	8.90365761896382	3.89525838021	5.99287342311728	6.60627900583626	1.46965923405452	2.66575125034113	3.66901637308179	2.52678903266457
2021-07-31	9.25029713140658	4.02660461323853	6.10585475757635	6.88298888214664	1.47232011770106	2.71243130228929	3.84963469857777	2.59262680361494
2021-08-01	9.6152581917599	4.16976920467483	6.2245850939734	7.17146743932379	1.47797115030393	2.75979507837893	4.03541269434514	2.66151035777244
2021-08-02	9.99877405857318	4.32457920099896	6.34898394642792	7.47260947671221	1.48664387731295	2.80780870227693	4.22624648092198	2.73338928259558
2021-08-03	10.4005644891184	4.49042725053176	6.47897915974156	7.78670317367936	1.49814120781127	2.8565216002187	4.42190447514895	2.80798943484303
2021-08-04	10.8202208653483	4.66659740205426	6.61450066138649	8.11388505459848	1.51220889179033	2.90600402408176	4.62212316794237	2.88498073859846
2021-08-05	11.2573345692156	4.85237370434749	6.75547837883489	8.4542916438428	1.52859267924157	2.95632622574364	4.82663905021854	2.96403311794554
2021-08-06	11.7114969826729	5.0470402061925	6.90184223955895	8.80805946578553	1.54703832015644	3.00755845708187	5.03518861289377	3.04481649696795
2021-08-07	12.1822994876729	5.24988095637031	7.05352217103083	9.17532504479991	1.56729156452639	3.05977096997398	5.24750834688438	3.12700079974938
2021-08-08	12.6693334661684	5.46018000366196	7.21044810072271	9.55622490525917	1.58909816234286	3.1130340162975	5.46333474310666	3.21025595037349
2021-08-09	13.1720814080466	5.67720916170123	7.37250635574201	9.95061389876904	1.61228207584898	3.16742709002578	5.68236785520076	3.29425227668345
2021-08-10	13.689590234933	5.90019130353285	7.53940886173696	10.3572201858651	1.63698011629461	3.2230666535155	5.904161987702	3.37866172156034
2021-08-11	14.2207979763878	6.12833706705429	7.71082394399106	10.7744902543156	1.66340730718131	3.28007841121915	6.12823500786955	3.46315663164474
2021-08-12	14.7646426619712	6.36085709016304	7.8864199277878	11.2008705918886	1.69177867201061	3.33858806758925	6.35410478296258	3.54740935357723
2021-08-13	15.3200623212433	6.59696201075658	8.06586513841066	11.6348076863523	1.72230923428406	3.3987213270783	6.58128918024025	3.63109223399838
2021-08-14	15.8859949837644	6.83586246673239	8.24882790114312	12.0747480254747	1.75521401750321	3.46060389413879	6.80930606696171	3.71387761954876
2021-08-15	16.4613786790944	7.07676909598794	8.43497654126868	12.5191380970242	1.7907080451696	3.52436147322325	7.03767331038615	3.79543785686894
2021-08-16	17.0451514367937	7.31889253642071	8.62397938407081	12.9664243887687	1.82900634078479	3.59011976878416	7.2659087777727	3.87544529259951
2021-08-17	17.6362512864224	7.56144342592819	8.815504754833	13.4150533884766	1.87032392785031	3.65800448527403	7.49353033638055	3.95357227338103
2021-08-18	18.2336162575405	7.80363240240785	9.00922097883874	13.8634715839157	1.91487582986772	3.72814132714537	7.72005585346885	4.02949114585408
2021-08-19	18.8361843797084	8.04467010375719	9.20479638137152	14.3101254628545	1.96287707033856	3.80065599885068	7.94500319629678	4.10287425665925
2021-08-20	19.4428936824861	8.28376716787365	9.4018992877148	14.7534615130609	2.01454267276438	3.87567420484246	8.16789023212347	4.17339395243708
2021-08-21	20.0526821954338	8.52013423265472	9.60019802315208	15.1919262223032	2.07008766064671	3.95332164957321	8.38823482820809	4.24072257982816
2021-08-22	20.6644879481116	8.75298193599789	9.79936091296685	15.6239660783494	2.12972705748712	4.03372403749545	8.60555485180982	4.30453248547307
2021-08-23	21.2772022951466	8.98157871224425	9.99907555106327	16.0481294908063	2.19369076496314	4.11700099989514	8.81942378145081	4.36461539843597
2021-08-24	21.8895298914333	9.20542418150933	10.1991066058283	16.4633725566349	2.26226819745633	4.20324787539213	9.02963754070527	4.42124057747545
2021-08-25	22.5001287169329	9.42407576035226	10.3992380142697	16.8687532946351	2.33576364752425	4.29255392943977	9.23604766441038	4.47479666377366
2021-08-26	23.1076567516068	9.63709086533221	10.5992537133951	17.2633297236065	2.41448140772444	4.38500842749136	9.43850568740336	4.52567229851279
2021-08-27	23.7107719754164	9.84402691300831	10.798937640212	17.6461598623487	2.49872577061448	4.48070063500023	9.6368631445214	4.57425612287499
2021-08-28	24.3081323683229	10.0444413199397	10.9980737317283	18.0163017296615	2.5888010287519	4.57971981741971	9.83097157060169	4.62093677804243
2021-08-29	24.8983959102878	10.2378915026855	11.1964459249516	18.3728133443445	2.68501147469428	4.68215524020313	10.0206825004815	4.6661029051973
2021-08-30	25.480208071853	10.4240145939697	11.3938449686908	18.7149407541122	2.78757470662026	4.78804887974551	10.205781067842	4.7100838679113
2021-08-31	26.0521642858838	10.602766591175	11.5900888589596	19.0426821223379	2.896361545193	4.89725355620875	10.3857868017412	4.75297191931436
2021-09-01	26.6128474758259	10.7741832078491	11.7850024035733	19.3562236413099	3.01115611669675	5.00957480069643	10.5601528300812	4.79480003492593
2021-09-02	27.1608405651253	10.9383001575396	11.9784104103468	19.6557515033161	3.13174254741576	5.12481814431216	10.7283322807638	4.83560119026549
2021-09-03	27.6947264772278	11.0951531537941	12.1701376870952	19.9414519006447	3.25790496363429	5.24278911815952	10.8897782816913	4.87540836085251
2021-09-04	28.2130881355794	11.2447779101602	12.3600090416336	20.2135110255839	3.38942749163659	5.36329325334211	11.0439439607655	4.91425452220645
2021-09-05	28.7145084636258	11.3872101401855	12.5478492817771	20.4721150704217	3.52609425770691	5.48613608096353	11.1902824458885	4.95217264984677
2021-09-06	29.197570384813	11.5224855574176	12.7334832153407	20.7174502274464	3.66768938812951	5.61112313212737	11.3282468649624	4.98919571929296
2021-09-07	29.6608568225868	11.6506398754042	12.9167356501395	20.949702688946	3.81399700918864	5.73805993793722	11.4572903458891	5.02535670606446
2021-09-08	30.1029507003931	11.7717088076927	13.0974313939885	21.1690586472086	3.96480124716857	5.8667520294967	11.5768660165706	5.06068858568076
2021-09-09	30.5224349416778	11.8857280678308	13.2753952547029	21.3757042945223	4.11988622835352	5.99700493790936	11.6864270049091	5.09522433366131
2021-09-10	30.9178924698867	11.9927333693662	13.4504520400977	21.5698258231754	4.27903607902777	6.12862419427882	11.7854264388065	5.12899692552558
2021-09-11	31.2879062084658	12.0927604258463	13.622426557988	21.7516094254559	4.44203492547556	6.26141532970868	11.8733174461649	5.16203933679304
2021-09-12	31.6310590808608	12.1858449508189	13.7911436161888	21.9212412936519	4.60866689398116	6.39518387530252	11.9495531548863	5.19438454298316
2021-09-13	31.9461948478286	12.2720539419286	13.9564221805209	22.078894157291	4.77860383959876	6.52966205910743	12.013774397592	5.2260135858443
2021-09-14	32.2332006193695	12.3515795332084	14.1180578488279	22.2246868948582	4.95106853246235	6.66428889694452	12.0663728257811	5.25669977204039
2021-09-15	32.4922243427947	12.4246451427883	14.2758403769589	22.358724922078	5.12517147147588	6.79843010157835	12.1079277956718	5.28616447446426
2021-09-16	32.7234139654153	12.4914741887984	14.4295595207634	22.4811136546748	5.30002315554328	6.93145138577353	12.1390186634825	5.31412906600875
2021-09-17	32.9269174345427	12.5522900893687	14.5790050360904	22.5919585083732	5.47473408356849	7.06271846229461	12.1602247854315	5.34031491956668
2021-09-18	33.1028826974879	12.6073162626294	14.7239666787894	22.6913648988975	5.64841475445547	7.19159704390622	12.1721255177371	5.36444340803089
2021-09-19	33.2514577015623	12.6567761267104	14.8642342047094	22.7794382419723	5.82017566710813	7.3174528433729	12.1753002166176	5.38623590429419
2021-09-20	33.3727903940769	12.7008930997418	14.9995973696997	22.8562839533221	5.98912732043041	7.43965157345926	12.1703282382914	5.40541378124943
2021-09-21	33.4670287223431	12.7398905998538	15.1298459296097	22.9220074486712	6.15438021332627	7.55755894692987	12.1577889389768	5.42169841178943
2021-09-22	33.534320633672	12.7739920451762	15.2547696402886	22.9767141437441	6.31504484469964	7.67054067654933	12.1382616748921	5.43481116880702
2021-09-23	33.5748140753748	12.8034208538393	15.3741582575855	23.0205094542653	6.47023171345446	7.77796247508221	12.1123258022557	5.44447342519503
2021-09-24	33.5886569947627	12.8284004439729	15.4878015373498	23.0534987959594	6.61905131849467	7.8791900552931	12.0805606772858	5.45040655384629
2021-09-25	33.575997339147	12.8491542337073	15.5954892354307	23.0757875845506	6.76061415872421	7.9735891299466	12.0435456562008	5.45233192765363
2021-09-26	33.5369830558388	12.8659056411725	15.6970111076774	23.0874812357636	6.89403073304701	8.06052541180727	12.0018600952189	5.44997091950988
2021-09-27	33.4719562664	12.8788431648785	15.7920632562566	23.0887648824637	7.0186798172996	8.13944366702544	11.9560093775106	5.44311712052943
2021-09-28	33.3820357893956	12.8880156248561	15.879967168604	23.0801425260803	7.13501329504882	8.21010487529431	11.9062029940536	5.43185299471292
2021-09-29	33.2685346176412	12.893436921516	15.9599506784728	23.0621978851836	7.24375132679406	8.27234906969284	11.852576462778	5.41633322428252
2021-09-30	33.1327657439522	12.8951209552689	16.0312416196161	23.0355146783439	7.34561407303474	8.32601628329996	11.7952653016135	5.39671249146042
2021-10-01	32.9760421611444	12.8930816265256	16.093067825787	23.0006766241316	7.44132169427028	8.37094654919461	11.7344050284902	5.37314547846883
2021-10-02	32.7996768620333	12.8873328356967	16.1446571307388	22.9582674411168	7.53159435100007	8.40697990045573	11.6701311613378	5.34578686752992
2021-10-03	32.6049828394344	12.877888483193	16.1852373682244	22.90887084787	7.61715220372354	8.43395637016227	11.6025792180864	5.31479134086589
2021-10-04	32.3932000769783	12.8647158186601	16.2141629654807	22.853078654656	7.6985419632458	8.45180256008117	11.5318941118803	5.28031663385239
2021-10-05	32.1652765215551	12.8475954886827	16.2312947236788	22.7915150385184	7.77561654159489	8.46079134673132	11.458258336723	5.24253269447894
2021-10-06	31.9220871108695	12.8262614890805	16.2366200374734	22.7248122681956	7.84805540110454	8.46128217531964	11.3818637818323	5.20161252388853
2021-10-07	31.6645067826265	12.8004478156731	16.2301263015192	22.6536026124259	7.91553800410847	8.45363449105301	11.3029023364261	5.15772912322413
2021-10-08	31.3934104745311	12.7698884642801	16.211800910471	22.5785183399475	7.97774381294043	8.43820773913835	11.2215658897225	5.11105549362874
2021-10-09	31.1096731242882	12.7343174307211	16.1816312589835	22.5001917194987	8.03435228993414	8.41536136478255	11.1380463309393	5.06176463624534
2021-10-10	30.8141696696026	12.6934687108158	16.1396047417114	22.4192550198178	8.08504289742335	8.38545481319251	11.0525355492944	5.01002955221691
2021-10-11	30.5077750481793	12.6470763003837	16.0857087533095	22.336340509643	8.12949509774179	8.34884752957513	10.9652254340059	4.95602324268644
2021-10-12	30.1913641977232	12.5948741952446	16.0199306884325	22.2520804577128	8.1673883532232	8.30589895913733	10.8763078742916	4.89991870879691
2021-10-13	29.8658120559392	12.5365963912179	15.9422579417351	22.1671071327653	8.1984021262013	8.25696854708598	10.7859747593695	4.84188895169131
2021-10-14	29.5319935605322	12.4719768841234	15.8526779078721	22.0820528035388	8.22221587900984	8.20241573862799	10.6944179784575	4.78210697251263
2021-10-15	29.1907836492072	12.4007496697806	15.7511779814981	21.9975497387717	8.23850907398255	8.14259997897028	10.6018294207735	4.72074577240384
2021-10-16	28.843057259669	12.3226487440092	15.637745557268	21.9142302072021	8.24696117345317	8.07788071331972	10.5084009755355	4.65797835250793
2021-10-17	28.4896893296227	12.2374081026287	15.5123680298364	21.8327264775685	8.24725163975543	8.00861738688324	10.4143245319614	4.59397771396789
2021-10-18	28.1315107631882	12.1447888246588	15.3751592481342	21.7536290297087	8.23913678541691	7.93517694601622	10.3197458351159	4.52882881902068
2021-10-19	27.7691763301473	12.0446603219185	15.2267388781973	21.6773611878596	8.22268032374062	7.85795634166813	10.2246260534509	4.4622644742792
2021-10-20	27.4032967666966	11.9369190894271	15.0678530403376	21.6043044873577	8.19802281822341	7.77736002593692	10.1288802112648	4.39392944745033
2021-10-21	27.034482809033	11.8214616222034	14.8992478548671	21.5348404635394	8.16530483236211	7.69379245092054	10.0324233328563	4.32346850624094
2021-10-22	26.6633451933531	11.6981844152668	14.7216694420978	21.4693506517411	8.12466692965359	7.60765806871694	9.93517044252389	4.25052641835792
2021-10-23	26.2904946558539	11.5669839636361	14.5358639223415	21.4082165872994	8.07624967359469	7.51936133142409	9.83703656456621	4.17474795150814
2021-10-24	25.916541932732	11.4277567623306	14.3425774159104	21.3518198055508	8.02019362768226	7.42930669113993	9.73793672328182	4.09577787339849
2021-10-25	25.5420004997021	11.2804722176579	14.1425327171565	21.3003426178885	7.95668281492452	7.33785024786348	9.63774571398637	4.01334559629672
2021-10-26	25.16699479055	11.1253913810803	13.9363593165926	21.2531704399333	7.88607509637527	7.24515469319799	9.53617741606382	3.92751911071422
2021-10-27	24.7915519785793	10.9628482153488	13.7246633787718	21.2094894633627	7.80877179259966	7.15133436664777	9.43290547991524	3.83845105172325
2021-10-28	24.4156992370938	10.7931766832142	13.508051068247	21.1684858798542	7.72517422416284	7.0565036077171	9.32760355594167	3.74629405439605
2021-10-29	24.039463739397	10.6167107474274	13.2871285495712	21.1293458810853	7.63568371163	6.96077675591033	9.21994529454419	3.65120075380491
2021-10-30	23.6628726587926	10.4337843707394	13.0625019872975	21.0912556587336	7.54070157556628	6.86426815073175	9.10960434612383	3.55332378502208
2021-10-31	23.2859531685843	10.2447315159012	12.8347775459787	21.0534014044765	7.44062913653685	6.76709213168567	8.99625436108166	3.45281578311982
2021-11-01	22.9087324420757	10.0498861456635	12.604561390168	21.0149693099917	7.33586771510687	6.66936303827638	8.87956898981873	3.3498293831704
2021-11-02	22.5312376525705	9.8495822227773	12.3724596844183	20.9751455669566	7.2268186318415	6.57119521000821	8.75922188273609	3.24451722024608
2021-11-03	22.1534959733722	9.64415370999355	12.1390785932825	20.9331163670488	7.11388320730591	6.47270298638546	8.6348866902348	3.13703192941911
2021-11-04	21.7755345777847	9.43393457006316	11.9050242813137	20.8880679019458	6.99746276206525	6.37400070691243	8.50623706271591	3.02752614576177
2021-11-05	21.3973806391114	9.21925876573702	11.6709029130649	20.8391863633251	6.87795861668468	6.27520271109344	8.37294665058048	2.91615250434632
2021-11-06	21.0190613306561	9.00046025976606	11.437320653089	20.7856579428643	6.75577209172938	6.17642333843278	8.23468910422957	2.80306364024501
2021-11-07	20.6406038257224	8.77787301490117	11.204883665939	20.7266688322408	6.63130450776449	6.07777692843477	8.09113807406421	2.6884121885301
2021-11-08	20.2620073915889	8.55181733364966	10.974072477998	20.6615689632997	6.50487115678494	5.97934434791934	7.94207926213181	2.57233830199664
2021-11-09	19.8831596714338	8.32255887754422	10.7448650629684	20.5903632285554	6.37644321650462	5.8810725729689	7.7877465770651	2.45493220433071
2021-11-10	19.5039204024102	8.09034964787391	10.517113756383	20.51322026069	6.2459058360672	5.78287510698147	7.62848597914309	2.33627163694116
2021-11-11	19.1241493216712	7.85544164592781	10.2906708937743	20.4303086923854	6.11314416461633	5.68466545335508	7.46464342864487	2.21643434123686
2021-11-12	18.74370616637	7.61808687299498	10.0653888106748	20.3417971563235	5.97804335129565	5.58635711548776	7.29656488584946	2.09549805862667
2021-11-13	18.3624506736597	7.37853733036449	9.84111984261731	20.2478542851863	5.84048854524884	5.48786359677754	7.12459631103593	1.97354053051943
2021-11-14	17.9802425806934	7.13704501932541	9.61771632513424	20.1486487116559	5.70036489561953	5.38909840062245	6.94908366448332	1.85063949832401
2021-11-15	17.5969416246243	6.8938619411668	9.39503059375824	20.044349068414	5.5575575515514	5.28997503042051	6.77037290647068	1.72687270344927
2021-11-16	17.2124075426054	6.64924009717772	9.17291498402189	19.9351239881428	5.41195166218808	5.19040698956976	6.58880999727706	1.60231788730406
2021-11-17	16.8265000717899	6.40343148864724	8.95122183145777	19.8211421035242	5.26343237667323	5.09030778146821	6.4047408971815	1.47705279129723
2021-11-18	16.4390789493309	6.15668811686444	8.72980347159851	19.7025720472401	5.11188484415051	4.98959090951391	6.21851156646308	1.35115515683765
2021-11-19	16.0500039123815	5.90926198311839	8.50851223997666	19.5795824519725	4.95719421376359	4.88816987710488	6.03046796540082	1.22470272533418
2021-11-20	15.659134698095	5.66140508869814	8.28720047212484	19.4523419504033	4.7992456346561	4.78595818763915	5.84095605427379	1.09777323819568
2021-11-21	15.2663310436243	5.41336943489277	8.0657205035756	19.3210191752146	4.63792425597171	4.68286934451475	5.65032179336103	0.970444436830996
