date	state	King	Snohomish	Pierce	Ann Arbor	Boston	San Diego	DC
2020-01-26	0	0	0	0	0	0	0	0
2020-01-27	0	0	0	0	0	0	0	0
2020-01-28	0	0	0	0	0	0	0	0
2020-01-29	0	0	0	0	0	0	0	0
2020-01-30	0	0	0	0	0	0	0	0
2020-01-31	0	0	0	0	0	0	0	0
2020-02-01	0	0	0	0	0	0	0	0
2020-02-02	0	0	0	0	0	0	0	0
2020-02-03	0	0	0	0	0	0	0	0
2020-02-04	0	0	0	0	0	0	0	0
2020-02-05	0	0	0	0	0	0	0	0
2020-02-06	0	0	0	0	0	0	0	0
2020-02-07	0	0	0	0	0	0	0	0
2020-02-08	0	0	0	0	0	0	0	0
2020-02-09	0	0.92856059245105	5.09362330632213	0	0	0	0	0
2020-02-10	0	5.0332804780674	10.4080055193169	0	0	0	0	0
2020-02-11	2.33431580746069	9.29157100375773	15.9063178113913	0	0	0	0	0
2020-02-12	4.99308486743615	13.7153192938007	21.6024308503235	0	0	0	0	0
2020-02-13	7.77197433659703	18.316412472475	27.5102153038915	1.18971747584556	0	0	0	0
2020-02-14	10.679275261737	23.1067376640593	33.6435418398734	3.18153449714999	1.80622968718594	0	0	0
2020-02-15	13.7232786896497	28.0981819928322	40.0162811260472	5.28487709234376	6.11013395275618	0	0	0
2020-02-16	16.9122756671288	33.3026325830725	46.6423038301911	7.50672611514386	10.6778650539907	0	0	0
2020-02-17	20.2545860750541	38.7316932937043	53.534952920836	9.85438669462217	15.526027645727	0	0	0
2020-02-18	23.7586451306503	44.3958349222344	60.7054605695251	12.3364610612701	20.6745096990454	7.61630340383506	0.842821681567104	0
2020-02-19	27.4329168852282	50.305245000815	68.1645312485541	14.961875720934	26.1440200140872	25.9374060084814	1.99088661589263	0
2020-02-20	31.2858653900987	56.4701110615984	75.9228694302189	17.73955717946	31.9552673909934	45.7181308556194	3.22904471896404	0
2020-02-21	35.3259546965726	62.9006206367368	83.9911795868155	20.6784319426945	38.1289606299054	67.0594452146982	4.56352643267951	0
2020-02-22	39.5616488559607	69.6069612583825	92.38016619064	23.7874265164838	44.6858085309642	90.0623163551664	6.00056219893717	0
2020-02-23	44.0014119195738	76.5993204586878	101.100533713988	27.0754674066742	51.646519894311	114.827711546473	7.54638245963516	6.72135472750846
2020-02-24	48.6510886769246	83.8837011737655	110.157430878421	30.5494541221539	59.0278900913667	141.445006092579	9.20648117393521	14.6934241942326
2020-02-25	53.5060468703329	91.4493679555712	119.533783402566	34.208178183979	66.8310607786706	169.957207435496	10.9834063700534	23.3767066038976
2020-02-26	58.5590349803205	99.2814007600211	129.206961254312	38.048404116248	75.053260184042	200.395731051747	12.8789695934694	32.7962031077774
2020-02-27	63.8028014874089	107.364879543031	139.154334401552	42.0668964430588	83.6917165352998	232.791992417856	14.8949823896628	42.9769148571456
2020-02-28	69.2300948721198	115.684884260518	149.353272812177	46.2604196885098	92.7436580602631	267.177407010347	17.0332563041133	53.9438430032759
2020-02-29	74.8336636149748	124.226494868398	159.781146454077	50.6257383766991	102.206312986751	303.583390305744	19.2956028823006	65.721988697442
2020-03-01	80.6062561964957	132.974791322587	170.415325295145	55.159617031725	112.076909542583	342.041357780569	21.6838336697042	78.3363530909175
2020-03-02	86.540621097204	141.914853579001	181.233179303271	59.8588201776855	122.352675955577	382.582724911348	24.199760211804	91.8119373349762
2020-03-03	92.6295067976214	151.031761593556	192.212078446347	64.720112338679	133.030840453554	425.238907174602	26.8451940540794	106.173742580892
2020-03-04	98.8656617782696	160.310595322169	203.329392692264	69.7402580388036	144.108631264331	470.041320046856	29.6219467420102	121.446769979938
2020-03-05	105.24183451967	169.736434720755	214.562492008913	74.9160218021574	155.583276615729	517.021379004634	32.5318298210761	137.656020683388
2020-03-06	111.750773502345	179.294359745232	225.888746364186	80.2441681528388	167.452004735566	566.210499524459	35.5766548367566	154.826495842517
2020-03-07	118.385227206815	188.969450351514	237.285525725974	85.7214616149459	179.712043851661	617.640097082855	38.7582333345315	172.983196608596
2020-03-08	125.137944113603	198.746786495519	248.730200062167	91.344666712577	192.360622191833	671.341587156346	42.0783768598804	192.151124132902
2020-03-09	131.998004826428	208.606600336632	260.193088160541	97.1080130866451	205.387085471782	727.326887682912	45.5374399851245	212.350728150788
2020-03-10	138.939818441798	218.509732848111	271.616304088397	102.995590845323	218.749249358721	785.529926446363	49.1299493899517	233.584252733935
2020-03-11	145.934126179421	228.412177206685	282.93491073292	108.9889552136	232.397047007746	845.865133691968	52.8489747808914	255.849390538108
2020-03-12	152.951669259004	238.269926589084	294.083970981295	115.069661416462	246.280411573952	908.246939664993	56.6875858644731	279.14383421907
2020-03-13	159.963188900254	248.038974172035	304.998547720708	121.2192646789	260.349276212433	972.589774610705	60.6388523472262	303.465276432582
2020-03-14	166.939426322878	257.675313132267	315.613703838342	127.419320225899	274.553574078284	1038.80806877437	64.6958439356802	328.811409834409
2020-03-15	173.851122746582	267.134936646508	325.864502221383	133.651383282449	288.8432383266	1106.81625240126	68.8516303363643	355.179927080314
2020-03-16	180.670060011212	276.376884277592	335.691946014852	139.894623585327	303.163953868113	1176.49873797026	73.0980757589246	382.555657097199
2020-03-17	187.372182437163	285.372381132775	345.060799395106	146.118668918466	317.444412636111	1247.61986689477	77.4222224254723	410.871973896533
2020-03-18	193.934474964967	294.09569870542	353.941766796341	152.290761577591	331.60905831952	1319.91396282179	81.8099070612348	440.049387760923
2020-03-19	200.333922535157	302.521108488887	362.305552652751	158.378143858423	345.582334607265	1393.11534939835	86.24696639144	470.008408972978
2020-03-20	206.547510088268	310.622881976537	370.122861398531	164.348058056686	359.288685188273	1466.95835027145	90.7192371413153	500.669547815304
2020-03-21	212.55222256483	318.375290661734	377.364397467874	170.167746468103	372.652553751468	1541.17728908812	95.2125560360884	531.953314570509
2020-03-22	218.325044905379	325.752606037838	384.000865294976	175.804451388398	385.598383985777	1615.50648949535	99.7127598009871	563.780219521202
2020-03-23	223.842962050446	332.72909959821	390.002969314031	181.225415113293	398.050619580125	1689.68027514018	104.205685161239	596.07077294999
2020-03-24	229.082958940566	339.279042836213	395.341413959232	186.397879938512	409.933704223438	1763.43296966962	108.677168842071	628.745485139482
2020-03-25	234.022020516269	345.376707245208	399.986903664775	191.289088159777	421.172081604642	1836.49889673067	113.113047568712	661.724866372284
2020-03-26	238.637131718091	350.996364318557	403.910142864854	195.866282072813	431.690195412662	1908.61237997035	117.499158066388	694.929426931005
2020-03-27	242.905277486563	356.112285549621	407.081835993664	200.096703973341	441.412489336425	1979.50774303568	121.821337060329	728.279677098253
2020-03-28	246.803442762219	360.698742431761	409.472687485398	203.947596157085	450.263407064855	2048.91930957367	126.06542127576	761.696127156635
2020-03-29	250.308612485591	364.73000645834	411.053401774251	207.386200919769	458.167392286879	2116.58140323133	130.21724743791	795.09928738876
2020-03-30	253.404166163948	368.186988960156	411.806488958623	210.387590848724	465.06556743391	2182.23474842629	134.265727241053	828.410352102713
2020-03-31	256.099061571494	371.07716061776	411.761681793733	212.95815969772	470.965769907311	2245.64567265861	138.212072255652	861.553251708494
2020-04-01	258.408651049167	373.414631949137	410.960518699008	215.112131512137	475.892515850934	2306.58690419896	142.060569021213	894.452600641581
2020-04-02	260.348286937908	375.213513472275	409.444538093871	216.863730337353	479.87032140863	2364.831171318	145.815504077246	927.03301333745
2020-04-03	261.933321578654	376.487915705161	407.255278397749	218.227180218747	482.923702724251	2420.15120228641	149.481163963259	959.219104231581
2020-04-04	263.179107312347	377.251949165783	404.434278030066	219.216705201698	485.077175941647	2472.31972537484	153.061835218761	990.935487759451
2020-04-05	264.100996479923	377.519724372126	401.023075410248	219.846529331585	486.355257204669	2521.10946885398	156.56180438326	1022.10677835654
2020-04-06	264.714341422323	377.305351842178	397.06320895772	220.130876653787	486.78246265717	2566.29316099448	159.985357996264	1052.65759045832
2020-04-07	265.034494480486	376.622942093926	392.596217091906	220.083971213682	486.383308443001	2607.64353006702	163.336782597282	1082.51253850027
2020-04-08	265.076807995351	375.486605645357	387.663638232233	219.72003705665	485.182310706012	2644.93330434227	166.620364725823	1111.59623691787
2020-04-09	264.856634307856	373.910453014458	382.307010798125	219.05329822807	483.203985590054	2677.93521209088	169.840390921394	1139.8333001466
2020-04-10	264.389325758942	371.908594719216	376.567873209007	218.097978773321	480.47284923898	2706.42198158354	173.001147723504	1167.14834262194
2020-04-11	263.690234689546	369.495141277618	370.487763884306	216.868302737781	477.013417796641	2730.16634109091	176.106921671661	1193.46597877935
2020-04-12	262.774713440609	366.684203207651	364.108221243445	215.378494166829	472.850207406887	2748.94101888366	179.161999305375	1218.71082305433
2020-04-13	261.659236842002	363.492020626354	357.468720198954	213.644651155996	468.012359535002	2762.56959934672	182.169266648539	1242.8139298234
2020-04-14	260.364769679329	359.943352046975	350.600481635778	211.690368001411	462.547516931998	2771.07909132209	185.126007662594	1265.73211322727
2020-04-15	258.913399227127	356.065085581813	343.532662931966	209.541113049359	456.50794767032	2774.54735976605	188.028105793368	1287.42862734771
2020-04-16	257.327212759933	351.884109343168	336.294421465566	207.222354646119	449.945919822413	2773.05226963485	190.871444486685	1307.8667262665
2020-04-17	255.628297552284	347.42731144334	328.914914614628	204.759561137976	442.913701460721	2766.67168588478	193.651907188374	1327.00966406539
2020-04-18	253.838740878715	342.721579994628	321.423299757199	202.17820087121	435.463560657688	2755.4834734721	196.365377344261	1344.82069482615
2020-04-19	251.980630013765	337.793803109332	313.848734271329	199.503742192104	427.647765485759	2739.56549735307	199.007738400172	1361.26307263056
2020-04-20	250.074755114009	332.669724430288	306.218337722503	196.75915005538	419.51537385826	2719.02290244777	201.576497469039	1376.30336606552
2020-04-21	248.136717864176	327.370509722476	298.551078425947	193.957375849518	411.102603052043	2694.06995353149	204.075656332206	1389.92140173852
2020-04-22	246.180822831039	321.91618028141	290.863886884324	191.10886757144	402.442460184839	2664.94819534335	206.510840438123	1402.1003207622
2020-04-23	244.221374581365	316.326757402608	283.173693600298	188.224073218066	393.567952374384	2631.89917262244	208.887675235238	1412.82326424918
2020-04-24	242.272677681924	310.622262381585	275.497429076531	185.313440786316	384.512086738408	2595.16443010786	211.211786172002	1422.0733733121
2020-04-25	240.349036699487	304.822716513856	267.852023815687	182.387418273112	375.307870394646	2554.98551253873	213.488798696862	1429.83378906359
2020-04-26	238.464756200822	298.948141094938	260.254408320427	179.456453675374	365.98831046083	2511.60396465414	215.724338258269	1436.08765261628
2020-04-27	236.634140752701	293.018557420345	252.721513093416	176.530994990023	356.586414054694	2465.26133119319	217.924030304671	1440.8181050828
2020-04-28	234.871494921891	287.053986785595	245.270268637316	173.621490213979	347.135188293969	2416.19915689499	220.093500284518	1444.00828757579
2020-04-29	233.191123275163	281.074450486203	237.917605454789	170.738387344163	337.66764029639	2364.65898649864	222.238373646259	1445.64134120788
2020-04-30	231.607330379287	275.099969817684	230.680454048499	167.892134377497	328.21677717969	2310.88236474325	224.364275838342	1445.7004070917
2020-05-01	230.134420801033	269.150566075554	223.575744921109	165.0931793109	318.8156060616	2255.11083636791	226.476832309217	1444.16862633988
2020-05-02	228.786699107169	263.246260555329	216.620408575282	162.351970141294	309.497134059855	2197.58594611173	228.581668507334	1441.02914006505
2020-05-03	227.578469864466	257.407074552525	209.83137551368	159.678954865598	300.294368292186	2138.54923871382	230.684409881141	1436.26508937985
2020-05-04	226.524626799356	251.653597375589	203.225163862055	157.085214282008	291.23693204307	2078.24143624177	232.793085966488	1429.87353802098
2020-05-05	225.642420276924	246.008690384692	196.816642238507	154.584360393811	282.340913263951	2016.89997007716	234.925342648829	1421.90724022143
2020-05-06	224.949689821917	240.495782952937	190.620266884227	152.190638005568	273.619016073013	1954.76144893006	237.101229901018	1412.43287283824
2020-05-07	224.464274959082	235.138304453425	184.650494040403	149.918291921841	265.083944588445	1892.06248151055	239.340797695908	1401.51711272849
2020-05-08	224.204015213167	229.95968425926	178.921779948227	147.78156694719	256.748402928431	1829.03967652869	241.664096006355	1389.22663674923
2020-05-09	224.18675010892	224.983351743544	173.448580848885	145.794707886178	248.625095211158	1765.92964269457	244.091174805212	1375.62812175752
2020-05-10	224.430319171087	220.232736279379	168.24535298357	143.971959543365	240.726725554813	1702.96898871826	246.642084065333	1360.78824461041
2020-05-11	224.949715494784	215.729119799792	163.325215520787	142.326042575257	233.065494525199	1640.37199841575	249.337373369532	1344.7742026018
2020-05-12	225.748546456598	211.485194477509	158.695939338318	140.863581046138	225.651588478602	1578.26365602676	252.199590740456	1327.65527477295
2020-05-13	226.827573003485	207.511505045179	154.36395824126	139.589674872237	218.494690218921	1516.74662089692	255.251783810711	1309.50126060198
2020-05-14	228.1875560824	203.818596235451	150.335706034714	138.509423969784	211.60448255006	1455.92355237186	258.517000212906	1290.38195956698
2020-05-15	229.829256640298	200.417012780975	146.617616523778	137.627928255005	204.990648275919	1395.89710979722	262.018287579645	1270.36717114606
2020-05-16	231.753435624134	197.317299414401	143.21612351355	136.950287644131	198.662870200401	1336.76995251863	265.778693543536	1249.52669481731
2020-05-17	233.960853980865	194.530000868377	140.137660809129	136.481602053389	192.630831127408	1278.64473988174	269.821265737185	1227.93033005886
2020-05-18	236.452272657444	192.065661875555	137.388662215614	136.226971399009	186.904213860841	1221.62413123217	274.1690517932	1205.64787634879
2020-05-19	239.228452600829	189.934827168582	134.975561538104	136.19149559722	181.492701204603	1165.81078591557	278.845099344185	1182.74913316522
2020-05-20	242.290154757972	188.148041480109	132.904792581697	136.380274564249	176.405975962595	1111.30736327755	283.872456022749	1159.30389998624
2020-05-21	245.638140075831	186.715849542785	131.182789151493	136.798408216326	171.653720938719	1058.21652266377	289.274169461498	1135.38197628996
2020-05-22	249.273169501361	185.648796089261	129.815985052589	137.45099646968	167.245618936877	1006.64092341986	295.073287293039	1111.05316155449
2020-05-23	253.196003981516	184.957425852184	128.810814090085	138.343139240538	163.191352760972	956.683224891445	301.292857149977	1086.38725525793
2020-05-24	257.407404463252	184.652283564205	128.173710069079	139.479936445131	159.500605214904	908.446086424169	307.95592666492	1061.45405687837
2020-05-25	261.907390738493	184.741662347818	127.909463671685	140.867485420347	156.182385994491	862.01311022724	315.082519977486	1036.32304771688
2020-05-26	266.693017979039	185.224848884887	128.016293088075	142.515873185724	153.243012363208	817.391669964175	322.680567255336	1011.06243636621
2020-05-27	271.760600201657	186.098878247123	128.490773385438	144.436184181458	150.688128476446	774.57008216207	330.754975173144	985.740113242107
2020-05-28	277.106451423116	187.360785506235	129.32947963096	146.639502847748	148.523378489597	733.536663348016	339.310650405582	960.423968760275
2020-05-29	282.726885660184	189.007605733933	130.52898689183	149.136913624791	146.75440655805	694.279730049107	348.352499627325	935.181893336439
2020-05-30	288.618216929629	191.036374001927	132.085870235235	151.939500952785	145.386856837197	656.787598792436	357.885429513045	910.081777386318
2020-05-31	294.776759248218	193.444125381926	133.996704728361	155.058349271927	144.426373482427	621.048586105097	367.914346737415	885.19151132563
2020-06-01	301.198826632721	196.227894945639	136.258065438398	158.504543022414	143.878600649133	587.051008514183	378.444157975109	860.578985570097
2020-06-02	307.880733099905	199.384717764778	138.866527432532	162.289166644446	143.749182492704	554.783182546787	389.4797699008	836.312090535437
2020-06-03	314.818792666539	202.91162891105	141.818665777951	166.423304578218	144.043763168531	524.233424730004	401.026089189161	812.458716637371
2020-06-04	322.00931934939	206.805663456166	145.111055541843	170.918041263929	144.767986832006	495.390051590925	413.088022514865	789.086754291618
2020-06-05	329.448627165226	211.063856471835	148.740271791394	175.784461141776	145.927497638518	468.241379656645	425.670476552585	766.264093913897
2020-06-06	337.133030130816	215.683243029768	152.702889593794	181.033648651958	147.527939743459	442.775725454257	438.778357976995	744.058625919928
2020-06-07	345.058842262929	220.660858201673	156.995484016228	186.676688234671	149.574957302219	418.981405510854	452.416573462768	722.538240725431
2020-06-08	353.221772795676	225.991814148235	161.612996770807	192.722489800999	152.071298556407	396.841588922422	466.583318913325	701.76656519573
2020-06-09	361.615111832551	231.66353138604	166.543836149332	199.171265145574	155.0081280925	376.318855060522	481.249947147084	681.790171994557
2020-06-10	370.231544694393	237.661507520648	171.774777088525	206.021051533912	158.373714583194	357.370635865605	496.381100211209	662.651370235251
2020-06-11	379.06375670204	243.97124015762	177.292594525109	213.26988623153	162.156326701184	339.954363278123	511.941420152866	644.392469031151
2020-06-12	388.10443317633	250.578226902516	183.084063395807	220.915806503945	166.344233119166	324.027469238529	527.895549019221	627.055777495594
2020-06-13	397.346259438102	257.467965360896	189.13595863734	228.956849616674	170.925702509834	309.547385687276	544.208128857439	610.683604741918
2020-06-14	406.781920808194	264.625953138322	195.435055186432	237.391052835234	175.889003545886	296.471544564815	560.843801714685	595.318259883461
2020-06-15	416.401404379588	272.035408238251	201.966556372205	246.212826943308	181.219634602301	284.756739964302	577.76243244221	580.993202248608
2020-06-16	426.18390433384	279.670430255739	208.709379093376	255.402076797247	186.892012863207	274.357214589704	594.904777107606	567.706492025943
2020-06-17	436.10591662465	287.50283918374	215.64086864106	264.935080771565	192.877785215016	265.226573297691	612.206814582551	555.447339619092
2020-06-18	446.143937205717	295.504455015205	222.738370306375	274.788117240779	199.14859854414	257.318420944935	629.604523738721	544.204955431687
2020-06-19	456.274462030741	303.64709774309	229.979229380435	284.937464579405	205.676099736993	250.586362388105	647.033883447795	533.968549867356
2020-06-20	466.473987053423	311.902587360346	237.340791154359	295.359401161959	212.431935679985	244.984002483871	664.43087258145	524.727333329729
2020-06-21	476.719008227461	320.242743859928	244.80040091926	306.030205362957	219.387753259531	240.464946088905	681.731470011363	516.470516222435
2020-06-22	486.986021506555	328.639387234789	252.335403966257	316.926155556915	226.515199362042	236.982798059876	698.871654609212	509.187308949103
2020-06-23	497.251522844405	337.064337477882	259.923145586464	328.023530118349	233.785920873931	234.491163253456	715.787405246674	502.866921913364
2020-06-24	507.492008194711	345.489414582161	267.540971070999	339.298607421775	241.17156468161	232.943646526313	732.414700795426	497.498565518845
2020-06-25	517.683973511173	353.886438540579	275.166225710977	350.727665841709	248.643777671493	232.29385273512	748.689520127147	493.071450169178
2020-06-26	527.803914747489	362.227229346088	282.776254797514	362.286983752666	256.174206729991	232.495386736545	764.547842113513	489.574786267991
2020-06-27	537.828327857361	370.483606991644	290.348403621726	373.952839529164	263.734498743517	233.50185338726	779.925645626202	486.997784218914
2020-06-28	547.733708794487	378.627391470198	297.860017474731	385.701511545718	271.296300598483	235.266857543935	794.758909536891	485.329654425575
2020-06-29	557.493726471007	386.631955181273	305.28804420125	397.506022472198	278.826310903626	237.744064538245	808.98841941014	484.550728707286
2020-06-30	567.070741632823	394.476880150667	312.607841860435	409.326372159892	286.271435156978	240.887381601885	822.574187582031	484.60582454608
2020-07-01	576.424287984274	402.143300810745	319.794371065044	421.119304755444	293.573630578895	244.650776441556	835.48103308153	485.430880839672
2020-07-02	585.513899229702	409.612351593874	326.822592427834	432.841564405496	300.674854389734	248.988216763958	847.673774937603	486.961836485776
2020-07-03	594.299109073447	416.865166932419	333.667466561564	444.449895256691	307.517063809849	253.853670275791	859.117232179213	489.134630382106
2020-07-04	602.73945121985	423.882881258747	340.30395407899	455.90104145567	314.042216059597	259.201104683755	869.776223835326	491.885201426378
2020-07-05	610.794459373252	430.646629005224	346.707015592873	467.151747149078	320.192268359334	264.98448769455	879.615568934908	495.149488516307
2020-07-06	618.428115245932	437.138861902542	352.853487535717	478.159621944116	325.919281501267	271.16135547268	888.60645086794	498.865685569723
2020-07-07	625.622192581923	443.347300874702	358.727709619031	488.885737290221	331.215730565007	277.70351801386	896.745510468474	502.981006584934
2020-07-08	632.362913133197	449.260984144032	364.315897374069	499.292030097392	336.084194202013	284.586353771607	904.035752931579	507.444920580361
2020-07-09	638.636498651726	454.868949932858	369.604266332086	509.340437275624	340.527251063749	291.785241199441	910.480183452323	512.206896574427
2020-07-10	644.429170889483	460.160236463507	374.579032024339	518.992895734916	344.547479801674	299.27555875088	916.081807225775	517.216403585555
2020-07-11	649.727151598437	465.123881958308	379.226409982083	528.211342385265	348.14745906725	307.032684879442	920.843629447004	522.422910632168
2020-07-12	654.516662530563	469.748924639587	383.532615736574	536.957714136668	351.329767511938	315.031998038644	924.768655311078	527.775886732689
2020-07-13	658.783925437831	474.024402729672	387.483864819067	545.193947899122	354.0969837872	323.248876682006	927.859890013066	533.224800905541
2020-07-14	662.515162072213	477.939354450889	391.066372760818	552.881980582624	356.451686544496	331.658699263046	930.120338748037	538.719122169146
2020-07-15	665.696594185682	481.482818025566	394.266355093083	559.983749097171	358.396454435288	340.236844235282	931.55300671106	544.208319541928
2020-07-16	668.314443530208	484.643831676031	397.070027347116	566.461190352762	359.933866111037	348.958690052232	932.160899097202	549.641862042309
2020-07-17	670.354931857764	487.41143362461	399.463605054175	572.276241259392	361.066500223204	357.799615167415	931.947021101534	554.969218688712
2020-07-18	671.804280920322	489.774662093631	401.433303745513	577.39083872706	361.796935423251	366.734998034348	930.914377919123	560.13985849956
2020-07-19	672.648712469854	491.722555305421	402.965338952388	581.766919665762	362.127750362638	375.74021710655	929.065974745038	565.103250493276
2020-07-20	672.879820622416	493.248740370229	404.050075593441	585.373344472089	362.067313320747	384.79011687427	926.412913336139	569.814014229462
2020-07-21	672.510688950408	494.36519994999	404.694476136863	588.206667489007	361.647151088641	393.857405974682	922.998681696445	574.247371432433
2020-07-22	671.559773390311	495.088505594561	404.909652438231	590.270366546074	360.904580085304	402.914259081688	918.874864391767	578.383694367683
2020-07-23	670.04552987861	495.435228853798	404.706716353122	591.56791947285	359.876916729719	411.932850869192	914.093045987916	582.203355300709
2020-07-24	667.986414351788	495.421941277558	404.096779737114	592.102804098893	358.601477440869	420.885356011099	908.704811050701	585.686726497004
2020-07-25	665.400882746328	495.065214415698	403.090954445785	591.878498253764	357.115578637739	429.74394918131	902.761744145934	588.814180222063
2020-07-26	662.307390998713	494.381619818075	401.700352334711	590.898479767019	355.456536739312	438.480805053732	896.315429839425	591.566088741381
2020-07-27	658.725570073993	493.385940246557	399.937283204877	589.171591110141	353.658706966942	447.069939028399	889.415793090311	593.926529702669
2020-07-28	654.679751051477	492.085803311066	397.8188486389	586.728133322288	351.744599751474	455.492729409882	882.106120431036	595.894402282499
2020-07-29	650.195440039039	490.487047833534	395.363348164803	583.603772084545	349.733764326121	463.732395228885	874.428038787371	597.472311039661
2020-07-30	645.298143144554	488.595512635894	392.58908131061	579.834173077992	347.645749924099	471.772155516111	866.423175085085	598.662860532945
2020-07-31	640.013366475897	486.41703654008	389.514347604345	575.455001983713	345.500105778623	479.595229302264	858.133156249951	599.468655321141
2020-08-01	634.366616140942	483.957458368024	386.157446574031	570.501924482788	343.316381122907	487.184835618046	849.599609207737	599.892299963037
2020-08-02	628.383398247565	481.22261694166	382.536677747692	565.0106062563	341.114125190166	494.524193494161	840.864160884216	599.936399017424
2020-08-03	622.08921890364	478.218351082921	378.670340653352	559.016712985332	338.912887213615	501.596521961312	831.968438205157	599.603557043091
2020-08-04	615.509584217041	474.950499613739	374.576734819034	552.555910350964	336.732216426469	508.385040050203	822.95406809633	598.896378598827
2020-08-05	608.670000295644	471.424901356049	370.274159772762	545.66386403428	334.591662061943	514.872966791537	813.862677483507	597.817468243422
2020-08-06	601.595973247323	467.647395131782	365.78091504256	538.376239716361	332.510773353251	521.043521216017	804.735893292457	596.369430535666
2020-08-07	594.313009179953	463.623819762872	361.115300156452	530.728703078289	330.509099533609	526.879922354347	795.615342448953	594.554870034347
2020-08-08	586.846614201409	459.360014071253	356.29561464246	522.756919801147	328.606189836231	532.36538923723	786.542651878763	592.376391298255
2020-08-09	579.222294419565	454.861816878857	351.34015802861	514.496555566016	326.821593494332	537.48314089537	777.559448507659	589.836598886181
2020-08-10	571.465584817319	450.137031249515	346.267170985332	505.983971174293	325.176134129885	542.222270939863	768.701420107917	586.941746741277
2020-08-11	563.602135877665	445.201317214648	341.094658752696	497.258307908635	323.695732919898	546.595371303377	759.980497837835	583.712686344157
2020-08-12	555.657626958618	440.072299047576	335.840567713176	488.35940217201	322.407585430135	550.620908498977	751.402673702219	580.173918559799
2020-08-13	547.657737418195	434.767601021619	330.522844249251	479.327090367391	321.338887226363	554.317349039723	742.973939705872	576.349944253179
2020-08-14	539.628146614412	429.304847410094	325.159434743395	470.201208897746	320.516833874347	557.703159438678	734.700287853599	572.265264289275
2020-08-15	531.594533905286	423.701662486322	319.768285578085	461.021594166047	319.968620939851	560.796806208906	726.587710150206	567.944379533066
2020-08-16	523.582578648832	417.975670523622	314.367343135798	451.828082575265	319.721443988642	563.616755863467	718.642198600495	563.411790849527
2020-08-17	515.617960203068	412.144495795313	308.97455379901	442.660510528368	319.802498586485	566.181474915425	710.869745209273	558.691999103638
2020-08-18	507.726357926009	406.225762574714	303.607863950198	433.558714428329	320.238980299146	568.509429877841	703.276341981343	553.809505160375
2020-08-19	499.933451175672	400.237095135145	298.285219971836	424.562530678116	321.058084692389	570.619087263779	695.86798092151	548.788809884715
2020-08-20	492.264919310073	394.196117749924	293.024568246403	415.711795680702	322.287007331981	572.528913586301	688.650654034579	543.654414141637
2020-08-21	484.746441687228	388.120454692371	287.843855156375	407.046345839055	323.952943783687	574.257375358469	681.630353325353	538.430818796117
2020-08-22	477.403697665154	382.027730235806	282.761027084227	398.606017556147	326.083089613271	575.822939093345	674.813070798639	533.142524713134
2020-08-23	470.262366601866	375.935568653547	277.794030412436	390.430647234948	328.704640386501	577.244071303992	668.204798459239	527.814032757664
2020-08-24	463.347141766688	369.864741936009	272.962293846723	382.55710883232	331.841496531683	578.542866900025	661.806134824594	522.470485870292
2020-08-25	456.678772074163	363.848612941985	268.291175385788	375.010426520695	335.504377927294	579.755934377267	655.59610446268	517.139595294028
2020-08-26	450.277020350141	357.923692247365	263.807515351576	367.812662026396	339.700709314355	580.923510628094	649.548338454109	511.849714347486
2020-08-27	444.161649420473	352.126490428036	259.538154066031	360.985877075746	344.437915433885	582.085832544882	643.636467879492	506.629196349285
2020-08-28	438.352422111009	346.493518059889	255.509931851099	354.552133395069	349.723421026903	583.283137020009	637.834123819441	501.506394618038
2020-08-29	432.869101247599	341.061285718811	251.749689028724	348.533492710687	355.56465083443	584.555660945848	632.114937354567	496.509662472364
2020-08-30	427.731449656093	335.866303980691	248.284265920852	342.952016748924	361.969029597485	585.943641214778	626.452539565483	491.667353230877
2020-08-31	422.957912326386	330.942912674168	245.139228000319	337.82823597952	368.945987976371	587.484921669809	620.826061898642	487.004502228896
2020-09-01	418.561662904553	326.316768638877	242.33504134354	333.176555845875	376.51298030853	589.207773956503	615.236637263873	482.532872868544
2020-09-02	414.554557200712	322.011357967202	239.890897177822	329.009850534807	384.689466850686	591.138076671054	609.690898936846	478.260910568649
2020-09-03	410.948451024983	318.050166751527	237.825986730473	325.340994233133	393.494907859564	593.30170840966	604.195480193233	474.197060748036
2020-09-04	407.755200187485	314.456681084238	236.159501228798	322.182861127672	402.94876359189	595.724547768517	598.757014308704	470.349768825531
2020-09-05	404.986660498338	311.254387057718	234.910631900106	319.54832540524	413.070494304388	598.43247334382	593.382134558931	466.727480219961
2020-09-06	402.654687767659	308.466770764352	234.098569971703	317.450261252655	423.879560253782	601.451363731765	588.077474219584	463.338640350152
2020-09-07	400.77113780557	306.117318296524	233.742506670897	315.901542856734	435.395421696799	604.80709752855	582.849666566335	460.19169463493
2020-09-08	399.347866422188	304.229515746619	233.861633224995	314.915044404295	447.637538890163	608.52555333037	577.705344874854	457.29508849312
2020-09-09	398.396729427633	302.826849207022	234.475140861304	314.503640082155	460.625372090598	612.632609733422	572.651142420812	454.657267343551
2020-09-10	397.929582632025	301.932804770116	235.602220807131	314.680204077132	474.37838155483	617.154145333901	567.693692479881	452.286676605046
2020-09-11	397.958281845482	301.570868528287	237.262064289783	315.457610576042	488.916027539584	622.116038728005	562.839628327731	450.191761696434
2020-09-12	398.494682878123	301.764526573919	239.473862536568	316.848733765704	504.257770301584	627.544168511928	558.095583240034	448.380968036539
2020-09-13	399.550641540068	302.537264999395	242.256806774792	318.866447832935	520.423070097557	633.464413281867	553.46819049246	446.862741044188
2020-09-14	401.136108790436	303.91024195558	245.628873690852	321.520916294629	537.427039725843	639.903606104708	548.965842618157	445.647918615895
2020-09-15	403.253416184341	305.895303827247	249.603181807499	324.811459987992	555.267402151259	646.892397930094	544.603969180175	444.756908558921
2020-09-16	405.902990425899	308.501969057651	254.191635106573	328.734689080308	573.937532880238	654.462394178356	540.399758999041	444.212511158215
2020-09-17	409.085258219223	311.739756090044	259.406137569913	333.287213738858	593.430807419214	662.645200269827	536.370400895282	444.037526698728
2020-09-18	412.800646268428	315.61818336768	265.258593179362	338.465644130925	613.740601274621	671.472421624839	532.533083689426	444.254755465409
2020-09-19	417.04958127763	320.146769333813	271.760905916757	344.266590423793	634.86028995289	680.975663663725	528.904996201999	444.886997743206
2020-09-20	421.832489950942	325.335032431695	278.924979763939	350.686662784744	656.783248960455	691.186531806815	525.503327253528	445.957053817069
2020-09-21	427.15355605021	331.193368196404	286.761576676586	357.724703093075	679.505015669563	702.137213742649	522.350632102921	447.486233075156
2020-09-22	433.031991568199	337.73568053032	295.276890505716	365.388480076141	703.029774915702	713.862226232586	519.490931762613	449.489881318463
2020-09-23	439.490765555406	344.976750427646	304.475973076185	373.687994173312	727.363873400178	726.396668306195	516.973613683418	451.981853451194
2020-09-24	446.552847062327	352.931358882584	314.363876212851	382.633245823955	752.51365782429	739.77563899304	514.84806531615	454.976004377553
2020-09-25	454.241205139458	361.614286889339	324.945651740567	392.23423546744	778.485474889342	754.034237322688	513.163674111626	458.486189001743
2020-09-26	462.578808837296	371.040315442113	336.226351484192	402.500963543136	805.285671296637	769.207562324706	511.969827520659	462.52626222797
2020-09-27	471.588627206336	381.224225535109	348.211027268581	413.443430490412	832.920593747476	785.330713028661	511.315912994066	467.110078960437
2020-09-28	481.293629297076	392.180798162532	360.904730918589	425.071636748638	861.396588943163	802.438788464119	511.25131798266	472.251494103348
2020-09-29	491.71678416001	403.924814318584	374.312514259074	437.395582757182	890.720003584999	820.566887660646	511.825429937257	477.964362560908
2020-09-30	502.881060845636	416.471054997469	388.43942911489	450.425268955412	920.897184374287	839.750109647809	513.087636308672	484.26253923732
2020-10-01	514.809428404449	429.83430119339	403.290527310894	464.1706957827	951.93447801233	860.023553455175	515.08732454772	491.15987903679
2020-10-02	527.524855886947	444.029333900551	418.870860671943	478.641863678412	983.83823120043	881.422318112309	517.873882105215	498.67023686352
2020-10-03	541.050312343625	459.070934113154	435.185481022892	493.848773081919	1016.61479063989	903.98150264878	521.496696431973	506.807467621716
2020-10-04	555.408766824979	474.973882825404	452.239440188596	509.801424432589	1050.27050303201	927.736206094152	526.005154978808	515.585426215581
2020-10-05	570.62207699027	491.751281971794	470.036735569526	526.509437030819	1084.80359829685	952.715149700588	531.452838202544	525.019241691367
2020-10-06	586.707654933817	509.409517247985	488.577146868599	543.980905621116	1120.17983922944	978.921543610632	537.910098584035	535.129139663514
2020-10-07	603.681801358704	527.953295289932	507.859399364346	562.223543809016	1156.35687184357	1006.35222018942	545.451481610142	545.93661988851
2020-10-08	621.560816968013	547.387322733586	527.882218335299	581.245065200053	1193.29234215305	1035.00401180209	554.15153276773	557.463182122845
2020-10-09	640.361002464827	567.716306214898	548.644329059989	601.053183399761	1230.94389617166	1064.87375081379	564.084797543658	569.730326123004
2020-10-10	660.09865855223	588.944952369822	570.144456816947	621.655612013675	1269.2691799132	1095.95826958965	575.325821424791	582.759551645477
2020-10-11	680.790085933306	611.077967834311	592.381326884704	643.060064647332	1308.22583939145	1128.25440049481	587.949149897989	596.572358446752
2020-10-12	702.451585311136	634.120059244317	615.35366454179	665.274254906265	1347.7715206202	1161.75897589441	602.029328450116	611.190246283315
2020-10-13	725.099457388806	658.075933235794	639.06019506674	688.30589639601	1387.86386961326	1196.46882815358	617.640902568034	626.634714911657
2020-10-14	748.750002869397	682.950296444691	663.499643738081	712.1627027221	1428.46053238441	1232.38078963748	634.858417738605	642.927264088263
2020-10-15	773.419522455992	708.747855506963	688.670735834345	736.852387490072	1469.51915494744	1269.49169271122	653.756419448691	660.089393569623
2020-10-16	799.124316851676	735.473317058561	714.572196634065	762.382664305459	1510.99738331614	1307.79836973996	674.409453185154	678.142603112224
2020-10-17	825.880686759531	763.13138773544	741.20275141577	788.761246773797	1552.85286350431	1347.29765308884	696.892064434857	697.108392472554
2020-10-18	853.704932882642	791.726774173551	768.561125457994	815.995848500622	1595.04324152574	1387.98637512298	721.278798684662	717.008261407102
2020-10-19	882.606139837811	821.253688140803	796.642302712258	844.09090372386	1637.5293962501	1429.85789000668	747.6473367844	737.860040994866
2020-10-20	912.564527896728	851.664361932938	825.426301822061	873.037729211014	1680.28513797051	1472.89163910079	776.087901035776	759.666887604886
2020-10-21	943.553101244802	882.900532977651	854.889400103894	902.824362361981	1723.28750983602	1517.06358556532	806.693849103462	782.428288928716
2020-10-22	975.544864067443	914.903938702639	885.007874874248	933.438840576657	1766.51355499563	1562.34969256026	839.558538652134	806.143732657906
2020-10-23	1008.51282055006	947.616316535603	915.758003449614	964.869201254938	1809.94031659837	1608.72592324563	874.775327346466	830.812706484009
2020-10-24	1042.42997487807	980.979403904235	947.116063146482	997.103481796719	1853.54483779325	1656.16824078142	912.437572851128	856.434698098576
2020-10-25	1077.26933123687	1014.93493823623	979.058331281342	1030.1297196019	1897.30416172929	1704.65260832764	952.638632830796	883.009195193159
2020-10-26	1112.99338287797	1049.41937603955	1011.55366867145	1063.92459643781	1941.17893454793	1754.15623230985	995.45935846155	910.528642651336
2020-10-27	1149.52257931719	1084.34805014315	1044.54127013713	1098.41937154155	1985.06421436031	1804.66129221586	1040.9305749651	938.957314124792
2020-10-28	1186.76685913645	1119.63101245626	1077.95291399945	1133.53394851767	2028.83866226999	1856.15121079905	1089.07060107455	968.252440457241
2020-10-29	1224.63616091768	1155.17831488809	1111.72037857949	1169.18823097069	2072.38093938052	1908.60941081279	1139.89775552302	998.371252492391
2020-10-30	1263.0404232428	1190.90000934786	1145.77544219835	1205.30212250517	2115.56970679548	1962.01931501044	1193.43035704361	1029.27098107396
2020-10-31	1301.88958469371	1226.70614774479	1180.0498831771	1241.79552672564	2158.28362561842	2016.36434614539	1249.68672436946	1060.90885704565
2020-11-01	1341.09358385235	1262.5067819881	1214.47547983682	1278.58834723664	2200.40135695289	2071.627926971	1308.68517623365	1093.24211125117
2020-11-02	1380.56235930064	1298.21196398701	1248.98401049859	1315.60048764271	2241.80156190246	2127.79348024066	1370.44403136932	1126.22797453425
2020-11-03	1420.20584962048	1333.73174565074	1283.50725348349	1352.75185154839	2282.36290157069	2184.84442870772	1434.98160850956	1159.82367773859
2020-11-04	1459.9339933938	1368.97617888851	1317.97698711261	1389.96234255822	2321.96403706114	2242.76419512557	1502.3162263875	1193.9864517079
2020-11-05	1499.65672920252	1403.85531560953	1352.32498970703	1427.15186427674	2360.48362947737	2301.53620224757	1572.46620373625	1228.67352728589
2020-11-06	1539.28399562856	1438.27920772303	1386.48303958782	1464.24032030848	2397.80033992294	2361.1438728271	1645.44985928892	1263.84213531628
2020-11-07	1578.72573125385	1472.15790713823	1420.38291507607	1501.147614258	2433.79282950141	2421.57062961754	1721.28551177861	1299.44950664278
2020-11-08	1617.89187466028	1505.40146576435	1453.95639449287	1537.79364972982	2468.33975931633	2482.79989537224	1799.99147993846	1335.4528721091
2020-11-09	1656.69007553837	1537.91965737367	1487.13694176438	1574.09745247689	2501.31686413009	2544.82543140505	1881.5654485402	1371.80387136172
2020-11-10	1695.01882801288	1569.62114319084	1519.86476323724	1609.97453684578	2532.58817334035	2607.68235327163	1965.92256651023	1408.43177925827
2020-11-11	1732.77433731715	1600.41430630355	1552.08175086314	1645.33953933143	2562.0147900036	2671.41611508811	2052.95734881355	1445.26027945912
2020-11-12	1769.85280868454	1630.20752979952	1583.72979659382	1680.10709642881	2589.4578171763	2736.07217097061	2142.56431041518	1482.21305562467
2020-11-13	1806.15044734839	1658.90919676643	1614.75079238097	1714.19184463289	2614.77835791494	2801.69597503524	2234.63796628013	1519.21379141531
2020-11-14	1841.56345854205	1686.42769029201	1645.08663017631	1747.50842043862	2637.83751527601	2868.33298139815	2329.07283137343	1556.18617049143
2020-11-15	1875.98804749885	1712.67139346394	1674.67920193156	1779.97146034097	2658.49639231598	2936.02864417545	2425.7634206601	1593.05387651341
2020-11-16	1909.33114387148	1737.56237741753	1703.47258775858	1811.50303082127	2676.6464322804	3004.79673575333	2524.59719912445	1629.74439232456
2020-11-17	1941.54257498995	1761.0774654784	1731.41962040978	1842.05491830645	2692.30043917103	3074.52430159834	2625.43343182804	1666.20039749988
2020-11-18	1972.58289260359	1783.20716901975	1758.47532079772	1871.58633920976	2705.5015571787	3145.06670544705	2728.12433385173	1702.36837079725
2020-11-19	2002.41264846175	1803.94199941479	1784.59470983496	1900.05650994451	2716.29293049425	3216.27931103607	2832.52212027637	1738.1947909746
2020-11-20	2030.99239431375	1823.27246803674	1809.73280843406	1927.42464692398	2724.71770330851	3288.01748210199	2938.47900618282	1773.62613678982
2020-11-21	2058.28268190895	1841.18908625879	1833.84463750758	1953.64996656145	2730.8190198123	3360.13658238141	3045.84720665194	1808.60888700083
2020-11-22	2084.24406299668	1857.68236545416	1856.88521796809	1978.69168527021	2734.64002419645	3432.49197561092	3154.47893676459	1843.08952036552
2020-11-23	2108.83708932627	1872.74281699606	1878.80957072813	2002.50901946355	2736.2238606518	3504.93902552713	3264.22641160161	1877.01451564179
2020-11-24	2132.02231264708	1886.36095225769	1899.57271670027	2025.06118555474	2735.61367336918	3577.33309586662	3374.94184624389	1910.33035158756
2020-11-25	2153.76028470843	1898.52728261226	1919.12967679706	2046.30739995707	2732.85260653941	3649.529550366	3486.47745577225	1942.98350696074
2020-11-26	2174.01155725967	1909.23231943298	1937.43547193107	2066.20687908384	2727.98380435333	3721.38375276186	3598.68545526758	1974.92046051921
2020-11-27	2192.73668205013	1918.46657409306	1954.44512301486	2084.71883934832	2721.05041100176	3792.7510667908	3711.41805981072	2006.0876910209
2020-11-28	2209.89621082915	1926.2205579657	1970.11365096099	2101.80249716381	2712.09557067554	3863.48685618941	3824.52748448253	2036.43167722371
2020-11-29	2225.45069534608	1932.48478242413	1984.39607668201	2117.41706894358	2701.1624275655	3933.44648469429	3937.86594436387	2065.89889788553
2020-11-30	2239.36737755457	1937.25354955752	1997.25061297923	2131.52872670338	2688.30456560949	4002.47255154679	4051.26353337497	2094.44114031954
2020-12-01	2251.64026022551	1940.53632431906	2008.64824020892	2144.13146486883	2673.61732773348	4070.35659800721	4164.46186079358	2122.03142605997
2020-12-02	2262.27003633411	1942.3463623779	2018.56313061611	2155.22623346801	2657.20649661048	4136.8774008406	4277.18041473682	2148.64808519631
2020-12-03	2271.25739885561	1942.69691940319	2026.96945644582	2164.81398252899	2639.17785491348	4201.81373681203	4389.13868332181	2174.26944781805
2020-12-04	2278.6030407652	1941.60125106411	2033.84138994308	2172.89566207985	2619.63718531548	4264.94438268655	4500.05615466567	2198.87384401467
2020-12-05	2284.3076550381	1939.07261302981	2039.1531033529	2179.47222214866	2598.69027048947	4326.0481152292	4609.65231688551	2222.43960387568
2020-12-06	2288.37193464952	1935.12426096944	2042.87876892031	2184.5446127635	2576.44289310845	4384.90371120506	4717.64665809847	2244.94505749055
2020-12-07	2290.81551594332	1929.78797800196	2045.01101552391	2188.13397261613	2553.00650456168	4441.32412078839	4823.76087142984	2266.37637285001
2020-12-08	2291.73380873788	1923.16965704554	2045.61629857663	2190.34219505302	2528.51523110337	4495.25898779039	4927.72547003765	2286.75106954961
2020-12-09	2291.24116622023	1915.39371846813	2044.77953012499	2191.29136208434	2503.10886770403	4546.69212943147	5029.27317208809	2306.09450508614
2020-12-10	2289.45194157739	1906.58458263768	2042.58562221549	2191.10355572024	2476.92720933412	4595.60736293204	5128.13669574738	2324.43203695638
2020-12-11	2286.48048799638	1896.86666992215	2039.11948689466	2189.90085797087	2450.11005096412	4641.98850551254	5224.04875918171	2341.78902265712
2020-12-12	2282.44115866422	1886.36440068949	2034.466036209	2187.80535084641	2422.79718756453	4685.81937439336	5316.74208055729	2358.19081968514
2020-12-13	2277.44830676795	1875.20219530766	2028.71018220503	2184.93911635699	2395.12841410581	4727.08378679492	5405.94937804032	2373.66278553722
2020-12-14	2271.61628549459	1863.50447414462	2021.93683692926	2181.4242365128	2367.24352555846	4765.76555993764	5491.403369797	2388.23027771014
2020-12-15	2265.05944803115	1851.39565756832	2014.23091242821	2177.38279332397	2339.28231689295	4801.84851104194	5572.83677399353	2401.9186537007
2020-12-16	2257.89214756466	1839.00016594673	2005.67732074838	2172.93686880067	2311.38458307977	4835.31645732824	5649.98230879613	2414.75327100567
2020-12-17	2250.22873728215	1826.44241964778	1996.36097393629	2168.20854495305	2283.69011908939	4866.15321601693	5722.572692371	2426.75948712184
2020-12-18	2242.18357037063	1813.84683903944	1986.36678403845	2163.31990379128	2256.33871989231	4894.34260432845	5790.34064288432	2437.96265954598
2020-12-19	2233.87100001714	1801.33784448967	1975.77966310138	2158.39302732552	2229.47018045899	4919.86843948321	5853.01887850232	2448.38814577489
2020-12-20	2225.4053794087	1789.03985636642	1964.68452317159	2153.54999756591	2203.22429575992	4942.71453870162	5910.34011739119	2458.06130330535
2020-12-21	2216.86871335507	1777.04270709387	1953.14449932823	2148.87915238757	2177.71234925998	4962.85162701981	5962.06236111482	2466.99374543326
2020-12-22	2208.21361315705	1765.29787732105	1941.13561878106	2144.33385312543	2152.93157840158	4980.19806073679	6008.04474482784	2475.14210865107
2020-12-23	2199.36034173814	1753.72225975323	1928.61213177245	2139.83371697934	2128.85070912156	4994.65910396725	6048.17168708258	2482.44928525034
2020-12-24	2190.22916202189	1742.23274709567	1915.5282885448	2135.29836114919	2105.43846735672	5006.14002082592	6082.32760643136	2488.85816752263
2020-12-25	2180.74033693181	1730.74623205363	1901.8383393405	2130.64740283484	2082.66357904389	5014.5460754275	6110.39692142648	2494.3116477595
2020-12-26	2170.81412939143	1719.17960733238	1887.49653440192	2125.80045923617	2060.49477011989	5019.7825318867	6132.26405062028	2498.75261825252
2020-12-27	2160.37080232428	1707.44976563716	1872.45712397147	2120.67714755304	2038.90076652152	5021.75465431825	6147.81341256507	2502.12397129324
2020-12-28	2149.33061865389	1695.47359967324	1856.67435829154	2115.19708498534	2017.85029418562	5020.36770683683	6156.92942581318	2504.36859917325
2020-12-29	2137.61384130378	1683.16800214589	1840.10248760449	2109.27988873292	1997.312079049	5015.52695355718	6159.49650891692	2505.42939418409
2020-12-30	2125.14073319748	1670.44986576035	1822.69576215274	2102.84517599567	1977.25484704848	5007.13765859399	6155.39908042861	2505.24924861733
2020-12-31	2111.83155725851	1657.23608322191	1804.40843217866	2095.81256397346	1957.64732412087	4995.10508606199	6144.52155890057	2503.77105476454
2021-01-01	2097.60657641041	1643.4435472358	1785.19474792464	2088.10166986614	1938.458236203	4979.33450007587	6126.74836288513	2500.93770491727
2021-01-02	2082.38605357669	1628.9891505073	1765.00895963308	2079.63211087361	1919.65630923168	4959.73116475036	6101.9639109346	2496.6920913671
2021-01-03	2066.09025168089	1613.78978574167	1743.80531754635	2070.32350419572	1901.21026914373	4936.20034420017	6070.05262160129	2490.97710640558
2021-01-04	2048.65604486256	1597.77699184361	1721.55738190457	2060.10777650932	1883.09240418015	4908.67683509179	6030.95925111233	2483.74498688964
2021-01-05	2030.08675212539	1580.94089251564	1698.31595293871	2048.96609239907	1865.28925179861	4877.21356429894	5984.86990639397	2474.98534793763
2021-01-06	2010.4023036891	1563.28625765973	1674.15114087748	2036.89192592663	1847.79091176095	4841.89299124709	5932.03103204726	2464.69714923325
2021-01-07	1989.62262977341	1544.81785717784	1649.13305594956	2023.87875115363	1830.58748382904	4802.79757536176	5872.68907267326	2452.87935046021
2021-01-08	1967.76766059804	1525.54046097194	1623.33180838364	2009.9200421417	1813.66906776471	4760.00977606843	5807.09047287302	2439.53091130223
2021-01-09	1944.85732638271	1505.45883894398	1596.81750840843	1995.0092729525	1797.02576332983	4713.61205279259	5735.48167724759	2424.65079144302
2021-01-10	1920.91155734714	1484.57776099595	1569.66026625262	1979.13991764765	1780.64767028624	4663.68686495974	5658.10913039801	2408.23795056627
2021-01-11	1895.95815929225	1462.91152542724	1541.93007947115	1962.31412203826	1764.52074777721	4610.33938398689	5575.23997190448	2390.30472993821
2021-01-12	1870.05644034381	1440.5125441271	1513.6964949239	1944.56871893328	1748.61439247176	4553.76562925716	5487.22412126369	2370.91699715511
2021-01-13	1843.27358420879	1417.44275738219	1485.02894679698	1925.94921289109	1732.89386042029	4494.18433214515	5394.43219295143	2350.15400139573
2021-01-14	1815.67677459416	1393.7641054792	1455.99686927654	1906.50110847011	1717.32440767324	4431.8142240255	5297.23480144356	2328.09499183885
2021-01-15	1787.33319520688	1369.53852870481	1426.66969654869	1886.26991022874	1701.87129028104	4366.87403627283	5196.00256121588	2304.81921766324
2021-01-16	1758.31002975394	1344.8279673457	1397.11686279956	1865.30112272537	1686.4997642941	4299.58250026176	5091.10608674421	2280.40592804769
2021-01-17	1728.67446194229	1319.69436168854	1367.40780221526	1843.64025051842	1671.17508576286	4230.15834736692	4982.91599250437	2254.93437217095
2021-01-18	1698.4936754789	1294.19965202003	1337.61194898194	1821.33279816627	1655.86251073774	4158.82030896294	4871.80289297218	2228.4837992118
2021-01-19	1667.83485407076	1268.40577862682	1307.7987372857	1798.42427022734	1640.52729526916	4085.78711642443	4758.13740262346	2201.13345834903
2021-01-20	1636.76518142481	1242.37468179561	1278.03760131267	1774.96017126003	1625.13469540756	4011.27750112602	4642.29013593403	2172.96259876139
2021-01-21	1605.35184124805	1216.16830181308	1248.39797524898	1750.98600582273	1609.64996720336	3935.51019444234	4524.63170737972	2144.05046962767
2021-01-22	1573.66201724744	1189.8485789659	1218.94929328075	1726.54727847385	1594.03836670697	3858.70392774801	4405.53273143633	2114.47632012664
2021-01-23	1541.76289312993	1163.47745354075	1189.7609895941	1701.68949377179	1578.26514996884	3781.07743241765	4285.36382257968	2084.31939943706
2021-01-24	1509.72165260252	1137.11686582432	1160.90249837517	1676.45815627495	1562.29557303938	3702.84943982588	4164.4955952856	2053.65895673773
2021-01-25	1477.60741275183	1110.82958474996	1132.43703735776	1650.90536114225	1546.10460159338	3624.24210627203	4043.28382242172	2022.58070778906
2021-01-26	1445.49702418321	1084.68169383773	1104.4029584665	1625.10956593465	1529.70603980308	3545.49128775409	3922.02491042289	1991.19623467814
2021-01-27	1413.46927088164	1058.7401052544	1076.83239717367	1599.15581881362	1513.12340146509	3466.83626519476	3801.00042411574	1959.62358607371
2021-01-28	1381.60293683215	1033.07173116669	1049.75748895158	1573.12916794063	1496.380200376	3388.51631951674	3680.49192832694	1927.98081064451
2021-01-29	1349.97680601973	1007.74348374137	1023.21036927254	1547.11466147715	1479.49995033241	3310.77073164273	3560.78098788313	1896.38595705929
2021-01-30	1318.66966242938	982.822275145185	997.223173608855	1521.19734758467	1462.50616513093	3233.83878249542	3442.14916761097	1864.95707398678
2021-01-31	1287.76029004611	958.375017544873	971.828037432816	1495.46227442464	1445.42235856816	3157.95975299751	3324.87803233712	1833.81221009572
2021-02-01	1257.32113669144	934.463145892953	947.053429656409	1469.98882935344	1428.28513689437	3083.35038208277	3209.220144754	1803.05967041376
2021-02-02	1227.3993055329	911.126186285009	922.913152950307	1444.83375650697	1411.1834761745	3010.13724072928	3095.31205901717	1772.7687854041
2021-02-03	1198.03556357455	888.398187602396	899.417343424868	1420.04813921603	1394.21944492716	2938.42435792622	2983.26132714801	1742.99914188885
2021-02-04	1169.27067782045	866.313198726463	876.576137190442	1395.68306081143	1377.49511167096	2868.31576266274	2873.17550116786	1713.81032669014
2021-02-05	1141.14541527465	844.905268538565	854.399670357382	1371.78960462395	1361.11254492452	2799.91548392802	2765.16213309806	1685.26192663006
2021-02-06	1113.7005429412	824.208445920051	832.898079036041	1348.41885398439	1345.17381320644	2733.32755071121	2659.32877495997	1657.41352853074
2021-02-07	1086.97682782415	804.256779752275	812.081499336772	1325.62189222356	1329.78098503534	2668.65599200147	2555.78297877494	1630.32471921428
2021-02-08	1061.01503692757	785.084318916589	791.960067369927	1303.44980267226	1315.03612892983	2606.00483678798	2454.63229656432	1604.05508550278
2021-02-09	1035.8559372555	766.725112294344	772.543919245859	1281.95366866127	1301.04131340852	2545.4781140599	2355.98428034946	1578.66421421838
2021-02-10	1011.540295812	749.213208766894	753.84319107492	1261.18457352141	1287.89860699001	2487.17985280639	2259.94648215171	1554.21169218316
2021-02-11	988.108879601117	732.582657215588	735.868018967464	1241.19360058346	1275.71007819293	2431.21408201662	2166.62645399243	1530.75710621925
2021-02-12	965.60245562691	716.86750652178	718.628539033841	1222.03183317822	1264.57779553588	2377.68483067974	2076.13174789295	1508.36004314876
2021-02-13	944.061790893435	702.101805566823	702.134887384408	1203.75035463651	1254.60382753748	2326.69612778493	1988.56991587465	1487.08008979379
2021-02-14	923.527652404742	688.319603232068	686.397200129515	1186.4002482891	1245.89024271632	2278.35200232135	1904.04850995886	1466.97683297646
2021-02-15	904.034610252938	675.550213095661	671.426639461261	1170.02670708638	1238.53354784703	2232.73108771693	1822.64984215479	1448.09204389588
2021-02-16	885.592446882331	663.804007522922	657.23847189873	1154.65136245702	1232.60800272815	2189.8104351547	1744.35526442304	1430.39623125919
2021-02-17	868.204747825282	653.086623575965	643.848990042752	1140.28995544928	1228.18230541423	2149.54170025645	1669.12088871208	1413.84208815051
2021-02-18	851.875098614152	643.403698316906	631.274486494156	1126.95822711141	1225.32515395983	2111.87653864397	1596.90282697034	1398.38230765397
2021-02-19	836.607084781302	634.760868807857	619.531253853772	1114.67191849165	1224.10524641949	2076.76660593905	1527.6571911463	1383.96958285371
2021-02-20	822.404291859093	627.163772110934	608.635584722429	1103.44677063826	1224.59128084777	2044.1635577635	1461.34009318841	1370.55660683387
2021-02-21	809.270305379885	620.618045288249	598.603771700957	1093.2985245995	1226.85195529921	2014.01904973909	1397.90764504512	1358.09607267857
2021-02-22	797.208710876037	615.129325401918	589.452107390184	1084.24292142361	1230.95596782836	1986.28473748763	1337.31595866488	1346.54067347194
2021-02-23	786.223093879914	610.703249514055	581.196884390943	1076.29570215884	1236.97201648977	1960.91227663091	1279.52114599616	1335.84310229813
2021-02-24	776.317039923874	607.345454686774	573.854395304062	1069.47260785346	1244.96879933799	1937.85332279073	1224.47931898741	1325.95605224125
2021-02-25	767.494134540277	605.06157798219	567.44093273037	1063.7893795557	1255.01501442757	1917.05953158887	1172.14658958709	1316.83221638545
2021-02-26	759.757963261486	603.857256462415	561.972789270697	1059.26175831382	1267.17935981306	1898.48255864712	1122.47906974365	1308.42428781486
2021-02-27	753.11211161986	603.738127189565	557.466257525873	1055.90548517608	1281.53053354901	1882.07405958729	1075.43287140555	1300.6849596136
2021-02-28	747.56016514776	604.709827225754	553.937630096727	1053.73630119073	1298.13723368997	1867.78569003117	1030.96410652124	1293.56692486582
2021-03-01	743.102390646867	606.771853966133	551.401652643753	1052.76508211092	1317.05269011144	1855.56217753351	989.020504180034	1287.01979253312
2021-03-02	739.725779996134	609.89914613801	549.866883066097	1052.9832425095	1338.26825997281	1845.32053738095	949.516262034614	1280.98083508703
2021-03-03	737.414006343836	614.060502801728	549.340332322569	1054.37733166421	1361.75983225439	1836.97085679309	912.357194878521	1275.38424087657
2021-03-04	736.150742838248	619.22472301763	549.829011371981	1056.9338988528	1387.50329593653	1830.42322298954	877.449117505297	1270.16419825073
2021-03-05	735.919662627643	625.36060584606	551.339931173141	1060.63949335302	1415.47453999954	1825.58772318989	844.69784470848	1265.25489555854
2021-03-06	736.704438860295	632.436950347363	553.88010268486	1065.48066444262	1445.64945342375	1822.37444461375	814.00919128161	1260.59052114899
2021-03-07	738.48874468448	640.422555581883	557.456536865949	1071.44396139933	1478.00392518951	1820.69347448072	785.288972018225	1256.1052633711
2021-03-08	741.251951455025	649.282024640919	562.067810565484	1078.50982675438	1512.48351267521	1820.44430488018	758.445432693072	1251.74059718182
2021-03-09	744.956223352986	658.963176739597	567.678764193613	1086.63427605286	1548.9124468516	1821.4840473806	733.396543005731	1247.46714396991
2021-03-10	749.559422765972	669.409635123998	574.245804050748	1095.76721809331	1587.08462708748	1823.65921842024	710.062703636989	1243.26281173207
2021-03-11	755.019412081592	680.565023040205	581.725336437302	1105.85856167429	1626.79395275166	1826.81633443733	688.364315267632	1239.10550846498
2021-03-12	761.294053687457	692.372963734299	590.073767653689	1116.85821559436	1667.83432321297	1830.80191187013	668.221778578448	1234.97314216537
2021-03-13	768.341209971175	704.777080452363	599.247504000324	1128.71608865206	1709.99963784021	1835.4624671569	649.555494250223	1230.84362082991
2021-03-14	776.118743320357	717.720996440476	609.202951777617	1141.38208964595	1753.08379600219	1840.64451673588	632.285862963746	1226.69485245531
2021-03-15	784.584516122613	731.148334944721	619.896517285983	1154.80612737458	1796.88069706773	1846.19457704532	616.333285399803	1222.50474503828
2021-03-16	793.696390765551	745.002719211179	631.284606825836	1168.93811063651	1841.18424040564	1851.95916452347	601.618162239181	1218.2512065755
2021-03-17	803.412229636782	759.227772485933	643.323626697588	1183.72794823029	1885.78832538474	1857.78479560859	588.060894162668	1213.91214506369
2021-03-18	813.689895123915	773.767118015064	655.969983201653	1199.12554895448	1930.48685137383	1863.51798673891	575.58188185105	1209.46546849953
2021-03-19	824.48724961456	788.564379044653	669.180082638444	1215.08082160762	1975.07371774173	1869.0052543527	564.101525985114	1204.88908487974
2021-03-20	835.762155496326	803.563178820783	682.910331308374	1231.54367498827	2019.34282385725	1874.09311488819	553.540227245648	1200.160902201
2021-03-21	847.472475156823	818.707140589535	697.117135511858	1248.46401789499	2063.0880690892	1878.62808478365	543.818386313438	1195.25882846001
2021-03-22	859.573705834259	833.93978850314	711.75096285154	1265.79006180392	2106.08280298766	1882.45658547075	534.857733080246	1190.15791499085
2021-03-23	872.011884169226	849.204250338436	726.738526138999	1283.46322890166	2148.01817582773	1885.42465835489	526.585314281728	1184.82178647703
2021-03-24	884.730681652912	864.443554778404	742.000599488042	1301.42324405238	2188.56478806574	1887.3782498349	518.929505864514	1179.21121093945
2021-03-25	897.673769776509	879.600730506031	757.457957012478	1319.60983212026	2227.39324015806	1888.1633063096	511.818683775236	1173.28695639899
2021-03-26	910.784820031206	894.6188062043	773.031372826116	1337.96271796949	2264.17413256104	1887.62577417783	505.181223960524	1167.00979087654
2021-03-27	924.007503908194	909.440810556198	788.641621042767	1356.42162646424	2298.57806573103	1885.61159983841	498.945502367008	1160.34048239299
2021-03-28	937.285492898661	924.00977224471	804.20947577624	1374.9262824687	2330.27564012438	1881.96672969017	493.039894941318	1153.23979896924
2021-03-29	950.563796729679	938.271313917978	819.660206504446	1393.41771727248	2358.97665851201	1876.56725444791	487.400350984192	1145.67419211365
2021-03-30	963.792778071839	952.181434084782	834.937064161709	1411.84218786689	2384.547732923	1869.40984209023	481.993113212793	1137.63284728457
2021-03-31	976.924137831613	965.69872521906	849.987795046455	1430.14725766865	2406.89467770101	1860.52130491171	476.791997698388	1129.11063342782
2021-04-01	989.909576915474	978.781779794748	864.76014545711	1448.28049009452	2425.9233071897	1849.92845520694	471.770820512247	1120.10241948922
2021-04-02	1002.70079622989	991.389190285785	879.2018616921	1466.18944856122	2441.5394357327	1837.65810527048	466.903397725639	1110.6030744146
2021-04-03	1015.24949668135	1003.47954916611	893.260690049851	1483.82169648548	2453.64887767369	1823.73706739693	462.163545409833	1100.60746714978
2021-04-04	1027.5073791763	1015.01144890965	906.884376828788	1501.12479728405	2462.1574473563	1808.19215388084	457.525079636097	1090.1104666406
2021-04-05	1039.42614462123	1025.94348199036	920.02066832734	1518.04631437366	2466.97095912419	1791.05017701681	452.961816475702	1079.10694183286
2021-04-06	1050.95749392261	1036.23424088216	932.61731084393	1534.53381117104	2467.995227321	1772.3379490994	448.447571999914	1067.59176167241
2021-04-07	1062.05312798691	1045.842318059	944.622050676985	1550.53485109293	2465.1360662904	1752.0822824232	443.956162280005	1055.55979510505
2021-04-08	1072.6647477206	1054.72630599481	955.982634124933	1565.99699755607	2458.29929037603	1730.30998928279	439.461403387242	1043.00591107662
2021-04-09	1082.74405403015	1062.84479716354	966.646807486198	1580.86781397718	2447.39071392155	1707.04788197273	434.937111392894	1029.92497853295
2021-04-10	1092.24274782204	1070.15638403911	976.562317059206	1595.09486377301	2432.3161512706	1682.32277278761	430.35710236823	1016.31186641985
2021-04-11	1101.11253000275	1076.61965909546	985.676909142384	1608.62571036029	2412.98141676683	1656.161474022	425.69519238452	1002.16144368316
2021-04-12	1109.30785878124	1082.19504042908	993.943592005929	1621.40541033308	2389.35676262401	1628.60631319142	420.933145002514	987.475400167214
2021-04-13	1116.79422157654	1086.85024862654	1001.33642180712	1633.36899299467	2361.67019253631	1599.76167869508	416.084513740893	972.282709310492
2021-04-14	1123.5398631102	1090.55482989698	1007.83471667501	1644.4489808257	2330.21414806802	1569.74747415313	411.170799607822	956.61916544998
2021-04-15	1129.51302810372	1093.27833044953	1013.41779473865	1654.5778963068	2295.28107078342	1538.68360318575	406.213503611462	940.520562922671
2021-04-16	1134.68196127866	1094.99029649331	1018.06497412709	1663.68826191858	2257.16340224679	1506.68996941306	401.234126759979	924.022696065557
2021-04-17	1139.01490735654	1095.66027423746	1021.75557296938	1671.71260014168	2216.15358402243	1473.88647645524	396.254170061533	907.16135921563
2021-04-18	1142.4801110589	1095.25780989109	1024.46890939457	1678.58343345672	2172.54405767461	1440.39302793243	391.295134524291	889.972346709883
2021-04-19	1145.05128659062	1093.75956281247	1026.18884788671	1684.24058284015	2126.61167712933	1406.32081555821	386.371711434131	872.489373256767
2021-04-20	1146.72402609001	1091.17064495632	1026.91743834979	1688.65306325177	2078.57094575942	1371.74618341984	381.471353187807	854.737835050576
2021-04-21	1147.49939117877	1087.50328142653	1026.66127704281	1691.79718814719	2028.62077929942	1336.73676369799	376.574702459787	836.741048657062
2021-04-22	1147.37844347855	1082.76969732694	1025.42696022475	1693.64927098204	1976.96009348387	1301.36018857335	371.662401924541	818.522330641977
2021-04-23	1146.36224461103	1076.98211776143	1023.22108415461	1694.18562521191	1923.78780404733	1265.6840902266	366.71509425654	800.104997571075
2021-04-24	1144.45185619789	1070.15276783385	1020.05024509138	1693.38256429244	1869.30282672432	1229.77610083841	361.713422130252	781.51236601011
2021-04-25	1141.64833986081	1062.29387264808	1015.92103929404	1691.21640167924	1813.70407724939	1193.70385258948	356.638028220148	762.767752524833
2021-04-26	1137.95275722145	1053.41765730797	1010.8400630216	1687.66345082793	1757.19047135708	1157.53497766047	351.469555200696	743.894473680998
2021-04-27	1133.36616990149	1043.5363469174	1004.81391253304	1682.70002519413	1699.96092478194	1121.33710823206	346.188645746367	724.915846044357
2021-04-28	1127.8896395226	1032.66216658021	997.849184087352	1676.30243823344	1642.2143532585	1085.17787648494	340.77594253163	705.855186180664
2021-04-29	1121.52422770647	1020.80734140028	989.952473943526	1668.4470034015	1584.14967252131	1049.12491459979	335.212088230955	686.73581065567
2021-04-30	1114.27099607476	1007.98409648148	981.130378360555	1659.11003415392	1525.96579830491	1013.24585475728	329.477725518811	667.581036035129
2021-05-01	1106.13100624914	994.204656927656	971.389493597429	1648.26784394631	1467.86164634384	977.608329138102	323.553497069668	648.414178884794
2021-05-02	1097.1053198513	979.481247842683	960.736415913138	1635.8967462343	1410.03613237263	942.279969922925	317.420045557995	629.258555770416
2021-05-03	1087.20241618654	963.836088200124	949.18666191757	1621.98762570556	1352.66695087693	907.321971167799	311.064982006176	610.137472998523
2021-05-04	1076.46044529472	947.331372452345	936.79142962419	1606.58965197605	1295.84691134666	872.769774430218	304.503790828249	591.074195838724
2021-05-05	1064.92497489931	930.039288921411	923.610837397357	1589.76656589377	1239.64760202285	838.652383143039	297.758924786164	572.091979301403
2021-05-06	1052.64157272381	912.032025929388	909.705003601434	1571.58210830674	1184.14061114652	804.998800739121	290.852836641874	553.214078396944
2021-05-07	1039.6558064917	893.381771798342	895.134046600778	1552.10002006297	1129.39752695869	771.838030651324	283.80797915733	534.463748135728
2021-05-08	1026.01324392648	874.160714850341	879.958084759753	1531.38404201047	1075.48993770038	739.199076312505	276.646805094482	515.86424352814
2021-05-09	1011.75945275161	854.441043407449	864.237236442717	1509.49791499726	1022.48943161262	707.110941155522	269.391767215282	497.438819584563
2021-05-10	996.940000690602	834.294945791733	848.031620014031	1486.50537987135	970.467596936421	675.602628613236	262.065318281683	479.210731315379
2021-05-11	981.600455466928	813.794610325258	831.401353838056	1462.47017748076	919.496021912811	644.703142118504	254.689911055634	461.203233730972
2021-05-12	965.786384804079	793.012225330091	814.40655627915	1437.45604867348	869.646294782807	614.441485104182	247.287998299087	443.439581841725
2021-05-13	949.543356425541	772.019979128299	797.107345701678	1411.52673429755	820.990003787437	584.846661003134	239.882032773994	425.943030658022
2021-05-14	932.916938054801	750.890060041947	779.563840469997	1384.74597520096	773.59873716772	555.947673248215	232.494467242306	408.736835190246
2021-05-15	915.952697415345	729.694656393102	761.836158948469	1357.17751223174	727.544083164677	527.773525272285	225.147754465975	391.844250448779
2021-05-16	898.69620223066	708.505956503829	743.984419501454	1328.88508623789	682.89763001933	500.353220508202	217.864347206951	375.288531444006
2021-05-17	881.188364560612	687.390733604509	726.064951764761	1299.92591437731	639.720912645616	473.712651933238	210.669371228282	359.090580138758
2021-05-18	863.45147381059	666.394100558778	708.118930459996	1270.3311190474	598.035252649138	447.865270702315	203.598644297392	343.26188630566
2021-05-19	845.503163722361	645.555755138586	690.183741580213	1240.12529895546	557.851918308412	422.821417514771	196.690657182802	327.811586669789
2021-05-20	827.361068037696	624.915395115885	672.296771118467	1209.33305280875	519.182177901956	398.591433069943	189.983900653032	312.748817956219
2021-05-21	809.042820498362	604.512718262624	654.495405067812	1177.97897931458	482.037299708288	375.185658067166	183.516865476604	298.082716890024
2021-05-22	790.566054846127	584.387422350752	636.817029421301	1146.08767718023	446.428552005922	352.614433205775	177.328042422036	283.822420196279
2021-05-23	771.948404822762	564.579205152224	619.299030171992	1113.68374511298	412.367203073381	330.888099185111	171.455922257851	269.97706460006
2021-05-24	753.214239554667	545.126420333749	601.980429860005	1080.8070688976	379.859117245506	310.015784687788	165.939079142688	256.555872198249
2021-05-25	734.414869706771	526.062045141085	584.906797213729	1047.55868262884	348.888543082447	290.001770329542	160.816420795666	243.568406574952
2021-05-26	715.608341328637	507.417712714751	568.12533750862	1014.05490747889	319.43432520068	270.849124709388	156.126938326024	231.024316686085
2021-05-27	696.852700469827	489.225056195267	551.683256020137	980.412064619973	291.475308216679	252.560916426343	151.909622842998	218.933251487561
2021-05-28	678.205993179903	471.515708723152	535.627758023736	946.746475224309	264.990336746922	235.140214079421	148.203465455829	207.304859935295
2021-05-29	659.726265508427	454.321303438924	520.006048794872	913.17446046411	239.958255407882	218.590086267638	145.047457273754	196.148790985202
2021-05-30	641.47156350496	437.673473483104	504.865333609004	879.812341511593	216.357908816037	202.91360159001	142.480589406012	185.474693593196
2021-05-31	623.499933219066	421.603851996211	490.252817741588	846.776439538972	194.168141587862	188.113828645552	140.541852961841	175.292216715191
2021-06-01	605.869420700304	406.144072118762	476.215706468079	814.18307571846	173.367798339831	174.193836033279	139.27023905048	165.611009307102
2021-06-02	588.63807199824	391.325766991279	462.801205063937	782.148571222277	153.935723688423	161.156692352208	138.704738781166	156.440720324844
2021-06-03	571.863933162434	377.18056975428	450.056518804617	750.789247222636	135.850762250112	149.005466201355	138.884343263139	147.79099872433
2021-06-04	555.605050242449	363.740113548285	438.028852965576	720.221424891753	119.091758641373	137.743226179734	139.848043605636	139.671493461476
2021-06-05	539.919469287845	351.036031513812	426.76541282227	690.561425401843	103.637557478683	127.373040886362	141.634830917897	132.091853492195
2021-06-06	524.865236348186	339.09995679138	416.313403650157	661.925569925121	89.4670033785176	117.897978920254	144.283696309159	125.061727772403
2021-06-07	510.498633280828	327.960293408937	406.717475084212	634.422610206952	76.555507684667	109.320904374556	147.835591579198	118.592690534796
2021-06-08	496.868885174298	317.63252894413	398.012054197489	608.1310202853	64.8647486501842	101.643863318942	152.339311289944	112.704017119206
2021-06-09	484.02345292492	308.128921862037	390.229012422557	583.121704771281	54.3529712554371	94.8686973172169	157.845610693862	107.416908142246
2021-06-10	472.009797429018	299.461730627734	383.400221191991	559.465568276008	44.9784204807939	88.9972479331843	164.405245043418	102.752564220529
2021-06-11	460.875379582912	291.643213706297	377.55755193836	537.233515410593	36.6993413066217	84.0313567306486	172.068969591079	98.7321859706708
2021-06-12	450.667660282928	284.685629562803	372.732876094238	516.496450786154	29.47397871329	79.9728652734149	180.887539589311	95.3769740092838
2021-06-13	441.434100425386	278.601236662329	368.958065092196	497.325279013804	23.2605776811658	76.8236151252875	190.91171029058	92.7081289529822
2021-06-14	433.2229772812	273.404788291514	366.264377386123	479.787403357895	18.0213761508547	74.5864353972979	202.191350452208	90.7468523434642
2021-06-15	426.085833619638	269.121017023251	364.680619515179	463.936221695737	13.7345839039115	73.2681053893873	214.772782850943	89.514349422766
2021-06-16	420.075028584559	265.777150252	364.234985039842	449.821630557876	10.3824036821285	72.8763919487242	228.701443768387	89.0318263580081
2021-06-17	415.242921319819	263.400415372216	364.955667520591	437.493526474861	7.94703822729795	73.4190619224771	244.022769486144	89.3204893163112
2021-06-18	411.641870969278	262.018039778357	366.870860517901	427.001805977239	6.41069028121222	74.9038821578142	260.782196285816	90.4015444647958
2021-06-19	409.324236676792	261.657250864882	370.008757592253	418.396365595557	5.75556258566357	77.3386195019042	279.025160449008	92.2961979705827
2021-06-20	408.342377586221	262.345276026248	374.397552304122	411.727101860364	5.96385788244428	80.7310408019154	298.797098257321	95.0256560007922
2021-06-21	408.748652841423	264.109342656912	380.065438213987	407.043911302206	7.01777891334677	85.0889129050166	320.143445992361	98.6111247225455
2021-06-22	410.595421586255	266.976678151331	387.040608882326	404.396690451632	8.89952842016316	90.4200026583757	343.109639935728	103.073810302963
2021-06-23	413.935042964575	270.974509903964	395.351257869616	403.835335839189	11.5913091446858	96.7320769091613	367.741116369027	108.434918909164
2021-06-24	418.819876120242	276.130065309267	405.025578736335	405.409743995424	15.075323828707	104.032902504542	394.08331157386	114.715656708271
2021-06-25	425.302280197114	282.470571761699	416.091765042961	409.169811450886	19.333775214019	112.330246291686	422.181661831831	121.937229867404
2021-06-26	433.434614339048	290.023256655716	428.578010349971	415.165434736121	24.3488660424141	121.631875117762	452.081603424543	130.120844553683
2021-06-27	443.269237689902	298.815347385776	442.512508217844	423.446510381677	30.1027990556846	131.945555829938	483.828572633598	139.287706934229
2021-06-28	454.84972243492	308.868592303504	457.913762340062	434.05216284158	36.5795778093545	143.274788095532	517.451306980093	149.455732132485
2021-06-29	468.184492924878	320.182823589189	474.761516942126	446.978428263763	43.7704091138741	155.606002862454	552.911748943093	160.629671097181
2021-06-30	483.27318655194	332.752394380285	493.025826382543	462.210570719642	51.6683005934255	168.921363898765	590.155142241154	172.810983733372
2021-07-01	500.115440708268	346.571657814251	512.676745019822	479.733854280627	60.2662598721913	183.203034972525	629.126730592838	186.00112994611
2021-07-02	518.710892786024	361.634967028539	533.684327212466	499.533543018131	69.5572945743524	198.433179851791	669.771757716695	200.201569640447
2021-07-03	539.05918017737	377.936675160607	556.018627318982	521.594901003566	79.5344123240912	214.593962304626	712.035467331286	215.413762721437
2021-07-04	561.159940274468	395.47113534791	579.649699697879	545.903192308346	90.19062074559	231.667546099087	755.863103155169	231.639169094133
2021-07-05	585.012810469481	414.232700727905	604.547598707661	572.443681003882	101.518927463031	249.636095003237	801.199908906901	248.879248663588
2021-07-06	610.617428154572	434.215724438046	630.682378706837	601.201631161587	113.512340100595	268.481772785133	847.991128305038	267.135461334855
2021-07-07	637.973430721902	455.414559615789	658.024094053911	632.162306852875	126.163866282466	288.186743212836	896.182005068139	286.409267012987
2021-07-08	667.080455563634	477.823559398591	686.542799107392	665.310972149156	139.466513632825	308.733170054405	945.71778291476	306.702125603037
2021-07-09	697.938140071931	501.437076923907	716.208548225785	700.632891121845	153.413289775853	330.103217077901	996.54370556346	328.015497010059
2021-07-10	730.546121638954	526.249465329193	746.991395767598	738.113327842352	167.997202335734	352.279048051383	1048.60501673279	350.350841139104
2021-07-11	764.904037656869	552.255077751906	778.861396091339	777.737546382095	183.21125893665	375.242826742913	1101.84696014133	373.709617895229
2021-07-12	801.006887260192	579.443736622281	811.786115903408	819.48465308923	199.047045259861	398.970414063433	1156.19737289969	398.089219425734
2021-07-13	838.831116552891	607.787141541688	845.723171301807	863.30912341892	215.490459214954	423.412459495435	1211.51446568684	423.470766846931
2021-07-14	878.34853338129	637.252461404279	880.627690732434	909.159275103077	232.525976768592	448.513309664296	1267.63904257384	449.831313517382
2021-07-15	919.530945591713	667.806865104204	916.454802641185	956.983425873611	250.138073887441	474.217311195392	1324.41190763173	477.147912795647
2021-07-16	962.350161030484	699.417521535614	953.159635473958	1006.72989346244	268.311226538166	500.4688107141	1381.67386493155	505.39761804029
2021-07-17	1006.77798754393	732.05159959266	990.697317676652	1058.34699560146	287.029910687432	527.212154845796	1439.26571854436	534.55748260987
2021-07-18	1052.78623297837	765.676268169494	1029.02297769516	1111.78305002259	306.278602301904	554.391690215857	1497.02827254119	564.60455986295
2021-07-19	1100.33092051511	800.244914470728	1068.08617629193	1166.96956731937	326.039284404464	581.951476741222	1554.79739912368	595.509664187228
2021-07-20	1149.30493467538	835.655798942824	1107.81420349555	1223.77082953181	346.28396824287	609.834427505089	1612.38924301575	627.218654086954
2021-07-21	1199.58537531538	871.7934003427	1148.12878165116	1282.03431156155	366.982172121092	637.983168882208	1669.61501707191	659.671149095507
2021-07-22	1251.04934229133	908.542197427279	1188.9516331039	1341.60748831023	388.103414343106	666.34032724734	1726.28593414667	692.806768746273
2021-07-23	1303.57393545943	945.786668953484	1230.20448019892	1402.33783467948	409.617213212885	694.848528975242	1782.21320709453	726.565132572636
2021-07-24	1357.03625467589	983.411293678237	1271.80904528134	1464.07282557094	431.493087034403	723.45040044067	1837.20804877001	760.88586010798
2021-07-25	1411.31339979691	1021.30055035846	1313.68705069631	1526.65993588625	453.700554111633	752.088568018382	1891.08167202761	795.70857088569
2021-07-26	1466.28247067871	1059.33891775107	1355.76021878897	1589.94664052706	476.20913274855	780.705658083135	1943.64528972185	830.972884439148
2021-07-27	1521.82056717749	1097.410874613	1397.95027190446	1653.78041439499	498.988341249127	809.244297009686	1994.71011470722	866.61842030174
2021-07-28	1577.80478914946	1135.40089970116	1440.17893238791	1718.00873239168	522.007697917337	837.647111172792	2044.08735983824	902.584798006849
2021-07-29	1634.11223645082	1173.19347177248	1482.36792258446	1782.47906941878	545.236721057154	865.85672694721	2091.58823796942	938.811637087859
2021-07-30	1690.62000893779	1210.67306958388	1524.43896483926	1847.03890037793	568.644928972554	893.815770707699	2137.02396195527	975.238557078157
2021-07-31	1747.20520646657	1247.72417189228	1566.31378149744	1911.53570017076	592.201839967507	921.466868829012	2180.20574465028	1011.80517751112
2021-08-01	1803.74492889337	1284.2312574546	1607.91409490415	1975.8169436989	615.876972345989	948.752647685909	2220.94479890897	1048.45111792014
2021-08-02	1860.10977705646	1320.0788826149	1649.153765823	2039.72355157413	639.638415054305	975.618968988308	2259.07337625098	1085.10992425172
2021-08-03	1916.14435572241	1355.1519140658	1689.91520869166	2103.07022724877	663.448539608098	1002.02463578678	2294.50788285638	1121.69084810491
2021-08-04	1971.68677063984	1389.33529608704	1730.07297636623	2165.66511988527	687.26828816534	1027.93168646705	2327.18576357041	1158.09706749188
2021-08-05	2026.57512755737	1422.51397295836	1769.50162170286	2227.31637864606	711.058602884005	1053.30215941485	2357.04446323827	1194.23176042478
2021-08-06	2080.64753222364	1454.57288895953	1808.07569755768	2287.83215269361	734.780425922068	1078.09809301591	2384.02142670518	1229.99810491579
2021-08-07	2133.74209038726	1485.39698837028	1845.66975678682	2347.02059119035	758.394699437502	1102.28152565596	2408.05409881636	1265.29927897708
2021-08-08	2185.69690779687	1514.87121547036	1882.15835224641	2404.68984329875	781.862365588282	1125.81449572073	2429.07992441703	1300.03846062082
2021-08-09	2236.36738927746	1542.90024835177	1917.43161211341	2460.6712037241	805.149928737038	1148.66354303181	2447.05460736298	1334.1291068337
2021-08-10	2285.67813595952	1569.46770035545	1951.44196584813	2514.88854934316	828.246142065031	1170.81321315424	2462.00688755242	1367.52579050056
2021-08-11	2333.57104804991	1594.5769186346	1984.15741823171	2567.28890257554	851.145320958178	1192.25255308892	2473.9837638941	1400.19336348076
2021-08-12	2379.98802575549	1618.23125034242	2015.54597404527	2617.81928584085	873.841780802397	1212.97060983673	2483.03223529682	1432.09667763368
2021-08-13	2424.87096928312	1640.43404263211	2045.57563806996	2666.4267215587	896.329836983606	1232.95643039858	2489.19930066935	1463.20058481868
2021-08-14	2468.16177883966	1661.18864265684	2074.2144150869	2713.0582321487	918.603804887724	1252.19906177537	2492.53195892046	1493.46993689512
2021-08-15	2509.80235463197	1680.49839756983	2101.43030987724	2757.66084003048	940.657999900668	1270.68755096799	2493.07720895894	1522.86958572238
2021-08-16	2549.7345968669	1698.36665452427	2127.1913272221	2800.18156762363	962.486737408356	1288.41094497733	2490.88204969356	1551.36438315982
2021-08-17	2587.90040575133	1714.79676067334	2151.46547190263	2840.56743734777	984.084332796706	1305.3582908043	2485.9934800331	1578.91918106681
2021-08-18	2624.2416814921	1729.79206317025	2174.22074869996	2878.76547162251	1005.44510145164	1321.51863544979	2478.45849888633	1605.49883130271
2021-08-19	2658.70032429608	1743.35590916819	2195.42516239522	2914.72269286747	1026.56335875906	1336.8810259147	2468.32410516204	1631.0681857269
2021-08-20	2691.21823437012	1755.49164582035	2215.04671776955	2948.38612350226	1047.43342010491	1351.43450919992	2455.63729776899	1655.59209619873
2021-08-21	2721.73731192109	1766.20262027993	2233.05341960408	2979.70278594648	1068.04960087508	1365.16813230635	2440.44507561598	1679.03541457757
2021-08-22	2750.19945715585	1775.49217970012	2249.41327267995	3008.61970261974	1088.40621645551	1378.07094223489	2422.79443761177	1701.3629927228
2021-08-23	2776.55723484152	1783.37136936449	2264.11005468558	3035.0982183614	1108.49606616603	1390.13261363407	2402.75134469493	1722.54532778439
2021-08-24	2800.80586798628	1789.88202707805	2277.19063493852	3059.15696768971	1128.30588506219	1401.34533174298	2380.45760592313	1742.57549807478
2021-08-25	2822.95124415856	1795.07368877619	2288.7176556636	3080.82890754265	1147.82089213345	1411.70190944836	2356.07399238385	1761.45222719704
2021-08-26	2842.99925092682	1798.99589039429	2298.75375908567	3100.14699485821	1167.02630636929	1421.19515963693	2329.76127516453	1779.1742387542
2021-08-27	2860.95577585949	1801.69816786774	2307.36158742955	3117.14418657437	1185.90734675917	1429.81789519542	2301.68022535265	1795.74025634933
2021-08-28	2876.82670652502	1803.23005713192	2314.60378292009	3131.85343962913	1204.44923229256	1437.56292901056	2271.99161403566	1811.14900358549
2021-08-29	2890.61793049185	1803.64109412222	2320.54298778212	3144.30771096047	1222.63718195892	1444.42307396907	2240.85621230104	1825.39920406573
2021-08-30	2902.34375125677	1802.98123119572	2325.23829896321	3154.54979940423	1240.46205151264	1450.39100113775	2208.43245004352	1838.48257858713
2021-08-31	2912.05213603001	1801.30208639634	2328.73463230191	3162.6618713877	1257.93724376773	1455.45881430359	2174.869392387	1850.36283672292
2021-09-01	2919.79946795014	1798.6556941897	2331.07335835948	3168.73593523601	1275.0817983031	1459.61847543363	2140.31376326266	1860.99668524036
2021-09-02	2925.64213015575	1795.09408904143	2332.2958476972	3172.8639992743	1291.91475469767	1462.86194649495	2104.91228660168	1870.3408309067
2021-09-03	2929.6365057854	1790.66930541714	2332.44347087635	3175.13807182771	1308.45515253036	1465.18118945458	2068.81168633523	1878.35198048921
2021-09-04	2931.83897797767	1785.43337778245	2331.5575984582	3175.65016122137	1324.7220313801	1466.56816627959	2032.15868639449	1884.98684075513
2021-09-05	2932.30592987115	1779.43834060298	2329.67960100402	3174.49227578043	1340.73443082579	1467.01483893702	1995.10001071065	1890.20211847174
2021-09-06	2931.09374460439	1772.73622834436	2326.85084907508	3171.75642383003	1356.51139044636	1466.51316939392	1957.78238321487	1893.95452040628
2021-09-07	2928.258805316	1765.3790754722	2323.11271323268	3167.53461369529	1372.07194982074	1465.05511961736	1920.35252783834	1896.20075332601
2021-09-08	2923.85749514453	1757.41891645212	2318.50656403806	3161.91885370136	1387.43514852783	1462.63265157438	1882.95716851224	1896.89752399819
2021-09-09	2917.94619722856	1748.90778574975	2313.07377205252	3155.00115217339	1402.62002614655	1459.23772723204	1845.74302916774	1896.00153919008
2021-09-10	2910.58129470668	1739.8977178307	2306.85570783733	3146.8735174365	1417.64562225583	1454.86230855739	1808.85683373602	1893.46950566893
2021-09-11	2901.81917071746	1730.4407471606	2299.89374195376	3137.62795781583	1432.53097643459	1449.49835751748	1772.44530614826	1889.25813020201
2021-09-12	2891.71620839947	1720.58890820507	2292.22924496308	3127.35648163652	1447.29512826174	1443.13783607936	1736.65517033564	1883.32411955657
2021-09-13	2880.32924522978	1710.39013327051	2283.90581495033	3116.13998704696	1461.95651993051	1435.78674073848	1701.61267040275	1875.64165431585
2021-09-14	2867.71693603942	1699.87594602653	2274.97596009552	3104.01493148849	1476.53120409137	1427.50720610381	1667.36213114781	1866.25481032709
2021-09-15	2853.93838999791	1689.0737679835	2265.49441610245	3091.00666222571	1491.03463600911	1418.37540131271	1633.92739754247	1855.2251372535
2021-09-16	2839.05271627477	1678.01102065181	2255.51591867489	3077.14052652321	1505.48227094849	1408.46749550255	1601.33231455838	1842.61418475828
2021-09-17	2823.11902403952	1666.71512554186	2245.09520351662	3062.44187164558	1519.8895641743	1397.85965781068	1569.60072716716	1828.48350250465
2021-09-18	2806.19642246166	1655.21350416402	2234.28700633141	3046.93604485743	1534.27197095132	1386.62805737448	1538.75648034046	1812.89464015583
2021-09-19	2788.34402071073	1643.53357802867	2223.14606282306	3030.64839342333	1548.64494654432	1374.8488633313	1508.82341904993	1795.90914737503
2021-09-20	2769.62092795623	1631.70276864622	2211.72710869535	3013.60426460789	1563.02394621808	1362.5982448185	1479.82538826721	1777.58857382547
2021-09-21	2750.0862533677	1619.74849752703	2200.08487965204	2995.82900567569	1577.42442523739	1349.95237097345	1451.78623296393	1757.99446917035
2021-09-22	2729.79910611464	1607.6981861815	2188.27411139692	2977.34796389134	1591.86183886701	1336.98741093351	1424.72979811175	1737.18838307289
2021-09-23	2708.81859536658	1595.57925612001	2176.34953963378	2958.18648651943	1606.35164237174	1323.77953383604	1398.67992868229	1715.23186519631
2021-09-24	2687.20383029303	1583.41912885296	2164.36590006639	2938.36992082454	1620.90929101634	1310.40490881841	1373.6604696472	1692.18646520382
2021-09-25	2665.01392006351	1571.24522589071	2152.37792839853	2917.92361407127	1635.5502400656	1296.93970501797	1349.69526597812	1668.11373275863
2021-09-26	2642.30797384754	1559.08496874366	2140.44036033399	2896.87291352422	1650.28994478429	1283.46009157209	1326.8081626467	1643.07521752395
2021-09-27	2619.14237308148	1546.95912514621	2128.60729677466	2875.24301300488	1665.13919877554	1270.04172402796	1305.01508228069	1617.1418759485
2021-09-28	2595.56258826904	1534.86184772883	2116.93029941498	2853.05849256234	1680.09014899581	1256.7582035721	1284.30025813231	1590.42229162297
2021-09-29	2571.61136218075	1522.780635346	2105.46029514749	2830.34377880259	1695.13028073989	1243.68261780084	1264.64000110989	1563.03445492353
2021-09-30	2547.33143758717	1510.70298685219	2094.24821086474	2807.12329833161	1710.24707930261	1230.88805431053	1246.01062212176	1535.09635622637
2021-10-01	2522.76555725884	1498.6164011019	2083.34497345929	2783.42147775541	1725.42802997876	1218.44760069752	1228.38843207626	1506.72598590768
2021-10-02	2497.9564639663	1486.5083769496	2072.80150982368	2759.26274367996	1740.66061806315	1206.43434455814	1211.74974188173	1478.04133434364
2021-10-03	2472.94690048011	1474.36641324977	2062.66874685047	2734.67152271127	1755.93232885059	1194.92137348874	1196.07086244649	1449.16039191043
2021-10-04	2447.77341932991	1462.1781292788	2052.9835527539	2709.66860534243	1771.24371838524	1183.97568847412	1181.32686694373	1420.19553021661
2021-10-05	2422.44781208185	1449.93162600074	2043.72656103501	2684.26023761501	1786.64762570874	1173.63994405295	1167.48787760604	1391.23664580016
2021-10-06	2396.97568006114	1437.61512480153	2034.86434651655	2658.44902945771	1802.20996061208	1163.95070815236	1154.52277893086	1362.36801643146
2021-10-07	2371.36262459304	1425.21684706711	2026.36348402126	2632.2375907992	1817.99663288628	1154.94454869947	1142.40045541562	1333.67391988086
2021-10-08	2345.61424700278	1412.72501418343	2018.19054837187	2605.62853156819	1834.07355232233	1146.6580336214	1131.08979155776	1305.23863391874
2021-10-09	2319.73614861559	1400.12784753643	2010.31211439112	2578.62446169334	1850.50662871123	1139.12773084529	1120.55967185472	1277.14643631544
2021-10-10	2293.73393075672	1387.41356851208	2002.69475690176	2551.22799110335	1867.36177184398	1132.39020829826	1110.77898080393	1249.48160484135
2021-10-11	2267.61319475141	1374.5703984963	1995.30505072653	2523.44172972692	1884.70489151158	1126.48203390744	1101.71660290285	1222.32841726681
2021-10-12	2241.37954192488	1361.58655887504	1988.10957068816	2495.26828749271	1902.60189750503	1121.43977559995	1093.3414226489	1195.7711513622
2021-10-13	2215.03857360239	1348.45027103426	1981.0748916094	2466.71027432942	1921.11869961533	1117.30000130293	1085.62232453952	1169.89408489787
2021-10-14	2188.59589110916	1335.1497563599	1974.16758831299	2437.77030016574	1940.32120763348	1114.09927894349	1078.52819307215	1144.7814956442
2021-10-15	2162.05709577044	1321.67323623791	1967.35423562166	2408.45097493035	1960.27533135048	1111.87417644876	1072.02791274423	1120.51766137153
2021-10-16	2135.42778891147	1308.00893205422	1960.60140835816	2378.75490855195	1981.04698055734	1110.66126174588	1066.0903680532	1097.18685985024
2021-10-17	2108.71357185748	1294.1450651948	1953.87568134522	2348.68471095921	2002.70206504504	1110.49710276196	1060.68444349649	1074.87336885069
2021-10-18	2081.91804880663	1280.07020689664	1947.14373185016	2318.24866008301	2025.30332170705	1111.41428291252	1055.77213875449	1053.63839050834
2021-10-19	2055.03683544877	1265.77432780096	1940.37264691853	2287.47770586302	2048.90079584663	1113.42944756657	1051.28791423932	1033.45082441902
2021-10-20	2028.06355034667	1251.24774840007	1933.52961604049	2256.4084662411	2073.54135986951	1116.55525758154	1047.15934554608	1014.25649454367
2021-10-21	2000.99181206311	1236.48078918623	1926.58182870616	2225.07755915908	2099.2718861814	1120.80437381482	1043.31400826985	996.001224843213
2021-10-22	1973.81523916086	1221.46377065175	1919.49647440569	2193.52160255883	2126.13924718803	1126.18945712383	1039.67947800569	978.630839278587
2021-10-23	1946.52745020268	1206.1870132889	1912.2407426292	2161.77721438219	2154.19031529512	1132.72316836598	1036.18333034869	962.091161810721
2021-10-24	1919.12206375134	1190.64083758997	1904.78182286683	2129.88101257102	2183.4719629084	1140.41816839866	1032.75314089393	946.328016400548
2021-10-25	1891.59089982403	1174.81652928797	1897.08922580017	2097.85929979061	2214.00682480896	1149.27837473393	1029.32392551121	931.290591739262
2021-10-26	1863.91858425549	1158.70923507882	1889.14174687656	2065.69711759998	2245.72058527944	1159.27273150241	1025.86046116928	916.941535439117
2021-10-27	1836.08794433491	1142.31506689916	1880.92050273478	2033.36919228158	2278.51469097786	1170.36143948934	1022.33496511157	903.246859842625
2021-10-28	1808.08180735143	1125.63013668564	1872.40661001364	2000.85025011787	2312.29058856223	1182.50469947998	1018.71965458156	890.172577292302
2021-10-29	1779.88300059422	1108.65055637489	1863.58118535193	1968.11501739132	2346.94972469056	1195.66271225959	1014.98674682269	877.684700130665
2021-10-30	1751.47435135245	1091.37243790357	1854.42534538843	1935.13822038437	2382.39354602087	1209.79567861341	1011.10845907843	865.749240700228
2021-10-31	1722.83868691529	1073.7918932083	1844.92020676194	1901.89458537949	2418.52349921118	1224.86379932671	1007.05700859223	854.332211343506
2021-11-01	1693.95883457188	1055.90503422575	1835.04688611125	1868.35883865913	2455.2410309195	1240.82727518472	1002.80461260755	843.399624403015
2021-11-02	1664.81762161141	1037.70797289254	1824.78650007514	1834.50570650575	2492.44758780384	1257.64630697272	998.323488367848	832.917492221269
2021-11-03	1635.39787532302	1019.19682114532	1814.12016529242	1800.3099152018	2530.04461652223	1275.28109547595	993.585853116582	822.851827140784
2021-11-04	1605.6824229959	1000.36769092074	1803.02899840187	1765.74619102975	2567.93356373267	1293.69184147966	988.563924097208	813.168641504074
2021-11-05	1575.65409191919	981.216694155442	1791.49411604228	1730.78926027205	2606.01587609319	1312.83874576911	983.229918553184	803.833947653656
2021-11-06	1545.29570938207	961.739942786059	1779.49663485245	1695.41384921115	2644.19300026179	1332.68200912956	977.556053727967	794.813757932044
2021-11-07	1514.59010267369	941.933548749238	1767.01767147116	1659.59468412952	2682.36638289649	1353.18183234625	971.514546865015	786.074084681753
2021-11-08	1483.52609531618	921.797613169105	1754.04411670932	1623.31580719497	2720.44983836484	1374.29632916926	965.087477399719	777.58262102624
2021-11-09	1452.11649576351	901.348193919704	1740.58595806622	1586.59852411675	2758.40665187248	1395.97526520789	958.296373535198	769.313783212725
2021-11-10	1420.38010870262	880.605338062562	1726.65895721328	1549.47345648947	2796.21247633462	1418.16631903626	951.17262566651	761.243668269368
2021-11-11	1388.33573882042	859.589092659203	1712.27887582191	1511.97122590774	2833.84296466642	1440.81716922851	943.747624188706	753.348373224331
2021-11-12	1356.00219080384	838.319504771155	1697.46147556352	1474.12245396617	2871.27376978307	1463.87549435876	936.052759496843	745.603995105775
2021-11-13	1323.39826933983	816.816621459942	1682.22251810952	1435.95776225936	2908.48054459976	1487.28897300113	928.119421985974	737.98663094186
2021-11-14	1290.54277911529	795.100489787092	1666.57776513132	1397.50777238194	2945.43894203167	1511.00528372974	919.979002051155	730.472377760748
2021-11-15	1257.45452481717	773.191156814129	1650.54297830033	1358.80310592849	2982.12461499399	1534.97210511872	911.662890087438	723.0373325906
2021-11-16	1224.1523111324	751.10866960258	1634.13391928795	1319.87438449365	3018.5132164019	1559.1371157422	903.202476489878	715.657592459576
2021-11-17	1190.65494274789	728.87307521397	1617.36634976561	1280.752229672	3054.58039917058	1583.44799417429	894.629151653531	708.309254395838
2021-11-18	1156.98122435059	706.504420709826	1600.25603140471	1241.46726305817	3090.30181621521	1607.85241898913	885.97430597345	700.968415427547
2021-11-19	1123.14996062741	684.022753151675	1582.81872587667	1202.05010624677	3125.65312045099	1632.29806876083	877.26932984469	693.611172582863
2021-11-20	1089.1799562653	661.448119601041	1565.07019485288	1162.53138083239	3160.60996479309	1656.73262206352	868.545613662306	686.213622889949
2021-11-21	1055.09001595117	638.800567119452	1547.02620000477	1122.94170840966	3195.1480021567	1681.10375747133	859.834547821351	678.751863376964
