date	state	King	Snohomish	Pierce	Ann Arbor	Boston	San Diego	DC
2020-01-26	0	0	0	0	0	0	0	0
2020-01-27	0	0	0	0	0	0	0	0
2020-01-28	0	0	0	0	0	0	0	0
2020-01-29	0	0	0	0	0	0	0	0
2020-01-30	0	0	0	0	0	0	0	0
2020-01-31	0	0	0	0	0	0	0	0
2020-02-01	0	0	0	0	0	0	0	0
2020-02-02	0	0	0	0	0	0	0	0
2020-02-03	0	0	0	0	0	0	0	0
2020-02-04	0	0	0	0	0	0	0	0
2020-02-05	0	0	0	0	0	0	0	0
2020-02-06	0	0	0	0	0	0	0	0
2020-02-07	0	0	0	0	0	0	0	0
2020-02-08	0	0	0	0	0	0	0	0
2020-02-09	0	0	1.84069469203718	0	0	0	0	0
2020-02-10	0	2.44823458444121	6.70783686292243	0	0	0	0	0
2020-02-11	0.516632603340146	6.33720278286533	11.7820310991763	0	0	0	0	0
2020-02-12	2.92835853307896	10.4097654761073	17.079199794357	0	0	0	0	0
2020-02-13	5.47218995650314	14.6793297716858	22.6152653420227	0	0	0	0	0
2020-02-14	8.15738322570591	19.1593027771199	28.4061501357316	1.08564187282964	0	0	0	0
2020-02-15	10.9931946927805	23.8630915999282	34.4677765690419	2.9805472553107	0.916880124106016	0	0	0
2020-02-16	13.9888807098202	28.8041033476297	40.8160670355118	5.00375807338125	5.00605678461707	0	0	0
2020-02-17	17.1538264021322	33.9955542790896	47.4665658593305	7.16339246613827	9.39703246135671	0	0	0
2020-02-18	20.4979319878799	39.4498972585591	54.433305087212	9.46936384324177	14.1126950261111	0	0	0
2020-02-19	24.0312264584406	45.1793943016357	61.7299386965014	11.9320344319925	19.1770649192488	0.910310657678221	0.359000723399714	0
2020-02-20	27.7637388051918	51.1963074239171	69.3701206645438	14.5617664596912	24.6141625811383	18.5260899213841	1.43328881120265	0
2020-02-21	31.7054980195107	57.5128986410009	77.3675049686842	17.3689221536386	30.4480084521483	37.7758200979483	2.60623965247699	0
2020-02-22	35.8665330927749	64.1414299684845	85.7357455862677	20.3638637411354	36.7026229726473	58.7706048301518	3.8846062210223	0
2020-02-23	40.2568730163616	71.0941634219658	94.4884964946394	23.5569534494825	43.4020265830038	81.6215477607757	5.27514149063812	0
2020-02-24	44.8836473205067	78.3787114214828	103.633079792352	26.9563774245265	50.5660928816282	106.428550455211	6.78388624837057	4.68633959021557
2020-02-25	49.7423876908796	85.984088004836	113.151490062787	30.5616174862979	58.1981080990979	133.246706169293	8.41403253425201	12.595645157553
2020-02-26	54.8257263520081	93.8946576142665	123.019390010534	34.3699793733729	66.2972116240318	162.119906081464	10.1680602015614	21.2646677805003
2020-02-27	60.1262955284202	102.094784692015	133.212442340182	38.3787688243281	74.8625428450492	193.092041370171	12.0484491035776	30.7229679246211
2020-02-28	65.6367274446437	110.568833680324	143.706309756321	42.5852915777398	83.893241150769	226.207003213856	14.0576790935797	41.0001060554788
2020-02-29	71.3496543252064	119.301169021432	154.476654963541	46.9868533721843	93.3884459298105	261.508682790965	16.1982300248465	52.1256426386367
2020-03-01	77.2577083946362	128.276155157583	165.499140666429	51.580759946238	103.347296570793	299.040971279942	18.472581750657	64.1291381396582
2020-03-02	83.353521877461	137.478156531016	176.749429569577	56.3643170384774	113.768932462335	338.847759859232	20.8832141242901	77.0401530241069
2020-03-03	89.6297269982086	146.891537583972	188.203184377573	61.3348303874788	124.652492993056	380.972939707279	23.4326069990248	90.8882477575461
2020-03-04	96.0789559814069	156.500662758694	199.836067795007	66.4896057318186	135.997117551575	425.460402002527	26.1232402281401	105.702982805539
2020-03-05	102.693841051584	166.289896497421	211.623742526468	71.8259488100732	147.801945526511	472.354037923422	28.9575936649147	121.51391863365
2020-03-06	109.467014433267	176.243603242395	223.541871276545	77.3411653608188	160.066116306483	521.697738648407	31.9381471626278	138.350615707441
2020-03-07	116.391108350985	186.346147435857	235.566116749827	83.0325611226321	172.78876928011	573.535395355928	35.0673805745581	156.242634492477
2020-03-08	123.458755029264	196.581893520048	247.672141650906	88.8974418340892	185.969043836012	627.910899224428	38.3477737539848	175.21953545432
2020-03-09	130.658223820342	206.929302518758	259.827578838913	94.9300277088992	199.596918888991	684.844858160631	41.7802347068621	195.305551116682
2020-03-10	137.960332587281	217.343221781973	271.967941791159	101.112196861302	213.625731458579	744.264746984375	45.3593840498463	216.503602235864
2020-03-11	145.331536320854	227.772595241227	284.020714139501	107.422741880668	227.999658090496	806.074757243777	49.0782705522691	238.811281626316
2020-03-12	152.738290011834	238.166366828054	295.913379515794	113.840455356372	242.662875330457	870.179080486953	52.9299429834622	262.226182102486
2020-03-13	160.147048650992	248.47348047399	307.573421551892	120.344129877783	257.55955972418	936.48190826202	56.9074501127572	286.745896478823
2020-03-14	167.524267229101	258.642880110569	318.928323879652	126.912558034275	272.633887817381	1004.8874321171	61.0038407094859	312.368017569778
2020-03-15	174.836400736932	268.623509669326	329.905570130927	133.52453241522	287.830036155778	1075.2998436003	65.21216354298	339.090138189798
2020-03-16	182.051382755702	278.368590276831	340.438997137927	140.156530798164	303.087534845998	1147.59451817953	69.5242437001087	366.896992936592
2020-03-17	189.1430612284	287.848451839803	350.487854534267	146.775771713347	318.327328238305	1221.53156700184	73.9270115378914	395.721883540897
2020-03-18	196.08676268846	297.037701459998	360.017745153916	153.347158879187	333.465714243874	1296.84228513408	78.406173730885	425.485253516711
2020-03-19	202.857813669315	305.91094623917	368.994271830842	159.835596014099	348.41899077388	1373.25796764307	82.9474369536466	456.10754637803
2020-03-20	209.4315407044	314.442793279074	377.383037399013	166.205986836499	363.103455739498	1450.50990959567	87.536507880733	487.50920563885
2020-03-21	215.783270327148	322.607849681467	385.149644692398	172.423235064801	377.435407051903	1528.3294060587	92.1590931867013	519.610674813169
2020-03-22	221.888329070992	330.380722548103	392.259696544965	178.452244417423	391.331142622269	1606.44775209902	96.8008995461084	552.332397414983
2020-03-23	227.722043469367	337.736018980737	398.678795790683	184.25791861278	404.706960361772	1684.59624278345	101.447633633511	585.594816958288
2020-03-24	233.259740055705	344.648346081125	404.372545263521	189.805161369287	417.479158181585	1762.50617317884	106.085002123467	619.318376957081
2020-03-25	238.476745363441	351.092310951021	409.306547797445	195.058876405361	429.564033992884	1839.90883835203	110.698711690532	653.42352092536
2020-03-26	243.348385926008	357.042520692181	413.446406226426	199.983967439417	440.877885706844	1916.53553336986	115.274469009264	687.83069237712
2020-03-27	247.84998827684	362.47358240636	416.757723384432	204.54533818987	451.337011234638	1992.11755329916	119.79798075422	722.460334826357
2020-03-28	251.95687894937	367.360103195313	419.20610210543	208.707892375138	460.857708487443	2066.38619320678	124.254953599956	757.23289178707
2020-03-29	255.644384477032	371.676690160796	420.75714522339	212.436533713634	469.356275376433	2139.07274815956	128.631094221029	792.068806773254
2020-03-30	258.893918259139	375.402773629457	421.391364233547	215.703210576505	476.766025867285	2209.89014684805	132.914932640125	826.88341648553
2020-03-31	261.711241158518	378.537076827525	421.148905276211	218.50804994581	483.088338143683	2278.4778524577	137.10629227244	861.571630371013
2020-04-01	264.108200903876	381.08314620612	420.084823152958	220.858223456339	488.341606443814	2344.45696179766	141.207819881298	896.023251063443
2020-04-02	266.09664522392	383.044528216364	418.254172665364	222.760902742882	492.544225005866	2407.44857167709	145.222162230023	930.128081196559
2020-04-03	267.688421847357	384.424769309379	415.712008615007	224.223259440228	495.714588068025	2467.07377890514	149.15196608194	963.7759234041
2020-04-04	268.895378502894	385.227415936286	412.513385803463	225.252465183166	497.871089868479	2522.95368029099	152.999878200372	996.856580319805
2020-04-05	269.729362919237	385.456014548208	408.713359032309	225.855691606486	499.032124645414	2574.70937264378	156.768545348645	1029.25985457741
2020-04-06	270.204006202683	385.118000914652	404.363998491665	226.043165603543	499.220447680033	2622.01509261144	160.460325572799	1060.88629902415
2020-04-07	270.340072969886	384.236368078683	399.505435925832	225.837335101951	498.476258425603	2664.75763619697	164.076422049743	1091.67946736121
2020-04-08	270.16011121509	382.837998401753	394.174818467651	225.26370328789	496.844117378405	2702.87693924214	167.617749239104	1121.59366350323
2020-04-09	269.686668932539	380.949774245311	388.409293249968	224.347773347539	494.368585034722	2736.31293758873	171.085221600509	1150.58319136491
2020-04-10	268.942294116477	378.598577970809	382.246007405625	223.115048467077	491.094221890836	2765.00556707849	174.479753593582	1178.60235486089
2020-04-11	267.949534761148	375.811291939699	375.722108067467	221.591031832685	487.065588443029	2788.8947635532	177.802259677951	1205.60545790586
2020-04-12	266.730938860796	372.614798513432	368.874742368336	219.801226630541	482.327245187583	2807.92046285462	181.053654313241	1231.54680441447
2020-04-13	265.309054409664	369.035980053459	361.741057441076	217.771136046826	476.923752620781	2822.02260082453	184.23485195908	1256.3806983014
2020-04-14	263.706429401997	365.101718921231	354.358200418531	215.526263267719	470.899671238904	2831.1411133047	187.346767075092	1280.06144348131
2020-04-15	261.945611832039	360.8388974782	346.763318433544	213.092111479399	464.299561538234	2835.21593613689	190.390314120904	1302.54334386887
2020-04-16	260.049149694033	356.274398085816	338.993558618958	210.494183868046	457.167984015054	2834.18700516287	193.366407556143	1323.78070337874
2020-04-17	258.039590982224	351.435103105532	331.086068107618	207.75798361984	449.549499165646	2827.99425622441	196.275961840435	1343.7278259256
2020-04-18	255.939483690855	346.347894898798	323.077994032367	204.909013920959	441.488667486292	2816.57762516328	199.119891433406	1362.33901542411
2020-04-19	253.77137581417	341.039655827065	315.006483526049	201.972777957585	433.030049473274	2799.87704782125	201.899110794681	1379.56857578894
2020-04-20	251.556595507886	335.536251207358	306.905196414274	198.972240525306	424.218910952242	2777.89831466994	204.614209897257	1395.37059950305
2020-04-21	249.311591573604	329.859478178991	298.793843293724	195.920212857361	415.103339066313	2750.91063470039	207.264480767606	1409.69833332251
2020-04-22	247.051592974397	324.030116836851	290.68864745385	192.826967796395	405.732126287975	2719.24907153349	209.848890945567	1422.50481257172
2020-04-23	244.791828673341	318.068947275824	282.6058321841	189.702778185057	396.154065089712	2683.24868879014	212.366407970983	1433.74307257505
2020-04-24	242.547527633508	311.996749590797	274.561620773925	186.557916865994	386.417947944011	2643.24455009123	214.815999383693	1443.36614865688
2020-04-25	240.333918817973	305.834303876659	266.572236512773	183.402656681855	376.572567323356	2599.57171905764	217.19663272354	1451.32707614159
2020-04-26	238.16623118981	299.602390228294	258.653902690095	180.247270475285	366.666715700235	2552.56525931029	219.507275530364	1457.57889035355
2020-04-27	236.059585498054	293.321690193058	250.822572100633	177.102187844476	356.744452989082	2502.54601028029	221.74881220116	1462.08782487286
2020-04-28	234.028669635599	287.01249112817	243.093115560301	173.978465409794	346.830908872135	2449.77791463981	223.929794561546	1464.87290630244
2020-04-29	232.088063281298	280.694981843315	235.480133390305	170.887316547147	336.946480473578	2394.51069087123	226.060691294291	1465.96635950094
2020-04-30	230.252346114004	274.38935114818	227.998225911853	167.839954632443	327.111564917599	2336.99405745694	228.151971082168	1465.40040932699
2020-05-01	228.536097812574	268.115787852451	220.661993446151	164.847593041592	317.346559328384	2277.47773287934	230.214102607947	1463.20728063923
2020-05-02	226.95389805586	261.894480765814	213.486036314405	161.921445150501	307.671860830118	2216.21143562082	232.2575545544	1459.4191982963
2020-05-03	225.520326522719	255.745618697955	206.484954837824	159.07272433508	298.107866546989	2153.44488416377	234.292795604297	1454.06838715684
2020-05-04	224.249962892002	249.689390458561	199.673349337614	156.312643971236	288.674973603182	2089.42779699058	236.33029444041	1447.18707207949
2020-05-05	223.157386842566	243.745984857317	193.065820134981	153.652417434879	279.393579122884	2024.40989258366	238.38051974551	1438.80747792289
2020-05-06	222.257178053265	237.93559070391	186.676967551132	151.103258101918	270.284080230281	1958.64088942538	240.453940202367	1428.96182954567
2020-05-07	221.563916202952	232.278396808025	180.521391907274	148.67637934826	261.366874049559	1892.37050599815	242.561024493754	1417.68235180649
2020-05-08	221.092180970483	226.794591979349	174.613693524615	146.382994549815	252.662357704904	1825.84846078435	244.712241302441	1405.00126956397
2020-05-09	220.856552034711	221.504365027568	168.968472724359	144.23431708249	244.190928320503	1759.32447226638	246.918059311199	1390.95080767675
2020-05-10	220.871609074491	216.427904762369	163.600329827716	142.241560322195	235.972983020543	1693.04825892664	249.1889472028	1375.56319100348
2020-05-11	221.151150215817	211.58571079408	158.522885296246	140.415225417672	228.026555976464	1627.25213607921	251.538890713683	1358.87908819572
2020-05-12	221.70584737324	206.99952593561	153.745840152931	138.762964608998	220.360229548738	1562.098806365	253.995943794969	1340.97294307673
2020-05-13	222.545590908452	202.691403800508	149.277915561107	137.291717909082	212.980223145089	1497.7335692566	256.591677451447	1321.92764326269
2020-05-14	223.680271183144	198.683398002325	145.127832684113	136.008425330836	205.892756173243	1434.30172422663	259.357662687905	1301.8260763698
2020-05-15	225.119778559006	194.997562154613	141.304312685283	134.920026887169	199.104048040925	1371.94857074768	262.325470509132	1280.75113001424
2020-05-16	226.87400339773	191.655949870921	137.816076727956	134.033462590992	192.620318155861	1310.81940829237	265.526671919917	1258.7856918122
2020-05-17	228.952836061007	188.680614764801	134.671845975467	133.355672455215	186.447785925777	1251.05953633328	268.992837925049	1236.01264937986
2020-05-18	231.363446514191	186.089848790682	131.879165774599	132.893569196503	180.593048445241	1192.79556619365	272.753494427237	1212.51386088177
2020-05-19	234.102123137289	183.88689726651	129.440878205915	132.653956346534	175.064213556192	1136.07935659922	276.829986920866	1188.36706667588
2020-05-20	237.162433913971	182.071243851109	127.358649533423	132.64361014074	169.869766787412	1080.94407812637	281.241615798242	1163.64897766852
2020-05-21	240.537946827907	180.642372203305	125.634146021133	132.869306814555	165.018193667685	1027.42290135144	286.00768145167	1138.436304766
2020-05-22	244.222229862767	179.599765981922	124.269033933051	133.337822603411	160.517979725791	975.548996850815	291.147484273457	1112.80575887464
2020-05-23	248.208851002221	178.942908845785	123.264979533187	134.055933742741	156.377610490513	925.355535200856	296.680324655906	1086.83405090075
2020-05-24	252.491378229939	178.671284453718	122.62364908555	135.030416467977	152.605571490633	876.875686977932	302.625502991325	1060.59789175065
2020-05-25	257.063379529592	178.784376464547	122.346708854147	136.268047014552	149.210348254933	830.142622758408	309.002319672018	1034.17399233066
2020-05-26	261.918422884848	179.281668537095	122.435825102987	137.775601617898	146.200426312196	785.189513118653	315.830075090291	1007.6390635471
2020-05-27	267.050076279378	180.162644330189	122.892664096078	139.559856513449	143.584291191204	742.049528635031	323.128069638449	981.069816306275
2020-05-28	272.451907696853	181.426787502652	123.71889209743	141.627587936636	141.370428420738	700.755839883911	330.915603708798	954.542961514508
2020-05-29	278.117485120942	183.073581713309	124.91617537105	143.985572122892	139.567323529582	661.341617441658	339.211977693643	928.135210078114
2020-05-30	284.040376535314	185.102510620985	126.486180180946	146.640585307651	138.183462046516	623.840031884639	348.036491985289	901.923272903412
2020-05-31	290.214149923641	187.513057884505	128.430572791128	149.599403726343	137.227329500324	588.284253789222	357.408446976043	875.983860896716
2020-06-01	296.634321049008	190.305346965723	130.75011594565	152.871177435946	136.707240849168	554.694653478076	367.345015805115	850.392659726053
2020-06-02	303.304196792166	193.482060538617	133.441958308744	156.4745517796	136.630828768732	523.040400259088	377.854862599337	825.221254106281
2020-06-03	310.22903181328	197.046521080191	136.502345024692	160.430545921992	137.005555364082	493.277863186446	388.944524232445	800.540203513966
2020-06-04	317.414080772518	201.002051067452	139.927521237773	164.760179027807	137.838882740284	465.363411314338	400.620537578176	776.420067425677
2020-06-05	324.864598330045	205.351972977407	143.713732092267	169.484470261729	139.138273002401	439.253413696955	412.889439510268	752.93140531798
2020-06-06	332.585839146028	210.099609287061	147.857222732453	174.624438788445	140.911188255499	414.904239388484	425.757766902458	730.144776667443
2020-06-07	340.583057880633	215.248282473422	152.354238302613	180.201103772639	143.165090604645	392.272257443115	439.232056628481	708.130740950632
2020-06-08	348.858157480172	220.796868592771	157.198651341785	186.230124707609	145.903233093605	371.313407625793	453.309506616964	686.952008207034
2020-06-09	357.39963403553	226.726458018499	162.374843968054	192.7057224011	149.112032520962	351.981912544488	467.949959016078	666.639890727815
2020-06-10	366.192631923741	233.013694703274	167.864825694264	199.616757989471	152.773696624001	334.231565517924	483.103917028885	647.217851367059
2020-06-11	375.222295521834	239.63522259976	173.65060603326	206.952092609079	156.870433140008	318.016159864828	498.721883858446	628.709352978852
2020-06-12	384.473769206842	246.567685660625	179.714194497885	214.700587396282	161.384449806268	303.289488903925	514.754362707822	611.137858417278
2020-06-13	393.932197355797	253.787727838536	186.037600600986	222.851103487439	166.297954360066	290.005345953939	531.151856780073	594.526830536423
2020-06-14	403.58272434573	261.27199308616	192.602833855405	231.392502018907	171.593154538687	278.117524333597	547.86486927826	578.899732190371
2020-06-15	413.410494553671	268.997125356162	199.391903773987	240.313644127044	177.252258079417	267.579817361624	564.843903405445	564.280026233208
2020-06-16	423.400652356654	276.939768601211	206.386819869577	249.603390948208	183.257472719541	258.346018356746	582.039462364687	550.691175519019
2020-06-17	433.538342131709	285.076566773971	213.569591655019	259.250603618757	189.591006196345	250.369920637688	599.402049359048	538.156642901887
2020-06-18	443.808708255869	293.384163827111	220.922228643158	269.244143275049	196.235066247112	243.605317523175	616.882167591589	526.6998912359
2020-06-19	454.196895106163	301.839203713297	228.426740346838	279.572871053442	203.17186060913	238.006002331932	634.43032026537	516.344383375141
2020-06-20	464.688047059625	310.418330385195	236.065136278903	290.225648090294	210.383597019682	233.525768382686	651.997010583453	507.113582173695
2020-06-21	475.267308493285	319.098187795472	243.819425952198	301.191335521962	217.852483216055	230.118408994162	669.532741748898	499.030950485648
2020-06-22	485.916610602245	327.853818580941	251.670145951436	312.455124280886	225.555719190039	227.736373049661	686.982258044615	492.109228397027
2020-06-23	496.605031853879	336.653860114991	259.591941148801	323.987524483821	233.45047395144	226.326731690787	704.267268072914	486.318264921631
2020-06-24	507.298437533635	345.465348455162	267.557983488346	335.755376043605	241.488908764571	225.835211623723	721.303721515955	481.617186305202
2020-06-25	517.962692926956	354.255319658988	275.541444914125	347.725518873076	249.623184893744	226.207539554648	738.007568055895	477.965118793482
2020-06-26	528.56366331929	362.990809784008	283.51549737019	359.864792885069	257.805463603271	227.389442189743	754.294757374895	475.321188632211
2020-06-27	539.067213996079	371.638854887757	291.453312800595	372.140037992424	265.987906157465	229.32664623519	770.081239155113	473.644522067133
2020-06-28	549.439210242771	380.166491027772	299.328063149392	384.518094107975	274.122673820638	231.964878397168	785.282963078707	472.894245343989
2020-06-29	559.64577603862	388.543307789386	307.11358767179	396.963953865014	282.163710666538	235.253023257055	799.825784243238	473.026511397133
2020-06-30	569.65407013812	396.749108869109	314.786394867623	409.43522077864	290.072092006661	239.152596897009	813.675179407862	473.985579915366
2020-07-01	579.431509989575	404.76625149125	322.323660547879	421.887651084408	297.810675961939	243.628273274383	826.806530747137	475.712737276103
2020-07-02	588.945513041287	412.577092880113	329.702560523546	434.277001017869	305.342320653305	248.64472634653	839.195220435618	478.149269856758
2020-07-03	598.163496741562	420.163990260007	336.900270605613	446.559026814577	312.62988420169	254.166630070807	850.816630647865	481.236464034747
2020-07-04	607.052878538702	427.509300855238	343.893966605069	458.689484710085	319.636224728027	260.158658404565	861.646143558432	484.915606187482
2020-07-05	615.581075881011	434.595381890113	350.660824332903	470.624130939948	326.324200353248	266.585485305158	871.659141341879	489.127982692379
2020-07-06	623.715506216793	441.404590588938	357.178019600103	482.318721739716	332.656669198286	273.411784729942	880.831006172761	493.814879926851
2020-07-07	631.423586994351	447.91928417602	363.422728217657	493.729013344944	338.596489384072	280.602230636268	889.137120225635	498.917584268313
2020-07-08	638.672735661989	454.121819875666	369.372125996555	504.810761991184	344.106519031538	288.121496981492	896.55286567506	504.37738209418
2020-07-09	645.430369668011	459.994554912183	375.003388747785	515.51972391399	349.149616261617	295.934257722966	903.053624695592	510.135559781865
2020-07-10	651.66390646072	465.519846509878	380.293692282336	525.811655348916	353.688639195242	304.005186818046	908.614779461787	516.133403708782
2020-07-11	657.340763488419	470.680051893057	385.220212411196	535.642312531513	357.686445953344	312.298958224083	913.211712148204	522.312200252348
2020-07-12	662.428358199413	475.457528286026	389.760124945354	544.967451697335	361.105894656855	320.780245898433	916.819804929398	528.613235789974
2020-07-13	666.899365927474	479.837207243537	393.892955937748	553.742787452393	363.922787658194	329.416839449991	919.42699039862	534.978094997527
2020-07-14	670.74749354825	483.814317642114	397.607632409113	561.923867884523	366.164704235729	338.188991093818	921.071402823893	541.349555744676
2020-07-15	673.971705822857	487.386662688725	400.895431622134	569.46619945202	367.87216789931	347.080068696516	921.80372689193	547.670694199538
2020-07-16	676.570967512413	490.552045590339	403.747630839494	576.32528861318	369.085702158791	356.073440124689	921.674647289447	553.884586530235
2020-07-17	678.544243378035	493.308269553924	406.15550732388	582.456641826295	369.845830524025	365.152473244939	920.734848703158	559.934308904885
2020-07-18	679.890498180839	495.653137786448	408.110338337974	587.815765549661	370.193076504864	374.300535923869	919.035015819778	565.762937491608
2020-07-19	680.608696681942	497.58445349488	409.603401144462	592.358166241572	370.167963611161	383.500996028082	916.625833326022	571.313548458523
2020-07-20	680.70134794024	499.102349151672	410.629840281867	596.049887908557	369.808135558071	392.735931431074	913.555254968053	576.537259812914
2020-07-21	680.185138205744	500.21627429122	411.200269392069	598.899124750082	369.139716881957	401.982260033919	909.86031072983	581.417356918727
2020-07-22	679.080298026243	500.938007713404	411.329169392786	600.924608513849	368.185952324486	411.215609744582	905.575299654761	585.94516697907
2020-07-23	677.407057949528	501.279328218103	411.031021201738	602.145070947557	366.970086627322	420.411608471031	900.734520786252	590.112017197054
2020-07-24	675.185648523387	501.252014605198	410.320305736643	602.579243798909	365.515364532132	429.545884121232	895.372273167711	593.909234775787
2020-07-25	672.436300295611	500.867845674568	409.211503915221	602.245858815605	363.845030780581	438.594064603153	889.522855842545	597.32814691838
2020-07-26	669.17924381399	500.138600226093	407.719096655189	601.163647745346	361.982330114335	447.531777824759	883.220567854161	600.360080827943
2020-07-27	665.434709626312	499.076057059653	405.857564874267	599.351342335832	359.95050727506	456.334651694018	876.499708245968	602.996363707584
2020-07-28	661.222928280367	497.691994975129	403.641389490174	596.827674334765	357.772807004421	464.978314118897	869.394576061371	605.228322760413
2020-07-29	656.564130323946	495.998192772399	401.085051420629	593.611375489845	355.472474044084	473.438393007362	861.939470343778	607.047285189541
2020-07-30	651.478546304838	494.006429251344	398.20303158335	589.721177548773	353.072753135716	481.69051626738	854.168690136598	608.444578198076
2020-07-31	645.986406770832	491.728483211844	395.009810896057	585.175812259251	350.59688902098	489.710311806918	846.116534483236	609.411528989128
2020-08-01	640.107942269719	489.176133453779	391.519870276467	579.994011368978	348.068126441544	497.473407533942	837.8173024271	609.939464765807
2020-08-02	633.863383349287	486.361158777029	387.747690642301	574.194506625657	345.509710139072	504.955431356419	829.305293011598	610.019712731223
2020-08-03	627.27503528564	483.293479026279	383.70901930478	567.801588776833	342.944700588062	512.133623217275	820.615246378915	609.647128379176
2020-08-04	620.37350226813	479.975578225447	379.424669149144	560.861784569438	340.395421194335	518.991671199269	811.783667066352	608.830680366232
2020-08-05	613.191463214423	476.408081443252	374.916719454136	553.42717975025	337.884011096544	525.514875420121	802.847500709986	607.582865639648
2020-08-06	605.761597042183	472.591613748416	370.207249498498	545.549860066045	335.43260943334	531.688535997548	793.843692945896	605.916181146679
2020-08-07	598.116582669078	468.526800209661	365.318338560974	537.281911263601	333.063355343376	537.497953049269	784.809189410161	603.843123834584
2020-08-08	590.289099012771	464.214265895709	360.272065920307	528.675419089696	330.798387965305	542.928426693002	775.78093573886	601.376190650619
2020-08-09	582.31182499093	459.654635875282	355.090510855239	519.782469291105	328.659846437778	547.965257046467	766.795877568069	598.52787854204
2020-08-10	574.216209731475	454.851432496315	349.794949747655	510.653132157258	326.670646549868	552.59939035203	757.886443349923	595.312871629107
2020-08-11	566.028783203353	449.819767223604	344.403447392003	501.32941614818	324.856810692322	556.844357350659	749.066992800768	591.754602724083
2020-08-12	557.77484558577	444.577648801159	338.933265685872	491.851314266549	323.245137906306	560.719334907968	740.347368453008	587.878691812235
2020-08-13	549.479697057929	439.14308597299	333.401666526852	482.258819515042	321.862427232989	564.243499889573	731.737412839043	583.71075887883
2020-08-14	541.168637799033	433.534087483106	327.825911812533	472.591924896336	320.735477713536	567.436029161089	723.246968491278	579.276423909134
2020-08-15	532.866967988287	427.768662075518	322.223263440505	462.890623413107	319.891088389115	570.316099588132	714.885877942113	574.601306888413
2020-08-16	524.599987804893	421.864818494236	316.610983308355	453.194908068033	319.356058300893	572.902888036318	706.66398372395	569.711027801934
2020-08-17	516.392997428057	415.840565483269	311.006333313676	443.544771863791	319.157186490035	575.215571371262	698.591128369192	564.631206634964
2020-08-18	508.271297036982	409.713911786628	305.426575354055	433.980207803058	319.32127199771	577.273326458579	690.677154410242	559.387463372768
2020-08-19	500.260186810872	403.502866148322	299.888971327082	424.541208888512	319.875113865085	579.095330163885	682.9319043795	554.005418000614
2020-08-20	492.384966928929	397.225437312362	294.410783130347	415.267768122827	320.845511133325	580.700759352796	675.365220809369	548.510690503766
2020-08-21	484.67093757036	390.899634022757	289.00927266144	406.199878508683	322.259262843598	582.108790890926	667.986946232251	542.928900867493
2020-08-22	477.143398914367	384.543465023517	283.70170181795	397.377533048756	324.143168037071	583.338601643892	660.806923180549	537.28566907706
2020-08-23	469.827651140153	378.174939058653	278.505332497466	388.840724745723	326.524025754911	584.409368477309	653.834994186665	531.606615117735
2020-08-24	462.748080665623	371.815440089144	273.439179177404	380.626500820442	329.425024745639	585.344307781178	647.075369373052	525.918228440342
2020-08-25	455.925418863472	365.499852943855	268.529266654473	372.760125366492	332.854912587198	586.182794043045	640.509729222379	520.250476357949
2020-08-26	449.379483345097	359.266437668619	263.803372305213	365.263916695635	336.818826564882	586.968241274843	634.114121807365	514.634195649183
2020-08-27	443.130091721895	353.153454309273	259.28927350616	358.160193119631	341.321903963989	587.744063488503	627.864595200729	509.100223092671
2020-08-28	437.19706160526	347.199162911649	255.01474763385	351.471272950241	346.369282069815	588.553674695957	621.737197475191	503.679395467038
2020-08-29	431.600210606589	341.441823521583	251.007572064821	345.219474499226	351.966098167656	589.440488909137	615.70797670347	498.402549550911
2020-08-30	426.359356337278	335.919696184907	247.295524175609	339.427116078346	358.117489542809	590.447920139975	609.752980958286	493.300522122918
2020-08-31	421.492692017574	330.668567585071	243.904952545241	334.114663956009	364.831177293871	591.616265850436	603.852895113745	488.400014541469
2020-09-01	417.01191330312	325.714330955966	240.856490562703	329.29517622721	372.125217772647	592.973357302617	598.006951249498	483.711186484118
2020-09-02	412.927091458413	321.0804061691	238.169342819469	324.979858943591	380.020251144244	594.543909208647	592.21901824658	479.240062208202
2020-09-03	409.248297747947	316.790213095978	235.862713907014	321.179918156793	388.536917573769	596.352636280655	586.492964986029	474.992665971058
2020-09-04	405.985603436217	312.867171608105	233.955808416814	317.906559918457	397.695857226328	598.42425323077	580.832660348881	470.975022030024
2020-09-05	403.149079787719	309.334701576989	232.467830940343	315.170990280227	407.517710267027	600.783474771123	575.241973216173	467.193154642437
2020-09-06	400.748798066947	306.216222874135	231.417986069077	312.984415293743	418.023116860974	603.455015613843	569.72477246894	463.653088065634
2020-09-07	398.794829538397	303.535155371049	230.825478394491	311.358041010647	429.232717173274	606.463590471059	564.284926988221	460.360846556954
2020-09-08	397.297245466563	301.314918939236	230.70951250806	310.30307348258	441.167151369035	609.833914054901	558.926305655051	457.322454373733
2020-09-09	396.266117115941	299.578933450204	231.089293001258	309.830718761186	453.847059613362	613.590701077498	553.652777350468	454.54393577331
2020-09-10	395.711515751025	298.350618775457	231.984024465561	309.952182898104	467.293082071362	617.75866625098	548.468210955507	452.031315013021
2020-09-11	395.643512636311	297.653394786502	233.412911492444	310.678671944977	481.525858908142	622.362524287475	543.376475351205	449.790616350203
2020-09-12	396.072179036294	297.510681354845	235.395158673382	312.021391953447	496.566030288809	627.426989899114	538.381439418599	447.827864042196
2020-09-13	397.007586215469	297.945898351992	237.94997059985	313.991548975155	512.434236378469	632.976777798027	533.486972038726	446.149082346335
2020-09-14	398.457952881707	298.980266788529	241.095248236462	316.597561461397	529.146086699853	639.038196378658	528.698446087326	444.763224135147
2020-09-15	400.424087516384	300.626212231361	244.843678040382	319.836697462085	546.697068206193	645.643928764719	524.027250418961	443.690956741909
2020-09-16	402.904946044254	302.893961386476	249.206642841913	323.703437426786	565.077637208343	652.828251762238	519.486277882895	442.955876115087
2020-09-17	405.899484390069	305.79374095986	254.195525471361	328.192261805067	584.278250017161	660.625442177244	515.088421328392	442.581578203148
2020-09-18	409.406658478581	309.335777657499	259.821708759027	333.297651046492	604.289362943502	669.069776815764	510.846573604718	442.591658954557
2020-09-19	413.425424234544	313.530298185379	266.096575535216	339.01408560063	625.101432298221	678.195532483825	506.773627561138	443.009714317779
2020-09-20	417.95473758271	318.387529249487	273.03150863023	345.336045917046	646.704914392174	688.036985987456	502.882476046916	443.859340241282
2020-09-21	422.997539570074	323.918107779765	280.636921132611	352.260531970449	669.093876908777	698.628092808543	499.191277646316	445.16234199656
2020-09-22	428.572711732599	330.134311601971	288.919347163853	359.794621836112	692.276833021683	710.001523132403	495.739253883596	446.93336214723
2020-09-23	434.703120728493	337.048828765821	297.884351103687	367.947913114453	716.2659072771	722.18962582021	492.57089201801	449.185252579937
2020-09-24	441.411633215962	344.67434732103	307.537497331842	376.730003405887	741.073224221243	735.224749733141	489.730679308815	451.930865181325
2020-09-25	448.721115853211	353.023555317313	317.884350228052	386.150490310831	766.710908400321	749.139243732371	487.263103015267	455.183051838042
2020-09-26	456.654435298448	362.109140804384	328.930474172046	396.218971429701	793.191084360547	763.965456679074	485.212650396622	458.954664436731
2020-09-27	465.234458209877	371.943791831959	340.681433543557	406.945044362914	820.525876648133	779.735737434428	483.623808712134	463.25855486404
2020-09-28	474.484051245707	382.540196449752	353.142792722315	418.338306710884	848.727409809288	796.482434859605	482.541065221061	468.107575006613
2020-09-29	484.426081064142	393.911042707478	366.320116088051	430.408356074029	877.807808390225	814.237897815781	482.008907182657	473.514576751095
2020-09-30	495.083414323389	406.069018654852	380.218968020496	443.164790052765	907.779196937155	833.034475164133	482.071821856179	479.492411984132
2020-10-01	506.478917681656	419.026812341589	394.844912899382	456.617206247509	938.65369999629	852.904515765836	482.774296500882	486.053932592371
2020-10-02	518.635457797146	432.797111817403	410.20351510444	470.775202258676	970.44344211384	873.880368482063	484.160818376023	493.211990462455
2020-10-03	531.575901328068	447.39260513201	426.3003390154	485.648375686683	1003.16054783602	895.994382173992	486.275874740856	500.979437481031
2020-10-04	545.323114932626	462.825980335124	443.140949011994	501.246324131945	1036.81714170903	919.278905702796	489.163952854638	509.369125534744
2020-10-05	559.902547553938	479.113302186619	460.730514188628	517.580461475822	1071.41481340018	943.763524424525	492.87449870182	518.397051878909
2020-10-06	575.349977274761	496.284142287003	479.072622498406	534.669466723446	1106.91301306107	969.466769674727	497.476793167637	528.091795243519
2020-10-07	591.70376446276	514.371448946941	498.170466609103	552.533835160889	1143.26065596437	996.404409283819	503.045075862516	538.485079727236
2020-10-08	609.002269485601	533.408170477098	518.027239188499	571.194062074225	1180.40665738279	1024.59221108222	509.653586396887	549.608629428721
2020-10-09	627.283852710951	553.427255188142	538.646132904371	590.670642749527	1218.29993258901	1054.04594290036	517.376564381181	561.494168446637
2020-10-10	646.586874506476	574.461651390737	560.030340424496	610.984072472871	1256.88939685572	1084.78137256864	526.288249425825	574.173420879647
2020-10-11	666.949695239843	596.544307395551	582.183054416655	632.15484653033	1296.1239654556	1116.8142679175	536.46288114125	587.678110826412
2020-10-12	688.403457994993	619.69808738312	605.105870466818	654.199992034705	1335.95614479828	1150.15352449318	547.975156869759	602.036412599458
2020-10-13	710.950436720968	643.90551901347	628.79399583375	677.122663405714	1376.3528058412	1184.78054870522	560.901604881156	617.262301366768
2020-10-14	734.585688083085	669.139045816498	653.241040694407	700.922546889804	1417.28441067872	1220.669874679	575.31921117712	633.366202510191
2020-10-15	759.304268746662	695.371111322103	678.440615225748	725.599328733422	1458.72142140522	1257.79603653989	591.30496175933	650.358541411573
2020-10-16	785.101235377016	722.57415906018	704.386329604731	751.152695183012	1500.63430011506	1296.13356841327	608.935842629463	668.249743452762
2020-10-17	811.971644639463	750.720632560627	731.071794008313	777.582332485023	1542.99350890262	1335.6570044245	628.288839789199	687.050234015604
2020-10-18	839.910553199321	779.782975353341	758.490618613453	804.8879268859	1585.76950986227	1376.34087869897	649.440939240216	706.770438481948
2020-10-19	868.913017721907	809.73363096822	786.636413597109	833.069164632089	1628.93276508837	1418.15972536204	672.469126984192	727.42078223364
2020-10-20	898.97409487254	840.545042935163	815.50278913624	862.125731970038	1672.45373667531	1461.0880785391	697.450389022809	749.011690652529
2020-10-21	930.088841316534	872.189654784063	845.083355407802	892.057315146192	1716.30288671745	1505.1004723555	724.461711357741	771.553589120461
2020-10-22	962.252313719208	904.639910044821	875.371722588755	922.863600406997	1760.45067730916	1550.17144093663	753.580079990668	795.056903019283
2020-10-23	995.459568745879	937.868252247332	906.361500856056	954.544273998901	1804.86757054482	1596.27551840786	784.88248092327	819.532057730844
2020-10-24	1029.70566306186	971.847124921495	938.046300386664	987.099022168349	1849.5240285188	1643.38723889457	818.445900157226	844.989478636991
2020-10-25	1064.98565333248	1006.54897159721	970.419731357535	1020.52753116179	1894.39051332546	1691.48113652211	854.347323694212	871.439591119569
2020-10-26	1101.27833066866	1041.93101006533	1003.46116711569	1054.8149841191	1939.42264902887	1740.5351417381	892.664862824632	898.885642649989
2020-10-27	1138.4974239638	1077.8895551606	1037.09303368841	1089.8885517539	1984.51670757187	1790.54077027899	933.481129993789	927.3021690579
2020-10-28	1176.54039655692	1114.30569597873	1071.22352027303	1125.66090167325	2029.55412286698	1841.49293420345	976.879862935707	956.656528262515
2020-10-29	1215.30471178702	1151.06052161542	1105.76081606688	1162.04470148419	2074.41632882674	1893.38654557018	1022.94479938442	986.916078183047
2020-10-30	1254.68783299312	1188.03512116638	1140.61311026731	1198.95261879379	2118.98475936368	1946.21651643785	1071.75967707394	1018.04817673871
2020-10-31	1294.58722351422	1225.1105837273	1175.68859207166	1236.2973212091	2163.14084839031	1999.97775886514	1123.4082337383	1050.0201818487
2020-11-01	1334.90034668935	1262.16799839389	1210.89545067726	1273.99147633717	2206.76602981917	2054.66518491073	1177.97420711153	1082.79945143225
2020-11-02	1375.52517084744	1299.09373102289	1246.14753052952	1311.94796062436	2249.7381064395	2110.27506828108	1235.51860981819	1116.34772796132
2020-11-03	1416.36168427714	1335.7952545151	1281.38129706615	1350.08048587433	2291.92035654734	2166.80912927377	1296.01155404502	1150.60429211889
2020-11-04	1457.31038025699	1372.18531853236	1316.53887097294	1388.30297273	2333.17242731546	2224.27044983416	1359.40042686926	1185.50280914071
2020-11-05	1498.27175206557	1408.17667273651	1351.56237293566	1426.52934183434	2373.35396591662	2282.6621119076	1425.63261536819	1220.97694426251
2020-11-06	1539.14629298145	1443.6820667894	1386.3939236401	1464.67351383029	2412.32461952356	2341.98719743946	1494.65550661906	1256.96036272004
2020-11-07	1579.83449628318	1478.61425035284	1420.97564377204	1502.6494093608	2449.94403530906	2402.24878837509	1566.41648769916	1293.38672974905
2020-11-08	1620.23685524934	1512.88597308869	1455.24965401725	1540.37094906881	2486.07186044587	2463.44996665985	1640.86294568573	1330.18971058526
2020-11-09	1660.25386315848	1546.40998465878	1489.15807506152	1577.75205359728	2520.56774210675	2525.5938142391	1717.94226765604	1367.30297046442
2020-11-10	1699.78601328917	1579.09903472494	1522.64302759063	1614.70664358915	2553.29132746446	2588.6834130582	1797.60184068736	1404.66017462228
2020-11-11	1738.73379891998	1610.86587294903	1555.64663229037	1651.14863968738	2584.10226369175	2652.7218450625	1879.78905185695	1442.19498829457
2020-11-12	1776.99771332947	1641.62324899286	1588.1110098465	1686.99196253491	2612.86019796139	2717.71219219737	1964.45128824208	1479.84107671703
2020-11-13	1814.47824979621	1671.28391251828	1619.97828094482	1722.1505327747	2639.42477744614	2783.65753640815	2051.53593692	1517.53210512542
2020-11-14	1851.07590159876	1699.76061318713	1651.19056627111	1756.53827104968	2663.65564931874	2850.56095964021	2140.99038496799	1555.20173875546
2020-11-15	1886.69116201568	1726.96610066125	1681.68998651114	1790.06909800281	2685.41246075197	2918.42554383892	2232.76201946331	1592.7836428429
2020-11-16	1921.22938510867	1752.82074891077	1711.4174674754	1822.6604550738	2704.57829456136	2987.24389536994	2326.78788396339	1630.21087471389
2020-11-17	1954.615368072	1777.27542913909	1740.30915547318	1854.24386688947	2721.12997613355	3056.96671828028	2422.9636479464	1667.41406005626
2020-11-18	1986.77876888303	1800.28863685788	1768.30000193847	1884.75437887339	2735.06776649798	3127.53424103726	2521.17463737064	1704.32321664822
2020-11-19	2017.64924551915	1821.81886757885	1795.32495830525	1914.12703644912	2746.39192668407	3198.88669210819	2621.30617819445	1740.868362268
2020-11-20	2047.15645595776	1841.82461681366	1821.31897600752	1942.29688504025	2755.10271772125	3270.96429996039	2723.24359637614	1776.97951469384
2020-11-21	2075.23005817623	1860.26438007402	1846.21700647928	1969.19897007035	2761.20040063895	3343.7072930612	2826.87221787406	1812.58669170396
2020-11-22	2101.79971015195	1877.09665287161	1869.9540011545	1994.76833696298	2764.68523646658	3417.05589987792	2932.07736864651	1847.61991107659
2020-11-23	2126.80407053528	1892.28869938403	1892.46936306114	2018.94710498224	2765.57395763121	3490.92354404998	3038.72920063888	1882.01446450377
2020-11-24	2150.21780066848	1905.84285845256	1913.72030160298	2041.7056887542	2763.94918215038	3565.11642990522	3146.63716974474	1915.72673933278
2020-11-25	2172.0245625668	1917.77023758437	1933.66847777775	2063.02157674545	2759.90999943927	3639.41395694359	3255.59555784472	1948.71839682474
2020-11-26	2192.20801824548	1928.08194428667	1952.2755525832	2082.87225742259	2753.55549891306	3713.59552466504	3365.39864681946	1980.95109824075
2020-11-27	2210.75182971975	1936.78908606662	1969.50318701706	2101.2352192522	2744.98476998692	3787.4405325695	3475.84071854957	2012.3865048419
2020-11-28	2227.63965900485	1943.90277043142	1985.31304207706	2118.08795070086	2734.29690207602	3860.72838015693	3586.7160549157	2042.98627788929
2020-11-29	2242.85516811604	1949.43410488826	1999.66677876095	2133.40794023517	2721.59098459555	3933.23846692727	3697.81893779847	2072.71207864404
2020-11-30	2256.38201906854	1953.39419694432	2012.52605806646	2147.17267632172	2706.96610696068	4004.75019238047	3808.9436490785	2101.52556836724
2020-12-01	2268.2038738776	1955.79415410678	2023.85254099134	2159.35964742709	2690.52135858657	4075.04295601647	3919.88447063644	2129.38840832
2020-12-02	2278.30439455845	1956.64508388283	2033.60788853331	2169.94634201788	2672.35582888842	4143.89615733522	4030.43568435289	2156.26225976341
2020-12-03	2286.66724312634	1955.95809377966	2041.75376169012	2178.91024856067	2652.5686072814	4211.08919583666	4140.39157210851	2182.10878395859
2020-12-04	2293.27608159651	1953.74429130446	2048.2518214595	2186.22885552204	2631.25878318067	4276.40147102074	4249.54641578392	2206.88964216662
2020-12-05	2298.1145719842	1950.0147839644	2053.06372883919	2191.8796513686	2608.52544600142	4339.61238238741	4357.69449725973	2230.56649564862
2020-12-06	2301.16637630465	1944.78067926668	2056.15114482693	2195.84012456692	2584.46768515883	4400.50132943662	4464.6300984166	2253.10100566568
2020-12-07	2302.44789490374	1938.08095372807	2057.5055056167	2198.12485801946	2559.19782520206	4458.88219235465	4570.12610448336	2274.47155826694
2020-12-08	2302.10648144994	1930.06605990373	2057.2373481874	2198.89681237213	2532.88113121635	4514.70677407321	4673.86981408181	2294.72343865364
2020-12-09	2300.32222794235	1920.9143193584	2055.4869847142	2198.35604270669	2505.6961034209	4567.96135821037	4775.52712918194	2313.91865681506
2020-12-10	2297.2752263801	1910.80405365682	2052.39472737225	2196.70260410492	2477.82124203494	4618.63222838417	4874.76395175377	2332.11922274047
2020-12-11	2293.14556876228	1899.91358436375	2048.1008883367	2194.13655164859	2449.43504727767	4666.70566821268	4971.2461837673	2349.38714641914
2020-12-12	2288.113347088	1888.42123304392	2042.7457797827	2190.85794041945	2420.71601936833	4712.16796131394	5064.63972719255	2365.78443784036
2020-12-13	2282.35865335639	1876.50532126208	2036.46971388542	2187.06682549929	2391.84265852614	4755.00539130602	5154.61048399951	2381.37310699338
2020-12-14	2276.03711173238	1864.3213725068	2029.39335821077	2182.93587804859	2362.97597906853	4795.20067895403	5240.84457842902	2396.20221294345
2020-12-15	2269.20647504433	1851.93371796187	2021.55880188774	2178.5282335427	2334.20705170591	4832.72229361128	5323.10902380519	2410.26901105962
2020-12-16	2261.90002828642	1839.3838907349	2012.98848943609	2173.87964353566	2305.6094612469	4867.53514177817	5401.19105572297	2423.55780578694
2020-12-17	2254.15105645285	1826.71342393353	2003.70486537557	2169.02585958154	2277.25679250012	4899.60412995507	5474.87790977731	2436.05290157042
2020-12-18	2245.9928445378	1813.96385066536	1993.73037422595	2164.00263323441	2249.2226302742	4928.89416464235	5543.95682156314	2447.73860285509
2020-12-19	2237.45867753546	1801.176704038	1983.08746050697	2158.8457160483	2221.58055937775	4955.37015234041	5608.21502667542	2458.59921408598
2020-12-20	2228.58184044002	1788.39351715909	1971.79856873839	2153.5908595773	2194.40416461941	4978.99699954962	5667.43976070908	2468.61903970811
2020-12-21	2219.39561824568	1775.65582313623	1959.88614343998	2148.27381537544	2167.76703080779	4999.73961277035	5721.41825925906	2477.78238416651
2020-12-22	2209.93329594662	1763.00515507704	1947.37262913148	2142.9303349968	2141.74274275152	5017.562898503	5769.93775792032	2486.0735519062
2020-12-23	2200.22815853703	1750.48304608913	1934.28047033265	2137.59616999543	2116.40488525923	5032.43176324793	5812.78549228778	2493.47684737222
2020-12-24	2190.3134910111	1738.13102928013	1920.63211156325	2132.30707192539	2091.82704313953	5044.31111350553	5849.74869795641	2499.97657500958
2020-12-25	2180.22257836302	1725.99063775765	1906.44999734304	2127.09879234073	2068.08280120106	5053.16585577618	5880.61461052113	2505.55703926331
2020-12-26	2169.98870558699	1714.1034046293	1891.75657219177	2122.00708279552	2045.24574425243	5058.96089656025	5905.17046557689	2510.20254457844
2020-12-27	2159.64515767718	1702.51086300271	1876.57428062919	2117.06769484382	2023.38945710227	5061.66114235814	5923.20349871864	2513.89739539999
2020-12-28	2149.18637801167	1691.21155629237	1860.90294574894	2112.27673886753	2002.55560693668	5061.2030281556	5934.51946832894	2516.60947250509
2020-12-29	2138.45144350408	1680.03206914036	1844.65190494012	2107.47176055998	1982.65819045164	5057.40910287999	5938.99822394087	2518.24096199917
2020-12-30	2127.24058945189	1668.7559964956	1827.70787416569	2102.45066444234	1963.57928672061	5050.07344394405	5936.53813787514	2518.67762631977
2020-12-31	2115.3540511526	1657.16693330705	1809.95756938863	2097.0113550358	1945.20097481705	5038.99012876051	5927.03758245244	2517.80522790443
2021-01-01	2102.59206390369	1645.04847452367	1791.28770657191	2090.95173686153	1927.40533381442	5023.95323474211	5910.39492999348	2515.5095291907
2021-01-02	2088.75486300267	1632.18421509438	1771.5850016785	2084.0697144407	1910.07444278618	5004.7568393016	5886.50855281896	2511.67629261609
2021-01-03	2073.64268374702	1618.35774996814	1750.73617067137	2076.1631922945	1893.09038080579	4981.19501985171	5855.27682324958	2506.19128061815
2021-01-04	2057.09908651997	1603.39733848073	1728.6614785316	2067.0693426296	1876.35335405801	4953.12451869206	5816.66616690205	2498.96661389357
2021-01-05	2039.14093204773	1587.30989751524	1705.41538631268	2056.78240839469	1859.83607717282	4920.6527376698	5770.91522257708	2490.01984617559
2021-01-06	2019.82840614224	1570.14700834159	1681.08590408621	2045.33590022396	1843.52939189148	4883.94974351897	5718.33068237142	2479.3948894566
2021-01-07	1999.22169461543	1551.96025222969	1655.7610419238	2032.76332875159	1827.42413995527	4843.18560297359	5659.21923838177	2467.135655729
2021-01-08	1977.38098327925	1532.80121044948	1629.52880989705	2019.09820461179	1811.51116310546	4798.53038276769	5593.88758270488	2453.28605698518
2021-01-09	1954.36645794563	1512.72146427086	1602.47721807755	2004.37403843874	1795.78130308333	4750.15414963529	5522.64240743746	2437.89000521755
2021-01-10	1930.23830442651	1491.77259496377	1574.69427653692	1988.62434086663	1780.22540163016	4698.22697031045	5445.79040467624	2420.99141241849
2021-01-11	1905.05670853384	1470.00618379812	1546.26799534674	1971.88262252965	1764.83430048721	4642.91891152717	5363.63826651794	2402.63419058039
2021-01-12	1878.88185607955	1447.47381204384	1517.28638457862	1954.18239406199	1749.59884139576	4584.4000400195	5276.49268505931	2382.86225169566
2021-01-13	1851.77393287559	1424.22706097084	1487.83745430417	1935.55716609784	1734.50986609708	4522.84042252146	5184.66035239705	2361.71950775668
2021-01-14	1823.79312473389	1400.31751184904	1458.00921459498	1916.04044927139	1719.55821633245	4458.41012576708	5088.4479606279	2339.24987075586
2021-01-15	1794.9996174664	1375.79674594838	1427.88967552265	1895.66575421684	1704.73473384315	4391.27921649039	4988.16220184858	2315.49725268558
2021-01-16	1765.45359688505	1350.71634453876	1397.56684715879	1874.46659156836	1690.03026037044	4321.61776142543	4884.10976815582	2290.50556553824
2021-01-17	1735.21524880178	1325.1278888901	1367.12873957499	1852.47647196016	1675.4356376556	4249.59582730622	4776.59735164635	2264.31872130623
2021-01-18	1704.3491644709	1299.08804181311	1336.65947734254	1829.73434393945	1660.92806989974	4175.40264799384	4665.9572745752	2236.99115056202
2021-01-19	1672.93755691624	1272.67379228153	1306.22764303138	1806.30090770559	1646.43021114333	4099.30412585762	4552.6243798307	2208.61935819835
2021-01-20	1641.06704460397	1245.96721080988	1275.89793371117	1782.24230137095	1631.85107788666	4021.58533039391	4437.0591404595	2179.31036768802
2021-01-21	1608.82424600029	1219.05036791271	1245.73504645155	1757.62466304792	1617.09968663002	3942.5313310991	4319.72202950822	2149.17120250386
2021-01-22	1576.29577957138	1192.00533410452	1215.80367832214	1732.51413084887	1602.08505387373	3862.42719746954	4201.0735200235	2118.30888611865
2021-01-23	1543.56826378342	1164.91417989985	1186.16852639258	1706.97684288619	1586.71619611807	3781.5579990016	4081.574085052	2086.83044200523
2021-01-24	1510.7283171026	1137.85897581323	1156.89428773253	1681.07893727226	1570.90212986334	3700.20880519165	3961.68419764033	2054.84289363639
2021-01-25	1477.85863052404	1110.91673146882	1128.03898905193	1654.88697807974	1554.57860445163	3618.64902712831	3841.82080182273	2022.45297172307
2021-01-26	1445.02618515861	1084.14421292946	1099.63397562211	1628.46923322244	1537.78830059213	3537.08544226918	3722.2267255838	1989.76623592871
2021-01-27	1412.29403464609	1057.59312536761	1071.7039223547	1601.89439657447	1520.60063183582	3455.70916966413	3603.10126789572	1956.88795315488
2021-01-28	1379.72523262629	1031.31517395574	1044.27350416133	1575.2311620099	1503.08501173368	3374.71132836301	3484.64372773066	1923.92339030314
2021-01-29	1347.38283273899	1005.36206386633	1017.36739595366	1548.54822340284	1485.31085383669	3294.28303741568	3367.05340406083	1890.97781427506
2021-01-30	1315.329888624	979.785500271844	991.010272643311	1521.91427462738	1467.34757169582	3214.615415872	3250.52959585839	1858.1564919722
2021-01-31	1283.62945392111	954.637188344762	965.226809141929	1495.39800955761	1449.26457886206	3135.89958278182	3135.27160209553	1825.56469029613
2021-02-01	1252.34458227012	929.968833257554	940.041680361151	1469.06812206764	1431.13128888637	3058.32665719501	3021.47872174444	1793.30767614841
2021-02-02	1221.53832731081	905.832140182691	915.479561212618	1442.99330603154	1413.01711531975	2982.08775816141	2909.3502537773	1761.49071643061
2021-02-03	1191.27374268299	882.278814292647	891.565126607966	1417.24225532342	1394.99147171317	2907.3740047309	2799.08549716629	1730.2190780443
2021-02-04	1161.61388202645	859.360560759893	868.323051458837	1391.88366381738	1377.12377161761	2834.37651595332	2690.88375088359	1699.59802789104
2021-02-05	1132.62179898098	837.129084756903	845.778010676869	1366.98622538749	1359.48342858404	2763.28641087854	2584.94431390139	1669.73283287239
2021-02-06	1104.36054718638	815.636091456146	823.954679173699	1342.61863390787	1342.13985616345	2694.2948085564	2481.46648519187	1640.72875988992
2021-02-07	1076.89318028245	794.933286030099	802.877731860968	1318.8495832526	1325.16246790681	2627.59282803678	2380.64956372722	1612.6910758452
2021-02-08	1050.27736465158	775.068766148323	782.566710105501	1295.74497378291	1308.63295538739	2563.3484634108	2282.66619763991	1585.71273882746
2021-02-09	1024.54921764657	756.076199468745	763.020621094869	1273.35953180861	1292.68212226763	2501.6372089347	2187.58243170357	1559.83747167656
2021-02-10	999.7394693628	737.985646146383	744.233338471827	1251.7451901266	1277.45305023224	2442.51143390601	2095.43765985215	1535.09668842003
2021-02-11	975.878849895672	720.827166336257	726.198735879131	1230.95388153383	1263.08882096594	2386.02350762224	2006.27127601955	1511.5218030854
2021-02-12	952.998089340579	704.630820193383	708.91068695954	1211.03753882723	1249.73251615346	2332.2257993809	1920.12267413972	1489.14422970021
2021-02-13	931.127917792912	689.426667872781	692.363065355808	1192.04809480371	1237.52721747951	2281.17067847951	1837.03124814658	1467.99538229197
2021-02-14	910.299065348066	675.244769529468	676.549744710693	1174.03748226021	1226.61600662882	2232.9105142156	1757.03639197406	1448.10667488823
2021-02-15	890.537900428216	662.111319752335	661.469211355694	1157.05155055246	1217.1312455115	2187.48127112505	1680.16278354627	1429.49621152588
2021-02-16	871.853344762681	650.037050865771	647.13840237729	1141.11181527139	1209.16241693924	2144.85329469728	1606.37623674807	1412.12885627929
2021-02-17	854.24995840756	639.028829628035	633.578867550702	1126.23370856673	1202.78828394911	2104.98052566007	1535.6278494545	1395.95616323219
2021-02-18	837.732301418953	629.093522797388	620.812156651152	1112.43266258821	1198.08760957818	2067.81690474121	1467.8687195406	1380.92968646833
2021-02-19	822.30493385296	620.237997132089	608.85981945386	1099.72410948557	1195.13915686354	2033.31637266849	1403.04994488142	1367.00098007144
2021-02-20	807.972415765681	612.4691193904	597.743405734049	1088.12348140854	1194.02168884226	2001.43287016969	1341.12262335198	1354.12159812525
2021-02-21	794.739307213217	605.793756330581	587.48446526694	1077.64621050685	1194.81396855142	1972.12033797259	1282.03785282734	1342.24309471351
2021-02-22	782.610168251667	600.218774710891	578.104547827754	1068.30772893024	1197.59475902809	1945.332716805	1225.74673118254	1331.31702391995
2021-02-23	771.589558937132	595.751041289592	569.625203191712	1060.12346882842	1202.44282330936	1921.02394739469	1172.20035629261	1321.29493982831
2021-02-24	761.682039325713	592.397422824943	562.067981134037	1053.10886235115	1209.43692443229	1899.14797046945	1121.34982603259	1312.12839652233
2021-02-25	752.892169473508	590.164786075205	555.454431429949	1047.27934164814	1218.65582543397	1879.65872675707	1073.14623827753	1303.76894808573
2021-02-26	745.22450943662	589.059997798639	549.80610385467	1042.65033886914	1230.17828935148	1862.51015698533	1027.54069090247	1296.16814860227
2021-02-27	738.683619271147	589.089924753504	545.144548183422	1039.23728616387	1244.08307922188	1847.65620188203	984.48428178245	1289.27755215567
2021-02-28	733.27405903319	590.261433698061	541.491314191426	1037.05561568206	1260.44895808226	1835.05080217494	943.928108792508	1283.04871282968
2021-03-01	728.996785925406	592.574852488733	538.866031504318	1036.11608553776	1279.33955596659	1824.63914603432	905.812962657396	1277.42841821537
2021-03-02	725.838345736678	596.004353374594	537.28064914939	1036.41075770224	1300.75797089648	1816.33141140022	870.038405500702	1272.34438993322
2021-03-03	723.781681402447	600.517569702883	536.74519600435	1037.92702011108	1324.69216789042	1810.02902365517	836.493692295724	1267.71958311103
2021-03-04	722.809735858153	606.082134820835	537.269700946905	1040.65226069986	1351.13011196692	1805.63340818169	805.068078015758	1263.47695287661
2021-03-05	722.905452039235	612.665682075688	538.864192854762	1044.57386740416	1380.05976814448	1803.0459903623	775.650817634104	1259.53945435778
2021-03-06	724.051772881136	620.23584481468	541.538700605628	1049.67922815956	1411.46910144159	1802.16819557952	748.131166124056	1255.83004268235
2021-03-07	726.231641319293	628.760256385048	545.30325307721	1055.95573090164	1445.34607687677	1802.90144921587	722.398378458917	1252.27167297813
2021-03-08	729.423558457721	638.201995440118	550.158667225027	1063.38407387889	1481.64309801955	1805.13587677804	698.348320021421	1248.79671316756
2021-03-09	733.588258074722	648.505921857582	556.068912315843	1071.91819659147	1520.17032264365	1808.71640426945	675.903297832068	1245.37518235165
2021-03-10	738.68203211717	659.612340821218	562.988745694234	1081.50534885241	1560.70234707383	1813.47665781768	654.992229320799	1241.98651242604
2021-03-11	744.661172531942	671.461557514808	570.872924704777	1092.09278047478	1603.01376763485	1819.25026355032	635.54403191755	1238.61013528636
2021-03-12	751.481971265912	683.993877122131	579.676206692046	1103.62774127163	1646.87918065148	1825.87084759494	617.487623052263	1235.22548282825
2021-03-13	759.100720265954	697.149604826968	589.353349000618	1116.05748105601	1692.07318244847	1833.17203607914	600.751920154876	1231.81198694734
2021-03-14	767.473711478945	710.869045813098	599.859108975069	1129.32924964097	1738.37036935058	1840.9874551305	585.26584065533	1228.34907953929
2021-03-15	776.55723685176	725.092505264304	611.148243959975	1143.39029683958	1785.54533768257	1849.1507308766	570.958301983561	1224.81619249971
2021-03-16	786.307588331272	739.760288364362	623.175511299911	1158.18787246489	1833.37268376921	1857.49548944503	557.758221569512	1221.19275772426
2021-03-17	796.681057864357	754.812700297054	635.895668339454	1173.66922632994	1881.62700393524	1865.85535696337	545.594516843121	1217.45820710856
2021-03-18	807.633937397891	770.19004624616	649.263472423179	1189.7816082478	1930.08289450544	1874.06395955921	534.396105234328	1213.59197254826
2021-03-19	819.122518878748	785.832631395461	663.233680895663	1206.47226803152	1978.51495180456	1881.95492336013	524.09190417307	1209.57348593899
2021-03-20	831.103094253804	801.680760928737	677.76105110148	1223.68845549415	2026.69777215737	1889.36187449372	514.610831089289	1205.38217917639
2021-03-21	843.531955469934	817.674740029767	692.800340385208	1241.37742044874	2074.40595188861	1896.11843908755	505.881803412924	1200.9974841561
2021-03-22	856.362973782784	833.755070758067	708.299654602326	1259.4849735361	2121.39019498042	1902.05767887059	497.834675420043	1196.39516755498
2021-03-23	869.540337683092	849.8630426761	724.180493651928	1277.95116870795	2167.3056360443	1907.01039797722	490.403048771236	1191.53633517475
2021-03-24	883.005814970368	865.940142222061	740.357705944014	1296.7146207438	2211.78351734915	1910.80683614321	483.521461973223	1186.37842759836
2021-03-25	896.701173444122	881.927855834149	756.746139888583	1315.71394442311	2254.45508116383	1913.27723310432	477.124453532724	1180.87888540877
2021-03-26	910.568180903861	897.767669950559	773.260643895631	1334.88775452538	2294.95156975724	1914.25182859631	471.146561956458	1174.99514918892
2021-03-27	924.548605149095	913.401071009487	789.816066375158	1354.17466583009	2332.90422539823	1913.56086235495	465.522325751146	1168.68465952176
2021-03-28	938.584213979335	928.769545449132	806.327255737163	1373.51329311671	2367.9442903557	1911.03457411598	460.186283423506	1161.90485699024
2021-03-29	952.618087047519	943.817174880404	822.71405151559	1392.84370773245	2399.74682119185	1906.53737652278	455.078869073589	1154.61947775689
2021-03-30	966.598551420301	958.498421605066	838.916257740163	1412.11180729535	2428.16213164218	1900.07037384906	450.164099174763	1146.81744030256
2021-03-31	980.475246017764	972.770343097596	854.878669564554	1431.26494599117	2453.0843497355	1891.66884327615	445.411885793729	1138.49395868765
2021-04-01	994.197809759994	986.58999683247	870.546082142431	1450.25047800566	2474.40760350066	1881.36806198537	440.792140997187	1129.64424697261
2021-04-02	1007.71588156707	999.914440284166	885.863290627467	1469.01575752458	2492.02602096647	1869.20330715805	436.274776851835	1120.26351921785
2021-04-03	1020.97910035909	1012.70073092716	900.775090173331	1487.50813873369	2505.83373016176	1855.20985597549	431.829705424373	1110.34698948379
2021-04-04	1033.93710505612	1024.90592623593	915.226275933693	1505.67497581875	2515.72485911535	1839.42298561903	427.426838781502	1099.88987183086
2021-04-05	1046.53953457825	1036.48708368496	929.161643062224	1523.46362296551	2521.59353585606	1821.87797326999	423.03608898992	1088.88738031947
2021-04-06	1058.73602784556	1047.40126074872	942.525986712593	1540.82143435973	2523.33388841273	1802.6100961097	418.627368116329	1077.33472901006
2021-04-07	1070.47622377814	1057.60551490168	955.264102038471	1557.69576418717	2520.84004481418	1781.65463131946	414.170588227425	1065.22713196304
2021-04-08	1081.70976129608	1067.05690361833	967.320784193529	1574.03396663358	2514.00613308923	1759.0468560806	409.635661389911	1052.55980323884
2021-04-09	1092.38627931945	1075.71248437314	978.640828331437	1589.78339588472	2502.72628126671	1734.82204757445	404.992499670484	1039.32795689788
2021-04-10	1102.45541676834	1083.5293146406	989.169029605864	1604.89140612635	2486.89461737544	1709.01548298233	400.211015135845	1025.52680700058
2021-04-11	1111.86681256283	1090.46445189517	998.850183170483	1619.30535154423	2466.40526944425	1681.66243948555	395.261119852694	1011.15156760737
2021-04-12	1120.57294734207	1096.47656984407	1007.63485567601	1632.96863000834	2441.22673413457	1652.81527780333	390.123381472463	996.204991966538
2021-04-13	1128.53766862144	1101.5308071255	1015.49669976134	1645.80881412564	2411.62498263822	1622.5946928064	384.820989985521	980.719990077915
2021-04-14	1135.72766563537	1105.59391861038	1022.41513956241	1657.74952018728	2377.94035477966	1591.13846290338	379.387790966968	964.737011129196
2021-04-15	1142.1096276183	1108.63265916965	1028.36959921517	1668.71436448445	2340.51319038332	1558.5843665029	373.857629991907	948.296504308076
2021-04-16	1147.65024380467	1110.61378367422	1033.33950285556	1678.62696330833	2299.68382927363	1525.07018201357	368.264352635438	931.438918802254
2021-04-17	1152.31620342892	1111.50404699504	1037.30427461952	1687.41093295008	2255.79261127504	1490.73368784402	362.641804472663	914.204703799428
2021-04-18	1156.07419572549	1111.27020400303	1040.243338643	1694.98988970088	2209.17987621198	1455.71266240287	357.023831078683	896.634308487295
2021-04-19	1158.89676440389	1109.88657834489	1042.14062870631	1701.29672468773	2160.16483201166	1420.13360944226	351.437179111889	878.765613001888
2021-04-20	1160.77987107386	1107.35776877034	1042.9981171673	1706.30142838096	2108.98215901229	1384.07793408843	345.880199563824	860.626221272591
2021-04-21	1161.72533182025	1103.6959428049	1042.82228602817	1709.9832660867	2055.84540565485	1347.61576681113	340.344144509321	842.24116817712
2021-04-22	1161.73496272787	1098.91326797406	1041.61961729113	1712.3215031111	2000.96812038035	1310.81723808013	334.820266023213	823.635488593196
2021-04-23	1160.81057988155	1093.02191180334	1039.39659295841	1713.2954047603	1944.56385162975	1273.75247836519	329.299816180333	804.834217398536
2021-04-24	1158.95399936613	1086.03404181821	1036.15969503221	1712.88423634044	1886.84614784405	1236.49161813605	323.774047055515	785.862389470859
2021-04-25	1156.16703726642	1077.9618255442	1031.91540551475	1711.06726315768	1828.02855746422	1199.10478786249	318.23421072359	766.745039687884
2021-04-26	1152.45150966725	1068.8174305068	1026.67020640825	1707.82375051814	1768.32462893126	1161.66211801427	312.671559259391	747.507202927328
2021-04-27	1147.80923265345	1058.61302423152	1020.43057971491	1703.13296372799	1707.94791068614	1124.23373906113	307.077344737752	728.173914066911
2021-04-28	1142.24202230984	1047.36077424385	1013.20300743694	1696.97416809335	1647.11195116985	1086.88978147284	301.442819233505	708.770207984351
2021-04-29	1135.75169472126	1035.07284806929	1004.99397157658	1689.32662892037	1586.03029882338	1049.70037571916	295.759234821483	689.321119557366
2021-04-30	1128.34006597253	1021.76141323335	995.809954136015	1680.16961151521	1524.9165020877	1012.73565226984	290.017843576519	669.851683663674
2021-05-01	1120.00895214847	1007.43863726153	985.657437117473	1669.48238118399	1463.9841094038	976.06574159465	284.209897573445	650.386935180994
2021-05-02	1110.76016933391	992.116687679335	974.542902523165	1657.24420323287	1403.44666921268	939.760774163344	278.326648887095	630.951908987046
2021-05-03	1100.60411820165	975.820008657017	962.483441282382	1643.44731614834	1343.49791032528	903.88506269782	272.359758554954	611.57133755942
2021-05-04	1089.58553777635	958.622150943872	949.538580032726	1628.13585113823	1284.2522830325	868.47964892853	266.302523465116	592.268743775205
2021-05-05	1077.75775167065	940.608941933951	935.778454338875	1611.36691259076	1225.80441799519	833.579756838066	260.148649468327	573.067348111359
2021-05-06	1065.17408349718	921.866209021305	921.273199765508	1593.19760489411	1168.24894587423	799.22061040902	253.891842415333	553.990371044843
2021-05-07	1051.88785686858	902.479779599985	906.092951877304	1573.68503243649	1111.68049733048	765.437433623983	247.525808156882	535.061033052617
2021-05-08	1037.95239539748	882.535481064043	890.307846238942	1552.88629960609	1056.1937030248	732.265450465546	241.044252543719	516.302554611642
2021-05-09	1023.42102269652	862.119140807528	873.988018415101	1530.8585107911	1001.88319361806	699.739884916302	234.44088142659	497.738156198877
2021-05-10	1008.34337913892	841.311911028459	857.200154262598	1507.65765919286	948.832677329515	667.892458004538	227.715575575087	479.390182044626
2021-05-11	992.754372140274	820.176243140733	839.997140806812	1483.33529326528	897.082172612003	636.740878941338	220.892915434173	461.27747139257
2021-05-12	976.685225876749	798.769913362212	822.428415365257	1457.94185027541	846.660775476756	606.299353983482	214.003656367657	443.41798723973
2021-05-13	960.167164524528	777.150697910757	804.543415255447	1431.5277674903	797.597581935005	576.582089387746	207.078553739348	425.82969258313
2021-05-14	943.231412259786	755.376373004232	786.391577794899	1404.14348217701	749.921687997981	547.603291410912	200.148362913052	408.530550419791
2021-05-15	925.9091932587	733.504714860499	768.022340301127	1375.83943160257	703.662189676915	519.377166309757	193.24383925258	391.538523746737
2021-05-16	908.231731697448	711.593499697422	749.485140091648	1346.66605303405	658.84818298304	491.917920341062	186.395738121738	374.871575560991
2021-05-17	890.230251752205	689.700503732862	730.829414483975	1316.67378373849	615.508763927585	465.239759761604	179.634814884335	358.547668859574
2021-05-18	871.93597759915	667.883503184682	712.104600795626	1285.91306098294	573.673028521783	439.356890828164	172.991824904181	342.584766639511
2021-05-19	853.380133414457	646.200274270744	693.360136344113	1254.43432203446	533.370072776862	414.283519797519	166.497523545081	327.000831897823
2021-05-20	834.593943374305	624.708593208914	674.645458446955	1222.28800416008	494.62899270406	390.033852926452	160.182666170846	311.813827631534
2021-05-21	815.608631654872	603.466236217051	656.010004421667	1189.52454462687	457.478884314604	366.62209647174	154.078008145283	297.041716837666
2021-05-22	796.455422432332	582.53097951302	637.503211585762	1156.19438070187	421.948843619725	344.062456690162	148.214304832201	282.702462513243
2021-05-23	777.165539882864	561.960599314683	619.174517256756	1122.34794965214	388.067966630656	322.369139838497	142.622311595407	268.814027655286
2021-05-24	757.774174300611	541.808082232423	601.073037125562	1088.04754118407	355.855865695376	301.553862137155	137.332912901385	255.390644665632
2021-05-25	738.332380451593	522.107256446705	583.246600376678	1053.40285476146	325.294218508859	281.618379661066	132.377509627306	242.431623565366
2021-05-26	718.895179219793	502.887160530518	565.742714567997	1018.53544228747	296.355219102825	262.561958448789	127.787631753019	229.932543780388
2021-05-27	699.517591489199	484.176833056846	548.608887257414	983.566855665225	269.011061508998	244.383864538884	123.594809258371	217.888984736597
2021-05-28	680.254638143796	466.005312598677	531.892626002824	948.618646797892	243.233939759099	227.083363969912	119.830572123209	206.296525859892
2021-05-29	661.161340067568	448.401637728996	515.641438362121	913.812367588612	218.996047884847	210.659722780431	116.52645032738	195.150746576172
2021-05-30	642.292718144503	431.394847020793	499.9028318932	879.269569940536	196.269579917969	195.112207009002	113.713973850732	184.447226311337
2021-05-31	623.703561455023	415.012510388448	484.722919358267	845.107528962263	175.025024639137	180.440374846246	111.427072121715	174.185210397409
2021-06-01	605.447731865297	399.276323111931	470.142234336774	811.426412584197	155.226049824841	166.644953091019	109.709272363187	164.378607790906
2021-06-02	587.578859437931	384.206511812609	456.199915612485	778.322111942194	136.834618000522	153.72696069424	108.606501246612	155.044993354469
2021-06-03	570.150574235532	369.823303111846	442.935101969164	745.890518172109	119.812691691623	141.687416606825	108.164685443451	146.20194195074
2021-06-04	553.216506320705	356.14692363101	430.386932190574	714.227522409799	104.122233423584	130.527339779694	108.429751625168	137.86702844236
2021-06-05	536.830285756056	343.197599991466	418.59454506048	683.429015791118	89.7252057218496	120.247749163764	109.447626463223	130.05782769197
2021-06-06	521.045542604192	330.99555881458	407.597079362644	653.590889451923	76.5835711118603	110.849663709952	111.26423662908	122.791914562212
2021-06-07	505.915906927718	319.561026721717	397.433673880831	624.809034528068	64.6592921190576	102.334102369176	113.925508794201	116.086863915727
2021-06-08	491.495008789243	308.914230334245	388.143467398804	597.179342155413	53.9143312688853	94.7020840923545	117.477369630047	109.960250615157
2021-06-09	477.83647825137	299.075396273529	379.765598700329	570.797703469811	44.3106510867845	87.9546278304048	121.965745808081	104.429649523143
2021-06-10	464.993945376706	290.064751160934	372.339206569167	545.760009607118	35.8102140981972	82.0927525342448	127.436563999766	99.5126355023257
2021-06-11	453.021040227858	281.902521617828	365.903429789084	522.16215170319	28.3749828285655	77.1174771547921	133.935750876564	95.2267834153474
2021-06-12	441.971392867431	274.608934265574	360.497407143842	500.100020893882	21.9669198033313	73.0298206429646	141.509233109936	91.5896681248492
2021-06-13	431.898633358032	268.204215725541	356.160277417206	479.669508315051	16.5479875479367	69.8308019496799	150.202937371346	88.6188644934723
2021-06-14	422.856794026456	262.708918958555	352.929996258577	460.958743814179	12.0820695280408	67.5231426921973	160.066268234781	86.3330000054699
2021-06-15	414.901516256253	258.144902283292	350.839786779912	444.024812085254	8.54073297017043	66.1163751531418	171.16254188434	84.7549126315407
2021-06-16	408.088843695162	254.534350357891	349.921688958806	428.917036533892	5.89746604106949	65.6217342814799	183.558552406647	83.9084929639953
2021-06-17	402.474819990926	251.89944784049	350.207742772851	415.684740565711	4.1257569074823	66.050455026178	197.321093888323	83.8176315951444
2021-06-18	398.115488791281	250.262379389226	351.729988199644	404.377247586324	3.19909373615262	67.4137723362027	212.516960415994	84.5062191172983
2021-06-19	395.066893743969	249.645329662238	354.520465216777	395.043881001348	3.0909646938244	69.7229211605203	229.212946076283	85.9981461227676
2021-06-20	393.385078496728	250.070483317663	358.611213801846	387.733964216398	3.77485794724164	72.9891364480973	247.475844955814	88.3173032038627
2021-06-21	393.122999143329	251.56008515124	364.030804951936	382.493048337187	5.22725791935793	77.2221832007258	267.362116006122	91.4865787205413
2021-06-22	394.321261561662	254.136620509115	370.793933742099	379.351595269815	7.43663405796541	82.4259466315003	288.886877638395	95.524852103349
2021-06-23	397.017384075647	257.822634875033	378.91182626688	378.33629462048	10.3944520670659	88.6028420063408	312.05491312873	100.450000550479
2021-06-24	401.248885009206	262.640673732739	388.395708620823	379.473835995379	14.0921776506611	95.7552845911674	336.871005753227	106.279901260123
2021-06-25	407.053282686259	268.613282565979	399.256806898471	382.79090900071	18.5212765127528	103.8856896519	363.339938787984	113.032431430476
2021-06-26	414.468095430727	275.7630068585	411.50634719437	388.314203242671	23.6732143573433	112.99647245446	391.466495509102	120.725468259729
2021-06-27	423.53084156653	284.112392094046	425.155555603061	396.070408327458	29.5394568884335	123.090048264766	421.255459192675	129.376888946075
2021-06-28	434.279039417589	293.683983756363	440.21565821909	406.08621386127	36.1114698100256	134.168832348739	452.711613114805	139.004570687706
2021-06-29	446.750207307824	304.500327329197	456.697881137	418.388309450303	43.3807188261213	146.235239972298	485.839740551589	149.626390682817
2021-06-30	460.981863561156	316.583968296294	474.613450451335	433.003384700756	51.3386696407225	159.291686401363	520.644624779126	161.2602261296
2021-07-01	477.011526501506	329.9574521414	493.97359225664	449.958129218825	59.9767879578309	173.340586901856	557.131049073516	173.923954226246
2021-07-02	494.876714452794	344.643324348259	514.789532647458	469.279232610708	69.2865394814483	188.384356739696	595.303796710856	187.63545217095
2021-07-03	514.614945738941	360.664130400618	537.072497718333	490.993384482603	79.2593899155765	204.425411180802	635.167650967245	202.412597161904
2021-07-04	536.263738683868	378.042415782223	560.833713563809	515.127274440707	89.8868049642172	221.466165491096	676.727395118783	218.273266397301
2021-07-05	559.852015226392	396.79469650491	586.071036987902	541.698342255021	101.161447795064	239.503318460846	719.969484215177	235.231672309972
2021-07-06	585.374311764902	416.913370692876	612.728847632499	570.687028350739	113.080771430569	258.510702977706	764.807060400552	253.287368271297
2021-07-07	612.816568312689	438.384806998408	640.738155848962	602.064523316863	125.643426356881	278.456435453683	811.13493759265	272.436242887293
2021-07-08	642.164724883039	461.195374073795	670.029971988652	635.802017742395	138.848063060143	299.308632300781	858.847929709208	292.67418476398
2021-07-09	673.404721489243	485.331440571325	700.535306402928	671.870702216333	152.693332026503	321.035409931004	907.840850667966	313.997082507376
2021-07-10	706.522498144587	510.779375143286	732.185169443153	710.241767327678	167.177883742104	343.604884756358	958.00851438666	336.4008247235
2021-07-11	741.503994862359	537.525546441966	764.910571460685	750.886403665429	182.300368693094	366.985173188847	1009.24573478303	359.881300018369
2021-07-12	778.327991583085	565.548519184506	798.647654356059	793.766470874977	198.056204813527	391.140616449845	1061.43871588043	384.429710090347
2021-07-13	816.944627956239	594.795642347468	833.35308622651	838.80650482727	214.427879829091	416.020454998214	1114.43922212471	410.018509007178
2021-07-14	857.296883558534	625.206460972269	868.988666718444	885.92171044965	231.394648913386	441.570154102185	1168.09040806733	436.615463928952
2021-07-15	899.327737966677	656.720520100322	905.516195478263	935.027292669448	248.935767240008	467.735179029984	1222.23542825974	464.188342015755
2021-07-16	942.980170757381	689.277364773042	942.897472152378	986.038456414008	267.030489982555	494.460995049845	1276.7174372534	492.704910427677
2021-07-17	988.197161507356	722.816540031845	981.094296387194	1038.87040661066	285.658072314627	521.693067429996	1331.37958959979	522.132936324807
2021-07-18	1034.92168979332	757.277590918147	1020.06846782912	1093.43834818676	304.79776940982	549.376861438669	1386.06503985036	552.440186867234
2021-07-19	1083.09673519197	792.600062473364	1059.78178612456	1149.65748606963	324.428836441734	577.457842344094	1440.61694255657	583.594429215046
2021-07-20	1132.66527728003	828.72349973891	1100.19605091992	1207.44302518661	344.530528583965	605.881475414501	1494.87845226989	615.563430528332
2021-07-21	1183.5702956342	865.5874477562	1141.2730618616	1266.71017046505	365.082101010112	634.59322591812	1548.69272354177	648.314957967182
2021-07-22	1235.7547698312	903.131451566651	1182.97461859603	1327.37412683227	386.062808893773	663.538559123182	1601.90291092368	681.816778691683
2021-07-23	1289.16167944775	941.295056211681	1225.26252076959	1389.35009921563	407.451907408548	692.662940297919	1654.35216896708	716.036659861927
2021-07-24	1343.73400406054	980.017806732698	1268.0985680287	1452.55329254245	429.228651728032	721.911834710558	1705.88365222343	750.942368637998
2021-07-25	1399.41472324629	1019.23924817112	1311.44456001977	1516.89891174008	451.372297025823	751.230707629331	1756.34051524418	786.501672179988
2021-07-26	1456.12144730334	1058.87543018984	1355.24444348496	1582.27444243088	473.857836738868	780.562686206342	1805.56837359393	822.671348163509
2021-07-27	1513.6703094165	1098.74842093765	1399.37075354955	1648.45649301729	496.643217357499	809.841545129191	1853.42268688972	859.364216326274
2021-07-28	1571.85207349223	1138.65679318481	1443.67817243456	1715.19395259681	519.682123635397	838.998720969354	1899.76137576173	896.48210692152
2021-07-29	1630.45750343698	1178.3991197016	1488.02138236101	1782.23571026691	542.928240326242	867.965650298305	1944.44236084012	933.926850202484
2021-07-30	1689.2773631572	1217.77397325826	1532.25506554994	1849.33065512506	566.335252183715	896.673769687519	1987.32356275508	971.600276422403
2021-07-31	1748.10241655932	1256.57992662508	1576.23390422238	1916.22767626875	589.856843961495	925.054515708471	2028.26290213676	1009.40421583451
2021-08-01	1806.7234275498	1294.61555257232	1619.81258059936	1982.67566279546	613.446700413264	953.039324932634	2067.11829961534	1047.24049869206
2021-08-02	1864.94750909379	1331.70398802783	1662.85628813391	2048.44439720871	637.062991333822	980.567359209212	2103.76500180715	1085.01644071498
2021-08-03	1922.6471703912	1367.76662654979	1705.27226520712	2113.38723563623	660.681826682436	1007.6086814983	2138.14755927307	1122.66129949009
2021-08-04	1979.71126970065	1402.74942585397	1746.97826143207	2177.3784276118	684.283801459495	1034.14108003774	2170.22784856015	1160.10981807091
2021-08-05	2036.02866528074	1436.59834365616	1787.89202642184	2240.2922226692	707.849510665392	1060.14234306534	2199.96774621545	1197.29673951096
2021-08-06	2091.4882153901	1469.2593376721	1827.93130978953	2302.00287034221	731.359549300512	1085.59025881895	2227.32912878602	1234.15680686377
2021-08-07	2145.97877828733	1500.67836561759	1867.01386114822	2362.38462016461	754.794512365246	1110.46261553638	2252.27387281888	1270.62476318286
2021-08-08	2199.38921223106	1530.80138520839	1905.05743011101	2421.31172167018	778.134994859982	1134.73720145548	2274.76385486111	1306.63535152174
2021-08-09	2251.6083754799	1559.57435416026	1941.97976629097	2478.65842439271	801.36159178511	1158.39180481405	2294.76095145973	1342.12331493395
2021-08-10	2302.52512629246	1586.94323018898	1977.69861930119	2534.29897786596	824.454898141019	1181.40421384994	2312.22703916181	1377.023396473
2021-08-11	2352.02832292736	1612.85397101033	2012.13173875477	2588.10763162373	847.395508928099	1203.75221680098	2327.12399451438	1411.27033919242
2021-08-12	2400.00682364321	1637.25253434007	2045.19687426479	2639.95863519978	870.164019146735	1225.41360190498	2339.41369406449	1444.79888614573
2021-08-13	2446.34948669862	1660.08487789397	2076.81177544434	2689.7262381279	892.741023797319	1246.36615739978	2349.05801435919	1477.54378038645
2021-08-14	2490.94517035221	1681.2969593878	2106.8941919065	2737.28468994186	915.107117880239	1266.5876715232	2356.01883194553	1509.4397649681
2021-08-15	2533.6827328626	1700.83473653734	2135.36187326436	2782.50824017546	937.242896395885	1286.05593251308	2360.25802337055	1540.4215829442
2021-08-16	2574.46311796025	1718.65960812491	2162.14586521825	2825.28885937188	959.132562012227	1304.7521456783	2361.75633994699	1570.43220783901
2021-08-17	2613.23561126305	1734.79473719904	2187.23039781743	2865.58940211197	980.774748067564	1322.67118461195	2360.57003205037	1599.44753505969
2021-08-18	2649.96158386077	1749.27872787484	2210.61299719843	2903.390443986	1002.17169556778	1339.81133997817	2356.77422482188	1627.45169048413
2021-08-19	2684.60240684313	1762.15018426739	2232.29118949774	2938.67256058424	1023.32564551875	1356.17090244112	2350.44404340273	1654.42879999021
2021-08-20	2717.11945129991	1773.44771049178	2252.26250085188	2971.41632749696	1044.23883892636	1371.74816266494	2341.65461293413	1680.36298945582
2021-08-21	2747.47408832083	1783.20991066312	2270.52445739735	3001.60232031441	1064.91351679649	1386.54141131377	2330.48105855726	1705.23838475886
2021-08-22	2775.62768899566	1791.47538889649	2287.07458527067	3029.21111462687	1085.35192013502	1400.54893905176	2316.99850541335	1729.03911177722
2021-08-23	2801.55306222862	1798.28538432108	2301.9181733618	3054.23763353045	1105.55723561576	1413.76727007974	2301.29104377737	1751.74845449116
2021-08-24	2825.26876818193	1803.69167612254	2315.09156157459	3076.73419014465	1125.53643258418	1426.18586274523	2283.47862445947	1773.34632929049
2021-08-25	2846.80480483225	1807.7486785006	2326.63885256632	3096.76744509482	1145.2974260537	1437.79240893244	2263.69016340358	1793.81181066739
2021-08-26	2866.19117015629	1810.51080565498	2336.6041489943	3114.40405900631	1164.84813103773	1448.57460052559	2242.05457655362	1813.12397311405
2021-08-27	2883.45786213073	1812.03247178542	2345.03155351582	3129.71069250447	1184.19646254968	1458.52012940887	2218.70077985353	1831.26189112265
2021-08-28	2898.63487873224	1812.36809109166	2351.96516878818	3142.75400621465	1203.35033560295	1467.6166874665	2193.75768924723	1848.20463918537
2021-08-29	2911.75221793753	1811.57207777344	2357.44909746868	3153.60066076219	1222.31766521094	1475.85196658268	2167.35422067865	1863.9312917944
2021-08-30	2922.83987772327	1809.69884603048	2361.52744221461	3162.31731677245	1241.10636638708	1483.21365864163	2139.61929009172	1878.42092344192
2021-08-31	2931.92785606616	1806.80281006252	2364.24430568328	3168.97063487077	1259.72435414477	1489.68945552753	2110.68181343037	1891.65260862011
2021-09-01	2939.04615094287	1802.9383840693	2365.64379053198	3173.6272756825	1278.17954349741	1495.26704912461	2080.67070663853	1903.60542182116
2021-09-02	2944.2247603301	1798.15998225055	2365.769999418	3176.353899833	1296.47984945841	1499.93413131708	2049.71488566013	1914.25843753726
2021-09-03	2947.49368220453	1792.52201880601	2364.66703499865	3177.21716794761	1314.63318704119	1503.67839398913	2017.94326643909	1923.59073026057
2021-09-04	2948.88291454284	1786.0789079354	2362.37899993123	3176.28374065168	1332.64747125915	1506.48752902498	1985.48476491934	1931.5813744833
2021-09-05	2948.42245532173	1778.88506383847	2358.94999687302	3173.62027857056	1350.53061712569	1508.34922830883	1952.46829704481	1938.20944469763
2021-09-06	2946.15072644675	1770.9955976519	2354.41977359082	3169.30549801495	1368.29670065941	1509.24790555075	1919.01457827333	1943.4407011861
2021-09-07	2942.13984553886	1762.46840826014	2348.8106582894	3163.46633803702	1385.9844418996	1509.15486176423	1885.21152211831	1947.18764739276
2021-09-08	2936.47035414792	1753.36209148462	2342.14062428301	3156.24179337426	1403.63872189072	1508.03811978862	1851.13884160705	1949.34947255203
2021-09-09	2929.22279382377	1743.73524314673	2334.4276448859	3147.77085876419	1421.30442167725	1505.86570246328	1816.87624976688	1949.82536589833
2021-09-10	2920.47770611624	1733.64645906791	2325.68969341234	3138.19252894431	1439.02642230365	1502.60563262755	1782.50345962509	1948.51451666607
2021-09-11	2910.31563257519	1723.15433506954	2315.94474317659	3127.64579865214	1456.8496048144	1498.22593312077	1748.10018420899	1945.31611408966
2021-09-12	2898.81711475046	1712.31746697305	2305.21076749289	3116.26966262518	1474.81885025396	1492.69462678232	1713.7461365459	1940.12934740353
2021-09-13	2886.05996523841	1701.19026630214	2293.51031224593	3104.18594164966	1492.97282578522	1485.99558274397	1679.50917046812	1932.87740994472
2021-09-14	2872.11108082154	1689.81040738976	2280.88421360213	3091.44776070666	1511.32534304474	1478.17605530732	1645.40970302799	1923.57951146083
2021-09-15	2857.03462932888	1678.21138027112	2267.37788029833	3078.09107082596	1529.8839997875	1469.2991450664	1611.45629208283	1912.27886580208
2021-09-16	2840.89477858944	1666.42667498145	2253.03672107135	3064.15182303736	1548.65639376845	1459.42795261524	1577.65749548999	1899.01868681872
2021-09-17	2823.75569643224	1654.48978155599	2237.90614465805	3049.66596837065	1567.65012274258	1448.62557854789	1544.02187110679	1883.84218836096
2021-09-18	2805.68155068631	1642.43419002997	2222.03155979526	3034.66945785561	1586.87278446485	1436.95512345837	1510.55797679057	1866.79258427904
2021-09-19	2786.73650918067	1630.29339043862	2205.45837521982	3019.19824252205	1606.33197669025	1424.47968794072	1477.27437039867	1847.91308842318
2021-09-20	2766.98473974434	1618.10087281716	2188.23199966857	3003.28827339974	1626.03529717374	1411.26237258898	1444.1796097884	1827.24691464363
2021-09-21	2746.49041020635	1605.89012720084	2170.39784187835	2986.97550151849	1645.99034367029	1397.36627799717	1411.28225281712	1804.8372767906
2021-09-22	2725.31768839571	1593.69464362487	2152.001310586	2970.29587790807	1666.20471393488	1382.85450475934	1378.59085734215	1780.72738871433
2021-09-23	2703.53074214145	1581.54791212449	2133.08781452836	2953.28535359829	1686.68600572249	1367.79015346951	1346.11398122082	1754.96046426505
2021-09-24	2681.19373927259	1569.48342273492	2113.70276244226	2935.97987961893	1707.44181678807	1352.23632472172	1313.86018231047	1727.57971729299
2021-09-25	2658.37084761816	1557.53466549141	2093.89156306455	2918.41540699978	1728.47974488662	1336.25611911002	1281.83801846844	1698.62836164837
2021-09-26	2635.12623500717	1545.73513042918	2073.69962513206	2900.62788677064	1749.80738777309	1319.91263722842	1250.05604755204	1668.14961118144
2021-09-27	2611.51858355305	1534.11092517469	2053.16943552897	2882.65104162874	1771.42673324492	1303.2625839734	1218.51899518528	1636.194419329
2021-09-28	2587.5846325069	1522.6586277194	2032.33179372878	2864.50968094114	1793.31732926935	1286.3370814512	1187.21625805873	1602.84469787429
2021-09-29	2563.35563540419	1511.36743364597	2011.2145773523	2846.22638574235	1815.45311385605	1269.16085607047	1156.13340062965	1568.19009818712
2021-09-30	2538.86284578042	1500.22653853709	1989.84566402039	2827.82373706685	1837.80802501473	1251.75863423989	1125.25598735526	1532.32027163729
2021-10-01	2514.13751717108	1489.22513797543	1968.25293135385	2809.32431594917	1860.35600075508	1234.15514236812	1094.5695826928	1495.32486959462
2021-10-02	2489.21090311165	1478.35242754367	1946.46425697353	2790.7507034238	1883.07097908679	1216.37510686384	1064.05975109953	1457.29354342893
2021-10-03	2464.11425713764	1467.59760282449	1924.50751850025	2772.12548052524	1905.92689801955	1198.44325413569	1033.71205703266	1418.31594451003
2021-10-04	2438.87883278453	1456.94985940057	1902.41059355484	2753.47122828801	1928.89769556304	1180.38431059237	1003.51206494946	1378.48172420772
2021-10-05	2413.53588358781	1446.39839285459	1880.20135975813	2734.81052774659	1951.95730972697	1162.22300264252	973.445339307145	1337.88053389184
2021-10-06	2388.11666308296	1435.93239876922	1857.90769473095	2716.1659599355	1975.07967852103	1143.98405669482	943.497444562965	1296.60202493217
2021-10-07	2362.65242480549	1425.54107272714	1835.55747609413	2697.56010588924	1998.23873995489	1125.69219915793	913.653945174161	1254.73584869856
2021-10-08	2337.17442229089	1415.21361031104	1813.17858146851	2679.01554664231	2021.40843203826	1107.37215644053	883.900405597971	1212.3716565608
2021-10-09	2311.71390907463	1404.93920710358	1790.7988884749	2660.55486322921	2044.56269278083	1089.04865495127	854.222390291633	1169.5990998887
2021-10-10	2286.30213869222	1394.70705868746	1768.44627473414	2642.20063668446	2067.67546019229	1070.74642109883	824.605463712388	1126.50783005209
