date	state	King	Snohomish	Pierce	Ann Arbor	Boston	San Diego	DC
2020-01-26	0	0	0	0	0	0	0	0
2020-01-27	0	0	0	0	0	0	0	0
2020-01-28	0	0	0	0	0	0	0	0
2020-01-29	0	0	0	0	0	0	0	0
2020-01-30	0	0	0	0	0	0	0	0
2020-01-31	0	0	0	0	0	0	0	0
2020-02-01	0	0	0	0	0	0	0	0
2020-02-02	0	0	0	0	0	0	0	0
2020-02-03	0	0	0	0	0	0	0	0
2020-02-04	0	0	0	0	0	0	0	0
2020-02-05	0	0	0	0	0	0	0	0
2020-02-06	0	0	0	0	0	0	0	0
2020-02-07	0	0	0	0	0	0	0	0
2020-02-08	0	0	0	0	0	0	0	0
2020-02-09	0	0.124134059959587	0	0	0	0	0	0
2020-02-10	0	0.409771174631225	0	0	0	0	0	0
2020-02-11	0.0188210490027472	0.707573898532901	0	0	0	0	0	0
2020-02-12	0.154938741687304	1.01848954018939	0.0607100167065735	0	0	0	0	0
2020-02-13	0.298588822661406	1.34346540812545	0.236353257355763	0	0	0	0	0
2020-02-14	0.450302465599959	1.68344881086586	0.422454058820761	0	0	0	0	0
2020-02-15	0.610610844177868	2.03938705693538	0.619707177897676	0	0	0	0	0
2020-02-16	0.780045132070038	2.41222745485879	0.828807371382621	0	0	0	0	0
2020-02-17	0.959136509838111	2.80285981747572	1.05046727165329	0	0	0	0	0
2020-02-18	1.14841618559069	3.21194397488523	1.28547101341376	0	0	0	0	0
2020-02-19	1.3484153743231	3.64008226150127	1.53462060694966	0	0	0	0	0
2020-02-20	1.55966529103069	4.08787701173776	1.79871806254666	0.0341196231691198	0	0	0	0
2020-02-21	1.78269715070879	4.55593056000864	2.07856539049041	0.103783467710162	0	0	0	0
2020-02-22	2.01804216835274	5.04484524072785	2.37496460106656	0.179952437287834	0	0	0	0
2020-02-23	2.26623155895787	5.5552233883093	2.68871770456077	0.263048246561414	0	0	0	0
2020-02-24	2.52766004416783	6.08740874664396	3.02042580861115	0.353451639514907	0	0	0	0
2020-02-25	2.80217637221945	6.6407106975308	3.36988641026577	0.451379477431212	0	0	0	0
2020-02-26	3.08949279799788	7.21418003224583	3.73669610392512	0.557007650917955	0	0	0	0
2020-02-27	3.38932157638825	7.80686754206505	4.12045148398975	0.67051205058276	0.169162164960226	0	0.00990027498429058	0
2020-02-28	3.70137496227572	8.41782401826445	4.52074914486016	0.792068567033252	0.39669080083421	0	0.0608301492742453	0
2020-02-29	4.02536521054543	9.04610025212004	4.93718568093688	0.921853090877056	0.646048354326335	0	0.116812108016981	0
2020-03-01	4.3610045760825	9.69074703490781	5.36935768662042	1.0600415127218	0.918194882607395	0	0.17807745275649	0
2020-03-02	4.7080053137721	10.3508151579038	5.81686175631131	1.2068097231751	1.21409044284819	0	0.244857485036765	0
2020-03-03	5.06607967849936	11.0253554123839	6.27929448441006	1.36233361284458	1.53469509221952	0.237504019057345	0.317383506401798	0.385761264235699
2020-03-04	5.43493992514942	11.7134185896242	6.7562524653172	1.52678907233788	1.88096888789217	1.22763252714458	0.395886818395582	0.897305008631819
2020-03-05	5.81429830860743	12.4140554809007	7.24733229343325	1.70035199226261	2.25387188703694	2.31666012395273	0.48059872256211	1.45857892097306
2020-03-06	6.20386708375852	13.1263168774894	7.75213056315873	1.88319826322641	2.65436414682464	3.50909289852184	0.571750520445372	2.07181249000494
2020-03-07	6.60335850548785	13.8492535706663	8.27024386889415	2.07550377583688	3.08340572442605	4.80943693989202	0.669573513589363	2.73923520447299
2020-03-08	7.01248482868055	14.5819163517073	8.80126880504003	2.27744442070167	3.54195667701198	6.22219833710334	0.774299003538075	3.46307655312274
2020-03-09	7.43076839982453	15.3230338889433	9.34452593619021	2.48910451636144	4.03087923253263	7.75203404208565	0.886138027587225	4.2455929533581
2020-03-10	7.85697193181876	16.0700463589242	9.89823170771164	2.71020209308908	4.5506443020559	9.4042044583279	1.00522056603943	5.08914853721654
2020-03-11	8.28966822916497	16.8200718152545	10.4603265351646	2.94036360909053	5.10162496742906	11.1841208522088	1.13165633494903	5.99613436539393
2020-03-12	8.72743009636489	17.570228311539	11.0287508341095	3.17921552257171	5.68419431049942	13.0971944901071	1.26555505037037	6.96894149858612
2020-03-13	9.16883033792026	18.3176339013823	11.6014450201065	3.42638429173857	6.29872541311427	15.1488366384014	1.40702642835779	8.00996099748898
2020-03-14	9.61244175833282	19.0594066383891	12.1763495087159	3.68149637479703	6.94559135712091	17.3444585634706	1.55618018496563	9.12158392279837
2020-03-15	10.0568371621043	19.792664576164	12.751404715498	3.94417822995304	7.62516522436664	19.6894715316933	1.71312603624824	10.3062013352101
2020-03-16	10.5004931971814	20.5145560588442	13.3243856030476	4.21393054742503	8.337434462916	22.187703167361	1.87788583958465	11.5654669464678
2020-03-17	10.9415018852907	21.222350592697	13.8924053220975	4.48975094548142	9.0808439857025	24.8366465264165	2.05013001765265	12.8980850725057
2020-03-18	11.3778590916038	21.9133479745223	14.452411570415	4.77051127440314	9.85345307187694	27.632211022715	2.22944113445474	14.3020226803058
2020-03-19	11.8075606812922	22.5848480011198	15.0013520457674	5.05508338447112	10.6533210005901	30.570306070112	2.41540175399342	15.7752467368499
2020-03-20	12.2286025195274	23.2341504692894	15.536174445922	5.34233912596629	11.4785070509927	33.6468410824629	2.60759444027117	17.31572420912
2020-03-21	12.6389804714811	23.8585551758308	16.053826468646	5.63115034916957	12.3270705022355	36.8577254736233	2.80560175729049	18.9214220640981
2020-03-22	13.0366904023248	24.455361917544	16.5512558117069	5.9203889043619	13.1970706334694	40.1988686574484	3.00900626905387	20.5903072687661
2020-03-23	13.4197281772301	25.0218704912287	17.0254101728718	6.2089266418242	14.086566723845	43.6661800477937	3.21739053956381	22.3203467901059
2020-03-24	13.7860896613685	25.5553806936847	17.4732372499081	6.49563541183739	14.9936180525132	47.2555690585146	3.43033713282279	24.1095075950995
2020-03-25	14.1337707199115	26.0531923217118	17.891684740583	6.77938706468241	15.9162838986248	50.9629451034666	3.6474286128333	25.9557566507288
2020-03-26	14.4607672180308	26.51260517211	18.277700342664	7.05905345064018	16.8526235413304	54.7842175965051	3.86824754359785	27.8570609239758
2020-03-27	14.7650750208978	26.9309190416789	18.6282317539181	7.33350641999162	17.800696259781	58.7152959514854	4.09237648911891	29.8113873818224
2020-03-28	15.0446899936842	27.3054337272184	18.9402266721129	7.60161782301768	18.7585613331272	62.7520895822631	4.31939801339899	31.8167029912506
2020-03-29	15.2976080015615	27.6334490255284	19.2106327950155	7.86225950999926	19.7242780405198	66.8905079026935	4.54889468044058	33.8709747192423
2020-03-30	15.5222317299183	27.912839386408	19.4371347082455	8.11432891597525	20.6955904442311	71.1241187460619	4.78037379659571	35.9714755865825
2020-03-31	15.7185911450115	28.1437778716544	19.6203645488312	8.35682581501622	21.6689817390191	75.4371236233725	5.01304163761458	38.1127028292687
2020-04-01	15.8871230333149	28.327012196064	19.761691341653	8.58877556595072	22.6406199027636	79.8113824650593	5.2460292215969	40.2884597371013
2020-04-02	16.0282641813025	28.4632900744334	19.8624841115917	8.80920352760726	23.6066729133441	84.2287552015566	5.47846756664244	42.4925495998808
2020-04-03	16.1424513754481	28.5533592215589	19.9241118835276	9.01713505881438	24.5633087486402	88.6711017632983	5.7094876908509	44.7187757074079
2020-04-04	16.2301214022257	28.5979673522371	19.9479436823413	9.21159551840062	25.5066953865315	93.1202820807185	5.93822061232204	46.9609413494829
2020-04-05	16.2917110481091	28.5978621812645	19.9353485329133	9.3916102651945	26.4330008048976	97.5581560842513	6.16379734915558	49.2128498159065
2020-04-06	16.3277662557427	28.5539754113008	19.8878176477097	9.55637310313006	27.3384024902692	101.966062875858	6.38543060850414	51.4679641542694
2020-04-07	16.3392695924525	28.4679746964592	19.8073309895389	9.70575161656337	28.2191159637815	106.323258243609	6.6026598537319	53.7183864433241
2020-04-08	16.327312781735	28.3417116787158	19.6959907087944	9.83978183495603	29.0713662552208	110.608477147102	6.81510623725588	55.9558785196132
2020-04-09	16.2929875470865	28.177038000047	19.5558989558703	9.95849978776962	29.8913783943734	114.800454545935	7.02239091149316	58.1722022196795
2020-04-10	16.2373856120035	27.975805302429	19.3891578811602	10.0619415044657	30.6753774110256	118.877925399705	7.22413502886076	60.3591193800658
2020-04-11	16.1615986999825	27.7398652278383	19.197869635058	10.1501430145059	31.4195883349638	122.81962466801	7.41995974177575	62.5083918373147
2020-04-12	16.0667185345199	27.4710694182511	18.9841363679575	10.2231403473518	32.1202361959741	126.604287310448	7.60948620265517	64.611781427969
2020-04-13	15.9538368391121	27.1712695156437	18.7500602302525	10.280969532465	32.7735460238429	130.210648286616	7.79233556391608	66.6610499885715
2020-04-14	15.8240453372556	26.8423171619924	18.4977433723368	10.3236665993071	33.3757428483565	133.617442556113	7.96812897797552	68.6479593556648
2020-04-15	15.6784357524468	26.4860639992735	18.2292879446042	10.3512675773396	33.9230516993012	136.803405078535	8.13648759725054	70.5642713657917
2020-04-16	15.5180998081821	26.1043616694634	17.9467960974484	10.3638084960241	34.4116976064633	139.74727081348	8.29703257415819	72.4017478554949
2020-04-17	15.344129227958	25.6990618145383	17.6523699812634	10.3613253848223	34.837905599629	142.427774720547	8.44938506111551	74.1521506613171
2020-04-18	15.157615735271	25.2720160764745	17.3481117464429	10.3438542731957	35.1979007085848	144.823651759333	8.59316621053957	75.8072416198011
2020-04-19	14.9596510536174	24.8250760972484	17.0361235433807	10.3114311906058	35.4879079631169	146.913636889435	8.7279971748474	77.3587825674896
2020-04-20	14.7513081337216	24.3601030772445	16.718497559681	10.264317801941	35.7048585299198	148.68009232847	8.8536200414504	78.7992887547676
2020-04-21	14.5335848352188	23.8789964504806	16.3972861317901	10.2036783137955	35.8485081233213	150.119889326128	8.9702606377373	80.1242890873892
2020-04-22	14.3074602449726	23.3836652093827	16.0745316333646	10.1309025681904	35.9193185945574	151.23352639012	9.07826572609122	81.3300658849505
2020-04-23	14.073913449846	22.8760183463767	15.7522764380611	10.0473804071467	35.917751794864	152.021502028154	9.17798206889521	82.412901467048
2020-04-24	13.8339235367023	22.3579648538888	15.4325629195362	9.95450167268545	35.8442695754771	152.48431474794	9.26975642853239	83.3690781532778
2020-04-25	13.5884695924048	21.831413724345	15.1174334514466	9.85365620682761	35.6993337876327	152.622463057187	9.35393556738581	84.1948782632364
2020-04-26	13.3385307038167	21.2982739501712	14.8089304074489	9.74623385159419	35.4834062825668	152.436445463606	9.43086624783859	84.8865841165199
2020-04-27	13.085012477635	20.7603282755341	14.5087166730298	9.63342217895414	35.197560098609	151.929634312071	9.50082059042002	85.441590328813
2020-04-28	12.8285265998912	20.2188544515629	14.2169371809964	9.51559968066822	34.8453130224634	151.116897296122	9.56377214824425	85.8617407001539
2020-04-29	12.5696112764503	19.6750039811275	13.9333573759857	9.39294257844512	34.430794027928	150.015975946465	9.61961983257167	86.1499913266691
2020-04-30	12.3088047131777	19.1299283670978	13.657742702635	9.26562709399352	33.9581320888003	148.644611793807	9.66826255466265	86.3092983044852
2020-05-01	12.0466451159384	18.5847791123436	13.3898586055814	9.13382944902212	33.4314561788783	147.020546368853	9.70959922577756	86.3426177297285
2020-05-02	11.7836706905975	18.0407077197347	13.129470529462	8.99772586523962	32.8548952719597	145.16152120231	9.74352875717679	86.2529056985258
2020-05-03	11.5204196430203	17.4988656921411	12.876343918914	8.8574925643547	32.2325783418423	143.085277824883	9.7699500601207	86.0431183070033
2020-05-04	11.257430179072	16.9604045324326	12.6302442185745	8.71330576807606	31.568634362324	140.809557767278	9.78876204586968	85.7162116512878
2020-05-05	10.9952405046176	16.4264757434791	12.3909368730807	8.56534169811239	30.8671923072024	138.352102560201	9.79986362568409	85.2751418275057
2020-05-06	10.7343888255223	15.8982308281503	12.1581873270696	8.41377657617238	30.1323811502754	135.730653734359	9.80315371082432	84.7228649317836
2020-05-07	10.4754133476513	15.3768212893163	11.9317610251784	8.25878662396472	29.3683298653408	132.962952820457	9.79853121255073	84.0623370602479
2020-05-08	10.2188522768697	14.8633986298468	11.7114234120443	8.10054806319811	28.5791674261964	130.066741349201	9.78589504212372	83.2965143090251
2020-05-09	9.9652438190428	14.3591143526116	11.4969399323045	7.93923711558124	27.7690228066399	127.059760851298	9.76514411080364	82.4283527742419
2020-05-10	9.71512618003563	13.8651199604808	11.2880760305959	7.7750300028228	26.9420249804692	123.959752857453	9.73617732985088	81.4608085520246
2020-05-11	9.46904750816758	13.3824049981024	11.0844502187025	7.60825481000457	26.1020021568393	120.784238160469	9.69901415597582	80.3976142543015
2020-05-12	9.22759572157489	12.9113111772379	10.8850932769947	7.43984707570071	25.2515794863348	117.549854601539	9.65415622768886	79.2456085562072
2020-05-13	8.99136868084797	12.4520182514272	10.6888890529895	7.27089420185844	24.3930813548973	114.273019283952	9.60222572895044	78.0124066486777
2020-05-14	8.76096424657725	12.0047059742102	10.4947213942041	7.102483590425	23.5288321484687	110.970149310997	9.54384484372095	76.7056237226492
2020-05-15	8.53698027935316	11.5695540991266	10.3014741481555	6.93570264334764	22.6611562529906	107.657661785964	9.47963575596083	75.332874969058
2020-05-16	8.32001463976612	11.1467423797163	10.1080311623608	6.77163876257357	21.7923780544048	104.351973812141	9.41022064963048	73.9017755788402
2020-05-17	8.11066518840656	10.7364505695191	9.91327628433708	6.61137935005006	20.9248219386532	101.069502492819	9.33622170869033	72.4199407429319
2020-05-18	7.90944355942482	10.3388209624772	9.71638281083543	6.45585741598761	20.0607622134733	97.8243760866243	9.25827400056378	70.8946159918062
2020-05-19	7.71651648121087	9.95384601414198	9.51768183554286	6.30538840364996	19.2022728737865	94.6215674735401	9.17706412652617	69.3315682140837
2020-05-20	7.5319644557146	9.58148072046711	9.31779390138037	6.16013336456412	18.3513778363097	91.4637606888868	9.09329157131585	67.7361946379214
2020-05-21	7.3558679848859	9.22168007740629	9.11733955126894	6.02025335025709	17.5101010177603	88.353639767985	9.00765581967114	66.1138924914769
2020-05-22	7.18830757067466	8.87439908091323	8.91693932812958	5.8859094122559	16.6804663348553	85.2938887461558	8.92085635633039	64.4700590029073
2020-05-23	7.02936371503078	8.53959272694162	8.71721377488327	5.75726260208755	15.8644977043119	82.2871916587195	8.83359266603192	62.8100914003699
2020-05-24	6.87911691990413	8.21721601144516	8.51878343445104	5.63447397127907	15.0642190428472	79.3362325409972	8.74656423351408	61.1393869120222
2020-05-25	6.73764768724461	7.90722393037756	8.32226884975386	5.51770457135746	14.2816542671784	76.4436954283095	8.6604705435152	59.4633427660214
2020-05-26	6.60503651900211	7.6095714796925	8.12829056371275	5.40711545384975	13.5188272940226	73.6122643559772	8.57601108077361	57.7873561905247
2020-05-27	6.48136391712652	7.32421365534369	7.93746911924868	5.30286767028293	12.7777620400969	70.8446233593209	8.49388533002764	56.1168244136896
2020-05-28	6.36671038356772	7.05110545328482	7.75042505928267	5.20512227218402	12.0604824221186	68.1434564736614	8.41479277601565	54.4571446636733
2020-05-29	6.26115642027562	6.79020186946959	7.56777892673571	5.11404031108005	11.3690123568047	65.5114477343195	8.33943290347595	52.813714168633
2020-05-30	6.16478252920008	6.5414578998517	7.39015126452879	5.02978283849802	10.7053757608723	62.9512811766159	8.26850519714688	51.1919301567262
2020-05-31	6.077669212291	6.30482854038485	7.21816261558292	4.95251090596495	10.0715965510388	60.4656408358714	8.20270914176679	49.5971898561101
2020-06-01	5.99985208539186	6.08024231485898	7.05240520397654	4.88238004555157	9.46932571630967	58.056775887154	8.14269222046904	48.0339521093298
2020-06-02	5.93118721992044	5.867521858409	6.89335797841798	4.81952371150347	8.89872253484525	55.7251960645215	8.08889390996721	46.5029222164816
2020-06-03	5.87148580118809	5.66646333400608	6.74147156877298	4.76406983860996	8.35957335709431	53.470976241779	8.04170168536989	45.0038670920493
2020-06-04	5.82055901450618	5.47686290462137	6.59719660490731	4.71614636166036	7.85166453350562	51.2941912927315	8.0015030217857	43.5365536505169
2020-06-05	5.77821804518607	5.29851673322604	6.46098371668673	4.67588121544398	7.37478241452801	49.1949160911841	7.96868539432323	42.1007488063685
2020-06-06	5.74427407853913	5.13122098279125	6.33328353397701	4.64340233475012	6.92871335061024	47.173225510942	7.9436362780911	40.696219474088
2020-06-07	5.71853829987671	4.97477181628815	6.21454668664391	4.61883765436811	6.51324369220112	45.2291944258103	7.92674314819791	39.3227325681594
2020-06-08	5.70082943978363	4.82898028906652	6.10504428803534	4.60223242310763	6.12800341997723	43.362516490375	7.91832261931462	37.9801083579211
2020-06-09	5.69099640993849	4.69371702599064	6.0043293854278	4.59330114585994	5.77199703552618	41.5713604823474	7.91840786436159	36.6683805321294
2020-06-10	5.68889566729336	4.56886754430336	5.91177550957996	4.59167564153668	5.4440726706634	39.8535139602193	7.92696119582156	35.3876361343951
2020-06-11	5.69438366880029	4.45431736124759	5.82675619125048	4.59698772904948	5.14307845720429	38.206764482483	7.94394492617723	34.137962208329
2020-06-12	5.70731687141134	4.3499519940662	5.74864496119801	4.60886922730997	4.86786252696425	36.6288996076305	7.96932136791134	32.9194457975419
2020-06-13	5.72755173207856	4.25565696000205	5.6768153501812	4.6269519552298	4.61727301175868	35.1177068941539	8.00305283350661	31.7321739456445
2020-06-14	5.75494470775402	4.17131777629805	5.61064088895873	4.65086773172059	4.39015804340301	33.6709739005453	8.04510163544575	30.5762336962476
2020-06-15	5.78935225538977	4.09681996019707	5.54949510828923	4.68024837569399	4.18536575371263	32.2864881852968	8.09543008621149	29.4517120929619
2020-06-16	5.83063083193787	4.03204902894199	5.49275153893138	4.71472570606163	4.00174427450295	30.9620373069006	8.15400049828655	28.3586961793984
2020-06-17	5.87863689435037	3.97689049977568	5.43978371164383	4.75393154173514	3.83814173758938	29.6954088238486	8.22077518415365	27.2972729991677
2020-06-18	5.93322689957934	3.93122988994103	5.38996515718524	4.79749770162617	3.69340627478732	28.4843902946331	8.29571645629552	26.2675295958806
2020-06-19	5.99425730457682	3.89495271668093	5.34266940631426	4.84505600464635	3.56638601791218	27.3267692777461	8.37878662719486	25.2695530131479
2020-06-20	6.06158456629489	3.86794449723824	5.29726998978956	4.89623826970731	3.45592909877937	26.2203333316797	8.46994800933442	24.3034302945803
2020-06-21	6.13506514168559	3.85009074885585	5.25314043836979	4.95067631572069	3.36088364920429	25.1628700149261	8.56916291519691	23.3692484837887
2020-06-22	6.2145106834347	3.8412153407444	5.20977879402204	5.00803826858434	3.28007413222187	24.1527125838394	8.67626262031337	22.4670313846833
2020-06-23	6.29955362716284	3.84089554998558	5.1671811435472	5.06813748214092	3.21223033574505	23.1903770862231	8.79055425240821	21.5965498423723
2020-06-24	6.38978160422436	3.8486470056288	5.12546808495456	5.13082361721932	3.15605837890632	22.2769252677424	8.91121390225414	20.7575114622634
2020-06-25	6.48478224597357	3.86398533672352	5.08476021625344	5.19594633464841	3.11026438083814	21.4134188740629	9.03741766062389	19.9496238497644
2020-06-26	6.58414318376484	3.88642617231917	5.04517813545315	5.26335529525708	3.07355446067299	20.6009196508501	9.16834161829016	19.1725946102829
2020-06-27	6.6874520489525	3.91548514146519	5.006842440563	5.3329001598742	3.04463473754334	19.8404893437693	9.30316186602569	18.4261313492266
2020-06-28	6.79429647289087	3.95067787321102	4.96987372959229	5.40443058932865	3.02221133058166	19.133189698486	9.44105449460319	17.7099416720032
2020-06-29	6.90427913583738	3.99155742541387	4.9343911199538	5.47788702652215	3.00513131463817	18.4794992524892	9.58117212463575	17.023638454526
2020-06-30	7.01706291366164	4.03782657116207	4.90050780667407	5.55357304264778	2.9928055874341	17.8775637105622	9.7225734960979	16.3664556547302
2020-07-01	7.13232573113637	4.08922551235172	4.86833550418311	5.63188299097145	2.98478600240843	17.3249455693117	9.86429387880454	15.7375325010568
2020-07-02	7.24974551303425	4.14549445087895	4.83798592691092	5.71321122475908	2.98062441300015	16.8192073253446	10.0053685425706	15.1360082219465
2020-07-03	7.369000184128	4.20637358863986	4.80957078928751	5.79795209727657	2.97987267264823	16.3579114752675	10.1448327572108	14.5610220458402
2020-07-04	7.4897676691903	4.27160312753055	4.78320180574289	5.88649996178984	2.98208263479166	15.9386205156873	10.2817217925403	14.0117132011787
2020-07-05	7.61172589299387	4.34092326944713	4.75899069070706	5.97924917156481	2.98680615286941	15.5588969432108	10.4150709183738	13.4872209164028
2020-07-06	7.73455278031139	4.41407421628572	4.73704915861002	6.07659407986739	2.99359508032048	15.2163032544447	10.5439154045263	12.9866844199534
2020-07-07	7.85792625591557	4.49079616994241	4.71748892388179	6.17892903996349	3.00200127058383	14.9084019459958	10.6672905208127	12.5092429402713
2020-07-08	7.9815242445791	4.57082933231332	4.70042170095236	6.28664840511903	3.01157657709845	14.6327555144709	10.7842315370478	12.0540357057974
2020-07-09	8.10502467107469	4.65391390529456	4.68595920425175	6.40014652859992	3.02187285330332	14.3869264564768	10.8937737230465	11.6202019449724
2020-07-10	8.22810546017504	4.73979009078224	4.67421314820995	6.51981776367208	3.03244195263743	14.1684772686202	10.9949523486238	11.2068808862373
2020-07-11	8.35044453665284	4.82819809067246	4.66529524725697	6.64605646360141	3.04283572853975	13.974970447508	11.0868026835945	10.8132117580328
2020-07-12	8.4717198252808	4.91887810686134	4.65931721582282	6.77925698165384	3.05260603444926	13.8039684897469	11.1683599977736	10.4383337887998
2020-07-13	8.59153199114688	5.01152134515806	4.65632716574164	6.91959911078153	3.06133395728985	13.653201578542	11.2388516418824	10.0815749844257
2020-07-14	8.70917266060024	5.10562302702417	4.65611879846407	7.06640440268161	3.06871751792499	13.521070643491	11.2982732902685	9.74301846058337
2020-07-15	8.82385620030528	5.20062937783431	4.65842221284492	7.21877984873747	3.07448397070308	13.4061443007902	11.346812698186	9.4229361103926
2020-07-16	8.93479697692642	5.29598662296311	4.66296750773896	7.37583244033251	3.07836056997248	13.3069911666357	11.3846576208891	9.12159982697295
2020-07-17	9.04120935712806	5.39114098778521	4.66948478200099	7.53666916885011	3.08007457008159	13.2221798572236	11.4119958136317	8.83928150344399
2020-07-18	9.14230770757463	5.48553869767523	4.67770413448579	7.70039702567366	3.07935322537878	13.1502789887501	11.4290150316681	8.57625303292533
2020-07-19	9.23730639493054	5.57862597800782	4.68735566404815	7.86612300218656	3.07592379021244	13.0898571774111	11.4359030302522	8.33278630853655
2020-07-20	9.32549977320863	5.66984037098341	4.69814217711947	8.03294340433437	3.06954290857551	13.0395590824905	11.4329274679963	8.1089633178706
2020-07-21	9.40650214581544	5.75858468610576	4.70965731043751	8.19991179631145	3.06008478303919	12.998333535622	11.4206756169456	7.90410642641382
2020-07-22	9.48000780350594	5.84425304970439	4.72146740831667	8.36607105687434	3.04745300581925	12.9652054115268	11.3998146525031	7.7173480941259
2020-07-23	9.54571103703511	5.92623958810886	4.73313881507131	8.53046406477959	3.03155116913144	12.9391995849263	11.371011750072	7.54782078096652
2020-07-24	9.6033061371579	6.00393842764873	4.74423787501583	8.69213369878372	3.01228286519154	12.9193409305417	11.3349340850556	7.39465694689537
2020-07-25	9.65248739462929	6.07674369465353	4.7543309324646	8.85012283764329	2.9895516862153	12.9046543230943	11.292248832857	7.25698905187215
2020-07-26	9.69294910020425	6.14404951545282	4.76298433173201	9.00347436011483	2.96326122441849	12.8941646373054	11.2436231688794	7.13394955585655
2020-07-27	9.72438554463776	6.20525001637615	4.76976441713242	9.15123114495489	2.93331507201687	12.8868967478964	11.1897242685261	7.02467091880824
2020-07-28	9.74649101868476	6.25973932375307	4.77423753298023	9.29243607092001	2.8996168212262	12.8818755295884	11.1312193072001	6.92828560068691
2020-07-29	9.75895981310025	6.30691156391312	4.77597002358981	9.42613201676671	2.86207006426226	12.8781258571028	11.0687754603047	6.84392606145227
2020-07-30	9.76148621863918	6.34616086318585	4.77452823327554	9.55136186125155	2.82057839334079	12.8746726051608	11.0030599032432	6.77072476106399
2020-07-31	9.75376452605653	6.37688134790082	4.76947850635181	9.66716848313108	2.77504540067757	12.8705406484839	10.9347398114186	6.70781415948176
2020-08-01	9.73548902610726	6.39846714438757	4.76038718713299	9.77259476116181	2.72537467848836	12.8647548617931	10.8644823602341	6.65432671666528
2020-08-02	9.70635400954635	6.41031237897565	4.74682061993346	9.86668357410032	2.67146981898892	12.8563401198099	10.792954725093	6.60939489257422
2020-08-03	9.66622231321027	6.41199147850559	4.72836235942373	9.94869457335368	2.61329182974149	12.8445060823029	10.7206904027491	6.57210210657216
2020-08-04	9.61563095826155	6.40380007186182	4.70466480169881	10.0187545009313	2.55103137969426	12.8292015492303	10.6476881753584	6.54133561563815
2020-08-05	9.55528551194424	6.38621408843977	4.67539755320981	10.0772068714931	2.48493655314187	12.8105601055977	10.5738131464275	6.51593363615512
2020-08-06	9.48589154150237	6.35970945763485	4.64023022040786	10.124395199699	2.41525543437898	12.7887153364106	10.4989304194631	6.494734384506
2020-08-07	9.40815461417999	6.32476210884246	4.5988324097441	10.1606630002089	2.34223610770025	12.7638008266746	10.4229050979719	6.47657607707372
2020-08-08	9.32278029722113	6.28184797145805	4.55087372766966	10.1863537876829	2.26612665740033	12.7359501613954	10.3456022854604	6.46029693024121
2020-08-09	9.23047415786984	6.23144297487701	4.49602378063564	10.2018110767807	2.18717516777387	12.7052969255784	10.2668870854355	6.44473516039141
2020-08-10	9.13192419581545	6.17403474050035	4.43413414804767	10.2073940967165	2.10565333337333	12.6718755667257	10.1866880540685	6.42895116903067
2020-08-11	9.02774814052855	6.11015765775142	4.36578430112925	10.2035249349202	2.02192728978235	12.635323982325	10.1051875581903	6.41289409815908
2020-08-12	8.91854615392501	6.04035780805918	4.29173568405836	10.1906413933758	1.93638678284238	12.5951809323604	10.0226314172968	6.39673527490018
2020-08-13	8.8049183979207	5.96518127285256	4.21274974101299	10.1691812740675	1.84942155839485	12.550985176816	9.93926545088359	6.38064602637749
2020-08-14	8.68746503443151	5.88517413356052	4.12958791617112	10.1395823789793	1.7614213622812	12.5022754756759	9.85533547844645	6.36479767971452
2020-08-15	8.56678622537331	5.80088247161198	4.04301165371074	10.1022825100952	1.67277594034287	12.4485905889242	9.77108731948113	6.34936156203482
2020-08-16	8.44348213266197	5.7128523684359	3.95378239780982	10.0577194693993	1.58387503842131	12.3894692765451	9.68676679348336	6.33450900046189
2020-08-17	8.31815291821338	5.62162990546122	3.86266159264636	10.0063310588756	1.49510840235795	12.3244502985227	9.6026197199489	6.32041132211926
2020-08-18	8.19139874394341	5.52776116411689	3.77041068239834	9.94855508050822	1.40686577799424	12.253072414841	9.51889191837348	6.30723985413047
2020-08-19	8.06381977176794	5.43179222583184	3.67779111124374	9.88482933628121	1.31953691117162	12.1748743854842	9.43582920825284	6.29516592361903
2020-08-20	7.93601616360285	5.33426917203502	3.58556432336055	9.8155916281786	1.23351154773152	12.0893949704364	9.35367740908271	6.28436085770847
2020-08-21	7.808588081364	5.23573808415538	3.49449176292675	9.74127975818445	1.14917943351538	11.9961729296817	9.27268234035885	6.27499598352232
2020-08-22	7.68213568696729	5.13674504362186	3.40533487412033	9.66233152828281	1.06693031436466	11.8947470232043	9.19308982157699	6.26724262818409
2020-08-23	7.55725914232859	5.0378361318634	3.31885510111926	9.57918474045773	0.987153936120781	11.7846560109883	9.11514567223287	6.26127211881732
2020-08-24	7.43452486760423	4.93952771623958	3.23573968875021	9.49224133317988	0.910240828872323	11.6658765681251	9.03901213000106	6.25716920714951
2020-08-25	7.31436431591238	4.84221730783255	3.15637908443451	9.40175979086632	0.836584659696379	11.5401370301365	8.96451710527137	6.2546723433242
2020-08-26	7.19717519861168	4.7462727036551	3.08108953624217	9.30796273442072	0.766579879917182	11.4096036476515	8.89140492661248	6.2534334020889
2020-08-27	7.08335522706077	4.65206170071999	3.01018729224319	9.21107278474675	0.700620940858957	11.276442671299	8.81941992259303	6.2531042581911
2020-08-28	6.97330211261826	4.55995209604002	2.94398860050759	9.11131256274808	0.639102293845933	11.1428203517082	8.74830642178166	6.25333678637834
2020-08-29	6.8674135666428	4.47031168662797	2.88280970910537	9.00890468932838	0.582418390202337	11.0109029395081	8.67780875274704	6.25378286139811
2020-08-30	6.76608730049302	4.3835082694966	2.82696686610653	8.90407178539133	0.530963681252396	10.8828566853277	8.6076712440578	6.25409435799793
2020-08-31	6.66965659905555	4.29987416636093	2.77671805297337	8.79705014150094	0.485001297947044	10.7604581964234	8.53760773913948	6.25399209653253
2020-09-01	6.57819704132906	4.21959979774478	2.73208818473729	8.68813072686264	0.44426908974402	10.6439255065606	8.46721014084507	6.25347267978548
2020-09-02	6.49171977984019	4.14284010887419	2.69304390982199	8.57761818034221	0.40837358572777	10.5330870061323	8.39603986688443	6.25260165614756
2020-09-03	6.41023596711561	4.06975004497521	2.65955187665113	8.46581714080541	0.376921314982735	10.4277710855311	8.32365833496743	6.25144457400957
2020-09-04	6.33375675568197	4.00048455127387	2.63157873364842	8.35303224711804	0.349518806593364	10.3278061351499	8.24962696280392	6.25006698176228
2020-09-05	6.26229329806595	3.93519857299622	2.60909112923754	8.23956813814587	0.325772589644098	10.2330205453816	8.17350716810379	6.24853442779649
2020-09-06	6.19585674679419	3.8740470553683	2.59205571184217	8.12572945275467	0.305289193219383	10.1432427066188	8.09486036857688	6.24691246050299
2020-09-07	6.13445825439335	3.81718494361615	2.580439129886	8.01182082981021	0.287675146403662	10.0583010092544	8.01324798193307	6.24526662827255
2020-09-08	6.0781089733901	3.76476718296581	2.57420803179273	7.89814690817828	0.272536978281379	9.97802384368126	7.92823142588221	6.24366247949596
2020-09-09	6.02682005631109	3.71694871864332	2.57332906598602	7.78501232672466	0.25948121793698	9.90223960029211	7.83937211813417	6.24216556256402
2020-09-10	5.98060265568298	3.67388449587474	2.57776888088958	7.67272172431511	0.248114394454908	9.83077666947978	7.74623147639882	6.2408414258675
2020-09-11	5.93946792403244	3.63572945988609	2.58749412492709	7.56157973981542	0.238043036919607	9.76346344163707	7.64837091838602	6.23975561779719
2020-09-12	5.90342701388612	3.60263855590342	2.60247144652223	7.45189101209137	0.228873674415523	9.70012830715678	7.54535186180563	6.23897368674389
2020-09-13	5.87249107777068	3.57476672915278	2.62266749409869	7.34396018000871	0.220212836027098	9.64059965643172	7.43673572436753	6.23856118109837
2020-09-14	5.84663911853496	3.55219225062383	2.6480777729468	7.2381445651418	0.211748756837337	9.58482702306373	7.32248837613561	6.2385359260507
2020-09-15	5.82572154031649	3.53468669436075	2.67881321582344	7.13501221989914	0.203496495923477	9.53324451349087	7.20419349658994	6.23872485398806
2020-09-16	5.80955659757498	3.52194496017136	2.71501361235212	7.03518387939781	0.195552818361313	9.48640737736023	7.08383921756464	6.23890717409691
2020-09-17	5.79796254477015	3.51366194786348	2.75681875215636	6.93928027875488	0.188014489226643	9.44487086431889	6.96341367089381	6.2388620955637
2020-09-18	5.79075763636171	3.50953255724491	2.80436842485968	6.84792215308743	0.180978273595261	9.40919022401395	6.84490498841159	6.23836882757489
2020-09-19	5.78776012680937	3.50925168812346	2.8578024200856	6.76173023751251	0.174540936542965	9.37992070609249	6.73030130195207	6.23720657931695
2020-09-20	5.78878827057284	3.51251424030695	2.91726052745763	6.68132526714721	0.168799243145551	9.35761756020162	6.62159074334937	6.23515455997631
2020-09-21	5.79370285454106	3.51902704214682	2.98287362089847	6.60727213294798	0.163935553329038	9.34280518742858	6.52032142872096	6.23202755415431
2020-09-22	5.80253479531982	3.52854463616894	3.05473691152757	6.53991234922878	0.160474606420341	9.33588459462118	6.42628141131778	6.22778264811171
2020-09-23	5.81535754194415	3.54083349344282	3.13293669476353	6.47953158614296	0.159026736596596	9.33722594006743	6.33881872867412	6.22241250352412
2020-09-24	5.83224454344905	3.55566008503797	3.21755926602496	6.42641551384386	0.160202278034942	9.3471993820553	6.25728141832428	6.21590978206717
2020-09-25	5.85326924886957	3.5727908820239	3.30869092073048	6.38084980248483	0.164611564912516	9.36617507887277	6.18101751780256	6.20826714541648
2020-09-26	5.8785051072407	3.59199235547012	3.40641795429871	6.34312012221921	0.172864931406456	9.39452318880782	6.10937506464325	6.19947725524766
2020-09-27	5.90802556759748	3.61303097644612	3.51082666214827	6.31351214320036	0.1855727116939	9.43261387014845	6.04170209638064	6.18953277323635
2020-09-28	5.94190407897491	3.63567321602142	3.62200333969776	6.29231153558161	0.203345239951984	9.48081728118262	5.97734665054904	6.17842636105816
2020-09-29	5.98021409040803	3.65968554526552	3.7400342823658	6.27980396951631	0.226792850357847	9.53950358019832	5.91565676468273	6.16615068038872
2020-09-30	6.02302905093185	3.68483443524794	3.86500578557101	6.27627511515781	0.256525877088626	9.60904292548355	5.85598047631603	6.15269839290364
2020-10-01	6.07042240958139	3.71088635703816	3.997004144732	6.28201064265945	0.29315465432146	9.68980547532626	5.79766582298321	6.13806216027854
2020-10-02	6.12246761539166	3.73760778170571	4.13611565526738	6.29729622217458	0.337289516233484	9.78216138801446	5.74006084221858	6.12223464418906
2020-10-03	6.1792381173977	3.76476518032009	4.28242661259577	6.32241752385654	0.389540797001837	9.88648082183611	5.68251357155644	6.10520850631081
2020-10-04	6.24080736463451	3.7921250239508	4.43602331213579	6.35766021785868	0.450518830803656	10.0031339350792	5.62437204853107	6.0869764083194
2020-10-05	6.3072361197402	3.81955503733952	4.59694990513883	6.40322342432876	0.520811281828862	10.1322659077691	5.5651381244047	6.0677311263292
2020-10-06	6.3785343997652	3.8473279599166	4.76508196618746	6.45896006339223	0.600915134318511	10.2731220068802	5.50492890535123	6.04846589420944
2020-10-07	6.45469953536301	3.87581778478458	4.940252925697	6.52463650516892	0.691304702526433	10.4247225211247	5.44401531127247	6.03037406026808
2020-10-08	6.53572885718714	3.90539850504597	5.1222962140828	6.6000191197787	0.792454300706465	10.5860877392142	5.38266826207024	6.01464897281311
2020-10-09	6.6216196958911	3.9364441138033	5.31104526176019	6.68487427734142	0.904838243112444	10.7562379498608	5.32115867764637	6.00248398015249
2020-10-10	6.7123693821284	3.96932860415909	5.5063334991445	6.77896834797694	1.02893084399821	10.9341934417764	5.25975747790266	5.9950724305942
2020-10-11	6.80797524655254	4.00442596921587	5.70799435665109	6.8820677018051	1.16520641761759	11.1189745036728	5.19873558274094	5.99360767244619
2020-10-12	6.90841833183502	4.04208764463673	5.91588528589172	6.993902135503	1.31410648790827	11.3097420258891	5.13849857088985	5.99918563796449
2020-10-13	7.01361452871932	4.08257483632704	6.12995982326384	7.1140551519766	1.47594141754331	11.5062193052725	5.07999065638533	6.01251259519736
2020-10-14	7.1234634399669	4.12612619275275	6.35019552636137	7.24207368068912	1.65098877887964	11.7082702402974	5.02429071209014	6.0341973961411
2020-10-15	7.23786466833922	4.17298036237979	6.5765699527782	7.37750465110377	1.83952614427415	11.9157587294382	4.97247761086702	6.06484889279201
2020-10-16	7.35671781659774	4.22337599367411	6.80906066010823	7.51989499268375	2.04183108608376	12.1285486711691	4.92563022557875	6.1050759371464
2020-10-17	7.47992248750393	4.27755173510164	7.04764520594535	7.66879163489227	2.25818117666538	12.3465039639646	4.88482742908809	6.15548738120058
2020-10-18	7.60737828381925	4.33574623512833	7.29230114788348	7.82374150719254	2.48885398837592	12.5694885062991	4.85114809425779	6.21669207695084
2020-10-19	7.73898480830516	4.39819814222012	7.54300604351649	7.98429153904777	2.7341270935723	12.7973661966468	4.82567109395061	6.2892988763935
2020-10-20	7.87464166372313	4.46514610484295	7.7997374504383	8.14998865992117	2.99427806461142	13.0300009334822	4.80947530102931	6.37391663152486
2020-10-21	8.01424845283462	4.53682877146275	8.0624729262428	8.32037979927593	3.2695844738502	13.2672566152796	4.80363958835666	6.47115419434123
2020-10-22	8.15770477840109	4.61348479054548	8.33119002852388	8.49501188657527	3.56032389364555	13.5089971405133	4.8092428287954	6.5816204168389
2020-10-23	8.304910243184	4.69535281055706	8.60586631487544	8.6734318512824	3.86677389635437	13.7550864076578	4.8273638952083	6.70592415101418
2020-10-24	8.45576444994483	4.78267147996345	8.8864793428914	8.85518662286053	4.18921205433359	14.0053883151874	4.85908166045812	6.84467424886339
2020-10-25	8.61016700144502	4.87567944723058	9.17300667016564	9.03982313077286	4.52791593994011	14.2597667615764	4.90547499740761	6.99847956238282
2020-10-26	8.76805731992745	4.97466238877348	9.46550992302837	9.22682188754988	4.88320360191305	14.518234339091	4.96758421536182	7.16782603159736
2020-10-27	8.92953410556059	5.08009409280356	9.76438700275514	9.41539773799128	5.25555499452041	14.7813984151653	5.04629536939485	7.35270794864622
2020-10-28	9.0947358779943	5.19249537548129	10.0701198793578	9.604699109964	5.64549054841239	15.0500150510247	5.14245595102308	7.55299669369717
2020-10-29	9.26380115687848	5.31238705296719	10.3831905228481	9.793874431335	6.05353069423919	15.3248403078952	5.25691345176291	7.76856364691803
2020-10-30	9.43686846186298	5.44028994142171	10.704080903238	9.98207212997124	6.48019586265099	15.6066302470024	5.39051536313073	7.99928018847655
2020-10-31	9.61407631259769	5.57672485700537	11.0332729905394	10.1684406337397	6.92600648429801	15.8961409295721	5.5441091766429	8.24501769854053
2020-11-01	9.79556322873248	5.72221261587865	11.3712487547639	10.3521283705073	7.39148298983044	16.19412841683	5.71854238381583	8.50564755727776
2020-11-02	9.98141354154453	5.87712475556772	11.7182809504155	10.5324282942425	7.87697334692807	16.5012134502067	5.91462429586619	8.78105715995078
2020-11-03	10.1714948288203	6.04123569906151	12.0738054699656	10.7092114633204	8.38213567138899	16.8174754919531	6.13301150281185	9.07119796220123
2020-11-04	10.3656204799735	6.21417059071464	12.4370489903775	10.8824934622173	8.90645561604084	17.1428586845247	6.37432241437095	9.37603743476545
2020-11-05	10.5636038844179	6.39555457488171	12.8072381886146	11.0522898754096	9.4494188337113	17.4773071703772	6.63917544026167	9.69554304837984
2020-11-06	10.7652584315673	6.58501279591734	13.1835997416402	11.2186162873739	10.010510977228	17.8207650919662	6.92818899020215	10.0296822737808
2020-11-07	10.9703975108353	6.78217039817615	13.5653603264177	11.3814882825866	10.5892176994187	18.1731765917475	7.24198147391056	10.3784225817046
2020-11-08	11.1788345116359	6.98665252601273	13.9517466199106	11.5409214455241	11.1850246531109	18.5344858121767	7.58117130110505	10.7417314428877
2020-11-09	11.3903828233826	7.1980843237817	14.341985299082	11.6969313606629	11.7974174911325	18.9046368957094	7.94637688150378	11.1195763280665
2020-11-10	11.6048558354892	7.41609093583769	14.7353030408955	11.8495336124795	12.4258818663109	19.2835739848012	8.3382166248249	11.5119247079774
2020-11-11	11.8220669373696	7.64029750653529	15.1309265223143	11.9987437854503	13.0699034314739	19.671241221908	8.75730894078658	11.9187440533566
2020-11-12	12.0418295184375	7.87032918022914	15.5280824203018	12.1445774640518	13.7289678394492	20.0675827494852	9.20427223910698	12.3400018349407
2020-11-13	12.2639569681065	8.10581110127382	15.9259974118214	12.2870502327604	14.4025607430644	20.4725427099886	9.67972492950424	12.7756655234659
2020-11-14	12.4882626757905	8.34636841402396	16.3238981738365	12.4261776760526	15.0901677951471	20.8860652458739	10.1842854216965	13.2257025896687
2020-11-15	12.7145600309032	8.59162626283418	16.7210113833104	12.5619753784049	15.7912746485251	21.3080944995966	10.718572125402	13.6900805042854
2020-11-16	12.9426480449078	8.8411178590015	17.1164910799085	12.6945580749255	16.5052033365355	21.7384412039802	11.2832282028816	14.1687190227633
2020-11-17	13.172268217466	9.09400868159273	17.5092007541049	12.8244371032498	17.2306214145532	22.1763824533188	11.8789958265673	14.6613470393934
2020-11-18	13.4031476702888	9.34937227661704	17.8979312590753	12.9522229516453	17.9660328184626	22.6210619322744	12.5066419214339	15.1676457331773
2020-11-19	13.6350135250872	9.60628219008367	18.281473447996	13.0785261083791	18.7099414841482	23.0716233255089	13.1669334124561	15.6872962831169
2020-11-20	13.8675929035723	9.86381196800182	18.6586181740427	13.2039570617185	19.4608513474944	23.5272103176841	13.8606372246088	16.219979868214
2020-11-21	14.1006129274552	10.1210351563807	19.0281562903916	13.3291262999309	20.2172663443857	23.9869665934621	14.5885202828667	16.7653776674705
2020-11-22	14.3338007184468	10.3770253012295	19.3888786502185	13.4546443112835	20.9776904107064	24.4500358375046	15.3513495122046	17.3231708598881
2020-11-23	14.5670177136284	10.6310479269454	19.7399374463123	13.5812654429141	21.7404332211054	24.9157564224371	16.1495837283052	17.8929598794803
2020-11-24	14.8006626115614	10.883136471477	20.0819302299126	13.7103194774425	22.5030274052893	25.3842454727391	16.9824493096828	18.4740221803071
2020-11-25	15.0352684261773	11.1335163511609	20.4158158918718	13.8432800563588	23.2628113317289	25.8558148008535	17.8488645255596	19.0655544714404
2020-11-26	15.2713681714077	11.3824129823337	20.7425533230424	13.9816208211534	24.0171233688953	26.3307762192233	18.7477476451578	19.6667534619517
2020-11-27	15.509494861184	11.630051781332	21.0631014142767	14.1268154133165	24.7633018852593	26.8094415402913	19.6780169376996	20.2768158609129
2020-11-28	15.7501815094379	11.8766581644925	21.3784190564272	14.2803374743384	25.4986852492919	27.2921225765006	20.6385906724073	20.8949383773956
2020-11-29	15.9939611301008	12.1224575481516	21.6894651403462	14.4436606457092	26.2206118294641	27.779131140294	21.6283871185031	21.5203177204716
2020-11-30	16.2413667371044	12.3676753486459	21.9971985568862	14.6182585689194	26.9264199942467	28.2707790441147	22.6463245452092	22.1521505992126
2020-12-01	16.49293134438	12.6125369823122	22.3025781968996	14.805604885459	27.6134481121109	28.7673781004054	23.6913212217478	22.7896337226904
2020-12-02	16.7491879658593	12.8572678654869	22.6065629512388	15.0071732368183	28.2790345515274	29.2692401216091	24.7622954173411	23.4319637999766
2020-12-03	17.0106696154737	13.1020934145066	22.9101117107562	15.2244372644877	28.9205176809672	29.7766769201688	25.8581654012113	24.078337540143
2020-12-04	17.2779093071548	13.347239045708	23.2141833663043	15.4588706099574	29.5352358689013	30.2900003085274	26.9778494425807	24.7279516522614
2020-12-05	17.5514400548342	13.5929301754275	23.5197368087353	15.7119469147175	30.1205274838007	30.8095220991279	28.1202658106715	25.3800028454034
2020-12-06	17.8317948724434	13.8393922200019	23.8277309289019	15.9851398202584	30.6737308941361	31.3355541044133	29.2843327747059	26.0336878286408
2020-12-07	18.1194342061307	14.0870248927306	24.1390398400839	16.2797359846765	31.1921532972456	31.8686731826152	30.4689317636164	26.6881477440485
2020-12-08	18.4145282309127	14.3369250947645	24.4541985452716	16.5962741324931	31.6729772059344	32.410516375121	31.6727968451771	27.3423014657145
2020-12-09	18.7171745540226	14.5903640242174	24.773657269883	16.9351060048357	32.1133539618749	32.9629857691066	32.8946252468724	27.9950123007299
2020-12-10	19.0274707826935	14.8486128792034	25.0978662393358	17.2965833428319	32.5104349067391	33.5279834517481	34.1331141961865	28.645143556186
2020-12-11	19.345514524159	15.1129428578361	25.427275679048	17.6810578876092	32.8613713821993	34.1074115102216	35.3869609206039	29.2915585391739
2020-12-12	19.6714033856521	15.3846251582295	25.7623358144376	18.088881380295	33.1633147299278	34.7031720317031	36.654862647609	29.9331205567849
2020-12-13	20.0052349744062	15.6649309784973	26.1034968709222	18.520405562017	33.4134162915969	35.3171671033686	37.935516604686	30.5686929161101
2020-12-14	20.3468184986654	15.9546012194695	26.4507029708254	18.9754105469831	33.6095421105274	35.9506389912348	39.2274212088519	31.1971688521133
2020-12-15	20.6948095707162	16.2522555928402	26.801873824093	19.4513899417237	33.7524170366351	36.602190676681	40.5282796352541	31.8175613112495
2020-12-16	21.0475754038562	16.5559835130193	27.1544230375763	19.9452657258494	33.8434806214845	37.2697653199273	41.8355962485725	32.4289131678464
2020-12-17	21.4034832113827	16.8638743944171	27.5057642181266	20.4539598789711	33.8841724166401	37.9513060811936	43.1468754134872	33.0302672962316
2020-12-18	21.7609002065933	17.1740176514435	27.8533109725954	20.9743943806996	33.8759319736665	38.6447561207	44.459621494678	33.6206665707327
2020-12-19	22.1181936027853	17.4845026985086	28.1944769078339	21.5034912106457	33.8201988441281	39.3480585986663	45.7713388568249	34.1991538656774
2020-12-20	22.4737306132562	17.7934189500226	28.5266756306935	22.0381723484201	33.7184125795894	40.0591566753126	47.0795318646079	34.7647720553933
2020-12-21	22.8258784513034	18.0988558203955	28.8473207480256	22.5753597736337	33.5720127316149	40.7759935108588	48.3817048827069	35.316564014208
2020-12-22	23.1730043302243	18.3989027240375	29.1538258666816	23.1119754658972	33.3824388517691	41.4965122655251	49.6753622758021	35.8535726164492
2020-12-23	23.5134754633164	18.6916490753584	29.4436045935126	23.6449414048215	33.1511304916164	42.2186560995313	50.9580084085731	36.3748407364445
2020-12-24	23.8456590638771	18.9751842887686	29.7140705353702	24.1711795700172	32.8795272027215	42.9403681730973	52.2271476456999	36.8794112485215
2020-12-25	24.1679223452038	19.247597778678	29.9626372991056	24.6876119410953	32.5690685366487	43.6595916464433	53.4802843518627	37.366327027008
2020-12-26	24.478632520594	19.5069789594968	30.1867184915703	25.1911604976665	32.2211940449626	44.3742696797892	54.7149228917412	37.8346309462314
2020-12-27	24.7761568033451	19.751417245635	30.3837277196154	25.6787472193416	31.8373432792277	45.082345433355	55.9285676300156	38.2833658805196
2020-12-28	25.0589611663516	19.9792466602927	30.5514244718853	26.14738352154	31.4190596120836	45.7814300787096	57.1184602483478	38.7119365125253
2020-12-29	25.3259066208968	20.1897796618306	30.6889517641946	26.5944385629162	30.9683017004703	46.4678068328183	58.2807916963286	39.1211947582023
2020-12-30	25.5759529378607	20.3825733173992	30.7957984941511	27.0173709379331	30.487132022403	47.1374269239953	59.411490240531	39.5123543418297
2020-12-31	25.8080598881239	20.5571846941491	30.8714535593624	27.4136392410539	29.9776130558969	47.7862415805549	60.5064841475278	39.8866289876867
2021-01-01	26.0211872425663	20.7131708592309	30.915405857436	27.7807020667415	29.4418072789672	48.4102020308111	61.5617016838917	40.2452324200521
2021-01-02	26.2142947720685	20.8500888797952	30.9271442859797	28.1160180094589	28.8817771696291	49.0052595030782	62.5730711161958	40.589378363205
2021-01-03	26.3863422475105	20.9674958229926	30.906157742601	28.4170456636693	28.2995852058977	49.5673652256705	63.5365207110129	40.9202805414245
2021-01-04	26.5365527996984	21.0651258841268	30.8521693356807	28.6818686697137	27.697406923697	50.0930301286611	64.448359286019	41.2388233856786
2021-01-05	26.665202999141	21.1434217711132	30.7658390166921	28.9110708514461	27.0778700905857	50.5810039491588	65.3064178633028	41.5445741536908
2021-01-06	26.7728327762727	21.2030033200205	30.6480609478815	29.1058610785985	26.4437155320311	51.0305961260316	66.108908016056	41.8367708098736
2021-01-07	26.859982061528	21.2444903669173	30.4997292914952	29.2674482209028	25.7976840735008	51.4411160981474	66.8540413174706	42.1146513186394
2021-01-08	26.9271907853415	21.2685027478721	30.3217382097798	29.3970411480911	25.1425165404622	51.8118733043738	67.5400293407381	42.3774536444007
2021-01-09	26.9749988781475	21.2756602989535	30.1149818649815	29.4958487298953	24.4809537583827	52.1421771835789	68.1650836590504	42.62441575157
2021-01-10	27.0039462703806	21.2665828562301	29.8803544193468	29.5650798360475	23.8157365527298	52.4313371746304	68.7274158455993	42.8547756045596
2021-01-11	27.0145728924753	21.2418902557704	29.618750035122	29.6059433362797	23.1496057489708	52.6786627163962	69.2252374735766	43.0677711677822
2021-01-12	27.0074186748661	21.2022023336431	29.3310628745536	29.6196481003239	22.4853021725733	52.8834632477442	69.656760116174	43.2626404056502
2021-01-13	26.9830235479874	21.1481389259167	29.0181870998878	29.607402997912	21.8255666490046	53.0450482075422	70.0201953465834	43.4386212825759
2021-01-14	26.9419274422737	21.0803198686597	28.6810168733711	29.5704168987761	21.1731400037323	53.1627270346581	70.3137547379964	43.5949517629719
2021-01-15	26.8846702881595	20.9993649979409	28.3204463572499	29.5098986726483	20.5307630622236	53.2358091679597	70.535649863605	43.7308698112507
2021-01-16	26.8117920160794	20.9058941498286	27.9373697137704	29.4270571892604	19.9011766499462	53.2636040463148	70.6840922966009	43.8456133918247
2021-01-17	26.7238325564677	20.8005271603916	27.5326811051793	29.3231013183445	19.2871215923673	53.2454211085914	70.7572936101758	43.9384204691064
2021-01-18	26.6213710824762	20.6839502271678	27.1075446093733	29.1993405723185	18.6910080279928	53.1812407598511	70.7540034982265	44.0081844530648
2021-01-19	26.5051437381255	20.5571149935723	26.6642039668527	29.0574870343439	18.113923347482	53.0737272699318	70.6751241374697	44.0524205358957
2021-01-20	26.3759259101535	20.4210394644897	26.2051728337677	28.8993534302682	17.5566242545322	52.9262158748649	70.5220958253269	44.0682993553511
2021-01-21	26.234492985298	20.2767416448047	25.7329648662692	28.7267524859388	17.0198674528412	52.7420418106821	70.2963588592197	44.0529915491834
2021-01-22	26.0816203502969	20.1252395394018	25.2500937205076	28.5414969272032	16.5044096461063	52.5245403134148	69.9993535365696	44.0036677551449
2021-01-23	25.9180833918879	19.9675511531656	24.7590730526336	28.3453994799088	16.0110075380253	52.2770466190948	69.6325201547983	43.9174986109878
2021-01-24	25.744657496809	19.8046944909806	24.2624165187977	28.140272869903	15.5404178322955	52.0028959637536	69.1972990113273	43.7916547544642
2021-01-25	25.561944752236	19.6375381096305	23.7622887416729	27.9277203435697	15.0929868339852	51.7049249261584	68.6953297631523	43.6239444470866
2021-01-26	25.3698540470967	19.466352773495	23.2594582100218	27.7085072294378	14.6674192536454	51.3839754560192	68.1290495055646	43.4147264454075
2021-01-27	25.168120970757	19.2912597988529	22.7543443791294	27.4831893765729	14.2620094031975	51.0403908457816	67.5010946934297	43.1649971297395
2021-01-28	24.9564811125828	19.1123805019829	22.2473667042805	27.2523226340405	13.875051594563	50.6745143878911	66.8141017816129	42.8757528803952
2021-01-29	24.7346700619398	18.9298361991638	21.7389446407602	27.0164628509059	13.5048401396635	50.2866893747934	66.07070722498	42.5479900776873
2021-01-30	24.502423408194	18.7437482066743	21.2294976438535	26.7761658762347	13.1496693504207	49.8772590989341	65.2735474783961	42.1827051019283
2021-01-31	24.2594767407111	18.5542378407932	20.7194451688451	26.5319875590923	12.8078335387558	49.4465668527587	64.4252589967269	41.7808943334308
2021-02-01	24.0055656488571	18.3614264177993	20.2092066710203	26.2844837485441	12.4776270165907	48.9949559287128	63.5284782348377	41.3435541525075
2021-02-02	23.7404257219977	18.1654352539714	19.6992016056637	26.0342102936556	12.1573440958467	48.5227696192421	62.585841647594	40.871680939471
2021-02-03	23.4637925494989	17.9663856655881	19.1898494280606	25.7817230434923	11.8452790884453	48.0303512167921	61.5999856898611	40.3662710746339
2021-02-04	23.1754017207265	17.7643989689283	18.6815695934957	25.5275778471195	11.5397263063083	47.5180440138084	60.5735468165047	39.8283209383088
2021-02-05	22.8749888250463	17.5595964802706	18.174781557254	25.2723305536028	11.238980061357	46.9861913027367	59.5091614823901	39.2588269108083
2021-02-06	22.5622894518242	17.352099515894	17.6699047746206	25.0165370120076	10.941334665513	46.4351363760224	58.4094661423826	38.658785372445
2021-02-07	22.237039190426	17.1420293920771	17.1673587008803	24.7607530713993	10.6450844306979	45.8652225261112	57.277097251348	38.0291927035316
2021-02-08	21.8991588252762	16.9293368393976	16.6675491704543	24.505314898865	10.3488814462804	45.2771712852978	56.1148394404599	37.3716567845879
2021-02-09	21.5493099210338	16.713290245629	16.1708275343081	24.2496799335772	10.0528089114181	44.6732171452726	54.9260700461265	36.6902314969626
2021-02-10	21.1883392374164	16.4929874128436	15.6775315225435	23.9930859327303	9.75730780271561	44.0559728375755	53.7143145810641	35.9895822222119
2021-02-11	20.8170935341416	16.2675261431138	15.1879988652622	23.7347706535183	9.46281909677778	43.428051093746	52.4830985579892	35.2743743418916
2021-02-12	20.4364195709271	16.036004238512	14.702567292566	23.4739718531357	9.16978377020932	42.7920646453238	51.2359474896182	34.5492732375578
2021-02-13	20.0471641074904	15.7975195011105	14.2215745345566	23.2099272887765	8.87864279961498	42.1506262238484	49.9763868886675	33.8189442907665
2021-02-14	19.6501739035491	15.5511697329818	13.7453583213358	22.9418747176349	8.5898371615995	41.5063485608597	48.7079422678536	33.0880528830737
2021-02-15	19.2463219633854	15.2963138329592	13.2743294843213	22.6692297994401	8.30389995113228	40.861455038782	47.4339437797348	32.3606067448726
2021-02-16	18.8365862695393	15.0333550869205	12.8091912601952	22.3921198040603	8.02173273664141	40.2166116435794	46.1569401362374	31.6379830019058
2021-02-17	18.4219710491151	14.7629578775045	12.3507199869556	22.1108499038987	7.74432920491961	39.572095012101	44.8792846891295	30.920901128753
2021-02-18	18.0034805292174	14.4857865873501	11.8996920026006	21.8257252713584	7.47268304275963	38.9281817811955	43.6033307901791	30.2100805999938
2021-02-19	17.5821189369505	14.2025055990961	11.4568836451284	21.5370510788427	7.20778793695418	38.2851485877119	42.3314317911543	29.5062408902079
2021-02-20	17.1588904994189	13.9137792953813	11.023071252537	21.2451324987546	6.950637574296	37.6432720684992	41.0659410438233	28.8101014739752
2021-02-21	16.7347994437272	13.6202720588445	10.5990311628245	20.9502747034974	6.70222564157783	37.0028288604063	39.8092118999541	28.1223818258752
2021-02-22	16.3108499969796	13.3226482721245	10.1855397139891	20.6527828654743	6.4635458255924	36.3640956002821	38.5635977113149	27.4438014204877
2021-02-23	15.8880463862807	13.0215723178602	9.78337324402886	20.3529621570882	6.23559181313245	35.7273489249755	37.3314518296737	26.7750797323924
2021-02-24	15.4673928387349	12.7177085786903	9.39330809094191	20.0511177507426	6.0193572909907	35.0928654713355	36.1151276067987	26.1169362361691
2021-02-25	15.0498935814467	12.4117214372538	9.01612059272633	19.7475548188404	5.81583594595988	34.460921876211	34.9169783944579	25.4700904063973
2021-02-26	14.6365528415205	12.1042752761894	8.65258708738027	19.4425785337848	5.62602146483275	33.8317947764509	33.7393575444195	24.835261717657
2021-02-27	14.2283748460608	11.7960344781359	8.30348391290183	19.1364940679792	5.45090753440203	33.2057608089042	32.5846184084517	24.2131696445277
2021-02-28	13.826363822172	11.4876634257323	7.96958740728911	18.8296065938264	5.29148784146045	32.5830966104197	31.4551143383223	23.6045336615892
2021-03-01	13.4314675883884	11.1798443237529	7.65147454720105	18.5221601693776	5.14867498710857	31.9639042589625	30.3529531534306	23.0101523542547
2021-03-02	13.0444083289637	10.873330665515	7.34892486393991	18.2141543952747	5.02305722967822	31.3475875969613	29.2792605436992	22.4311407512718
2021-03-03	12.6658518195816	10.5688937664715	7.06151852746876	17.9055277578073	4.91514174180907	30.7333759079608	28.2349166666817	21.8686929922214
2021-03-04	12.2964638359255	10.2673049420753	6.78883570775069	17.5962187432652	4.82543569614078	30.120498475506	27.2208016799316	21.3240032166846
2021-03-05	11.9369101536792	9.96933550777931	6.53045657474878	17.2861658379381	4.75444626531301	29.5081845831416	26.2377957410027	20.7982655642425
2021-03-06	11.587856548526	9.67575677903644	6.28596129842608	16.9753075281156	4.70268062196541	28.8956635144123	25.2867790074483	20.2926741744759
2021-03-07	11.2499687961497	9.38734007129961	6.05493004874573	16.6635823000876	4.67064593873766	28.282164552863	24.3686316368224	19.8084231869661
2021-03-08	10.9238303810676	9.1048005514848	5.83694607741093	16.351104881413	4.65867358240009	27.6671355980176	23.484018925873	19.3464485858302
2021-03-09	10.6096956231325	8.82862879236042	5.63160496308561	16.0386949647279	4.6663916962458	27.0508990133167	22.6327467281269	18.9066537333298
2021-03-10	10.3077365510309	8.55925921815797	5.43850536617383	15.7273484839377	4.69325261769856	26.4339957781797	21.8144060363058	18.4886838362627
2021-03-11	10.0181251934493	8.29712625310892	5.25724594707967	15.4180613729479	4.73870868418217	25.8169668720264	21.028587843131	18.0921841014269
2021-03-12	9.74103357907436	8.04266432144479	5.08742536620719	15.111829565664	4.80221223312039	25.2003532742765	20.274883141324	17.7167997356201
2021-03-13	9.47663373659257	7.79630784739708	4.92864228396048	14.8096489959912	4.883215601937	24.5846959643494	19.5528829236064	17.3621759456402
2021-03-14	9.22509769469051	7.55849125519726	4.7804953607436	14.512515597835	4.98117112805578	23.9705359216649	18.8621781826995	17.0279579382849
2021-03-15	8.98659748205469	7.32964896907683	4.64258325696061	14.2214253051009	5.09553114890053	23.3584141256426	18.2023599113249	16.7137909203522
2021-03-16	8.76130512737172	7.11021541326731	4.51450463301561	13.9373740516943	5.225748001895	22.7488715557021	17.5730191022042	16.4193200986397
2021-03-17	8.54939265932813	6.90062501200019	4.39585814931267	13.6613577715205	5.37127402446297	22.142449191263	16.9737467480586	16.1441906799455
2021-03-18	8.35103210661046	6.70131218950696	4.28624246625585	13.3943723984851	5.53156155402823	21.5396880117451	16.4041338416099	15.8880478710672
2021-03-19	8.16639549790528	6.51271137001911	4.18525624424922	13.1374138664934	5.70606292801456	20.9411289965678	15.8637713755793	15.6505368788027
2021-03-20	7.99565486189914	6.33525697776814	4.09249814369686	12.8914781094508	5.89423048384574	20.3473131251509	15.3522503426885	15.4313029099499
2021-03-21	7.83898222727859	6.16938343698554	4.00756682500285	12.6575610612629	6.09551655894553	19.7587813769139	14.8691617356589	15.2299911713065
2021-03-22	7.69642523290788	6.01537183147547	3.93012285594821	12.4364670726857	6.30925279822887	19.1760842995802	14.4139240514063	15.0459322204103
2021-03-23	7.56753395836206	5.87288988333264	3.86007443382186	12.228234161879	6.53428807657523	18.5998107140869	13.9852658036238	14.8771980177588
2021-03-24	7.45173409339388	5.74145197422442	3.79739166328967	12.0327087638531	6.76935057635522	18.0305590096752	13.5817430101991	14.7215458745894
2021-03-25	7.34845132775608	5.62057248581817	3.74204464901752	11.8497373136185	7.01316847993947	17.468927575586	13.2019116890195	14.5767331021395
2021-03-26	7.25711135120141	5.50976579978129	3.69400349567128	11.6791662461858	7.26446996969857	16.9155148010604	12.8443278579726	14.4405170116465
2021-03-27	7.17713985348263	5.40854629778112	3.65323830791683	11.5208419965652	7.52198322800314	16.3709190753391	12.507547534946	14.3106549143477
2021-03-28	7.10796252435246	5.31642836148505	3.61971919042004	11.3746109997672	7.78443643722381	15.8357387876633	12.1901267378271	14.1849041214807
2021-03-29	7.04902673015986	5.23296275064856	3.59336983963524	11.2402673678817	8.05069581566557	15.3105779609573	11.890616060587	14.0613101828863
2021-03-30	6.99986654363855	5.15784573737958	3.57392831917058	11.1173959213156	8.32017972537094	14.7960631528784	11.6075444015316	13.9390716028198
2021-03-31	6.96003771411843	5.09080997187418	3.56108628442264	11.0055291575551	8.59244456431682	14.2928265547677	11.3394352350504	13.8176751241399
2021-04-01	6.92909599092942	5.03158810432842	3.55453539078803	10.9041995740865	8.86704673048011	13.801500357966	11.0848120355327	13.6966074897054
2021-04-02	6.90659712340142	4.97991278493835	3.55396729366335	10.8129396683961	9.14354262183771	13.3227167538141	10.842198277368	13.575355442375
2021-04-03	6.89209686086436	4.93551666390002	3.55907364844519	10.7312819379702	9.42148863636654	12.8571079336528	10.6101174349457	13.4534057250076
2021-04-04	6.88515095264813	4.89813239140951	3.56954611053015	10.6587588802951	9.70044117204347	12.4053060888231	10.3870929826554	13.3302450804618
2021-04-05	6.88531514808265	4.86749261766287	3.58507633531483	10.5949029928571	9.97995662684541	11.9679434106658	10.1716483948864	13.2053602515965
2021-04-06	6.89214519649784	4.84332999285615	3.60535597819583	10.5392467731424	10.2595913987493	11.5456520905217	9.96230714602818	13.0782379812704
2021-04-07	6.90519684722361	4.82537716718541	3.63007669456974	10.4913227186372	10.5389018857319	11.1390643197318	9.75759271047023	12.9483650123422
2021-04-08	6.92402584958985	4.81336679084672	3.65893013983316	10.450663326828	10.8174444857703	10.7488122896368	9.55602856260199	12.8152280876708
2021-04-09	6.9481879529265	4.80703151403613	3.69160796938268	10.416801095201	11.0947755968413	10.3755281915776	9.35613817681288	12.6783139501149
2021-04-10	6.97723890656346	4.80610398694969	3.72780183861491	10.3892685212424	11.3704516169219	10.0198442168951	9.15644502749237	12.5371093425332
2021-04-11	7.01073445983064	4.81031685978346	3.76720340292644	10.3675981024385	11.6440289439888	9.68239255693017	8.9554725890299	12.3911010077846
2021-04-12	7.04821134528681	4.81943038867051	3.80948864541996	10.3512252438049	11.9150025100817	9.36360219521371	8.75214262534005	12.2400980195275
2021-04-13	7.08913022840617	4.83331525349182	3.85427086002245	10.3391969804744	12.1826213834904	9.06308928403738	8.54697005843809	12.0851987746194
2021-04-14	7.13293275789178	4.85186974006539	3.90114766836701	10.3304632551091	12.4460731665675	8.78026676788287	8.34086809986436	11.9278240007173
2021-04-15	7.17906058244671	4.87499213420922	3.9497166920867	10.323974010371	12.7045454616655	8.51454759123191	8.13474996115927	11.7693944254785
2021-04-16	7.22695535077401	4.90258072174132	3.99957555281461	10.3186791889222	12.957225871137	8.2653446985662	7.92952885386317	11.6113307765601
2021-04-17	7.27605871157675	4.93453378847966	4.05032187218382	10.3135287334248	13.2033019973344	8.03207103436748	7.72611798951645	11.4550537816192
2021-04-18	7.32581231355798	4.97074962024225	4.1015532718274	10.3074725865409	13.4419614426103	7.81413954311745	7.5254305796595	11.3019841683131
2021-04-19	7.37569049972743	5.01109721515988	4.15289922301078	10.2994573872954	13.6723757854472	7.61093793741948	7.32822127905587	11.1532871252356
2021-04-20	7.42529839032147	5.0553284206145	4.20411659552869	10.2884165601647	13.8936525088473	7.42175300236346	7.13461051536188	11.0091056847276
2021-04-21	7.47427379988316	5.10316579630089	4.25499410880823	10.2732802259881	14.1048830719431	7.24584629116093	6.944560159457	10.869327340067
2021-04-22	7.52225454295552	5.15433190191379	4.30532048227646	10.2529785056047	14.3051589338666	7.08247935702344	6.75803208222078	10.7338395845313
2021-04-23	7.56887843408159	5.20854929714795	4.35488443536047	10.2264415198539	14.4935715537503	6.93091375316252	6.57498815453269	10.6025299113983
2021-04-24	7.61378328780442	5.26554054169814	4.40347468748734	10.1925993895749	14.6692123907263	6.79041103278971	6.39539024727223	10.4752858139458
2021-04-25	7.65660691866705	5.32502819525911	4.45087995808415	10.1503822356069	14.831172903927	6.66023274911656	6.2192002313189	10.3519947854514
2021-04-26	7.69698714121252	5.38673481752562	4.49688896657798	10.0987201787892	14.9785445524845	6.53964045535459	6.0463799775522	10.2325443191928
2021-04-27	7.73456176998387	5.45038296819242	4.54129043239591	10.036543339961	15.1104187955312	6.42789570471534	5.87689135685162	10.1168219084478
2021-04-28	7.76896861952414	5.51569520695427	4.58387307496503	9.96278183996165	15.2258870921993	6.32426005041036	5.71069624009667	10.0047150464941
2021-04-29	7.79984550437636	5.58239409350593	4.6244256137124	9.87636579963032	15.3240409016212	6.22799504565118	5.54775649816684	9.89611122660935
2021-04-30	7.82683023908359	5.65020218754215	4.66273676806511	9.77622533980627	15.403971682929	6.13836224364935	5.38803400194164	9.79089794207128
2021-05-01	7.84956063818885	5.71884204875769	4.69859525745025	9.66129058132874	15.464770895255	6.05462319761639	5.23149062230054	9.68896268615761
2021-05-02	7.8676745162352	5.78803623684731	4.73178980129489	9.530491645037	15.5055299977316	5.97603946076385	5.07808823012307	9.59019295214607
2021-05-03	7.88083053418727	5.85754151590947	4.76212092826239	9.38274558135091	15.5254814533871	5.90188422111272	4.92778439397363	9.49433186606079
2021-05-04	7.88877073869613	5.92725146765753	4.78943640396123	9.21691715901277	15.5244217408347	5.83147720592175	4.78051947315624	9.40054508491169
2021-05-05	7.89125802283443	5.99709387820854	4.81359580323617	9.03185807634551	15.5022883425838	5.76414977725914	4.63622952465985	9.30785389845512
2021-05-06	7.88805527967483	6.06699653367956	4.83445870093198	8.82642003167206	15.4590187411437	5.69923329719309	4.4948506054734	9.21527959644744
2021-05-07	7.87892540229001	6.13688722018765	4.8518846718934	8.59945472331534	15.3945504190238	5.63605912779182	4.35631877258582	9.12184346864501
2021-05-08	7.86363128375261	6.20669372384988	4.8657332909652	8.34981384959826	15.3088208587334	5.57395863112351	4.22057008298606	9.02656680480417
2021-05-09	7.8419358171353	6.2763438307833	4.87586413299213	8.07634910884376	15.2017675427819	5.51226316925638	4.08754059366305	8.92847089468127
2021-05-10	7.81365024415603	6.34572016256917	4.88221025533038	7.77815241598064	15.0735089353248	5.4503973606762	3.95717948711821	8.82671715300121
2021-05-11	7.77877920111393	6.41452468264546	4.88499864538176	7.45527655236132	14.9248874271028	5.38815884953903	3.82948844790287	8.72102749436307
2021-05-12	7.73737567295341	6.48241418991434	4.88452977305951	7.10801451594408	14.7569263905026	5.32543853641854	3.70448228608081	8.61126395833443
2021-05-13	7.68949264461889	6.54904548327797	4.88110410827686	6.73665930468719	14.5706491979112	5.26212732188836	3.58217581171583	8.49728858448291
2021-05-14	7.63518310105477	6.61407536163853	4.87502212094707	6.34150391654893	14.3670792217153	5.19811610652213	3.46258383487172	8.37896341237611
2021-05-15	7.57450002720547	6.67716062389817	4.86658428098335	5.92284134948761	14.1472398343019	5.13329579089351	3.34572116561227	8.25615048158163
2021-05-16	7.5074964080154	6.73795806895907	4.85609105829895	5.4809646014615	13.9121544080576	5.06755727557613	3.23160261400129	8.12871183166709
2021-05-17	7.43422522842898	6.7961244957234	4.8438429228071	5.01616667042888	13.6628463153694	5.00079146114364	3.12024299010257	7.99650950220007
2021-05-18	7.35473947339062	6.85131670309332	4.83014034442105	4.52874055434805	13.4003389286241	4.93288924816969	3.0116571039799	7.85940553274819
2021-05-19	7.26909212784472	6.903191489971	4.81528379305402	4.01897925117724	13.1256556202085	4.86374153722792	2.90585976569706	7.71726196287905
2021-05-20	7.17733617673572	6.95140565525861	4.79957373861926	3.48717575887482	12.8398197625095	4.79323922889198	2.80286578531787	7.56994083216026
2021-05-21	7.07952460500802	6.9956159978583	4.78331065103	2.93362307539904	12.5438547279139	4.72127322373552	2.70268997290611	7.41730418015942
2021-05-22	6.97571039760604	7.03547931667225	4.76679500019948	2.35861419870818	12.2387838888085	4.64773442233217	2.60534713852558	7.25921404644413
2021-05-23	6.86594653947418	7.07065241060263	4.75032725604095	1.76244212676053	11.9256306175802	4.57251372525558	2.51085209224008	7.095532470582
2021-05-24	6.75048334979466	7.10084790609314	4.73432448321069	1.14643966830378	11.6054648814182	4.49552581999144	2.41920552537121	6.92627728393629
2021-05-25	6.63036048470089	7.12600173975364	4.71967012533731	0.516098875243244	11.2795430267218	4.41678054167356	2.33035165427186	6.75208948505283
2021-05-26	6.50681493456407	7.1461056757355	4.70736422079245	0	10.9491679946927	4.3363115123478	2.24422057655276	6.57376586427311
2021-05-27	6.38108368975542	7.16115147819013	4.69840680794779	0	10.6156427265325	4.25415235406003	2.1607423898246	6.39210321193862
2021-05-28	6.25440374064612	7.17113091126892	4.69379792517497	0	10.280270163443	4.17033668885608	2.07984719169811	6.20789831839086
2021-05-29	6.1280120776074	7.17603573912324	4.69453761084565	0	9.94435324662567	4.08489813878183	2.00146507978398	6.02194797397129
2021-05-30	6.00314569101046	7.17585772590451	4.7016259033315	0	9.60919491728238	3.99787032588313	1.92552615169295	5.83504896902144
2021-05-31	5.88092812312161	7.17062423495188	4.71576620701921	0	9.27597942196577	3.90934039194648	1.85197607305405	5.64793208879261
2021-06-01	5.76202912378757	7.16050502635566	4.73647539035566	0	8.94541622863273	3.81960955772094	1.78082278156968	5.46106409817545
2021-06-02	5.64700499475018	7.14570545939393	4.76297368780275	0	8.61809611059115	3.72903256369621	1.7120897829606	5.27484575697045
2021-06-03	5.53641203775127	7.12643089334477	4.7944813338224	0	8.29460984114894	3.637964150362	1.64580058294754	5.08967782497809
2021-06-04	5.43080655453266	7.10288668748626	4.83021856287651	0	7.97554819361399	3.54675905820802	1.58197868725124	4.90596106199885
2021-06-05	5.3307448468362	7.07527820109649	4.86940560942701	0	7.66150194129423	3.45577202772395	1.52064760159244	4.72409622783321
2021-06-06	5.23678321640371	7.04381079345354	4.9112627079358	0	7.35306185749755	3.36535779939952	1.46183083169189	4.54448408228165
2021-06-07	5.14947796497701	7.00868982383549	4.9550100928648	0	7.05081871553183	3.27587111372441	1.40555188327032	4.36752538514465
2021-06-08	5.06938539429795	6.97012065152043	4.99986799867592	0	6.75536328870503	3.18766671118834	1.35183426204849	4.19362089622272
2021-06-09	4.99706180610835	6.92830863578643	5.04505665983106	0	6.46728635032502	3.10109933228101	1.30070147374713	4.02317137531631
2021-06-10	4.93306350215005	6.88345913591158	5.08979631079214	0	6.1871786736997	3.01652371749212	1.25217702408697	3.85657758222592
2021-06-11	4.87794678416487	6.83577751117396	5.13330718602108	0	5.915631032137	2.93429460731138	1.20628441878878	3.69424027675202
2021-06-12	4.83226795389465	6.78546912085165	5.17480951997978	0	5.6532341989448	2.85476674222849	1.16304716357327	3.53656021869511
2021-06-13	4.79658331308121	6.73273932422273	5.21352354713016	0	5.40057894743101	2.77829486273315	1.12248876416121	3.38393816785565
2021-06-14	4.77111037401627	6.67758899312807	5.24877571658598	0	5.15815970752816	2.70518460887736	1.08462106563212	3.23678247436821
2021-06-15	4.75471149119102	6.61920104965958	5.28031733606842	0	4.92608553566724	2.6355452189623	1.04940927050072	3.09553184970363
2021-06-16	4.74591022964652	6.55655392847196	5.30800592795052	0	4.70436914490384	2.56943683085143	1.01680692064052	2.96063259566681
2021-06-17	4.74323015442386	6.48862606421994	5.3316990146053	0	4.49302324829362	2.50691958240823	0.986767557925041	2.83253101406269
2021-06-18	4.7451948305641	6.41439589155819	5.3512541184058	0	4.29206055889216	2.44805361149616	0.959244724227791	2.71167340669616
2021-06-19	4.75032782310831	6.33284184514142	5.36652876172504	0	4.10149378975509	2.3928990559787	0.934191961422283	2.59850607537216
2021-06-20	4.75715269709757	6.24294235962434	5.37738046693606	0	3.92133565393801	2.34151605371932	0.911562811382029	2.49347532189558
2021-06-21	4.76446725622169	6.14399809545182	5.38373682140333	0	3.75152523046369	2.29393518382457	0.89134834190997	2.39690296728937
2021-06-22	4.77216625876549	6.03659861622946	5.3858056724571	0	3.59170706222355	2.25006879037339	0.873689724526749	2.30861290944861
2021-06-23	4.78041870166254	5.92165571135304	5.38386493241904	0	3.44145205807614	2.20979965868781	0.858765656682441	2.2283045654864
2021-06-24	4.7893935818464	5.80008117021833	5.37819251361084	0	3.30033112688004	2.17301057408985	0.846754835827115	2.15567735251584
2021-06-25	4.79925989625064	5.67278678222111	5.36906632835418	0	3.16791517749381	2.13958432190155	0.837835959410844	2.09043068765004
2021-06-26	4.81018664180881	5.54068433675714	5.35676428897075	0	3.04377511877601	2.10940368744491	0.8321877248837	2.03226398800209
2021-06-27	4.8223428154545	5.40468562322221	5.34156430778222	0	2.92748185958522	2.08235145604198	0.829988829695756	1.98087667068511
2021-06-28	4.83589741412125	5.2657024310121	5.32374429711028	0	2.81860630878001	2.05831041301478	0.831417971297083	1.93596815281219
2021-06-29	4.85101943474264	5.12464654952257	5.30358216927662	0	2.71671937521892	2.03716334368533	0.836653847137753	1.89723785149644
2021-06-30	4.86787787425224	4.98242976814941	5.28135583660292	0	2.62139196776054	2.01879303337567	0.845875154667837	1.86438518385096
2021-07-01	4.88664172958359	4.83996387628838	5.25734321141084	0	2.53219499526342	2.00308226740781	0.85926059133741	1.83710956698885
2021-07-02	4.90747999767029	4.69816066333527	5.2318222060221	0	2.44869936658614	1.98991383110378	0.87698885459654	1.81511041802322
2021-07-03	4.93056167544587	4.55793191868585	5.20507073275835	0	2.37047599058725	1.97917050978562	0.899238641895302	1.79808715406717
2021-07-04	4.95605575984392	4.42018943173589	5.17736670394129	0.310470788781879	2.29709577612533	1.97073508877534	0.926188650683766	1.7857391922338
2021-07-05	4.98422486350471	4.2858002609547	5.14908723757864	0.652947229709343	2.22817357027597	1.96455800640593	0.958005283634199	1.77776848760884
2021-07-06	5.01570606189532	4.15545254110578	5.12100627442224	0.980119468353681	2.16349997298284	1.96086031305419	0.994805764307621	1.77388714716856
2021-07-07	5.05123004618956	4.02978967602614	5.09399696091	1.2924998938396	2.10290952240665	1.95993071210788	1.03669502148725	1.77380981586182
2021-07-08	5.09152750756123	3.9094550695528	5.06893244347979	1.59060089529177	2.0462367567081	1.96205790695476	1.08377798395631	1.7772511386375
2021-07-09	5.13732913718413	3.79509212552277	5.0466858685695	1.87493486183488	1.99331621404791	1.96753060098259	1.13615958049801	1.78392576044448
2021-07-10	5.18936562623206	3.68734424777308	5.02813038261703	2.14601418259361	1.94398243258676	1.97663749757912	1.19394473989557	1.79354832623165
2021-07-11	5.24836766587883	3.58685484014075	5.01413913206027	2.40435124669265	1.89806995048537	1.98966730013212	1.25723839093221	1.80583348094788
2021-07-12	5.31505936356354	3.49424679049822	5.00545657709473	2.65058775337975	1.85542533035614	2.00680377062753	1.32613390036452	1.82054641748844
2021-07-13	5.39013849178658	3.41006092285969	5.00231243294655	2.88588264239511	1.81594323261827	2.02781090544401	1.4006783868426	1.83765452053412
2021-07-14	5.47429623931364	3.33481754527475	5.00480772859948	3.11152416360199	1.77953034214266	2.0523477595584	1.48090740698995	1.85717572271213
2021-07-15	5.5682237949104	3.26903696579303	5.01304349303726	3.32880056686364	1.74609334380023	2.08007338794757	1.56685651743003	1.87912795664965
2021-07-16	5.67261234734255	3.21323949246414	5.02712075524365	3.53900010204333	1.71553892246186	2.11064684558834	1.65856127478633	1.90352915497386
2021-07-17	5.78815308537579	3.16794543333769	5.04714054420242	3.74341101900433	1.68777376299847	2.14372718745758	1.75605723568234	1.93039725031196
2021-07-18	5.91553719777579	3.13367509646329	5.07320388889731	3.94332156760991	1.66270455028095	2.17897346853212	1.85937995674153	1.95975017529114
2021-07-19	6.05545587330826	3.11094878989056	5.10541181831208	4.14001999772333	1.64023796918022	2.21604474378882	1.96856499458739	1.99160586253858
2021-07-20	6.20860030073888	3.10028682166911	5.14386536143049	4.33479455920786	1.62028070456717	2.25460006820452	2.08364790584339	2.02598224468147
2021-07-21	6.37566166883333	3.10220949984854	5.18866554723629	4.52893350192677	1.6027394413127	2.29429849675607	2.20466424713302	2.062897254347
2021-07-22	6.55733116635732	3.11723713247849	5.23991340471323	4.72372507574332	1.58752086428771	2.33479908442031	2.33164957507977	2.10236882416237
2021-07-23	6.75429998207654	3.14589002760855	5.29770996284509	4.92045753052079	1.57453165836312	2.37576088617411	2.46463944630712	2.14441488675476
2021-07-24	6.96725930475666	3.18868849328835	5.3621562506156	5.12041911612242	1.56367850840983	2.41684295699429	2.60366941743853	2.18905337475135
2021-07-25	7.19690032316338	3.24615283756748	5.43335329700852	5.32489808241149	1.55486809929873	2.45770435185771	2.74877504509751	2.23630222077935
2021-07-26	7.44386121652974	3.31864448861637	5.51134532083848	5.53521765657683	1.54801836633849	2.49808216695864	2.89996625747417	2.2862130107467
2021-07-27	7.70856812595821	3.40588935508856	5.59594930024358	5.75284097510955	1.54309224658884	2.53802566336109	3.05715046902526	2.33897194368446
2021-07-28	7.99139418301861	3.5074544657584	5.68692540319279	5.97926615182628	1.54006392754726	2.57766214334649	3.22020946577418	2.39479887190445
2021-07-29	8.29271251928076	3.62290684940026	5.78403379765509	6.2159913005437	1.53890759671125	2.61711890919625	3.38902503374432	2.45391364771849
2021-07-30	8.61289626631449	3.75181353478847	5.88703465159944	6.46451453507846	1.5395974415783	2.65652326319183	3.56347895895907	2.5165361234384
2021-07-31	8.95231855568962	3.89374155069739	5.99568813299482	6.72633396924722	1.54210764964587	2.69600250761464	3.74345302744183	2.582886151376
2021-08-01	9.31135251897596	4.04825792590137	6.1097544098102	7.00294771686664	1.54641240841148	2.73568394474611	3.92882902521599	2.65318358384312
2021-08-02	9.69019315240964	4.21486788867787	6.22901128578792	7.2955037708589	1.55249467262467	2.77568997041242	4.11944967896742	2.72752875426654
2021-08-03	10.0883229108918	4.39282946531679	6.35330710776373	7.60374964056808	1.56037246604323	2.81612335461871	4.31500147803181	2.80554392053288
2021-08-04	10.50504611399	4.58133888161114	6.48250785834679	7.92708271444382	1.57007257967701	2.85708196091489	4.51513185240737	2.88673182164371
2021-08-05	10.9396670812718	4.77959236335393	6.61647952014622	8.26490038093576	1.58162180453586	2.89866365285085	4.71948823209227	2.97059519660062
2021-08-06	11.3914901323045	4.98678613633818	6.75508807577116	8.61660002849351	1.59504693162966	2.94096629397648	4.92771804708472	3.0566367844052
2021-08-07	11.8598195866557	5.20211642635689	6.89819950783073	8.98157904556669	1.61037475196824	2.98408774784167	5.13946872738288	3.14435932405902
2021-08-08	12.3439597638929	5.42477945920308	7.04567979893409	9.35923482060493	1.62763205656146	3.02812587799633	5.35438770298494	3.23326555456367
2021-08-09	12.8432149835835	5.65397146066977	7.19739493169036	9.74896474205785	1.64684563641917	3.07317854799034	5.5721224038891	3.32285821492073
2021-08-10	13.3568895652951	5.88888865654995	7.35321088870867	10.1501661983751	1.66804228255124	3.1193436213736	5.79232026009353	3.41264004413178
2021-08-11	13.8842878285952	6.12872727263667	7.51299365259817	10.5622365780063	1.69124878596751	3.16671896169601	6.01462870159644	3.50211378119841
2021-08-12	14.4247140930512	6.37268353472289	7.67660920596798	10.984573269401	1.71649193767784	3.21540243250746	6.23869515839597	3.59078216512219
2021-08-13	14.9774726782306	6.61995366860165	7.84392353142723	11.4165736610089	1.74379852869208	3.26549189735784	6.46416706049034	3.6781479349047
2021-08-14	15.5418679037009	6.86973390006596	8.01480261158507	11.8576351412796	1.77319535002009	3.31708521979705	6.69069183787773	3.76371382954754
2021-08-15	16.1172040890296	7.12122045490883	8.18911242905062	12.3071550986627	1.80470919267173	3.37028026337498	6.91791692055632	3.84698258805227
2021-08-16	16.7026843646235	7.37358632632233	8.36664987563255	12.7641652911429	1.83840082683587	3.4251893511907	7.14545951221432	3.92752352992297
2021-08-17	17.2971071042464	7.6259115770948	8.54693547993768	13.2262349548452	1.87446693941761	3.48198264453987	7.37281591130002	4.0051722966736
2021-08-18	17.8991694925013	7.87725303741364	8.72942067977232	13.6905676954296	1.91313819650104	3.54084476426736	7.59945218995173	4.07983111032061
2021-08-19	18.5075687139913	8.12666753746623	8.91355691294283	14.1543671185562	1.95464526417028	3.60196033121801	7.82483442030778	4.15140219288047
2021-08-20	19.1210019533197	8.37321190743999	9.09879561725555	14.6148368298851	1.99921880850944	3.66551396623666	8.04842867450648	4.21978776636962
2021-08-21	19.7381663950893	8.61594297752227	9.2845882305168	15.0691804350761	2.04708949560263	3.73169029016816	8.26970102468612	4.2848900528045
2021-08-22	20.3577592239033	8.8539175779005	9.47038619053291	15.5146015397895	2.09848799153396	3.80067392385736	8.48811754298504	4.34661127420157
2021-08-23	20.9784803727766	9.08629293659522	9.65573551670118	15.9487554905269	2.15364300258595	3.87264311572744	8.70320388044891	4.40490645409198
2021-08-24	21.5990407683717	9.31262787295958	9.84056055478268	16.3711045971572	2.21277539583478	3.94775062451484	8.91472400375292	4.45994182206555
2021-08-25	22.2181540857629	9.5325816041799	10.0248802321294	16.7815629103909	2.27610407855502	4.02614283653439	9.12250145847963	4.51193640922684
2021-08-26	22.8345340000243	9.74581334744249	10.2087134760934	17.1800444809386	2.34384795802127	4.10796613810086	9.3263597902116	4.56110924668038
2021-08-27	23.4468941862304	9.95198231993366	10.3920792140267	17.5664633595107	2.4162259415081	4.19336691552906	9.52612254453137	4.6076793655307
2021-08-28	24.0539483194554	10.1507477388397	10.5749963732813	17.9407335968179	2.4934569362901	4.28249155513377	9.72161326702151	4.65186579688233
2021-08-29	24.6544100747735	10.341768821347	10.7574838812092	18.3027692435706	2.57575984964186	4.37548644322979	9.91265550326458	4.69388757183982
2021-08-30	25.2469931272591	10.5247047846418	10.9395606651624	18.6524843504794	2.66335358883797	4.47249796613193	10.0990727988431	4.73396372150769
2021-08-31	25.8304111519864	10.6992148459104	11.121245652493	18.9897929682548	2.75645706115299	4.57367251015496	10.2806886993397	4.77231327699047
2021-09-01	26.4033778240297	10.8649582223391	11.3025577705529	19.3146091476073	2.85528917386151	4.67915646161369	10.4573267503369	4.80915526939271
2021-09-02	26.9646068184633	11.0215941311142	11.4835159466942	19.6268469392476	2.96006883423813	4.78909620682291	10.6288104974172	4.84470872981893
2021-09-03	27.5128118103615	11.1687817894222	11.6641391082689	19.9264203938861	3.07101494955742	4.90363813209741	10.7949634861632	4.87919268937368
2021-09-04	28.0467064747985	11.3061804144491	11.844446182629	20.2132435622333	3.18834642709397	5.02292862375199	10.9556092621575	4.91282617916148
2021-09-05	28.5650044868486	11.4334492233815	12.0244560971266	20.4872304949999	3.31228217412237	5.14711406810145	11.1105713709826	4.94582823028687
2021-09-06	29.066399866577	11.5503648379562	12.2042075577557	20.748382929632	3.44288308019318	5.27628013973515	11.2595681793447	4.9783702557869
2021-09-07	29.5495080140115	11.6571734981124	12.3838183850788	20.9970533505185	3.57957796396099	5.41026966634072	11.4018973384442	5.01043319642863
2021-09-08	30.0129246741712	11.7542388483403	12.5634261783004	21.2336819287842	3.72163762635635	5.5488647638804	11.5367513206053	5.04195037491165
2021-09-09	30.4552455920747	11.8419245331296	12.7431685366251	21.4587088355536	3.86833286830982	5.69184754831638	11.663322598152	5.07285511393554
2021-09-10	30.8750665127409	11.9205941969704	12.9231830592573	21.6725742419513	4.01893449075196	5.83900013561088	11.7808036434084	5.10308073619989
2021-09-11	31.2709831811886	11.9906114843526	13.1036073454017	21.875718319102	4.17271329461334	5.99010464172611	11.8883869286985	5.13256056440427
2021-09-12	31.6415913424367	12.0523400397661	13.2845789942627	22.0685812381304	4.32894008082451	6.14494318262429	11.9852649263465	5.16122792124827
2021-09-13	31.9858151388482	12.1061229166743	13.4662498776785	22.2515748562782	4.48688325513988	6.30325803534433	12.0709192147081	5.18897224233316
2021-09-14	32.3038923021631	12.1522208044343	13.6488289580208	22.424997775256	4.64580164260919	6.46463212123198	12.1459877962661	5.21550741486689
2021-09-15	32.5963889614656	12.1908738013767	13.8325394702951	22.5891202828918	4.80495167310601	6.62860852270966	12.2113977795346	5.24050343895912
2021-09-16	32.8638712458399	12.2223220058321	14.0176046495069	22.7442126670134	4.96358977650391	6.79473032219983	12.2680762730281	5.2636303147195
2021-09-17	33.1069052843702	12.2468055161309	14.2042477306615	22.8905452154485	5.1209723826765	6.96254060212494	12.316950385261	5.28455804225768
2021-09-18	33.3260572061407	12.2645644306038	14.3926919487644	23.028388216025	5.27635592149731	7.1315824449074	12.3589472247474	5.3029566216833
2021-09-19	33.5218931402356	12.2758388475814	14.583160538821	23.1580119565708	5.42899682283995	7.30139893296966	12.3949939000019	5.31849605310601
2021-09-20	33.6949792157392	12.2808688653942	14.7758767358367	23.2796867249136	5.57815151657797	7.47153314873418	12.4260175195387	5.33084633663547
2021-09-21	33.8458815617355	12.2798945823726	14.9710637748168	23.3936828088813	5.72307643258497	7.64152817462338	12.4529451918722	5.33967747238131
2021-09-22	33.9751663073089	12.2731560968475	15.1689448907669	23.5002704963018	5.86302800073452	7.81092709305972	12.4767040255167	5.3446594604532
2021-09-23	34.0833995815436	12.2608935071491	15.3697433186923	23.5997200750028	5.9972626509002	7.97927298646562	12.4982211289867	5.34546230096077
2021-09-24	34.1711475135236	12.2433469116083	15.5736822935985	23.6923018328122	6.12503681295557	8.14610893726354	12.5184236107963	5.34175599401368
2021-09-25	34.2389762323333	12.2207564085554	15.7809850504908	23.7782860575579	6.24560691677423	8.31097802787592	12.53823857946	5.33321053972157
2021-09-26	34.2874518670569	12.193362096321	15.9918748243747	23.8579430370676	6.35822939222973	8.47342334072519	12.558593143492	5.3194959381941
2021-09-27	34.3172790698743	12.1614109415522	16.2064934838967	23.9315783127106	6.46240380482318	8.63308808685043	12.5802609728652	5.30038652535745
2021-09-28	34.3297165853489	12.1251773841613	16.4246574322677	23.9996384400216	6.5586022625656	8.79001599175717	12.6034019833857	5.27607398040397
2021-09-29	34.3261616811397	12.0849427323772	16.6461017063396	24.0626052280767	6.64754000909556	8.94435090956759	12.6280226523178	5.24685431834256
2021-09-30	34.3080116249058	12.0409882944288	16.8705613429644	24.120960485952	6.72993228805161	9.09623669440388	12.6541294569262	5.21302355418212
2021-10-01	34.2766636843062	11.9935953785448	17.0977713789941	24.1751860227237	6.80649434307231	9.2458172003882	12.6817288744753	5.17487770293153
2021-10-02	34.2335151270001	11.9430452929541	17.3274668512806	24.2257636474677	6.87794141779622	9.39323628164273	12.7108273822295	5.13271277959969
2021-10-03	34.1799632206465	11.8896193458855	17.559382796676	24.2731751692603	6.94498875586188	9.53863779228964	12.7414314574534	5.0868247991955
2021-10-04	34.1174052329046	11.8335988455679	17.7932542520321	24.3179023971776	7.00835160090785	9.68216558645111	12.7735475774115	5.03750977672784
2021-10-05	34.0472384314333	11.7752651002301	18.0288162542011	24.3604271402956	7.06874519657268	9.82396351824931	12.8071822193682	4.98506372720562
2021-10-06	33.9708600838918	11.7148994181009	18.2658038400348	24.4012312076904	7.12688478649494	9.96417544180642	12.8423418605881	4.92978266563772
2021-10-07	33.8896674579392	11.6527831074092	18.5039520463852	24.4407964084383	7.18348561431317	10.1029452112446	12.8790329783356	4.87196260703304
2021-10-08	33.8050578212344	11.5891974763839	18.7429959101043	24.4796045516152	7.23926292366592	10.240416680686	12.9172620498752	4.81189956640048
2021-10-09	33.7184284414367	11.5244238332536	18.9826704680441	24.5181374462972	7.29493195819176	10.3767337042529	12.9570355524714	4.74988955874892
2021-10-10	33.6311765862051	11.4587434862474	19.2227107570565	24.5568769015606	7.35120796152922	10.5120401360674	12.9983599633886	4.68622859908726
