date	state	King	Snohomish	Pierce	Ann Arbor	Boston	San Diego	DC
2020-01-26	0	0	0	0	0	0	0	0
2020-01-27	0	0	0	0	0	0	0	0
2020-01-28	0	0	0	0	0	0	0	0
2020-01-29	0	0	0	0	0	0	0	0
2020-01-30	0	0	0	0	0	0	0	0
2020-01-31	0	0	0	0	0	0	0	0
2020-02-01	0	0	0	0	0	0	0	0
2020-02-02	0	0	0	0	0	0	0	0
2020-02-03	0	0	0	0	0	0	0	0
2020-02-04	0	0	0	0	0	0	0	0
2020-02-05	0	0	0	0	0	0	0	0
2020-02-06	0	0	0	0	0	0	0	0
2020-02-07	0	0	0	0	0	0	0	0
2020-02-08	0	0	0	0	0	0	0	0
2020-02-09	0	0	0	0	0	0	0	0
2020-02-10	0	0	3.00601943903311	0	0	0	0	0
2020-02-11	0	3.43524221475168	7.65061209066838	0	0	0	0	0
2020-02-12	0.901940981327326	7.15833135422228	12.5508955615785	0	0	0	0	0
2020-02-13	3.2057718716268	11.0996627456971	17.7210593892023	0	0	0	0	0
2020-02-14	5.6637199403268	15.271760553749	23.1752931109787	0	0	0	0	0
2020-02-15	8.28530690969431	19.6871489429511	28.9277862643465	0.759754256563943	0	0	0	0
2020-02-16	11.0800545019964	24.3583520778763	34.9927283867446	2.57932183570089	0	0	0	0
2020-02-17	14.0574844395	29.2978941230976	41.3843090156118	4.54741042788961	3.42350529505289	0	0	0
2020-02-18	17.2271184444721	34.5182992431879	48.1167176883869	6.67296851561431	7.68933535274396	0	0	0
2020-02-19	20.5984782391798	40.0320916027202	55.2041439425089	8.96494458135924	12.3244788644272	0	0	0
2020-02-20	24.1810855458901	45.8517953662675	62.6607773154165	11.4322871076086	17.3496836212648	0	0.210419897734307	0
2020-02-21	27.98446208687	51.9899346984027	70.5008073445487	14.0839445768466	22.7856974144191	10.5409865085337	1.28289558644053	0
2020-02-22	32.0181295843865	58.4590337636988	78.7384235673442	16.9288654715574	28.6532680350524	29.3512621849061	2.46104801093827	0
2020-02-23	36.2916097607065	65.2716167267288	87.387815521242	19.9759982742254	34.9731432743269	49.9807074350485	3.75047249874184	0
2020-02-24	40.8131489174327	72.4374570277153	96.4593515472149	23.2338626788753	41.7660998981078	72.5259167797486	5.15700737087268	0
2020-02-25	45.5858916735093	79.9553252094803	105.948115200372	26.7092632256947	49.0530305710721	97.1041848352386	6.68746292238068	2.74458957271014
2020-02-26	50.6117072272162	87.8212410904951	115.845368839355	30.4085756664118	56.8548569325996	123.837981241612	8.34889244182284	10.5469629773931
2020-02-27	55.8924647768332	96.0312244892315	126.142374822809	34.3381757527548	65.1925006220701	152.849775638961	10.1483492177562	19.170759272581
2020-02-28	61.4300335206401	104.581295224161	136.830395509375	38.5044392364519	74.0868832788636	184.262037667379	12.0928865387376	28.6691799641741
2020-02-29	67.2262826569169	113.467473113755	147.900693257696	42.9137418692313	83.5589265423599	218.19723696696	14.1895576933243	39.0954265580725
2020-03-01	73.2830813839432	122.685777976485	159.344530426416	47.5724594028212	93.6295520519388	254.777843177796	16.4454159700731	50.5027005601765
2020-03-02	79.5983704113744	132.226947387573	171.145925368973	52.4836409187183	104.311453764065	294.100159222223	18.8659073526062	62.9370335890892
2020-03-03	86.1543764943664	142.06058994925	183.259920417996	57.6370288174939	115.584414903543	336.155821151542	21.4500486048057	76.4157777142261
2020-03-04	92.9293978994509	152.151032020492	195.634313900907	63.0190388294877	127.419991012262	380.910298299294	24.1952491856191	90.9491151177056
2020-03-05	99.9017328931592	162.462599960282	208.21690414513	68.6160866850395	139.789737632111	428.329059999025	27.0989185539936	106.547227981646
2020-03-06	107.049679742023	172.959620127598	220.955489478088	74.4145881144891	152.66521030498	478.377575584276	30.1584661688765	123.220298488166
2020-03-07	114.351536712573	183.606418881419	233.797868227206	80.4009588481762	166.017964572757	531.02131438859	33.3713014892153	140.978508819384
2020-03-08	121.785602071342	194.367322580726	246.691838719906	86.5616146164407	179.819555977331	586.225745745511	36.7348339739573	159.832041157418
2020-03-09	129.33017408486	205.206657584497	259.585199283613	92.8829711496223	194.041540060593	643.956338988581	40.2464730820497	179.791077684386
2020-03-10	136.963551019659	216.088750251714	272.42574824575	99.3514441780609	208.65547236443	704.178563451343	43.9036282724398	200.865800582408
2020-03-11	144.664031142271	226.977926941355	285.16128393374	105.953449432096	223.632908430734	766.85788846734	47.7037090040751	223.066392033602
2020-03-12	152.409912719228	237.838514012399	297.739604675007	112.675402642068	238.945403801391	831.959783370114	51.6441247359029	246.403034220085
2020-03-13	160.179494017059	248.634837823828	310.108508796976	119.503719538316	254.564514018292	899.44971749321	55.7222849268704	270.885909323977
2020-03-14	167.951073302298	259.331224734619	322.215794627068	126.424815851179	270.461794623327	969.293160170169	59.935599035925	296.525199527395
2020-03-15	175.702948841475	269.892001103753	334.009260492709	133.425107310999	286.608801158383	1041.45558073453	64.281476522014	323.331087012459
2020-03-16	183.409120153096	280.278862847689	345.431861273835	140.484692893058	302.958779709706	1115.86140537287	68.7542361516431	351.300781293151
2020-03-17	191.026391763565	290.442984112805	356.40717806044	147.558404552412	319.391738540959	1192.27088768382	73.3358339215516	380.379601210916
2020-03-18	198.507269451258	300.332908602956	366.853948495032	154.594757489062	335.769376460163	1270.40323811906	78.005135136037	410.499892939063
2020-03-19	205.804258994552	309.897180022	376.690910220119	161.542266903009	351.953392275337	1349.97766713024	82.7410050993969	441.5940026509
2020-03-20	212.869866171826	319.084342073793	385.836800878207	168.349447994252	367.8054847945	1430.71338516904	87.5223091159289	473.594276519737
2020-03-21	219.656596761455	327.842938462193	394.210358111805	174.964815962791	383.187352825672	1512.32960268713	92.3279124899306	506.433060718883
2020-03-22	226.116956541818	336.121512891055	401.730319563419	181.336886008627	397.960695176872	1594.54553013616	97.1366805256996	540.042701421646
2020-03-23	232.210552293356	343.875853830077	408.331773722681	187.419832016387	412.004893076258	1677.07078283005	101.929803042775	574.348741009067
2020-03-24	237.925394804774	351.090728812316	414.01521246771	193.190462609208	425.270057432541	1759.57659553164	106.697767921662	609.249506693117
2020-03-25	243.256595866841	357.75815013667	418.797478523747	198.631245094853	437.723981574568	1841.72460786604	111.433387558107	644.636521893497
2020-03-26	248.199267270324	363.870130102035	422.695414616035	203.724646781087	449.33445883119	1923.17645945833	116.129474347857	680.401310029909
2020-03-27	252.748520805993	369.41868100731	425.725863469815	208.453134975673	460.069282531255	2003.59378993361	120.778840686659	716.435394522055
2020-03-28	256.899468264616	374.395815151391	427.905667810329	212.799176986375	469.896246003612	2082.63823891697	125.374298970259	752.630298789636
2020-03-29	260.647221436962	378.793544833177	429.25167036282	216.745240120957	478.783142577108	2159.97144603351	129.908661594405	788.877546252354
2020-03-30	263.986892113801	382.603882351564	429.780713852529	220.273791687183	486.697765580594	2235.25505090831	134.374740954842	825.068660329911
2020-03-31	266.9135920859	385.818840005451	429.509641004698	223.367298992817	493.607908342918	2308.15069316647	138.765349447318	861.095164442009
2020-04-01	269.422433144029	388.430430093734	428.45529454457	226.008229345622	499.481364192929	2378.32001243309	143.07329946758	896.848582008349
2020-04-02	271.508527078957	390.430664915312	426.634517197386	228.179050053362	504.285926459475	2445.42464833325	147.291403411373	932.220436448633
2020-04-03	273.166985681451	391.81155676908	424.064151688388	229.862228423801	507.989388471405	2509.12624049205	151.412473674445	967.102251182564
2020-04-04	274.392920742282	392.565117953938	420.761040742818	231.040231764704	510.559543557568	2569.08642853458	155.429322652542	1001.38554962984
2020-04-05	275.181444052217	392.683360768782	416.742027085918	231.695527383833	511.964185046813	2624.96685208594	159.334762741412	1034.96185521017
2020-04-06	275.534607261728	392.166270182161	412.032646088909	231.821532114515	512.188743711881	2676.44395865757	163.124199095259	1067.73212456364
2020-04-07	275.482221460095	391.045721841224	406.693203706932	231.455460892324	511.289200101088	2723.25342730635	166.803407902119	1099.63504721193
2020-04-08	275.0610375963	389.361564062774	400.792698541107	230.645478178396	509.339172206638	2765.14574497549	170.38075810849	1130.61874589709
2020-04-09	274.307806619325	387.15364516361	394.400129192552	229.439748433867	506.412278020741	2801.87139860823	173.864618660864	1160.63134336119
2020-04-10	273.259279478154	384.461813460536	387.584494262388	227.886436119873	502.582135535603	2833.18087514779	177.263358505739	1189.62096234629
2020-04-11	271.952207121768	381.325917270351	380.414792351733	226.033705697552	497.922362743431	2858.8246615374	180.585346589609	1217.53572559446
2020-04-12	270.423340499149	377.785804909857	372.960022061709	223.929721628038	492.506577636432	2878.55324472028	183.838951858969	1244.32375584775
2020-04-13	268.706354731927	373.878480270023	365.281733957906	221.617488576267	486.40425804801	2892.18923549062	187.030893264978	1269.93511056726
2020-04-14	266.822621632321	369.629569538496	357.411686463802	219.119372022371	479.668321176351	2899.84374004643	190.161289777451	1294.32758609022
2020-04-15	264.790437185194	365.06185447709	349.374189967347	216.452577650281	472.347544060839	2901.69998843669	193.228610370866	1317.4609134729
2020-04-16	262.628097375411	360.198116847619	341.19355485649	213.634311143926	464.490703740858	2897.94121071036	196.231324019699	1339.29482377155
2020-04-17	260.353898187838	355.061138411898	332.894091519183	210.68177818724	456.14657725579	2888.75063691644	199.167899698431	1359.78904804245
2020-04-18	257.986135607339	349.673700931741	324.500110343374	207.612184464151	447.36394164502	2874.31149710388	202.036806381537	1378.90331734185
2020-04-19	255.543105618779	344.058586168962	316.035921717013	204.442735658591	438.19157394793	2854.80702132166	204.836513043496	1396.59736272603
2020-04-20	253.043104207023	338.238575885376	307.52583602805	201.190637454491	428.678251203904	2830.42043961877	207.565488658787	1412.83091525123
2020-04-21	250.504427356935	332.236451842798	298.994163664435	197.873095535781	418.872750452324	2801.33498204417	210.222202201886	1427.56370597373
2020-04-22	247.945371053381	326.074995803042	290.465215014117	194.507315586393	408.823848732575	2767.73387864683	212.805122647272	1440.75546594979
2020-04-23	245.384231281226	319.776989527922	281.963300465047	191.110503290256	398.58032308404	2729.80035947574	215.312718969423	1452.36592623567
2020-04-24	242.839304025334	313.365214779252	273.512730405175	187.699864331303	388.190950546102	2687.71765457986	217.743460142817	1462.35481788764
2020-04-25	240.32888527057	306.862453318848	265.137815222449	184.292604393463	377.704508158144	2641.66899400817	220.095815141932	1470.68187196196
2020-04-26	237.871271001799	300.291486908523	256.862865304821	180.905929160667	367.169772959549	2591.83760780964	222.368252941245	1477.3068195149
2020-04-27	235.484149298822	293.674680182234	248.710102841126	177.555264093863	356.63198644276	2538.44103135032	224.560031539399	1482.19530706977
2020-04-28	233.182776621183	287.032729262502	240.693397223756	174.248913762059	346.122247912449	2481.83402126451	226.673565031698	1485.33664301814
2020-04-29	230.981801523365	280.385913143991	232.824529645984	170.993402511282	335.668121126346	2422.40563950355	228.712056537608	1486.72605121865
2020-04-30	228.895872559847	273.754510821363	225.115281301089	167.795254687558	325.297169842182	2360.54494801883	230.678709176597	1486.35875552992
2020-05-01	226.939638285111	267.158801289283	217.577433382346	164.660994636913	315.036957817688	2296.64100876171	232.576726068133	1484.22997981057
2020-05-02	225.127747253639	260.619063542413	210.222767083032	161.597146705371	304.915048810596	2231.08288368355	234.409310331683	1480.33494791924
2020-05-03	223.474848019911	254.155576575417	203.063063596424	158.61023523896	294.959006578634	2164.25963473571	236.179665086715	1474.66888371456
2020-05-04	221.995386137774	247.788826665119	196.110047666728	155.707588168004	285.193563987558	2096.52715269969	237.894242375815	1467.2400694572
2020-05-05	220.702995158543	241.540129216995	189.375218241874	152.899747760025	275.632130335216	2028.10864367754	239.572489934043	1458.10902101608
2020-05-06	219.611105632895	235.431006918681	182.87001782072	150.198059866845	266.28528402748	1959.19414260143	241.237104419576	1447.34931266219
2020-05-07	218.733148111513	229.482982457813	176.605888902128	147.613870340285	257.16360347022	1889.97368440353	242.910782490594	1435.03451866651
2020-05-08	218.082553145074	223.717578522027	170.594273984955	145.158525032167	248.277667069308	1820.63730401601	244.616220805276	1421.2382133
2020-05-09	217.672751284258	218.15631779896	164.846615568061	142.843369794313	239.638053230616	1751.37503637105	246.376116021798	1406.03397083365
2020-05-10	217.517173079746	212.820722976248	159.374356150307	140.679750478543	231.255340360015	1682.37691640084	248.21316479834	1389.49536553843
2020-05-11	217.629249082217	207.732316741527	154.188938230552	138.67901293668	223.140106863378	1613.83297903753	250.15006379308	1371.69597168533
2020-05-12	218.02240984235	202.912621782434	149.301804307654	136.852503020546	215.302931146574	1545.9332592133	252.209509664197	1352.70936354532
2020-05-13	218.710085910825	198.383160786605	144.724396880475	135.21156658196	207.754391615477	1478.86779186033	254.414199069869	1332.60911538937
2020-05-14	219.705707838323	194.165456441677	140.468158447873	133.767549472746	200.505066675957	1412.8266119108	256.786828668273	1311.46880148846
2020-05-15	221.022706175522	190.281031435285	136.544531508707	132.531797544725	193.565534733886	1347.99975429688	259.35009511759	1289.36199611358
2020-05-16	222.674511473102	186.751408455067	132.964958561838	131.515656649718	186.946374195135	1284.57725395073	262.126695075997	1266.3622735357
2020-05-17	224.674554281743	183.598110188658	129.740882106125	130.730472639546	180.658163465576	1222.74914580455	265.139325201672	1242.5432080258
2020-05-18	227.031967721151	180.839317467865	126.881937677419	130.184863113989	174.71011394935	1162.67924228424	268.412076800114	1217.97920460221
2020-05-19	229.738695187138	178.479843701172	124.390532959539	129.876532664657	169.105969043672	1104.42646579076	271.974619766102	1192.74799127273
2020-05-20	232.782382644542	176.521160441235	122.267268673295	129.800457631115	163.848105144026	1048.02351621879	275.858018641736	1166.92812679251
2020-05-21	236.150676058203	174.964739240708	120.512745539499	129.951614352931	158.938898645897	993.503093463026	280.093337969114	1140.5981699167
2020-05-22	239.831221392958	173.812051652245	119.12756427896	130.324979169671	154.38072594477	940.897897418149	284.711642290336	1113.83667940046
2020-05-23	243.811664613645	173.064569228502	118.112325612489	130.915528420902	150.175963436129	890.240627978856	289.743996147501	1086.72221399893
2020-05-24	248.079651685105	172.723763522133	117.467630260897	131.718238446191	146.326987515458	841.563985039835	295.221464082709	1059.33333246728
2020-05-25	252.624901147541	172.790995576983	117.194524811931	132.73275844322	142.838875480181	794.895009785584	301.1742104324	1031.75047298501
2020-05-26	257.445421842628	173.26718440165	117.295839321084	133.977429042132	139.727508235472	750.238108559834	307.628798710381	1004.06159142906
2020-05-27	262.541295187408	174.153138495925	117.774849710787	135.475263731186	137.011467588445	707.592028996121	314.610892224801	976.356523100715
2020-05-28	267.912602598922	175.449666359597	118.63483190347	137.249275998639	134.709335346211	666.955518727984	322.146154283808	948.725103301276
2020-05-29	273.559425494211	177.157576492455	119.879061821565	139.322479332749	132.839693315886	628.327325388961	330.260248195551	921.257167332033
2020-05-30	279.481845290318	179.277677394289	121.5108153875	141.717887221776	131.42112330458	591.706196612587	338.978837268178	894.04255049428
2020-05-31	285.679943404283	181.810777564888	123.533368523706	144.458513153977	130.472207119409	557.090880032402	348.327584809838	867.17108808931
2020-06-01	292.153277895688	184.756439911701	125.948049520287	147.564718224244	130.007813417351	524.472779924605	358.325536766133	840.726593142113
2020-06-02	298.899313394267	188.109244972825	128.748396138036	151.046253954007	130.027958254856	493.813927136045	368.965269632485	814.768789572468
2020-06-03	305.914991172298	191.862527694013	131.925998505416	154.910219471328	130.52894453824	465.069009156235	380.232742541767	789.351379023851
2020-06-04	313.197252502054	196.009623021022	135.472446750895	159.163713904271	131.507075173818	438.192713474686	392.113914626854	764.52806313974
2020-06-05	320.743038655813	200.543865899607	139.379331002936	163.813836380898	132.958653067908	413.139727580909	404.594745020621	740.35254356361
2020-06-06	328.549290905849	205.458591275523	143.638241390006	168.867686029272	134.879981126824	389.864738964417	417.661192855942	716.878521938939
2020-06-07	336.612950524437	210.747134094526	148.24076804057	174.332361977457	137.267362256883	368.322435114723	431.299217265692	694.159699909204
2020-06-08	344.930958783854	216.402829302372	153.178501083093	180.214963353514	140.1170993644	348.467503521335	445.494777382746	672.249779117879
2020-06-09	353.500256956374	222.419011844816	158.44303064604	186.522589285508	143.425495355693	330.254631673768	460.233832339977	651.202461208443
2020-06-10	362.317786314274	228.789016667613	164.025946857877	193.262338901501	147.188853137077	313.638507061533	475.502341270262	631.071447824371
2020-06-11	371.380488129828	235.506178716519	169.918839847069	200.441311329556	151.403475614867	298.573817174142	491.286263306473	611.910440609141
2020-06-12	380.685303675312	242.563832937289	176.113299742082	208.066605697736	156.065665695381	285.015249501106	507.571557581486	593.773141206229
2020-06-13	390.229174223002	249.955314275679	182.600916671381	216.145321134104	161.171726284933	272.917491531937	524.344183228176	576.713251259111
2020-06-14	400.009041045172	257.673957677444	189.37328076343	224.684556766723	166.717960289841	262.235230756147	541.590099379417	560.784472411264
2020-06-15	410.018844737121	265.707311793108	196.41875080214	233.686860878613	172.696970938363	252.921033135793	559.282507543767	546.032629109507
2020-06-16	420.24052318623	274.019780092267	203.712760193194	243.13657837262	179.086562746536	244.918978523112	577.343578732521	532.472037014031
2020-06-17	430.653013602904	282.569979749288	211.227510997721	253.013503306549	185.860840552337	238.171025242886	595.682726332656	520.109134588368
2020-06-18	441.235253197548	291.316527938534	218.935205276849	263.297429738204	192.993909193747	232.619131619896	614.209363731151	508.950360296052
2020-06-19	451.966179180566	300.218041834372	226.808045091705	273.968151725389	200.459873508744	228.205255978925	632.832904314984	499.002152600614
2020-06-20	462.824728762362	309.233138611165	234.818232503419	285.005463325908	208.232838335308	224.871356644756	651.462761471131	490.270949965589
2020-06-21	473.78983915334	318.320435443279	242.937969573117	296.389158597564	216.286908511418	222.559391942169	670.008348586572	482.763190854509
2020-06-22	484.838114808415	327.441584630366	251.140123863864	308.096297079502	224.592322013631	221.2132119167	688.38384698085	476.475903965489
2020-06-23	495.936829160537	336.57037897322	259.400224946457	320.093000236223	233.103849372821	220.784233496892	706.522509703768	471.368478934981
2020-06-24	507.050922887166	345.683646397925	267.694467893632	332.342655013567	241.772394258442	221.225765332042	724.362357737694	467.390895634018
2020-06-25	518.145336665762	354.758214830561	275.999047778121	344.808648357375	250.548860339946	222.491116071446	741.841412064997	464.493133933633
2020-06-26	529.185011173787	363.770912197209	284.29015967266	357.45436721349	259.384151286787	224.533594364402	758.897693668044	462.625173704859
2020-06-27	540.134887088699	372.698566423953	292.543998649982	370.24319852775	268.229170768417	227.306508860206	775.469223529205	461.73699481873
2020-06-28	550.959905087959	381.518005436873	300.736759782821	383.138529245997	277.03482245429	230.763168208155	791.494022630848	461.778577146279
2020-06-29	561.625005849027	390.206057162052	308.844638143911	396.103746314072	285.752010013857	234.856881057544	806.910111955341	462.69990055854
2020-06-30	572.095130049363	398.739549525571	316.843828805986	409.102236677816	294.331637116572	239.540956057671	821.655512485053	464.450944926546
2020-07-01	582.335218366428	407.095310453512	324.71052684178	422.09738728307	302.724607431888	244.768701857831	835.668245202351	466.981690121331
2020-07-02	592.310211477682	415.250167871956	332.420927324027	435.052585075674	310.881824629259	250.493427107323	848.886331089605	470.242116013927
2020-07-03	601.985050060585	423.180949706986	339.95122532546	447.93121700147	318.754192378135	256.668440455442	861.247791129182	474.182202475369
2020-07-04	611.324674792597	430.864483884683	347.277615918815	460.696670006298	326.292614347972	263.247050551485	872.690646303451	478.751929376689
2020-07-05	620.294026351178	438.277598331129	354.376294176825	473.312331036	333.447994208221	270.182566044748	883.152917594782	483.901276588921
2020-07-06	628.857254544801	445.397243763768	361.222442452702	485.736208122012	340.174236955139	277.432794581806	892.583722940241	489.575058714215
2020-07-07	636.975345705991	452.200862065496	367.787192221577	497.904793638159	346.4372528922	284.973539798342	900.976568095701	495.697429279187
2020-07-08	644.608495298285	458.666017910571	374.040662239058	509.749201043863	352.20595364968	292.785104327316	908.336055771733	502.187376541567
2020-07-09	651.716898785219	464.770275973252	379.952971260754	521.200543798545	357.449250857856	300.847790801691	914.666788678909	508.963888759089
2020-07-10	658.26075163033	470.491200927797	385.494238042274	532.189935361625	362.136056147004	309.141901854426	919.973369527801	515.945954189483
2020-07-11	664.200249297156	475.806357448465	390.634581339226	542.648489192526	366.235281147402	317.647740118483	924.26040102898	523.052561090481
2020-07-12	669.495587249234	480.693310209513	395.344119907218	552.507318750667	369.715837489327	326.345608226822	927.532485893018	530.202697719816
2020-07-13	674.115150258213	485.13458608584	399.598263016178	561.706159070528	372.558070969433	335.215342571896	929.800597518122	537.322961659216
2020-07-14	678.060080328196	489.132560754904	403.393581993301	570.219231486817	374.788064049891	344.234914584121	931.101192053035	544.370387786406
2020-07-15	681.3397087714	492.694572094804	406.731938680102	578.029378909298	376.443333359253	353.381829453407	931.477096334139	551.309620303104
2020-07-16	683.963366900038	495.827957983638	409.615194918094	585.119444247737	377.561395526068	362.633592369661	930.971137197813	558.105303411032
2020-07-17	685.940386026327	498.540056299504	412.045212548792	591.472270411898	378.179767178885	371.967708522792	929.626141480435	564.722081311909
2020-07-18	687.280097462483	500.838204920502	414.023853413709	597.070700311547	378.335964946254	381.361683102708	927.484936018386	571.124598207457
2020-07-19	687.99183252072	502.729741724729	415.55297935436	601.897576856448	378.067505456726	390.793021299317	924.590347648046	577.277498299397
2020-07-20	688.084922513255	504.222004590284	416.634452212259	605.935742956368	377.41190533885	400.239228302528	920.985203205793	583.145425789447
2020-07-21	687.568698752303	505.322331395265	417.270133828919	609.168041521071	376.406681221177	409.677809302249	916.712329528007	588.69302487933
2020-07-22	686.452492550079	506.03806001777	417.461886045854	611.577315460321	375.089349732255	419.086269488389	911.814553451069	593.884939770765
2020-07-23	684.7456352188	506.376528335899	417.211570704579	613.146407683885	373.497427500636	428.442114050855	906.334701811357	598.685814665472
2020-07-24	682.457458070681	506.345074227749	416.521049646608	613.858161101527	371.668431154868	437.722848179557	900.315601445251	603.060293765173
2020-07-25	679.597292417937	505.951035571419	415.392184713454	613.695418623012	369.639877323502	446.905977064402	893.800079189131	606.973021271589
2020-07-26	676.174469572783	505.201750245007	413.826837746632	612.641023158105	367.449282635088	455.969005895298	886.830961879376	610.388641386438
2020-07-27	672.202156086882	504.105551143958	411.831155746087	610.688716474158	365.129865739616	464.888525407662	879.450857898406	613.278732798668
2020-07-28	667.708859469682	502.674751233106	409.42842634549	607.875835768865	362.697653372846	473.637468518932	871.701501812797	615.64261214613
2020-07-29	662.726922470077	500.922658494629	406.646222336946	604.250617097509	360.164374291976	482.187853692055	863.624409735164	617.4865305539
2020-07-30	657.28868783696	498.862580910707	403.512116512556	599.861296515369	357.541757254204	490.511699389978	855.261097778123	618.816739147056
2020-07-31	651.426498319226	496.507826463519	400.053681664425	594.756110077727	354.841531016731	498.581024075648	846.653082054291	619.639489050672
2020-08-01	645.172696665768	493.871703135244	396.298490584656	588.983293839865	352.075424336756	506.36784621201	837.841878676282	619.961031389827
2020-08-02	638.559625625482	490.967518908062	392.274116065351	582.591083857064	349.255165971478	513.844184262012	828.869003756714	619.787617289598
2020-08-03	631.619123169318	487.807195887475	388.006460770172	575.627310432197	346.395429845102	520.986171022313	819.773573951551	619.127756677397
2020-08-04	624.381008156464	484.397112672272	383.514746849017	568.138180858505	343.522670549861	527.786396624425	810.585108090159	617.998994689987
2020-08-05	616.874594668163	480.742261984563	378.81652632334	560.16949667682	340.666287844995	534.241565533574	801.330725545251	616.421135266468
2020-08-06	609.129196785658	476.84763654646	373.929351214598	551.767059427976	337.855681489742	540.348382214983	792.037545689545	614.413982345938
2020-08-07	601.174128590194	472.718229080074	368.870773544245	542.976670652806	335.120251243342	546.103551133878	782.732687895754	611.997339867498
2020-08-08	593.038704163014	468.359032307518	363.658345333736	533.844131892142	332.489396865033	551.503776755486	773.443271536592	609.191011770247
2020-08-09	584.752237585363	463.7750389509	358.309618604528	524.415244686818	329.992518114056	556.545763545029	764.196415984776	606.014801993283
2020-08-10	576.344042938483	458.971241732334	352.842145378076	514.735810577666	327.659014749649	561.226215967734	755.019240613018	602.488514475707
2020-08-11	567.84343430362	453.952633373931	347.273477675834	504.851631105519	325.518286531051	565.541838488825	745.938864794036	598.631953156618
2020-08-12	559.279725762018	448.7242065978	341.621167519259	494.80850781121	323.599733217502	569.489335573527	736.982407900543	594.464921975115
2020-08-13	550.682231394919	443.290954126055	335.902766929805	484.652242235573	321.93275456824	573.065411687067	728.176989305255	590.007224870298
2020-08-14	542.080265283568	437.657868680805	330.135827928929	474.428635919439	320.546750342505	576.266771294667	719.549728380886	585.278665781265
2020-08-15	533.503141509209	431.829942984163	324.337902538085	464.183490403642	319.471120299536	579.090118861555	711.127744500151	580.299048647117
2020-08-16	524.980174153085	425.81216975824	318.526542778729	453.962607229015	318.735264198572	581.532158852954	702.938157035764	575.088177406953
2020-08-17	516.539931233748	419.613876652888	312.719523723688	443.811145980543	318.366620507633	583.597368461492	695.002288941476	569.668128063348
2020-08-18	508.207996518974	413.261731028929	306.935512651275	433.771698419819	318.384782529859	585.321315789407	687.318277495171	564.070064872784
2020-08-19	500.009207713849	406.786735174927	301.193399891177	423.886214352587	318.807382277171	586.747341666336	679.878463555768	558.327424155217
2020-08-20	491.968402523456	400.219891379443	295.512075773076	414.196643584594	319.652051761491	587.918786921919	672.675187982186	552.473642230604
2020-08-21	484.11041865288	393.592201931043	289.910430626661	404.744935921585	320.936422994738	588.878992385796	665.700791633345	546.542155418904
2020-08-22	476.460093807205	386.934669118288	284.407354781614	395.573041169305	322.678127988836	589.671298887605	658.947615368165	540.566400040072
2020-08-23	469.042265691515	380.278295229742	279.021738567622	386.722909133498	324.894798755703	590.339047256987	652.408000045564	534.579812414067
2020-08-24	461.880191969095	373.654007639433	273.773387105354	378.232325173681	327.603294564107	590.923476009542	646.073246641938	528.613908674611
2020-08-25	454.99081013604	367.092434063246	268.685764679416	370.122416864452	330.817383710198	591.457414404727	639.930496603589	522.692524210496
2020-08-26	448.389477646642	360.624127302532	263.783250365398	362.410147334179	334.55006174697	591.971589387963	633.965851494295	516.837574224279
2020-08-27	442.091551955197	354.27964015864	259.090223238889	355.11247971123	338.814324227418	592.496727904668	628.165412877834	511.070973918516
2020-08-28	436.112390515999	348.089525432922	254.63106237548	348.246377123972	343.623166704537	593.063556900262	622.515282317986	505.414638495764
2020-08-29	430.467350783341	342.084335926726	250.430146850761	341.828802700776	348.989584731324	593.702803320165	617.001561378527	499.890483158581
2020-08-30	425.171790211518	336.294624441405	246.511855740323	335.876719570008	354.926573860771	594.445194109796	611.610351623237	494.520423109524
2020-08-31	420.241066254825	330.750943778307	242.900568119754	330.407090860036	361.447129645875	595.321456214576	606.327754615894	489.326373551149
2020-09-01	415.690536367555	325.483846738783	239.620663064645	325.436879699231	368.56424763963	596.362316579922	601.139871920276	484.330249686013
2020-09-02	411.535558004004	320.523886124182	236.696519650586	320.983049215958	376.290923395033	597.598502151255	596.032805100161	479.553966716674
2020-09-03	407.791488618465	315.901614735857	234.152516953168	317.062562538587	384.640152465076	599.060739873995	590.992655719327	475.019439845689
2020-09-04	404.473685665232	311.647585375155	232.013034047979	313.692382795486	393.624930402756	600.779756693562	586.005525341554	470.748584275614
2020-09-05	401.597506598601	307.792350843429	230.302450010611	310.889473115024	403.258252761068	602.786279555373	581.057515530618	466.763315209007
2020-09-06	399.178308872865	304.366463942028	229.045143916653	308.670796625567	413.553115093007	605.111035404851	576.134727850299	463.085547848424
2020-09-07	397.229249880767	301.398518371308	228.263923239193	307.050929199644	424.524717211451	607.783453292725	571.227514328263	459.731310192252
2020-09-08	395.754686768847	298.909271427652	227.975309041311	306.034897686411	436.197075968813	610.827770690976	566.343228847724	456.69308142219
2020-09-09	394.756776622091	296.91752130645	228.194250783584	305.625341679184	448.596412477392	614.266927176895	561.493475755786	453.957453515765
2020-09-10	394.237676525489	295.44206620309	228.935697926589	305.824900771281	461.748947849483	618.123862327774	556.689859399552	451.511018450508
2020-09-11	394.199543564027	294.501704312961	230.214599930904	306.636214556017	475.680903197384	622.421515720905	551.943984126126	449.340368203944
2020-09-12	394.644534822694	294.115233831453	232.045906257106	308.061922626707	490.418499633392	627.18282693358	547.26745428261	447.432094753604
2020-09-13	395.574807386478	294.301452953954	234.444566365773	310.104664576669	505.987958269804	632.43073554309	542.671874216107	445.772790077015
2020-09-14	396.991755002806	295.077653316228	237.425087059162	312.765583868422	522.408814283865	638.189921938024	538.167878927073	444.35647053434
2020-09-15	398.893718068868	296.455100315537	241.000204506255	316.039839441299	539.673859112619	644.492029752156	533.762226029365	443.206850016274
2020-09-16	401.278273644295	298.443552789519	245.182212217713	319.921094103839	557.769198258052	651.370443430555	529.460703790196	442.355066796148
2020-09-17	404.142998788715	301.052769575809	249.983403704199	324.40301066458	576.680937222157	658.858547418294	525.269100476774	441.832259147293
2020-09-18	407.485470561759	304.292509512046	255.416072476374	329.47925193206	596.395181506922	666.989726160441	521.193204356312	441.66956534304
2020-09-19	411.303266023057	308.172531435865	261.4925120449	335.143480714815	616.898036614339	675.797364102069	517.238803696019	441.898123656718
2020-09-20	415.593962232238	312.702594184903	268.225015920439	341.389359821384	638.175608046396	685.314845688246	513.411686763107	442.549072361658
2020-09-21	420.359710576066	317.893131875734	275.62478017791	348.213322225934	660.2192084053	695.575644839813	509.724003525558	443.650254525515
2020-09-22	425.620959749832	323.757279740673	283.698611149269	355.622881565149	683.040978694122	706.613593380679	506.213350754442	445.216332393239
2020-09-23	431.402732775961	330.308848290972	292.452217730727	363.628321641344	706.658267016151	718.462612610525	502.923686921604	447.258673004104
2020-09-24	437.730052676879	337.561648037882	301.891308818497	372.23992625683	731.088421474673	731.156623829028	499.898970498886	449.788643397385
2020-09-25	444.62794247501	345.529489492656	312.021593308791	381.467979213923	756.348790172976	744.729548335871	497.183159958131	452.817610612357
2020-09-26	452.12142519278	354.226183166546	322.848780097821	391.322764314935	782.456721214346	759.215307430729	494.820213771182	456.356941688294
2020-09-27	460.235523852612	363.665539570803	334.3785780818	401.81456536218	809.429562702074	774.647822413283	492.854090409883	460.41800366447
2020-09-28	468.995261476933	373.861369216678	346.61669615694	412.953666157973	837.284662739443	791.061014583213	491.328748346077	465.012163580161
2020-09-29	478.425661088167	384.827482615424	359.568843219453	424.750350504625	866.039369429745	808.488805240197	490.288146051606	470.15078847464
2020-09-30	488.55174570874	396.577690278294	373.240728165553	437.214902204451	895.711030876264	826.965115683915	489.776241998315	475.845245387182
2020-10-01	499.398538361075	409.125802716537	387.63805989145	450.357605059765	926.31699518229	846.523867214046	489.836994658045	482.106901357062
2020-10-02	510.991062067599	422.485630441407	402.766547293359	464.18874287288	957.874610451109	867.198981130269	490.51436250264	488.947123423554
2020-10-03	523.354339850736	436.670983964154	418.63189926749	478.718599446109	990.401224786009	889.024378732263	491.852304003943	496.377278625933
2020-10-04	536.513394732911	451.695673796032	435.239824710057	493.957458581767	1023.91418629028	912.033981319709	493.894777633798	504.408734003473
2020-10-05	550.496782041923	467.578185318229	452.596021879983	509.918208999972	1058.41895330585	936.258708154465	496.690935975509	513.057010460819
2020-10-06	565.347186327075	484.355703391687	470.706146487043	526.624159092062	1093.87342512927	961.717470347124	500.310708058229	522.354244364105
2020-10-07	581.110824443042	502.070087747286	489.575843603723	544.10122216718	1130.22361129573	988.426176970454	504.829217022574	532.336725944831
2020-10-08	597.8339132445	520.763198115904	509.210758302508	562.37531153447	1167.41552134041	1016.40073709723	510.321586009159	543.0407454345
2020-10-09	615.562669586124	540.476894228421	529.616535655885	581.472340503075	1205.39516479851	1045.65705980022	516.862938158598	554.502593064616
2020-10-10	634.343310322593	561.253035815716	550.798820736339	601.41822238214	1244.10855120522	1076.21105415219	524.528396611508	566.758559066679
2020-10-11	654.22205230858	583.133482608668	572.763258616356	622.238870480805	1283.50169009572	1108.07862922593	533.393084508502	579.844933672194
2020-10-12	675.237337747325	606.148829912615	595.514182197873	643.956698690163	1323.52559804845	1141.26809569271	543.533414901882	593.794277342016
2020-10-13	697.396510236319	630.284615330714	619.050675700617	666.58012322909	1364.15131981485	1175.75737061791	555.030960490694	608.624231454415
2020-10-14	720.699138721616	655.515112040585	643.370511173772	690.114060898409	1405.3549071896	1211.51677266541	567.968583885669	624.348707617014
2020-10-15	745.144792149268	681.814593219841	668.471460666516	714.563428498942	1447.11241196738	1248.51662049908	582.429147697539	640.981617437436
2020-10-16	770.733039465331	709.157332046102	694.351296228029	739.933142831515	1489.39988594286	1286.72723278283	598.495514537036	658.536872523305
2020-10-17	797.463449615857	737.517601696981	721.007789907491	766.228120696948	1532.19338091073	1326.11892818054	616.250547014891	677.028384482244
2020-10-18	825.3355915469	766.869675350098	748.438713754082	793.453278896068	1575.46894866566	1366.66202535608	635.777107741836	696.470064921875
2020-10-19	854.349034204514	797.187826183068	776.641839816983	821.613534229696	1619.20264100235	1408.32684297334	657.158059328604	716.875825449824
2020-10-20	884.503346534752	828.446327373508	805.614940145372	850.713803498656	1663.37050971546	1451.08369969621	680.476264385923	738.259577673712
2020-10-21	915.798097483669	860.619452099035	835.355786788431	880.759003503772	1707.94860659969	1494.90291418858	705.814585524529	760.635233201164
2020-10-22	948.232855997317	893.681473537264	865.862151795339	911.754051045866	1752.9129834497	1539.75480511432	733.25588535515	784.016703639802
2020-10-23	981.807191021752	927.606664865814	897.131807215277	943.703862925763	1798.23969206018	1585.60969113733	762.883026488521	808.41790059725
2020-10-24	1016.52067150302	962.369299262299	929.162525097423	976.613355944284	1843.90478422581	1632.43789092148	794.77887153537	833.85273568113
2020-10-25	1052.37286638719	997.943649904339	961.952077490959	1010.48744690225	1889.88431174127	1680.20972313067	829.026283106433	860.335120499067
2020-10-26	1089.34485196218	1034.28658684199	995.481854787323	1045.31447435559	1936.13724655473	1728.90014687978	865.710471540645	887.871097643395
2020-10-27	1127.34373388344	1071.28536761509	1029.667720747	1081.01646388056	1982.5542412283	1778.50268308775	904.926038089784	916.435233645304
2020-10-28	1166.2581251483	1108.80984663593	1064.40915747273	1117.49886280853	2029.00886847759	1829.01549312452	946.769931733827	945.994226020692
2020-10-29	1205.97663875408	1146.72987831678	1099.60564706726	1154.66711847087	2075.37470101819	1880.43673836004	991.339101452758	976.51477228546
2020-10-30	1246.3878876981	1184.91531706992	1135.15667163332	1192.42667819893	2121.52531156571	1932.76458016423	1038.73049622655	1007.96356995551
2020-10-31	1287.38048497769	1223.23601730765	1170.96171327367	1230.6829893241	2167.33427283576	1985.99717990705	1089.0410650352	1040.30731654674
2020-11-01	1328.84304359017	1261.56183344223	1206.92025409104	1269.34149917773	2212.67515754392	2040.13269895843	1142.36775685868	1073.51270957505
2020-11-02	1370.66477049824	1299.7685651259	1242.93854690391	1308.30786587453	2257.41625230022	2095.17197881067	1198.78287098493	1107.54012632517
2020-11-03	1412.73724852604	1337.75579297071	1278.94992739372	1347.48859066254	2301.40469929234	2151.12658144547	1258.26010793377	1142.32466315715
2020-11-04	1454.9526544631	1375.42904282865	1314.89450195765	1386.79038557318	2344.48235460236	2208.01074896687	1320.74851853297	1177.79509619986
2020-11-05	1497.20316509893	1412.69384055173	1350.71237699287	1426.11996263783	2386.49107431239	2265.83872347892	1386.1971536103	1213.88020158219
2020-11-06	1539.38095722305	1449.45571199193	1386.34365889654	1465.38403388789	2427.2727145045	2324.62474708567	1454.55506399353	1250.50875543301
2020-11-07	1581.37820762498	1485.62018300126	1421.72845406586	1504.48931135475	2466.6691312608	2384.38306189117	1525.77130051044	1287.60953388119
2020-11-08	1623.08709309423	1521.09277943172	1456.80686889798	1543.34250706982	2504.52218066338	2445.12790999946	1599.79491398881	1325.11131305563
2020-11-09	1664.39979042032	1555.7790271353	1491.51900979009	1581.85033306449	2540.67371879432	2506.87353351461	1676.5749552564	1362.94286908519
2020-11-10	1705.20847639278	1589.58445196399	1525.80498313936	1619.91950137015	2574.96560173572	2569.63417454064	1756.06047514099	1401.03297809874
2020-11-11	1745.40532780112	1622.41457976981	1559.60489534296	1657.4567240182	2607.23968556968	2633.42407518163	1838.20052447036	1439.31041622518
2020-11-12	1784.88252143485	1654.17493640474	1592.85885279806	1694.36871304003	2637.33782637828	2698.2574775416	1922.94415407227	1477.70395959338
2020-11-13	1823.5322340835	1684.77104772078	1625.50696190185	1730.56218046705	2665.10188024361	2764.14862372462	2010.2404147745	1516.14238433221
2020-11-14	1861.24664253659	1714.10843956993	1657.48932905149	1765.94383833065	2690.37370324777	2831.11175583473	2100.03835740482	1554.55446657055
2020-11-15	1897.91792358362	1742.09263780418	1688.74606064417	1800.42039866221	2712.99515147286	2899.16111597597	2192.28703279101	1592.86898243728
2020-11-16	1933.44372154404	1768.63761512159	1719.21564823045	1833.90244844659	2732.83469143527	2968.29977602165	2286.92589617379	1631.01423788084
2020-11-17	1967.74355085686	1793.69113160439	1748.83012397455	1866.31607448233	2749.86723138871	3038.48612692202	2383.85602044562	1668.91665812792
2020-11-18	2000.74239349106	1817.20939418087	1777.51990519409	1897.59123852145	2764.09429002118	3109.66738939661	2482.96888291192	1706.50219822477
2020-11-19	2032.36523141557	1839.14860977931	1805.21540920668	1927.65790231595	2775.51738602071	3181.79078416492	2584.15596087811	1743.69681321765
2020-11-20	2062.53704659935	1859.46498532801	1831.84705332994	1956.44602761783	2784.1380380753	3254.80353194647	2687.30873164961	1780.42645815281
2020-11-21	2091.18282101134	1878.11472775524	1857.34525488149	1983.88557617909	2789.95776487297	3328.65285346077	2792.31867253184	1816.6170880765
2020-11-22	2118.2275366205	1895.05404398931	1881.64043117895	2009.90650975174	2792.97808510172	3403.28596942733	2899.0772608302	1852.19465803497
2020-11-23	2143.60581200879	1910.24852210483	1904.66744920758	2034.44621487088	2793.21870491945	3478.61826723509	3007.45906769111	1887.09092999472
2020-11-24	2167.29081221029	1923.70127476185	1926.37897462334	2057.47177720407	2790.77208036348	3554.43780095065	3117.27103962492	1921.26089360314
2020-11-25	2189.26533887212	1935.42479576675	1946.73212274983	2078.95770720194	2785.74885494104	3630.50079131008	3228.30321698301	1954.66534542789
2020-11-26	2209.51219364135	1945.4315789259	1965.68400891065	2098.87851531513	2778.25967215932	3706.56345904939	3340.34564011671	1987.26508203658
2020-11-27	2228.01417816511	1953.7341180457	1983.1917484294	2117.20871199431	2768.41517552554	3782.38202490464	3453.18834937737	2019.02089999688
2020-11-28	2244.75409409049	1960.34490693251	1999.2124566297	2133.92280769011	2756.32600854692	3857.71270961185	3566.62138511636	2049.89359587641
2020-11-29	2259.71474306459	1965.27643939273	2013.70324883513	2148.99531285319	2742.10281473064	3932.31173390708	3680.43478768503	2079.84396624281
2020-11-30	2272.87892673451	1968.54120923273	2026.62124036931	2162.40073793418	2725.85623758394	4005.93531852636	3794.41859743473	2108.83280766373
2020-12-01	2284.22944674736	1970.15171025889	2037.92354655584	2174.11359338374	2707.696920614	4078.33968420572	3908.36285471681	2136.8209167068
2020-12-02	2293.74910475024	1970.1204362776	2047.56728271832	2184.10838965251	2687.73550732805	4149.2810516812	4022.05759988262	2163.76908993966
2020-12-03	2301.42070239025	1968.45988109524	2055.50956418036	2192.35963719115	2666.08264123329	4218.51564168886	4135.29287328353	2189.63812392996
2020-12-04	2307.22704131449	1965.18253851819	2061.70750626556	2198.84184645029	2642.84896583694	4285.79967496472	4247.85871527088	2214.38881524532
2020-12-05	2311.15092317006	1960.30090235283	2066.11822429753	2203.52952788059	2618.14512464619	4350.88937224483	4359.54516619602	2237.9819604534
2020-12-06	2313.17514960406	1953.82746640554	2068.69883359986	2206.39719193269	2592.08176116827	4413.54095426522	4470.14226641031	2260.37835612183
2020-12-07	2313.32071510611	1945.80722260941	2069.44117775528	2207.46283501258	2564.78415465101	4473.55222763394	4579.4159657913	2281.55871314239
2020-12-08	2311.76138553581	1936.41515540439	2068.47601338297	2206.91839734769	2536.43612730482	4530.88734244709	4687.03585232126	2301.58339970345
2020-12-09	2308.70911959528	1925.85874735712	2065.96882536124	2204.99930512076	2507.23613708076	4585.55203467278	4792.64742350866	2320.5326983175
2020-12-10	2304.37587598664	1914.34548103426	2062.08509856838	2201.94098451456	2477.38264192985	4637.5520402791	4895.89617686198	2338.48689149706
2020-12-11	2298.97361341202	1902.08283900244	2056.9903178827	2197.97886171183	2447.07409980315	4686.89309523416	4996.42760988969	2355.52626175462
2020-12-12	2292.71429057353	1889.27830382833	2050.8499681825	2193.34836289535	2416.50896865169	4733.58093550608	5093.88722010026	2371.73109160269
2020-12-13	2285.80986617328	1876.13935807858	2043.82953434608	2188.28491424786	2385.88570642653	4777.62129706295	5187.92050500215	2387.18166355377
2020-12-14	2278.44311770411	1862.84648403722	2036.07082682478	2182.99142266791	2355.38301185226	4819.01275825972	5278.19241528339	2401.94163861126
2020-12-15	2270.68009782163	1849.47216285794	2027.62095836216	2177.54071791709	2325.10054674767	4857.72526699876	5364.44571435015	2416.00819174206
2020-12-16	2262.55767797219	1836.06187541178	2018.50336727479	2171.9731104728	2295.11821370511	4893.72161356924	5446.44261878816	2429.36187640398
2020-12-17	2254.1127296021	1822.66110256983	2008.74149187928	2166.32891081242	2265.51591531693	4926.96458826038	5523.94534518312	2441.98324605481
2020-12-18	2245.38212415772	1809.31532520314	1998.3587704922	2160.64842941333	2236.37355417547	4957.41698136136	5596.71611012076	2453.85285415234
2020-12-19	2236.40273308535	1796.07002418277	1987.37864143015	2154.97197675291	2207.77103287309	4985.04158316138	5664.51713018679	2464.95125415437
2020-12-20	2227.21142783135	1782.9706803798	1975.82454300971	2149.33986330855	2179.78825400212	5009.80118394965	5727.11062196695	2475.2589995187
2020-12-21	2217.84507984203	1770.06277466529	1963.71991354749	2143.79239955764	2152.50512015491	5031.65857401536	5784.25880204694	2484.75664370313
2020-12-22	2208.34056056374	1757.3917879103	1951.08819136005	2138.36989597755	2126.00153392382	5050.57654364771	5835.72388701249	2493.42474016545
2020-12-23	2198.7347414428	1745.00320098589	1937.952814764	2133.11266304568	2100.35739790118	5066.51788313588	5881.2680934493	2501.24384236346
2020-12-24	2189.06449392555	1732.94249476314	1924.33722207593	2128.0610112394	2075.65261467935	5079.44538276909	5920.65363794312	2508.19450375496
2020-12-25	2179.36668945831	1721.25515011311	1910.26485161241	2123.25525103609	2051.96708685067	5089.32183283653	5953.64273707965	2514.25727779774
2020-12-26	2169.67819948742	1709.98664790686	1895.75914169005	2118.73569291315	2029.38071700748	5096.11002362739	5979.9976074446	2519.4127179496
2020-12-27	2160.03589545921	1699.18246901547	1880.84353062543	2114.54264734796	2007.97340774214	5099.77274543088	5999.48046562371	2523.64137766834
2020-12-28	2150.42961434954	1688.83695167341	1865.51304124061	2110.66869265667	1987.78592835438	5100.24270427699	6011.88004687464	2526.90821647344
2020-12-29	2140.66105525238	1678.7398635689	1849.6490343795	2106.91547851055	1968.70251497347	5097.33226915895	6017.09116114284	2529.11581813111
2020-12-30	2130.48488279125	1668.62982975359	1833.1044553915	2103.03692241965	1950.56827043606	5090.82372481081	6015.03513704573	2530.15117246926
2020-12-31	2119.65576158963	1658.2454752791	1815.73224962598	2098.78694189401	1933.22829757881	5080.49935596661	6005.63330320072	2529.90126931579
2021-01-01	2107.92835627103	1647.32542519708	1797.38536243235	2093.91945444367	1916.52769923838	5066.14144736037	5988.80698822519	2528.2530984986
2021-01-02	2095.05733145896	1635.60830455916	1777.91673915997	2088.18837757867	1900.31157825143	5047.53228372613	5964.47752073658	2525.09364984559
2021-01-03	2080.79735177691	1622.83273841699	1757.17932515825	2081.34762880907	1884.42503745461	5024.45414979793	5932.56622935227	2520.30991318466
2021-01-04	2064.95542746643	1608.78984254919	1735.06929015756	2073.19844857895	1868.74185939851	4996.7444783737	5893.04738486853	2513.80684592198
2021-01-05	2047.5479512412	1593.48069564234	1711.65570141235	2063.73136906863	1853.25054548942	4964.46129450682	5846.10702679699	2505.56127577676
2021-01-06	2028.64366143291	1576.95886711001	1687.05085055803	2052.98424539248	1837.96827684758	4927.71777131459	5791.9841368281	2495.56799804645
2021-01-07	2008.31129637329	1559.27792636578	1661.36702923005	2040.99493266487	1822.91223459321	4886.62708191431	5730.91769665236	2483.82180802853
2021-01-08	1986.61959439404	1540.49144282323	1634.71652906384	2027.80128600018	1808.09959984653	4841.30239942325	5663.14668796022	2470.31750102046
2021-01-09	1963.63729382688	1520.65298589592	1607.21164169483	2013.44116051276	1793.54755372777	4791.85689695869	5588.91009244217	2455.04987231971
2021-01-10	1939.43313300351	1499.81612499743	1578.96465875845	1997.952411317	1779.27327735716	4738.40374763793	5508.44689178868	2438.01371722374
2021-01-11	1914.07660389367	1478.03689100152	1550.08224566815	1981.37417132157	1765.28095124424	4681.07956701953	5422.0285136667	2419.22007457521
2021-01-12	1887.64021301914	1455.38116062276	1520.64856294943	1963.75068461245	1751.5227534558	4620.1147404271	5330.05616964914	2398.74495739753
2021-01-13	1860.19722053972	1431.9172720359	1490.74214490578	1945.1274730699	1737.93786144793	4555.76309562554	5232.96351728539	2376.68062225931
2021-01-14	1831.82088661522	1407.71356341569	1460.44152584072	1925.5500585742	1724.46545267674	4488.27846037975	5131.18421412482	2353.11932572913
2021-01-15	1802.58447140544	1382.8383729369	1429.82524005774	1905.06396300563	1711.04470459832	4417.91466245462	5025.15191771681	2328.1533243756
2021-01-16	1772.56123507018	1357.36003877427	1398.97182186037	1883.71470824447	1697.61479466879	4344.92552961505	4915.30028561077	2301.87487476733
2021-01-17	1741.82443776924	1331.34689910257	1367.95980555209	1861.54781617099	1684.11490034424	4269.56488962593	4802.06297535607	2274.3762334729
2021-01-18	1710.44733966243	1304.86729209655	1336.86772543643	1838.60880866547	1670.48419908077	4192.08657025216	4685.8736445021	2245.74965706092
2021-01-19	1678.50320090954	1277.98955593096	1305.77411581687	1814.94320760819	1656.66186833448	4112.74439925863	4567.16595059823	2216.08740209999
2021-01-20	1646.06528167039	1250.78202878056	1274.75751099694	1790.59653487942	1642.58708556148	4031.79220441024	4446.37355119388	2185.48172515871
2021-01-21	1613.20684210477	1223.31304882011	1243.89644528014	1765.61431235945	1628.19902821787	3949.48381347188	4323.9301038384	2154.02488280567
2021-01-22	1580.00114237248	1195.65095422437	1213.26945296996	1740.04206192854	1613.43687375974	3866.07305420845	4200.2692660812	2121.80913160949
2021-01-23	1546.52144263334	1167.86408316808	1182.95506836993	1713.92530546698	1598.2397996432	3781.81375438484	4075.82469547164	2088.92672813874
2021-01-24	1512.84100304713	1140.020773826	1153.03182578354	1687.30956485504	1582.54698332435	3696.95974176595	3951.03004955914	2055.46992896205
2021-01-25	1479.03671002277	1112.1918702372	1123.57028641205	1660.25038928561	1566.31210657008	3611.76912347654	3826.29533950232	2021.53941283848
2021-01-26	1445.1999549656	1084.458239898	1094.60911904778	1632.84343720196	1549.54686839048	3526.51712408083	3701.93599089687	1987.26954728899
2021-01-27	1411.42575553004	1056.90325616901	1066.17901938076	1605.19439436	1532.27747210643	3441.48324750289	3578.24378294774	1952.80312202504
2021-01-28	1377.80912937053	1029.61029241086	1038.31068310105	1577.40894651561	1514.53012103879	3356.94699766682	3455.51049485987	1918.28292675807
2021-01-29	1344.44509414152	1002.66272198416	1011.03480589871	1549.59277942468	1496.33101850846	3273.1878784967	3334.02790583822	1883.85175119952
2021-01-30	1311.42866749744	976.143918249552	984.3820834638	1521.8515788431	1477.70636783629	3190.48539391661	3214.08779508773	1849.65238506084
2021-01-31	1278.85486709273	950.137254567645	958.383211486364	1494.29103052677	1458.68237234318	3109.11904785064	3095.98194181333	1815.82761805347
2021-02-01	1246.80982705697	924.717673291647	933.064429881495	1467.00823917518	1439.301188259	3029.33971279248	2979.9686904484	1782.50817565151
2021-02-02	1215.34414742036	899.926392745112	908.434155464441	1440.06598526228	1419.66878344964	2951.28373551433	2866.17264634001	1749.77652637972
2021-02-03	1184.49954468825	875.796200244172	884.496349275481	1413.51846820563	1399.90707869002	2875.05883135798	2754.68498006362	1717.70307452549
2021-02-04	1154.31773536599	852.359883104962	861.254972354896	1387.41988742278	1380.13799475502	2800.77271566524	2645.59686219472	1686.35822437624
2021-02-05	1124.8404359589	829.650228643614	838.713985742965	1361.82444233129	1360.48345241956	2728.5331037779	2538.99946330878	1655.81238021937
2021-02-06	1096.10936297236	807.700024176266	816.877350479973	1336.78633234873	1341.06537245852	2658.44771103777	2434.98395398128	1626.1359463423
2021-02-07	1068.16623291169	786.542057019051	795.749027606199	1312.35975689263	1322.00567564681	2590.62425278665	2333.6415047877	1597.39932703242
2021-02-08	1041.05276228225	766.209114488103	775.332978161924	1288.59891538057	1303.42628275933	2525.17044436635	2235.06328630353	1569.67292657714
2021-02-09	1014.81066758938	746.733983899556	755.633163187428	1265.5580072301	1285.44911457098	2462.19400111865	2139.34046910422	1543.02714926388
2021-02-10	989.481665338432	728.149452569545	736.653543722994	1243.29123185877	1268.19609185667	2401.80263838538	2046.56422376528	1517.53239938004
2021-02-11	965.107472034743	710.488307814205	718.398080808903	1221.85278868414	1251.78913539128	2344.10407150832	1956.82572086217	1493.25908121303
2021-02-12	941.729804183662	693.78333694967	700.870735485434	1201.29687712377	1236.35016594973	2289.20601582929	1870.21613097038	1470.27759905025
2021-02-13	919.390378290535	678.067327292074	684.075468792869	1181.67769659521	1222.0011043069	2237.21618669006	1786.82662466537	1448.65835717911
2021-02-14	898.130910860709	663.373066157551	668.016241771491	1163.04944651603	1208.86387123771	2188.24229943247	1706.74837252264	1428.47175988702
2021-02-15	877.987364669704	649.732069308546	652.699980043526	1145.46162492255	1197.06389243312	2142.36540609289	1630.04835813567	1409.76601102182
2021-02-16	858.97268757374	637.170766292733	638.145467558994	1128.94492432621	1186.74061324834	2099.55990548605	1556.69681716995	1392.50051267313
2021-02-17	841.094073699211	625.7143151041	624.374452849861	1113.5253358572	1178.03698395465	2059.77353312129	1486.63979830899	1376.61246649098
2021-02-18	824.358717172513	615.38787373663	611.408684448093	1099.22885064573	1171.09595482333	2022.95402450792	1419.8233502363	1362.03907412542
2021-02-19	808.773812120041	606.216600184311	599.269910885659	1086.08145982201	1166.06047612566	1989.04911515527	1356.19352163539	1348.71753722649
2021-02-20	794.346552668189	598.225652441127	587.979880694523	1074.10915451624	1163.07349813293	1958.00654057265	1295.69636118976	1336.58505744424
2021-02-21	781.084132943353	591.440188501064	577.560342406653	1063.33792585862	1162.27797111641	1929.77403626941	1238.27791758291	1325.57883642871
2021-02-22	768.991226439304	585.87830418677	568.032428823033	1053.78945545751	1163.79808732093	1904.29439266415	1183.87714932845	1315.63420876172
2021-02-23	758.062424119332	581.529846635541	559.414809820727	1045.4681868338	1167.6830068855	1881.49061981273	1132.40465426032	1306.67904075217
2021-02-24	748.2897963141	578.377600813336	551.725539545816	1038.37425398656	1173.9631319227	1861.28078268032	1083.76394004255	1298.63933164076
2021-02-25	739.665413354273	576.404351686116	544.982672144379	1032.50779091483	1182.6688645451	1843.58294623207	1037.85851433917	1291.44108066815
2021-02-26	732.181345570515	575.592884219839	539.2042617625	1027.86893161765	1193.83060686525	1828.31517543312	994.591884814216	1285.01028707504
2021-02-27	725.829663293493	575.925983380465	534.408362546259	1024.45781009409	1207.47876099573	1815.39553524866	953.867559131721	1279.2729501021
2021-02-28	720.60243685387	577.386434133952	530.613028641737	1022.27456034319	1223.6437290491	1804.74209064382	915.589044955717	1274.15506899001
2021-03-01	716.491736582313	579.95702144626	527.836314195016	1021.31931636399	1242.35591313792	1796.27290658377	879.659849950237	1269.58264297946
2021-03-02	713.489632809484	583.620530283348	526.096273352177	1021.59221215557	1263.64571537477	1789.90604803366	845.98348177931	1265.48167131113
2021-03-03	711.588195866051	588.359745611176	525.4109602593	1023.09338171695	1287.54353787222	1785.55957995865	814.463448106975	1261.7781532257
2021-03-04	710.779496082677	594.157452395702	525.798429062468	1025.82295904719	1314.07978274282	1783.1515673239	785.00325659726	1258.39808796385
2021-03-05	711.055603790027	600.996435602886	527.276733907762	1029.78107814535	1343.28485209914	1782.60007509457	757.506414914199	1255.26747476627
2021-03-06	712.408589318766	608.859480198687	529.863928941262	1034.96787301047	1375.18914805376	1783.8231682358	731.876430721825	1252.31231287363
2021-03-07	714.83052299956	617.729371149064	533.578068309051	1041.3834776416	1409.82307271923	1786.73891171277	708.016811684169	1249.45860152661
2021-03-08	718.30763034369	627.580977316576	538.428758573217	1049.01881109374	1447.17777792395	1791.24870129934	685.832589588605	1246.64323382919
2021-03-09	722.802757584914	638.357503150174	544.391815959885	1057.82793264565	1487.08741435957	1797.18725600428	665.234892715866	1243.84667833851
2021-03-10	728.272906137604	649.994236995409	551.434609111189	1067.75568663203	1529.34688243357	1804.37262564506	646.136373470024	1241.06029747498
2021-03-11	734.675077416136	662.426467197834	559.524506669261	1078.7469173876	1573.75108255342	1812.62286003917	628.44968425515	1238.27545365903
2021-03-12	741.966272834881	675.589482102998	568.628877276235	1090.74646924705	1620.09491512661	1821.75600900408	612.087477475318	1235.48350931109
2021-03-13	750.103493808215	689.418570056452	578.715089574243	1103.69918654509	1668.17328056062	1831.59012235727	596.962405534601	1232.67582685158
2021-03-14	759.043741750511	703.849019403749	589.750512205418	1117.54991361642	1717.78107926291	1841.94324991622	582.98712083707	1229.84376870092
2021-03-15	768.742291112	718.816304851284	601.696105084403	1132.24236233645	1768.694555284	1852.63411477539	570.078632298449	1226.97432856782
2021-03-16	779.147508486335	734.25664654883	614.487193215876	1147.71571474332	1820.61532724655	1863.48413313719	558.171374881073	1224.03702531403
2021-03-17	790.206033503028	750.10645100701	628.052692877026	1163.90802041585	1873.22635741622	1874.31539448101	547.204140058923	1220.99700908961
2021-03-18	801.86450579159	766.302124736443	642.321520345041	1180.75732893289	1926.21060805872	1884.94998828624	537.115719305986	1217.81943004461
2021-03-19	814.069564981533	782.780074247749	657.22259189711	1198.20168987327	1979.25104143972	1895.21000403227	527.844904096243	1214.46943832906
2021-03-20	826.767850702366	799.476706051547	672.68482381042	1216.17915281582	2032.03061982491	1904.91753119848	519.33048590368	1210.912184093
2021-03-21	839.9060025836	816.328426658458	688.63713236216	1234.62776733937	2084.23230547997	1913.89465926427	511.511256202282	1207.11281748649
2021-03-22	853.430660254747	833.271642579102	705.008433829517	1253.48558302276	2135.53906067058	1921.96347770903	504.326006466032	1203.03648865957
2021-03-23	867.288463345319	850.2427603241	721.727644489682	1272.69064944482	2185.63384766243	1928.94607601215	497.713528168914	1198.64834776228
2021-03-24	881.426051484824	867.17818640407	738.723680619841	1292.18101618439	2234.19962872119	1934.66454365302	491.612612784912	1193.91354494467
2021-03-25	895.790064302775	884.014327329632	755.925458497182	1311.89473282029	2280.91936611257	1938.94097011102	485.962051788011	1188.79723035677
2021-03-26	910.327141428683	900.687589611408	773.261894398894	1331.76984893137	2325.47602210223	1941.59744486555	480.700636652195	1183.26455414864
2021-03-27	924.983922492058	917.134379760016	790.661904602164	1351.74441409645	2367.55255895587	1942.456057396	475.767158851448	1177.28066647032
2021-03-28	939.707047122412	933.291104286079	808.054405384184	1371.75647789437	2406.83193893916	1941.33889718175	471.100409859753	1170.81071747184
2021-03-29	954.442201889093	949.097563935124	825.367230787972	1391.74769492245	2442.9978290948	1938.0972421019	466.640612708978	1163.8223965672
2021-03-30	969.131261120802	964.507136392327	842.523885919889	1411.67413985193	2475.7367155735	1932.69912363435	462.333716662515	1156.29355022607
2021-03-31	983.715146086081	979.476593577774	859.446793652126	1431.49549237253	2504.73578930299	1925.14176165668	458.127102541638	1148.20456418208
2021-04-01	998.134778053471	993.962707411551	876.058376856878	1451.171432174	2529.682241211	1915.42237604651	453.968151167622	1139.53582416886
2021-04-02	1012.33107829151	1007.92224981374	892.281058406334	1470.66163894605	2550.26326222524	1903.53818668142	449.804243361742	1130.26771592002
2021-04-03	1026.24496806873	1021.31199270443	908.03726117269	1489.92579237841	2566.16604327345	1889.48641343901	445.582759945272	1120.38062516919
2021-04-04	1039.81736865369	1034.08870800371	923.249408028136	1508.92357216082	2577.07777528334	1873.26427619688	441.251081739487	1109.85493764999
2021-04-05	1052.99205860057	1046.20995134623	937.847045440851	1527.60957076321	2582.76414585336	1854.88798792768	436.766741840098	1098.67766394542
2021-04-06	1065.72424560619	1057.63641322496	951.788214262947	1545.91803177637	2583.30482926482	1834.44973398424	432.127882440573	1086.86231403597
2021-04-07	1077.97199465303	1068.32956784743	965.038078942521	1563.77811157132	2578.85799646975	1812.06069281445	427.342798008812	1074.42902275151
2021-04-08	1089.69337072357	1078.25088942118	977.561803927672	1581.11896651907	2569.58181842018	1787.83204286621	422.419783012718	1061.39792492191
2021-04-09	1100.84643880027	1087.36185215375	989.324553666499	1597.86975299061	2555.63446606814	1761.87496258739	417.367131920195	1047.78915537703
2021-04-10	1111.38926386561	1095.62393025267	1000.2914926071	1613.95962735696	2537.17411036565	1734.3006304259	412.193139199146	1033.62284894674
2021-04-11	1121.27991090208	1102.99859792548	1010.42778519756	1629.31774598912	2514.35892226476	1705.22022482962	406.906099317472	1018.91914046091
2021-04-12	1130.47644489213	1109.44732937972	1019.698595886	1643.87326525811	2487.34707271748	1674.74492424643	401.514306743077	1003.6981647494
2021-04-13	1138.93693081825	1114.93159882292	1028.06908912049	1657.55534153492	2456.29673267584	1642.98590712423	396.026055943864	987.980056642089
2021-04-14	1146.61943366291	1119.41288046263	1035.50442934915	1670.29313119058	2421.36607309188	1610.0543519109	390.449641387735	971.784950968833
2021-04-15	1153.48201840859	1122.85264850636	1041.96978102007	1682.01579059607	2382.71326491763	1576.06143705434	384.793357542592	955.132982559504
2021-04-16	1159.48275003776	1125.21237716167	1047.43030858135	1692.65247612242	2340.49647910511	1541.11834100243	379.06549887634	938.044286243969
2021-04-17	1164.57969353289	1126.45354063609	1051.85117648108	1702.13234414062	2294.87388660635	1505.33624220306	373.27435985688	920.538996852096
2021-04-18	1168.73091387646	1126.53761313715	1055.19754916737	1710.3845510217	2246.00365837339	1468.82631910412	367.428234952115	902.637249213749
2021-04-19	1171.90156625001	1125.43285226041	1057.44092445642	1717.34664477986	2194.07876900765	1431.69732887204	361.53794981114	884.363736416555
2021-04-20	1174.08516663128	1123.13464915343	1058.57813363691	1722.9897400022	2139.43140770816	1394.04834354745	355.624454807813	865.76138457916
2021-04-21	1175.2823211971	1119.64517835182	1058.61234136562	1727.29334291904	2082.42856732335	1355.97601388951	349.711231497183	846.877678077969
2021-04-22	1175.49363612427	1114.96661439116	1057.54671229934	1730.23695976067	2023.43724070163	1317.57699065738	343.8217614343	827.760101289383
2021-04-23	1174.7197175896	1109.10113180703	1055.38441109486	1731.80009675742	1962.82442069145	1278.94792461024	337.979526174214	808.456138589809
2021-04-24	1172.96117176992	1102.05090513503	1052.12860240897	1731.96226013958	1900.95710014122	1240.18546650724	332.208007271975	789.013274355651
2021-04-25	1170.21860484202	1093.81810891075	1047.78245089846	1730.70295613747	1838.20227189937	1201.38626710755	326.530686282632	769.47899296331
2021-04-26	1166.49373701496	1084.40866834244	1042.3513269606	1727.99818558342	1774.89649750129	1162.64188616063	320.95998134167	749.894874958032
2021-04-27	1161.79274462666	1073.84351132908	1035.84942395466	1723.80992771788	1711.25461323023	1124.02351937713	315.464056906312	730.278885560425
2021-04-28	1156.12291804729	1062.14731644231	1028.29314098042	1718.09665638333	1647.46102405639	1085.59727145798	310.000014014216	710.643086159936
2021-04-29	1149.49154764699	1049.34476225375	1019.69887713762	1710.81684542224	1583.70013494997	1047.4292471041	304.52495370304	690.999538146013
2021-04-30	1141.90592379594	1035.46052733505	1010.08303152604	1701.92896867708	1520.15635088117	1009.58555101644	298.995977010441	671.360302908103
2021-05-01	1133.37333686428	1020.51929025785	999.462003245437	1691.39149999033	1457.0140768202	972.132287895931	293.370184974076	651.737441835655
2021-05-02	1123.90107722219	1004.54572959379	987.852191395576	1679.16291320447	1394.45771773727	935.135562443505	287.604678631606	632.143016318116
2021-05-03	1113.50366088658	987.574164376523	975.278437102898	1665.22128785847	1332.6529419871	898.654537873875	281.666205072461	612.591458981344
2021-05-04	1102.22450646146	969.677475487825	961.799349600553	1649.62312627733	1271.69047146245	862.720611456862	275.560095593178	593.106687396826
2021-05-05	1090.1142581976	950.938184271483	947.481980148368	1632.44453648255	1211.6422914406	827.358238976062	269.301327542065	573.714990372459
2021-05-06	1077.22356034577	931.438812071288	932.39338000617	1613.76162649563	1152.58038719885	792.591876215081	262.904878267434	554.442656716144
2021-05-07	1063.60305715676	911.261880231031	916.600600433788	1593.65050433807	1094.57674401448	758.445978957516	256.385725117593	535.315975235777
2021-05-08	1049.30339288132	890.489910094502	900.170692691048	1572.18727803138	1037.70334716477	724.945002986965	249.758845440854	516.361234739255
2021-05-09	1034.37521177023	869.205423005491	883.170708037777	1549.44805559705	982.032181926991	692.113404087025	243.039216585525	497.604724034476
2021-05-10	1018.86915807427	847.490940307791	865.667697733804	1525.50894505658	927.635233578448	659.975638041301	236.241815899917	479.072731929338
2021-05-11	1002.8358760442	825.428983345192	847.728713038957	1500.44605443148	874.584487396416	628.556160633389	229.38162073234	460.791547231738
2021-05-12	986.326009930802	803.102073461483	829.420805213061	1474.33549174324	822.951928658179	597.879427646889	222.473608431104	442.787458749575
2021-05-13	969.390203984844	780.592732000455	810.811025515944	1447.25336501337	772.809542641018	567.969894865398	215.532756344518	425.086755290744
2021-05-14	952.079102457102	757.9834803059	791.966425207435	1419.27578226336	724.229314622223	538.852018072519	208.574041820894	407.715725663146
2021-05-15	934.443349598345	735.356839721609	772.95405554736	1390.47885151472	677.283229879074	510.55025305185	201.61244220854	390.700658674677
2021-05-16	916.533589659348	712.795331591371	753.840967795547	1360.93868078894	632.043273688856	483.08905558699	194.662934855768	374.067843133234
2021-05-17	898.392978513006	690.373982705739	734.688598642874	1330.71908520625	588.567804723972	456.48915675014	187.743454035451	357.839619324406
2021-05-18	880.034718520716	668.137841642308	715.535926504419	1299.83470828172	546.860675237298	430.756388767907	180.883761718728	342.022533444538
2021-05-19	861.464523666003	646.124462425441	696.416315226313	1268.28790062914	506.912110876838	405.892859155506	174.116576801303	326.619183167671
2021-05-20	842.688107932387	624.371399079493	677.363128654684	1236.08101286231	468.712337290588	381.900675428146	167.474618178877	311.63216616784
2021-05-21	823.71118530339	602.916205628824	658.409730635662	1203.21639559503	432.251580126546	358.781945101037	160.990604747155	297.064080119084
2021-05-22	804.539469762533	581.796436097791	639.589485015375	1169.69639944108	397.520065032708	336.538775689389	154.697255401839	282.917522695439
2021-05-23	785.178675293341	561.049644510755	620.935755639955	1135.52337501426	364.508017657078	315.173274708416	148.627289038633	269.195091570944
2021-05-24	765.64336029938	540.711576743812	602.484136244611	1100.72103128855	333.201513087162	294.68677749083	142.813837547163	255.899764716086
2021-05-25	745.983460864404	520.810746080016	584.279140120881	1065.39851067864	303.570024168509	275.077530639352	137.291684792751	243.036041287155
2021-05-26	726.257757492208	501.373857654157	566.367510449385	1029.68631395939	275.578873186178	256.343008574207	132.096027634643	230.608800736891
2021-05-27	706.525030686595	482.42761660103	548.795990410742	993.714941905678	249.193382425233	238.480685715622	127.262062932086	218.622922518036
2021-05-28	686.84406095136	463.998728055425	531.611323185571	957.614895292378	224.378874170731	221.488036483822	122.824987544325	207.08328608333
2021-05-29	667.273628790303	446.113897152135	514.860251954492	921.516674894359	201.100670707732	205.36253529903	118.819998330607	195.994770885512
2021-05-30	647.872514707222	428.799829025951	498.589519898124	885.550781486489	179.324094321296	190.101656581471	115.282292150175	185.362256377323
2021-05-31	628.699499205915	412.083228811666	482.845870197086	849.847715843644	159.014467296485	175.702874751372	112.247065862278	175.190622011505
2021-06-01	609.813362790183	395.990801644072	467.676046031998	814.537978740693	140.137111918357	162.163664228956	109.749516326161	165.484747240797
2021-06-02	591.272885963821	380.549252657962	453.126790583479	779.752070952507	122.657350471973	149.48149943445	107.82484040107	156.24951151794
2021-06-03	573.136849230629	365.785286988126	439.244847032148	745.620493253957	106.540505242392	137.653854788077	106.50823494625	147.489794295674
2021-06-04	555.464033094405	351.725609769357	426.076958558624	712.273746419912	91.7518985146733	126.678204710062	105.834896820948	139.21047502674
2021-06-05	538.313218058948	338.396926136447	413.669868343528	679.842331225247	78.2568525738793	116.552023620631	105.840022884409	131.416433163877
2021-06-06	521.743184628057	325.825941224189	402.070319567478	648.456748444831	66.0206897050686	107.272785940009	106.558809995879	124.112548159828
2021-06-07	505.810537944219	314.035939570509	391.322714344795	618.2371908504	55.0058725222497	98.8388309832696	108.030634642026	117.306756913204
2021-06-08	490.563181704681	303.036523325875	381.462090524598	589.262619201148	45.1634249552231	91.2519576448832	110.311591819206	111.01922610611
2021-06-09	476.046844245381	292.833874043891	372.521144889711	561.601686253136	36.44151126274	84.5148297141706	113.461956151195	105.273179866524
2021-06-10	462.307253902257	283.43417327816	364.532574222954	535.323044762424	28.7882957035493	78.630110980451	117.54200226177	100.091842322424
2021-06-11	449.390139011244	274.843602582286	357.529075307151	510.49534748507	22.1519425364006	73.6004652330442	122.612004774708	95.4984376017851
2021-06-12	437.341227908279	267.06834350987	351.543344925121	487.187247177133	16.4806160200434	69.4285562612699	128.732238313787	91.516189832586
2021-06-13	426.2062489293	260.114577614518	346.608079859688	465.467396594674	11.7224804132281	66.1170478544485	135.962977502782	88.1683231428041
2021-06-14	416.031991690621	253.992045082657	342.754906305125	445.400621893501	7.83145005873541	63.6696075835141	144.362552919519	85.4776030178591
2021-06-15	406.869490930062	248.724720632021	340.011168101525	427.036442828416	4.78443963547321	62.0939181458606	153.981518958011	83.4649603729416
2021-06-16	398.77084266582	244.340137613166	338.403138500428	410.420552553966	2.56411390638064	61.3986660204964	164.86848596632	82.1508674806847
2021-06-17	391.788142916092	240.865829376651	337.957090753379	395.598644224704	1.15313763439731	61.5925376864302	177.072064292505	81.5557966137219
2021-06-18	385.973487699076	238.329329273034	338.69929811192	382.61641099518	0.534175582462349	62.6842196226702	190.64086428463	81.7002200446862
2021-06-19	381.378973032968	236.758170652873	340.656033827596	371.519546019943	0.689892513515081	64.682398308225	205.623496290755	82.6046100462108
2021-06-20	378.056694935966	236.179886866725	343.85357115195	362.353742453542	1.60295319049482	67.5957602221031	222.06857065894	84.2894388909289
2021-06-21	376.058749426267	236.62201126515	348.318183336524	355.164693450528	3.256022376341	71.4329918433133	240.02469773725	86.775178851474
2021-06-22	375.437232522068	238.112077198704	354.076143632862	349.998092165452	5.63176483399272	76.2027796508635	259.540487873742	90.0823022004789
2021-06-23	376.244240241566	240.677618017946	361.153725292507	346.899631752863	8.71284532638939	81.9138101237624	280.664551416478	94.231281210577
2021-06-24	378.531868602958	244.346167073434	369.577201567003	345.915005367311	12.4819286164703	88.5747697410186	303.445498713521	99.2425881544014
2021-06-25	382.352213624442	249.145257715725	379.372845707893	347.089906163345	16.9216794671751	96.1943449816411	327.931940112933	105.136695304586
2021-06-26	387.757371324214	255.102423295378	390.566930966719	350.470027295517	22.0147626414425	104.781222324637	354.172485962771	111.934074933763
2021-06-27	394.799437720472	262.245197162951	403.185730595026	356.101061918376	27.7438429022121	114.344088249016	382.2157466111	119.655199314566
2021-06-28	403.52676752394	270.600749641702	417.250752434846	364.023704838626	34.0953376208813	124.890936488129	412.100626925005	128.320646406522
2021-06-29	413.972750215444	280.194798945694	432.764442690174	374.258657471588	41.0706746026798	136.426989792702	443.827209847681	137.951416916739
2021-06-30	426.167033968338	291.052700261688	449.724482155492	386.821622884735	48.6750342612943	148.956778167801	477.385872841342	148.568617239214
2021-07-01	440.139266955977	303.199808776447	468.128551625283	401.728304145542	56.9135970104127	162.484831618494	512.766993368209	160.193353767948
2021-07-02	455.919097351713	316.661479676733	487.974331894031	418.994404321484	65.7915432637223	177.015680149848	549.9609488905	172.846732896941
2021-07-03	473.536173328902	331.46306814931	509.259503756221	438.635626480036	75.3140534349112	192.553853766932	588.958116870434	186.549861020195
2021-07-04	493.020143060896	347.629929380939	531.981748006334	460.66767368867	85.4863079376658	209.103882474813	629.748874770226	201.323844531706
2021-07-05	514.393591322691	365.18033341724	556.130570772309	485.098741792532	96.311714624544	226.662732963745	672.305801283235	217.18423188608
2021-07-06	537.650849295848	384.104209739264	581.662779515909	511.906997747443	107.786591103584	245.197118664731	716.530280027372	234.124339780333
2021-07-07	562.779184763572	404.384402686919	608.527007032355	541.063101286899	119.905482421695	264.666189693965	762.305895851689	252.131926972088
2021-07-08	589.765865509064	426.00375660011	636.671886116861	572.537712144388	132.662933625782	285.029096167632	809.516233605232	271.194752218963
2021-07-09	618.598159315528	448.945115818747	666.046049564646	606.301490053404	146.053489762757	306.244988201924	858.044878137052	291.30057427858
2021-07-10	649.263333966166	473.191324682738	696.59813017093	642.325094747439	160.071695879525	328.273015913033	907.7754142962	312.437151908559
2021-07-11	681.748657244184	498.725227531989	728.276760730929	680.579185959987	174.712097022996	351.072329417147	958.591426931726	334.592243866522
2021-07-12	716.041396932784	525.52966870641	761.030574039865	721.034423424541	189.969238240078	374.60207883046	1010.37650089268	357.753608910089
2021-07-13	752.128820815168	553.587492545906	794.808202892952	763.661466874589	205.837664577678	398.821414269157	1063.01422102811	381.90900579688
2021-07-14	789.998196674539	582.881543390386	829.558280085409	808.430976043626	222.311921082705	423.689485849432	1116.38817218707	407.046193284516
2021-07-15	829.636792294101	613.394665579757	865.229438412455	855.313610665144	239.386552802067	449.165443687474	1170.38193921861	433.152930130617
2021-07-16	871.03187545706	645.10970345393	901.77031066931	904.280030472639	257.056104782673	475.208437899475	1224.87910697177	460.216975092807
2021-07-17	914.170713946613	678.009501352808	939.129529651189	955.300895199597	275.315122071429	501.777618601622	1279.76326029561	488.226086928702
2021-07-18	959.040575545967	712.0769036163	977.25572815331	1008.34686457951	294.158149715245	528.832135910107	1334.91798403918	517.168024395925
2021-07-19	1005.61865577759	747.281610096591	1016.1042969002	1063.37610192705	313.576669634962	556.326422160443	1390.21596711808	547.026389107086
2021-07-20	1053.84186112097	783.54074269497	1055.65765833363	1120.29678488158	333.549911247156	584.196038565438	1445.48631471412	577.768154094754
2021-07-21	1103.63702579489	820.758278824996	1095.90499282465	1179.00459466363	354.054040842333	612.371828557218	1500.54723607566	609.356135246479
2021-07-22	1154.9309840181	858.838195900236	1136.83548074435	1239.39521249373	375.065224711003	640.784635567911	1555.21694045108	641.753148449819
2021-07-23	1207.65057000936	897.684471334253	1178.43830246379	1301.36431959242	396.559629143674	669.365303029649	1609.31363708874	674.92200959233
2021-07-24	1261.72261798745	937.201082540613	1220.70263835404	1364.80759718023	418.513420430857	698.04467437456	1662.65553523701	708.825534561571
2021-07-25	1317.07396217112	977.292006932876	1263.61766878616	1429.6207264777	440.902764863056	726.75359303477	1715.06084414424	743.426539245091
2021-07-26	1373.62329360445	1017.85787940853	1307.15796512283	1495.69202470585	463.702801179381	755.428961071111	1766.36908735597	778.682445480059
2021-07-27	1431.25673063276	1058.78596480078	1351.23966269302	1562.88035308765	486.884557913332	784.031915059214	1816.50504560639	814.529098902078
2021-07-28	1489.85224842668	1099.96018542675	1395.76428781732	1631.03720884657	510.418036047011	812.529650203412	1865.41481392687	850.89695109636
2021-07-29	1549.28782215685	1141.26446360357	1440.63336681631	1700.01408920608	534.273236562519	840.889361708039	1913.04448734876	887.716453648124
2021-07-30	1609.44142699389	1182.58272164835	1485.74842601057	1769.66249138962	558.420160441952	869.078244777426	1959.34016090343	924.918058142575
2021-07-31	1670.19103810843	1223.79888187822	1531.01099172067	1839.83391262067	582.828808667414	897.063494615906	2004.24792962223	962.43221616493
2021-08-01	1731.41463067112	1264.7968666103	1576.3225902672	1910.37985012269	607.469182221004	924.812306427812	2047.71388853652	1000.1893793004
2021-08-02	1792.99017985258	1305.46059816173	1621.58474797073	1981.15180111914	632.311282084824	952.291875417479	2089.68413267767	1038.11999913421
2021-08-03	1854.79566082344	1345.67399884963	1666.69899115185	2052.00126283348	657.325109240972	979.469396789235	2130.10475707703	1076.15452725155
2021-08-04	1916.70904875433	1385.32099099111	1711.56684613112	2122.77973248917	682.480664671548	1006.31206574742	2168.92185676596	1114.22341523766
2021-08-05	1978.6083188159	1424.28549690331	1756.08983922914	2193.33870730968	707.747949358653	1032.78707749635	2206.08152677582	1152.25711467773
2021-08-06	2040.37144617876	1462.45143890335	1800.16949676649	2263.52968451848	733.09696428439	1058.86162724038	2241.52986213799	1190.18607715699
2021-08-07	2101.87640601356	1499.70273930836	1843.70734506373	2333.20416133902	758.497710430854	1084.50291018383	2275.2129578838	1227.94075426064
2021-08-08	2163.00117349092	1535.92332043545	1886.60491044145	2402.21363499476	783.920188780149	1109.67812153104	2307.07690904462	1265.4515975739
2021-08-09	2223.6448461644	1571.02604546694	1928.77785383257	2470.43614189996	809.341813323611	1134.36552838655	2337.08677783751	1302.66129253692
2021-08-10	2283.7910111193	1605.03954104583	1970.19837461936	2537.85587523202	834.769650089529	1158.58768545576	2365.28349522228	1339.56146000955
2021-08-11	2343.44437782381	1638.02137468031	2010.85280679643	2604.48356735911	860.218178115421	1182.3782193443	2391.72695934444	1376.1559547066
2021-08-12	2402.60965574616	1670.02911387856	2050.7274843584	2670.32995064942	885.701876438815	1205.77075665777	2416.4770683495	1412.44863134286
2021-08-13	2461.29155435455	1701.12032614879	2089.80874129987	2735.40575747115	911.235224097232	1228.7989240018	2439.59372038297	1448.44334463312
2021-08-14	2519.49478311719	1731.35257899917	2128.08291161546	2799.72172019248	936.832700128196	1251.496347982	2461.13681359036	1484.14394929218
2021-08-15	2577.2240515023	1760.7834399379	2165.53632929979	2863.28857118159	962.508783569233	1273.896655204	2481.16624611718	1519.55430003483
2021-08-16	2634.48886853952	1789.46989789949	2202.16624699708	2926.12376622558	988.275180832101	1296.03148240379	2499.74902404976	1554.68127341636
2021-08-17	2691.31794150424	1817.46662752376	2238.01359195004	2988.27165478724	1014.13250782552	1317.92450683893	2516.98058523776	1589.54383335394
2021-08-18	2747.74477723327	1844.82772487685	2273.13021005102	3049.78330974827	1040.07860783245	1339.59741589734	2532.96347547166	1624.16396560525
2021-08-19	2803.80288256344	1871.60728602491	2307.56794719234	3110.70980399038	1066.11132413584	1361.07189696697	2547.80024054195	1658.56365592797
2021-08-20	2859.52576433155	1897.85940703409	2341.37864926634	3171.10221039526	1092.22850001865	1382.36963743576	2561.59342623909	1692.76489007975
2021-08-21	2914.94692937442	1923.63818397054	2374.61416216535	3231.01160184461	1118.42797876383	1403.51232469163	2574.44557835358	1726.78965381827
2021-08-22	2970.09988452888	1948.99771290039	2407.3263317817	3290.48905122014	1144.70760365435	1424.52164612254	2586.45924267589	1760.6599329012
2021-08-23	3025.01813663175	1973.99208988979	2439.56700400773	3349.58563140355	1171.06521797317	1445.4192891164	2597.73696499651	1794.39771308621
2021-08-24	3079.73519251983	1998.6754110049	2471.38802473578	3408.35241527653	1197.49866500322	1466.22694106117	2608.38129110591	1828.02498013097
2021-08-25	3134.28455902995	2023.10177231185	2502.84123985817	3466.84047572079	1224.00578802748	1486.96628934477	2618.49476679459	1861.56371979315
2021-08-26	3188.69974299892	2047.32526987679	2533.97849526723	3525.10088561804	1250.58443032891	1507.65902135515	2628.179937853	1895.03591783042
2021-08-27	3243.01425126356	2071.39999976588	2564.85163685532	3583.18471784998	1277.23243519044	1528.32682448023	2637.53935007165	1928.46356000045
2021-08-28	3297.26159066069	2095.38005804524	2595.51251051474	3641.14304529829	1303.94764589505	1548.99138610796	2646.67554924101	1961.8686320609
2021-08-29	3351.47526802713	2119.31954078104	2626.01296213785	3699.02694084469	1330.72790572569	1569.67439362627	2655.69108115156	1995.27311976946
