date	state	King	Snohomish	Pierce	Ann Arbor	Boston	San Diego	DC
2020-01-26	0	0	0	0	0	0	0	0
2020-01-27	0	0	0	0	0	0	0	0
2020-01-28	0	0	0	0	0	0	0	0
2020-01-29	0	0	0	0	0	0	0	0
2020-01-30	0	0	0	0	0	0	0	0
2020-01-31	0	0	0	0	0	0	0	0
2020-02-01	0	0	0	0	0	0	0	0
2020-02-02	0	0	0	0	0	0	0	0
2020-02-03	0	0	0	0	0	0	0	0
2020-02-04	0	0	0	0	0	0	0	0
2020-02-05	0	0	0	0	0	0	0	0
2020-02-06	0	0	0	0	0	0	0	0
2020-02-07	0	0	0	0	0	0	0	0
2020-02-08	0	0	0	0	0	0	0	0
2020-02-09	0	0	0	0	0	0	0	0
2020-02-10	0	0	0	0	0	0	0	0
2020-02-11	0	0	2	0	0	0	0	0
2020-02-12	0	2	6	0	0	0	0	0
2020-02-13	0	6	10	0	0	0	0	0
2020-02-14	2	9	15	0	0	0	0	0
2020-02-15	4	13	20	0	0	0	0	0
2020-02-16	7	18	26	0	0	0	0	0
2020-02-17	9	22	32	1	0	0	0	0
2020-02-18	12	27	38	3	0	0	0	0
2020-02-19	15	32	45	4	2	0	0	0
2020-02-20	19	38	52	7	7	0	0	0
2020-02-21	22	43	59	9	11	0	0	0
2020-02-22	26	50	68	12	17	0	0	0
2020-02-23	30	56	76	15	22	8	2	0
2020-02-24	35	64	85	18	29	28	3	0
2020-02-25	39	71	95	21	36	49	4	0
2020-02-26	44	79	105	25	43	73	6	0
2020-02-27	50	87	116	28	51	100	8	5
2020-02-28	55	96	127	32	60	128	9	13
2020-02-29	61	105	138	37	69	160	11	22
2020-03-01	67	115	150	42	79	194	14	33
2020-03-02	74	125	163	46	90	231	16	44
2020-03-03	81	135	175	52	101	270	18	56
2020-03-04	88	145	188	57	113	313	21	70
2020-03-05	95	156	202	63	125	359	24	84
2020-03-06	102	167	216	69	138	408	27	100
2020-03-07	110	178	229	75	152	460	30	117
2020-03-08	118	190	243	82	167	515	34	136
2020-03-09	126	202	257	88	182	575	37	155
2020-03-10	135	213	272	95	198	637	41	177
2020-03-11	143	225	286	103	215	702	45	199
2020-03-12	151	237	300	110	232	771	49	223
2020-03-13	160	249	313	118	249	842	54	248
2020-03-14	168	260	327	125	267	916	58	274
2020-03-15	177	272	340	133	285	992	63	301
2020-03-16	185	283	352	141	303	1070	67	330
2020-03-17	194	294	364	148	321	1150	72	359
2020-03-18	202	305	376	156	338	1232	77	390
2020-03-19	210	315	387	163	356	1316	82	422
2020-03-20	217	325	397	171	373	1402	87	455
2020-03-21	225	335	406	178	390	1488	92	488
2020-03-22	232	344	415	185	407	1576	97	523
2020-03-23	238	352	422	192	422	1664	102	559
2020-03-24	245	360	429	199	438	1753	108	595
2020-03-25	251	367	434	205	452	1842	113	632
2020-03-26	256	373	439	211	465	1931	118	670
2020-03-27	261	379	442	216	478	2019	123	708
2020-03-28	265	385	445	221	489	2105	128	746
2020-03-29	269	389	446	226	499	2190	132	784
2020-03-30	273	393	446	230	508	2273	137	822
2020-03-31	276	397	445	233	515	2353	142	860
2020-04-01	278	399	443	235	520	2431	146	898
2020-04-02	280	401	441	237	525	2504	150	935
2020-04-03	282	403	437	239	528	2574	154	971
2020-04-04	283	403	433	239	530	2640	158	1007
2020-04-05	283	403	428	240	531	2700	162	1043
2020-04-06	283	402	422	240	530	2755	166	1077
2020-04-07	283	401	416	239	529	2805	170	1110
2020-04-08	282	399	409	238	526	2849	174	1143
2020-04-09	281	397	402	236	522	2888	177	1174
2020-04-10	280	394	395	235	518	2921	181	1204
2020-04-11	278	390	387	232	512	2948	184	1234
2020-04-12	276	386	378	230	506	2970	188	1262
2020-04-13	274	382	370	227	499	2986	191	1289
2020-04-14	271	377	361	224	491	2995	194	1314
2020-04-15	269	372	352	221	483	2999	198	1338
2020-04-16	266	366	343	217	474	2996	201	1361
2020-04-17	263	360	334	214	464	2987	204	1383
2020-04-18	260	354	325	210	454	2972	207	1403
2020-04-19	258	348	316	207	444	2951	209	1421
2020-04-20	255	342	306	203	434	2923	212	1438
2020-04-21	252	335	297	199	423	2889	215	1454
2020-04-22	249	328	288	196	412	2850	217	1467
2020-04-23	246	322	279	192	400	2806	220	1479
2020-04-24	243	315	271	188	389	2757	222	1490
2020-04-25	240	308	262	185	378	2703	225	1498
2020-04-26	237	301	253	181	366	2646	227	1505
2020-04-27	234	294	245	178	355	2586	229	1510
2020-04-28	232	287	237	174	344	2523	231	1513
2020-04-29	229	280	229	171	333	2457	233	1515
2020-04-30	227	272	221	167	322	2389	235	1514
2020-05-01	225	265	213	164	311	2319	236	1512
2020-05-02	222	259	205	161	300	2247	238	1507
2020-05-03	221	252	198	158	290	2175	239	1501
2020-05-04	219	245	191	155	280	2101	241	1493
2020-05-05	217	238	184	152	270	2028	242	1483
2020-05-06	216	232	177	149	260	1953	243	1472
2020-05-07	215	225	171	146	251	1879	245	1458
2020-05-08	214	219	165	144	242	1805	246	1443
2020-05-09	213	213	159	141	233	1731	247	1427
2020-05-10	213	208	153	139	224	1658	248	1409
2020-05-11	213	202	148	137	216	1585	250	1390
2020-05-12	213	197	143	135	208	1513	251	1370
2020-05-13	214	192	139	133	201	1443	253	1348
2020-05-14	214	188	134	132	193	1374	254	1325
2020-05-15	216	184	130	130	186	1306	256	1302
2020-05-16	217	180	127	129	179	1240	258	1277
2020-05-17	219	177	123	128	173	1176	260	1252
2020-05-18	222	174	121	127	167	1114	263	1226
2020-05-19	224	171	118	127	161	1055	266	1199
2020-05-20	227	169	116	127	156	998	269	1171
2020-05-21	231	168	114	127	151	942	272	1143
2020-05-22	234	166	113	127	146	890	276	1115
2020-05-23	238	166	112	127	142	839	280	1086
2020-05-24	243	165	111	128	138	791	285	1057
2020-05-25	247	165	111	129	135	745	291	1028
2020-05-26	252	166	111	130	132	701	296	999
2020-05-27	257	166	111	131	129	659	303	970
2020-05-28	262	168	112	132	126	620	310	941
2020-05-29	268	169	114	134	125	582	318	912
2020-05-30	274	171	115	136	123	547	326	883
2020-05-31	280	174	117	138	122	514	335	855
2020-06-01	286	177	120	141	121	483	345	827
2020-06-02	293	180	123	144	121	454	355	800
2020-06-03	300	184	126	147	122	427	366	773
2020-06-04	307	188	129	151	122	402	377	747
2020-06-05	315	193	133	155	124	378	390	721
2020-06-06	322	198	138	160	126	357	403	697
2020-06-07	330	204	142	165	128	337	417	673
2020-06-08	339	209	148	171	131	319	431	650
2020-06-09	348	216	153	177	135	303	447	628
2020-06-10	356	223	159	184	139	288	463	608
2020-06-11	366	230	165	191	143	275	479	588
2020-06-12	375	237	171	199	148	264	497	570
2020-06-13	385	245	178	207	154	254	515	552
2020-06-14	395	253	185	215	160	245	533	536
2020-06-15	405	262	193	224	167	237	552	521
2020-06-16	416	270	200	234	173	231	571	508
2020-06-17	427	280	208	244	181	226	591	495
2020-06-18	437	289	216	255	189	222	611	485
2020-06-19	449	298	224	266	197	219	631	475
2020-06-20	460	308	233	277	205	217	651	467
2020-06-21	471	317	241	289	214	216	671	460
2020-06-22	483	327	250	301	223	216	690	454
2020-06-23	494	337	259	313	232	217	710	450
2020-06-24	506	346	268	326	242	219	729	447
2020-06-25	518	356	276	339	252	221	748	445
2020-06-26	530	365	285	353	261	224	767	444
2020-06-27	541	375	294	366	271	228	784	444
2020-06-28	553	384	303	380	281	233	802	445
2020-06-29	564	393	311	394	291	238	818	448
2020-06-30	575	402	320	408	300	243	834	451
2020-07-01	586	411	328	422	309	249	849	455
2020-07-02	597	419	336	436	318	255	863	459
2020-07-03	607	428	344	449	327	262	877	465
2020-07-04	617	436	352	463	335	269	889	471
2020-07-05	627	444	359	477	343	277	900	477
2020-07-06	636	451	367	490	351	284	910	485
2020-07-07	645	458	374	503	358	292	918	492
2020-07-08	653	465	380	516	364	300	926	500
2020-07-09	660	471	387	529	369	309	932	508
2020-07-10	668	477	393	541	374	317	937	517
2020-07-11	674	483	398	552	379	326	941	525
2020-07-12	680	488	403	563	382	335	944	534
2020-07-13	685	492	408	573	385	344	946	542
2020-07-14	689	496	412	583	387	353	947	551
2020-07-15	692	500	415	592	389	362	946	559
2020-07-16	695	503	418	600	389	371	945	567
2020-07-17	697	506	421	607	390	381	943	575
2020-07-18	699	508	423	613	389	390	940	582
2020-07-19	699	510	424	618	389	399	936	589
2020-07-20	699	511	425	622	388	409	931	596
2020-07-21	698	512	426	626	386	419	926	602
2020-07-22	697	513	426	628	385	428	920	607
2020-07-23	695	513	425	629	383	438	914	612
2020-07-24	692	513	424	629	380	447	907	617
2020-07-25	689	512	423	629	378	456	899	620
2020-07-26	685	511	421	627	375	466	891	624
2020-07-27	681	510	419	625	372	475	883	627
2020-07-28	676	509	416	622	369	484	874	629
2020-07-29	670	507	413	618	366	493	865	631
2020-07-30	664	504	410	613	363	501	856	632
2020-07-31	658	502	406	607	360	509	846	633
2020-08-01	651	499	402	601	356	517	837	633
2020-08-02	644	496	398	594	353	525	827	633
2020-08-03	637	493	393	586	350	532	817	632
2020-08-04	629	490	389	578	346	539	807	631
2020-08-05	621	486	384	569	343	546	797	629
2020-08-06	613	482	378	560	340	552	787	627
2020-08-07	604	478	373	550	337	558	777	624
2020-08-08	596	473	367	540	334	564	767	621
2020-08-09	587	469	362	530	331	569	757	617
2020-08-10	578	464	356	519	329	573	748	613
2020-08-11	569	459	350	508	326	577	738	608
2020-08-12	560	454	344	498	324	581	729	604
2020-08-13	551	448	339	487	322	584	720	598
2020-08-14	542	443	333	476	320	587	712	593
2020-08-15	533	437	327	465	318	590	704	587
2020-08-16	524	430	321	454	317	592	696	581
2020-08-17	516	424	315	443	317	594	688	575
2020-08-18	507	417	309	432	317	595	681	569
2020-08-19	499	411	303	422	317	596	674	563
2020-08-20	491	404	297	412	318	597	667	556
2020-08-21	483	397	291	402	319	597	661	550
2020-08-22	475	390	285	392	320	597	655	543
2020-08-23	467	383	279	383	323	598	649	537
2020-08-24	460	376	274	374	325	598	643	530
2020-08-25	453	369	269	366	328	598	638	524
2020-08-26	446	362	264	358	332	598	633	518
2020-08-27	440	356	259	350	336	598	628	512
2020-08-28	434	349	254	343	341	598	623	506
2020-08-29	428	343	250	336	346	598	618	500
2020-08-30	423	337	245	330	352	598	613	494
2020-08-31	418	331	242	324	358	599	609	489
2020-09-01	414	325	238	319	365	599	605	484
2020-09-02	410	320	235	315	372	600	600	479
2020-09-03	406	315	232	311	380	602	596	475
2020-09-04	403	311	230	308	389	603	592	470
2020-09-05	400	306	228	305	398	605	588	466
2020-09-06	398	303	227	303	409	607	584	463
2020-09-07	396	299	226	302	419	609	580	459
2020-09-08	395	297	225	301	431	612	575	456
2020-09-09	394	294	225	301	443	615	571	453
2020-09-10	394	293	226	301	456	618	567	451
2020-09-11	394	292	227	302	470	622	563	448
2020-09-12	394	291	229	304	484	627	559	446
2020-09-13	395	291	231	306	500	631	555	445
2020-09-14	397	291	234	309	516	637	551	443
2020-09-15	399	292	237	312	532	643	547	442
2020-09-16	401	294	241	316	550	649	544	442
2020-09-17	404	296	245	321	568	656	540	441
2020-09-18	407	299	251	326	588	664	536	441
2020-09-19	411	302	257	332	607	673	532	442
2020-09-20	415	307	263	338	628	682	529	442
2020-09-21	419	311	270	345	650	692	525	443
2020-09-22	424	317	278	352	672	703	522	444
2020-09-23	429	323	286	360	695	714	519	446
2020-09-24	435	330	296	368	719	727	516	448
2020-09-25	442	337	305	377	744	740	513	451
2020-09-26	448	345	316	387	770	754	510	454
2020-09-27	456	354	327	397	796	769	508	458
2020-09-28	464	364	339	408	823	785	506	462
2020-09-29	472	374	352	419	852	802	505	467
2020-09-30	482	385	365	431	881	820	503	472
2020-10-01	492	397	379	444	911	839	503	478
2020-10-02	502	409	394	457	941	859	503	485
2020-10-03	514	423	409	471	973	880	503	492
2020-10-04	526	437	426	486	1006	903	504	500
2020-10-05	539	452	443	501	1040	927	505	508
2020-10-06	553	469	460	517	1075	952	508	516
2020-10-07	568	486	479	534	1111	979	511	526
2020-10-08	583	504	498	551	1148	1007	515	536
2020-10-09	600	523	518	570	1186	1037	520	547
2020-10-10	618	543	539	589	1224	1067	526	558
2020-10-11	637	565	560	609	1264	1099	533	570
2020-10-12	657	587	582	630	1304	1132	542	583
2020-10-13	678	611	606	652	1345	1167	551	597
2020-10-14	700	635	629	675	1386	1202	562	612
2020-10-15	724	661	654	699	1429	1239	575	628
2020-10-16	749	688	680	723	1472	1277	589	645
2020-10-17	775	716	706	749	1515	1316	604	663
2020-10-18	803	746	734	776	1559	1357	622	681
2020-10-19	831	777	762	804	1603	1398	641	701
2020-10-20	862	809	791	833	1648	1441	662	723
2020-10-21	893	842	821	863	1694	1484	685	745
2020-10-22	926	876	852	894	1739	1529	710	768
2020-10-23	961	911	883	927	1786	1574	737	793
2020-10-24	996	947	916	960	1833	1621	766	818
2020-10-25	1033	984	949	995	1880	1668	798	845
2020-10-26	1071	1022	984	1030	1928	1716	832	872
2020-10-27	1110	1061	1019	1067	1976	1765	869	901
2020-10-28	1150	1100	1054	1104	2025	1815	908	931
2020-10-29	1192	1140	1090	1143	2074	1866	951	962
2020-10-30	1233	1180	1127	1182	2122	1917	996	994
2020-10-31	1276	1220	1164	1221	2171	1969	1044	1027
2020-11-01	1319	1260	1201	1262	2219	2023	1095	1060
2020-11-02	1363	1300	1238	1302	2266	2076	1150	1095
2020-11-03	1407	1340	1275	1343	2313	2131	1208	1131
2020-11-04	1451	1380	1312	1384	2359	2187	1269	1167
2020-11-05	1495	1419	1349	1425	2404	2244	1333	1204
2020-11-06	1539	1458	1386	1466	2448	2301	1400	1241
2020-11-07	1584	1496	1422	1507	2490	2360	1471	1280
2020-11-08	1627	1533	1459	1547	2531	2420	1544	1318
2020-11-09	1671	1570	1495	1588	2570	2481	1620	1357
2020-11-10	1713	1605	1530	1628	2607	2542	1699	1396
2020-11-11	1756	1640	1565	1667	2641	2606	1781	1436
2020-11-12	1797	1673	1599	1705	2674	2670	1865	1475
2020-11-13	1838	1705	1633	1743	2704	2735	1952	1515
2020-11-14	1877	1736	1666	1780	2731	2802	2042	1554
2020-11-15	1915	1765	1699	1816	2755	2870	2135	1594
2020-11-16	1952	1793	1730	1851	2776	2939	2230	1633
2020-11-17	1988	1819	1761	1885	2794	3010	2328	1672
2020-11-18	2022	1843	1791	1917	2808	3082	2428	1711
2020-11-19	2055	1866	1820	1949	2820	3155	2530	1749
2020-11-20	2086	1887	1847	1978	2829	3229	2634	1787
2020-11-21	2116	1905	1873	2007	2834	3304	2741	1824
2020-11-22	2144	1923	1899	2033	2836	3381	2850	1860
2020-11-23	2169	1938	1922	2058	2835	3458	2960	1895
2020-11-24	2193	1951	1945	2082	2832	3536	3072	1930
2020-11-25	2216	1962	1966	2104	2825	3615	3186	1964
2020-11-26	2236	1971	1985	2123	2815	3694	3301	1997
2020-11-27	2254	1979	2003	2142	2803	3772	3417	2029
2020-11-28	2270	1985	2019	2158	2789	3851	3533	2060
2020-11-29	2285	1988	2034	2173	2772	3928	3651	2090
2020-11-30	2297	1990	2047	2185	2753	4005	3769	2119
2020-12-01	2308	1991	2058	2196	2732	4081	3887	2147
2020-12-02	2316	1989	2067	2205	2710	4155	4005	2174
2020-12-03	2322	1986	2075	2212	2685	4227	4122	2200
2020-12-04	2327	1981	2080	2217	2659	4297	4240	2225
2020-12-05	2329	1974	2084	2220	2631	4365	4356	2248
2020-12-06	2329	1966	2086	2221	2602	4431	4472	2270
2020-12-07	2328	1956	2086	2220	2572	4493	4587	2291
2020-12-08	2324	1944	2083	2217	2540	4553	4700	2311
2020-12-09	2319	1931	2080	2213	2508	4610	4811	2329
2020-12-10	2312	1917	2074	2207	2475	4663	4920	2347
2020-12-11	2304	1903	2068	2201	2442	4714	5027	2363
2020-12-12	2296	1887	2060	2194	2408	4762	5131	2379
2020-12-13	2286	1871	2051	2186	2374	4807	5231	2393
2020-12-14	2276	1855	2042	2178	2340	4849	5327	2407
2020-12-15	2266	1839	2032	2170	2306	4888	5420	2420
2020-12-16	2256	1823	2021	2162	2272	4925	5508	2433
2020-12-17	2245	1808	2010	2154	2240	4958	5591	2445
2020-12-18	2235	1793	1999	2147	2208	4989	5670	2456
2020-12-19	2225	1779	1987	2140	2177	5018	5743	2467
2020-12-20	2216	1765	1976	2135	2148	5044	5811	2478
2020-12-21	2207	1753	1964	2130	2120	5069	5872	2488
2020-12-22	2199	1742	1952	2126	2094	5090	5928	2498
2020-12-23	2192	1732	1940	2122	2070	5109	5977	2507
2020-12-24	2184	1723	1928	2120	2046	5125	6020	2516
2020-12-25	2177	1714	1915	2117	2025	5138	6056	2523
2020-12-26	2170	1705	1902	2115	2004	5148	6085	2530
2020-12-27	2162	1697	1888	2113	1984	5155	6107	2536
2020-12-28	2154	1688	1874	2111	1966	5157	6122	2541
2020-12-29	2146	1680	1858	2108	1948	5156	6129	2545
2020-12-30	2137	1671	1842	2105	1932	5152	6129	2547
2020-12-31	2127	1662	1825	2102	1916	5142	6121	2548
2021-01-01	2116	1652	1806	2098	1900	5129	6104	2548
2021-01-02	2103	1641	1787	2093	1886	5111	6080	2546
2021-01-03	2090	1629	1766	2087	1871	5088	6047	2542
2021-01-04	2075	1616	1744	2080	1857	5060	6006	2536
2021-01-05	2058	1602	1720	2072	1844	5028	5956	2529
2021-01-06	2040	1586	1696	2062	1831	4990	5899	2519
2021-01-07	2021	1570	1670	2052	1818	4948	5833	2508
2021-01-08	2000	1552	1643	2040	1805	4902	5760	2495
2021-01-09	1978	1533	1615	2027	1793	4851	5680	2480
2021-01-10	1954	1513	1586	2012	1781	4795	5594	2462
2021-01-11	1929	1492	1556	1997	1769	4735	5500	2443
2021-01-12	1903	1469	1526	1980	1758	4671	5401	2422
2021-01-13	1875	1446	1495	1962	1746	4603	5296	2399
2021-01-14	1846	1421	1464	1942	1734	4531	5187	2374
2021-01-15	1817	1396	1432	1922	1722	4457	5073	2348
2021-01-16	1786	1370	1400	1900	1711	4379	4955	2320
2021-01-17	1754	1343	1368	1878	1698	4299	4834	2291
2021-01-18	1722	1316	1336	1854	1686	4217	4710	2260
2021-01-19	1689	1288	1304	1829	1673	4133	4585	2229
2021-01-20	1655	1260	1273	1804	1660	4047	4457	2196
2021-01-21	1621	1231	1241	1778	1647	3960	4328	2163
2021-01-22	1586	1202	1210	1751	1633	3872	4197	2128
2021-01-23	1552	1173	1179	1724	1618	3783	4066	2093
2021-01-24	1516	1144	1149	1696	1603	3693	3935	2058
2021-01-25	1481	1115	1119	1667	1587	3603	3803	2022
2021-01-26	1446	1086	1089	1639	1571	3513	3672	1985
2021-01-27	1411	1057	1060	1610	1554	3424	3542	1949
2021-01-28	1376	1029	1032	1581	1537	3335	3413	1912
2021-01-29	1341	1000	1004	1552	1518	3246	3286	1876
2021-01-30	1307	973	976	1524	1499	3159	3161	1840
2021-01-31	1273	946	950	1495	1479	3074	3037	1804
2021-02-01	1240	919	924	1467	1459	2990	2917	1768
2021-02-02	1208	893	899	1439	1437	2908	2800	1733
2021-02-03	1176	868	875	1411	1416	2828	2685	1699
2021-02-04	1145	844	852	1384	1393	2750	2573	1665
2021-02-05	1114	820	829	1357	1371	2675	2464	1633
2021-02-06	1084	797	807	1331	1348	2602	2359	1601
2021-02-07	1056	775	786	1305	1326	2532	2257	1571
2021-02-08	1028	754	766	1280	1304	2465	2158	1542
2021-02-09	1001	734	746	1256	1283	2400	2062	1515
2021-02-10	975	714	727	1233	1262	2339	1970	1489
2021-02-11	950	696	709	1210	1242	2281	1881	1464
2021-02-12	926	679	692	1188	1222	2226	1795	1441
2021-02-13	903	662	675	1168	1204	2174	1714	1420
2021-02-14	882	647	659	1148	1187	2125	1635	1400
2021-02-15	861	633	643	1130	1172	2079	1561	1382
2021-02-16	842	620	628	1112	1158	2037	1490	1365
2021-02-17	824	608	614	1096	1146	1998	1422	1350
2021-02-18	807	597	601	1081	1136	1962	1358	1337
2021-02-19	791	588	588	1068	1127	1930	1297	1324
2021-02-20	776	580	577	1055	1121	1900	1239	1313
2021-02-21	763	573	566	1044	1117	1873	1184	1303
2021-02-22	751	567	556	1034	1115	1849	1132	1294
2021-02-23	740	562	546	1025	1115	1828	1084	1286
2021-02-24	730	559	538	1018	1119	1809	1038	1280
2021-02-25	721	557	531	1011	1124	1793	995	1274
2021-02-26	714	556	525	1007	1133	1780	954	1269
2021-02-27	708	556	519	1003	1145	1769	916	1264
2021-02-28	703	558	515	1001	1160	1761	881	1261
2021-03-01	699	561	512	1000	1178	1755	848	1258
2021-03-02	696	565	510	1000	1199	1752	817	1256
2021-03-03	695	570	509	1002	1223	1750	789	1254
2021-03-04	694	577	510	1005	1251	1751	762	1252
2021-03-05	695	584	511	1010	1281	1754	738	1250
2021-03-06	697	593	514	1015	1315	1759	715	1249
2021-03-07	700	602	517	1022	1352	1765	694	1248
2021-03-08	704	613	522	1030	1392	1773	674	1246
2021-03-09	709	625	528	1040	1435	1783	656	1244
2021-03-10	715	637	536	1050	1481	1793	639	1243
2021-03-11	722	651	544	1062	1529	1805	624	1241
2021-03-12	730	665	554	1074	1579	1818	610	1239
2021-03-13	739	679	564	1088	1632	1832	597	1237
2021-03-14	748	695	576	1103	1686	1846	584	1235
2021-03-15	759	711	588	1118	1743	1861	573	1232
2021-03-16	770	727	602	1134	1800	1875	563	1230
2021-03-17	782	744	616	1151	1859	1890	553	1228
2021-03-18	794	761	632	1169	1918	1904	545	1225
2021-03-19	807	779	648	1187	1978	1918	537	1223
2021-03-20	821	797	664	1206	2037	1931	529	1220
2021-03-21	835	815	681	1225	2096	1943	523	1216
2021-03-22	849	833	699	1245	2155	1955	516	1213
2021-03-23	864	851	717	1265	2211	1964	511	1209
2021-03-24	879	869	735	1285	2267	1973	505	1205
2021-03-25	894	886	753	1306	2320	1979	500	1200
2021-03-26	909	904	772	1327	2371	1984	496	1195
2021-03-27	925	922	790	1347	2419	1987	491	1189
2021-03-28	940	939	809	1368	2465	1987	487	1183
2021-03-29	956	955	828	1389	2506	1985	483	1176
2021-03-30	972	972	846	1410	2544	1980	479	1169
2021-03-31	987	987	864	1430	2578	1973	475	1161
2021-04-01	1002	1003	882	1451	2607	1963	470	1152
2021-04-02	1017	1018	899	1471	2631	1951	466	1143
2021-04-03	1032	1032	916	1491	2650	1936	462	1133
2021-04-04	1046	1045	932	1511	2663	1919	457	1122
2021-04-05	1060	1058	948	1530	2670	1900	452	1111
2021-04-06	1074	1070	963	1550	2671	1878	447	1099
2021-04-07	1086	1082	977	1569	2667	1854	442	1086
2021-04-08	1099	1092	990	1587	2657	1827	437	1073
2021-04-09	1111	1102	1003	1605	2641	1799	431	1059
2021-04-10	1122	1111	1015	1622	2621	1769	425	1044
2021-04-11	1132	1119	1026	1638	2595	1738	419	1029
2021-04-12	1142	1126	1035	1654	2565	1705	413	1013
2021-04-13	1151	1132	1044	1669	2531	1670	407	997
2021-04-14	1159	1137	1052	1682	2492	1635	401	980
2021-04-15	1166	1141	1059	1695	2449	1598	395	963
2021-04-16	1173	1143	1065	1707	2402	1560	389	945
2021-04-17	1178	1145	1070	1717	2351	1522	382	927
2021-04-18	1183	1145	1074	1727	2297	1483	376	908
2021-04-19	1186	1144	1076	1734	2239	1443	370	889
2021-04-20	1189	1142	1078	1741	2179	1403	364	870
2021-04-21	1190	1139	1078	1746	2116	1363	357	851
2021-04-22	1191	1134	1077	1750	2051	1322	351	831
2021-04-23	1190	1128	1075	1753	1984	1281	346	811
2021-04-24	1188	1121	1072	1754	1917	1241	340	791
2021-04-25	1186	1113	1068	1753	1849	1200	334	771
2021-04-26	1182	1103	1062	1751	1780	1160	329	751
2021-04-27	1177	1092	1056	1748	1711	1120	324	731
2021-04-28	1172	1080	1048	1743	1643	1080	319	711
2021-04-29	1165	1067	1040	1737	1575	1041	315	691
2021-04-30	1158	1053	1030	1729	1507	1002	310	671
2021-05-01	1149	1037	1019	1719	1440	964	305	652
2021-05-02	1140	1021	1007	1707	1374	926	300	632
2021-05-03	1130	1003	995	1694	1309	889	296	613
2021-05-04	1119	985	981	1679	1245	853	291	593
2021-05-05	1107	965	967	1662	1183	817	285	574
2021-05-06	1094	945	952	1644	1122	782	280	555
2021-05-07	1081	925	936	1625	1062	749	275	536
2021-05-08	1067	903	919	1604	1003	715	270	517
2021-05-09	1052	881	902	1582	947	683	264	499
2021-05-10	1038	859	885	1559	891	651	259	481
2021-05-11	1022	837	867	1534	838	621	254	463
2021-05-12	1006	814	849	1509	786	591	248	446
2021-05-13	990	791	831	1483	736	562	243	429
2021-05-14	974	769	812	1456	687	534	238	412
2021-05-15	957	746	794	1428	641	507	232	396
2021-05-16	941	724	775	1400	596	481	227	380
2021-05-17	924	702	757	1371	554	455	222	365
2021-05-18	907	680	739	1342	513	431	217	350
2021-05-19	890	659	720	1312	475	408	212	336
2021-05-20	873	638	702	1281	438	385	207	322
2021-05-21	856	617	684	1250	403	364	202	309
2021-05-22	838	597	667	1218	370	343	198	296
2021-05-23	820	577	649	1185	339	324	193	284
2021-05-24	803	558	632	1152	310	305	189	272
2021-05-25	785	539	614	1118	282	287	185	261
2021-05-26	767	521	597	1083	256	270	182	250
2021-05-27	748	503	581	1048	232	253	178	239
2021-05-28	730	486	565	1013	210	238	175	229
2021-05-29	713	470	549	978	189	223	172	220
2021-05-30	695	454	533	943	169	210	170	211
2021-05-31	677	439	518	909	151	197	167	202
2021-06-01	660	424	504	875	135	184	165	193
2021-06-02	643	410	490	841	120	173	163	185
2021-06-03	626	397	476	808	106	162	162	178
2021-06-04	610	384	463	776	94	152	161	170
2021-06-05	594	372	451	744	83	143	160	163
2021-06-06	578	360	439	713	73	134	159	157
2021-06-07	562	349	427	682	64	126	158	150
2021-06-08	547	339	416	653	56	118	158	144
2021-06-09	532	329	406	624	49	111	158	139
2021-06-10	518	320	396	596	43	104	159	134
2021-06-11	504	311	386	569	38	98	159	129
2021-06-12	490	302	377	543	34	93	160	124
2021-06-13	477	294	369	518	30	88	161	120
2021-06-14	464	286	360	494	27	83	163	116
2021-06-15	451	279	353	471	24	79	164	112
2021-06-16	439	272	345	448	22	75	166	108
2021-06-17	427	266	339	427	21	71	169	105
2021-06-18	416	259	332	407	20	68	171	102
2021-06-19	404	253	326	388	19	65	174	99
2021-06-20	394	248	320	369	19	62	177	97
2021-06-21	383	242	314	351	19	60	181	94
2021-06-22	373	236	309	333	19	58	184	92
2021-06-23	362	231	304	317	20	56	188	90
2021-06-24	352	226	299	300	21	54	192	88
2021-06-25	343	221	294	284	22	52	197	87
2021-06-26	333	216	289	269	23	51	201	85
2021-06-27	324	211	285	254	24	49	206	84
2021-06-28	315	207	280	239	26	48	211	82
2021-06-29	306	202	276	225	27	47	216	81
2021-06-30	297	198	272	211	29	46	221	80
2021-07-01	288	193	268	197	31	44	227	78
2021-07-02	279	189	263	184	33	43	232	77
2021-07-03	271	185	259	170	35	42	238	76
2021-07-04	262	180	255	157	36	41	243	75
