date	state	King	Snohomish	Pierce	Ann Arbor	Boston	San Diego	DC
2020-01-22	0	0	0	0	0	0	0	0
2020-01-23	0	0	0	0	0	0	0	0
2020-01-24	0	0	0	0	0	0	0	0
2020-01-25	0	0	0	0	0	0	0	0
2020-01-26	0	0	0	0	0	0	0	0
2020-01-27	0	0	0	0	0	0	0	0
2020-01-28	0	0	0	0	0	0	0	0
2020-01-29	0	0	0	0	0	1	0	0
2020-01-30	0	0	0	0	0	0	0	0
2020-01-31	0	0	0	0	0	0	0	0
2020-02-01	0	0	0	0	0	0	0	0
2020-02-02	0	0	0	0	0	0	0	0
2020-02-03	0	0	0	0	0	0	0	0
2020-02-04	0	0	0	0	0	0	0	0
2020-02-05	0	0	0	0	0	0	0	0
2020-02-06	0	0	0	0	0	0	0	0
2020-02-07	0	0	0	0	0	0	0	0
2020-02-08	0	0	0	0	0	0	0	0
2020-02-09	0	0	0	0	0	0	0	0
2020-02-10	0	0	0	0	0	0	0	0
2020-02-11	0	0	0	0	0	0	0	0
2020-02-12	0	0	0	0	0	0	0	0
2020-02-13	0	0	0	0	0	0	0	0
2020-02-14	0	0	0	0	0	0	0	0
2020-02-15	0	0	0	0	0	0	0	0
2020-02-16	0	0	0	0	0	0	0	0
2020-02-17	0	0	0	0	0	0	0	0
2020-02-18	0	0	0	0	0	0	0	0
2020-02-19	0	0	0	0	0	0	0	0
2020-02-20	0	0	0	0	0	0	0	0
2020-02-21	0	0	0	0	0	0	0	0
2020-02-22	0	0	0	0	0	0	0	0
2020-02-23	0	0	0	0	0	0	0	0
2020-02-24	0	0	0	0	0	0	0	0
2020-02-25	0	0	0	0	0	0	0	0
2020-02-26	0	0	0	0	0	0	0	0
2020-02-27	0	0	0	0	0	0	0	0
2020-02-28	0	0	0	0	0	0	0	0
2020-02-29	1	2	1	0	0	0	0	0
2020-03-01	1	1	1	0	0	0	0	0
2020-03-02	1	2	2	0	0	0	0	0
2020-03-03	1	3	2	0	0	0	0	0
2020-03-04	2	4	2	0	0	2	0	0
2020-03-05	4	9	12	0	0	1	0	0
2020-03-06	1	3	1	0	0	6	0	0
2020-03-07	3	6	10	1	0	10	0	0
2020-03-08	3	5	5	3	0	4	0	0
2020-03-09	0	0	0	0	0	0	0	0
2020-03-10	5	15	7	0	0	2	0	0
2020-03-11	16	33	38	11	0	6	0	0
2020-03-12	16	36	49	3	0	6	1	0
2020-03-13	13	26	30	2	11	16	1	0
2020-03-14	13	26	26	8	0	17	1	0
2020-03-15	0	0	0	0	3	19	2	0
2020-03-16	23	45	56	13	11	53	12	31
2020-03-17	23	36	80	8	0	66	0	0
2020-03-18	9	-3	54	12	0	72	1	13
2020-03-19	26	58	46	21	22	75	6	13
2020-03-20	22	44	45	9	5	100	14	44
2020-03-21	33	63	75	13	38	76	0	38
2020-03-22	24	47	40	13	22	60	8	6
2020-03-23	32	58	47	21	22	141	14	26
2020-03-24	18	0	116	13	24	154	7	30
2020-03-25	43	84	24	19	68	182	4	65
2020-03-26	79	97	175	34	57	211	16	62
2020-03-27	36	0	163	50	166	216	14	57
2020-03-28	81	222	1	0	98	190	22	47
2020-03-29	41	36	-1	95	139	147	21	54
2020-03-30	41	1	190	0	103	281	9	84
2020-03-31	67	75	196	66	109	331	26	133
2020-04-01	19	0	91	0	272	358	39	129
2020-04-02	97	145	88	134	112	343	35	95
2020-04-03	39	58	0	81	114	494	35	147
2020-04-04	55	49	154	54	82	260	44	205
2020-04-05	69	119	68	75	60	315	29	142
2020-04-06	49	73	54	32	71	514	35	135
2020-04-07	46	69	68	48	73	500	23	162
2020-04-08	45	90	44	39	152	514	15	324
2020-04-09	58	88	61	48	92	550	23	118
2020-04-10	54	103	69	41	73	494	29	194
2020-04-11	49	64	40	52	84	327	19	167
2020-04-12	38	73	39	10	84	254	20	137
2020-04-13	18	0	49	42	54	600	13	113
2020-04-14	39	55	52	0	109	721	13	146
2020-04-15	32	32	46	34	82	585	25	197
2020-04-16	30	34	54	24	76	597	25	217
2020-04-17	52	91	29	71	82	807	22	179
2020-04-18	20	0	45	0	46	341	21	269
2020-04-19	64	121	61	63	5	310	16	180
2020-04-20	18	0	24	50	33	669	16	190
2020-04-21	37	53	32	34	65	639	17	242
2020-04-22	27	38	24	19	33	668	50	153
2020-04-23	24	68	9	-49	139	644	46	220
2020-04-24	34	47	33	22	46	614	55	237
2020-04-25	40	45	66	25	76	332	35	242
2020-04-26	28	55	17	10	0	187	0	201
2020-04-27	24	36	26	21	14	425	30	72
2020-04-28	24	25	40	33	79	485	29	145
2020-04-29	30	45	29	14	46	448	87	159
2020-04-30	36	46	54	18	79	433	0	307
2020-05-01	38	30	24	19	46	383	40	475
2020-05-02	45	34	49	41	30	204	44	197
2020-05-03	29	44	19	19	33	193	65	310
2020-05-04	38	43	34	23	24	361	0	218
2020-05-05	19	34	15	21	14	350	28	215
2020-05-06	38	37	43	23	19	358	90	197
2020-05-07	44	47	52	46	30	321	0	273
2020-05-08	19	24	9	15	60	240	33	347
2020-05-09	39	37	36	32	46	129	70	288
2020-05-10	31	27	21	25	19	75	34	241
2020-05-11	31	27	11	22	44	209	87	166
2020-05-12	25	31	26	12	44	241	29	136
2020-05-13	22	33	11	12	22	206	0	140
2020-05-14	29	35	23	24	68	184	69	215
2020-05-15	21	16	21	11	16	193	0	191
2020-05-16	46	45	21	20	14	109	81	242
2020-05-17	20	20	13	29	5	60	52	115
2020-05-18	30	19	16	8	14	164	0	208
2020-05-19	27	22	26	19	19	168	57	232
2020-05-20	22	16	10	13	27	148	34	166
2020-05-21	17	12	24	3	30	148	0	336
2020-05-22	20	17	21	10	41	129	52	149
2020-05-23	0	0	0	0	22	82	73	103
2020-05-24	72	51	39	31	38	47	0	204
2020-05-25	32	19	11	7	11	36	43	163
2020-05-26	17	4	15	4	30	148	29	154
2020-05-27	29	12	13	99	22	104	25	102
2020-05-28	47	27	12	31	22	103	65	122
2020-05-29	40	12	10	28	27	75	0	65
2020-05-30	36	20	13	14	35	52	85	254
2020-05-31	45	44	13	17	14	26	29	119
2020-06-01	78	67	19	31	14	86	0	79
2020-06-02	36	20	11	18	16	85	22	41
2020-06-03	33	22	12	27	11	52	36	184
2020-06-04	34	21	15	20	16	97	37	147
2020-06-05	60	24	15	10	19	47	43	112
2020-06-06	37	18	7	22	11	47	121	99
2020-06-07	41	16	2	10	0	20	0	89
2020-06-08	39	13	30	14	14	70	82	81
2020-06-09	33	9	26	8	3	71	0	120
2020-06-10	34	9	7	4	0	39	65	89
2020-06-11	37	20	30	18	49	50	48	74
2020-06-12	48	35	24	14	-24	53	0	92
2020-06-13	37	17	9	23	19	21	95	78
2020-06-14	44	28	23	14	5	9	38	82
2020-06-15	49	24	13	21	5	45	51	45
2020-06-16	34	14	19	19	35	44	36	27
2020-06-17	53	40	19	22	22	50	0	41
2020-06-18	54	32	19	34	16	37	108	79
2020-06-19	80	42	23	40	16	32	77	69
2020-06-20	59	27	10	20	22	24	40	45
2020-06-21	26	15	19	12	8	7	93	51
2020-06-22	68	55	94	27	19	52	90	54
2020-06-23	63	36	22	48	16	39	59	51
2020-06-24	65	53	32	42	14	40	99	48
2020-06-25	65	46	40	22	16	42	100	44
2020-06-26	73	61	30	50	27	44	132	37
2020-06-27	45	36	9	22	33	30	131	44
2020-06-28	66	69	28	29	24	7	149	45
2020-06-29	74	54	57	55	35	45	149	62
2020-06-30	80	73	38	31	44	49	95	50
2020-07-01	94	93	60	64	35	50	142	54
2020-07-02	99	60	64	59	49	67	175	35
2020-07-03	46	44	23	56	41	14	146	64
2020-07-04	84	77	40	63	8	11	0	17
2020-07-05	139	77	38	52	30	25	309	50
2020-07-06	57	28	44	30	24	67	0	47
2020-07-07	68	48	34	59	60	57	255	77
2020-07-08	85	63	39	59	73	63	79	103
2020-07-09	82	62	49	70	87	55	168	52
2020-07-10	79	47	75	71	82	71	138	91
2020-07-11	114	71	58	70	82	17	152	82
2020-07-12	141	122	90	78	14	14	0	65
2020-07-13	72	53	46	57	65	77	167	84
2020-07-14	97	47	57	95	46	47	287	57
2020-07-15	165	108	85	103	103	86	167	113
2020-07-16	99	67	68	75	101	56	123	71
2020-07-17	127	85	83	96	147	50	0	55
2020-07-18	122	95	57	122	161	34	377	112
2020-07-19	103	74	44	92	-109	10	170	95
2020-07-20	109	74	92	91	46	47	136	111
2020-07-21	86	67	46	103	52	57	115	125
2020-07-22	95	94	58	135	82	61	176	145
2020-07-23	111	86	91	126	71	52	150	60
2020-07-24	136	95	90	126	24	52	147	111
2020-07-25	104	73	49	106	207	45	0	96
2020-07-26	87	72	36	119	-57	16	181	89
2020-07-27	113	63	73	72	30	77	241	111
2020-07-28	102	64	63	110	112	97	0	123
2020-07-29	101	78	63	119	41	91	234	77
2020-07-30	129	80	99	155	52	96	120	82
2020-07-31	111	85	68	106	79	78	108	98
2020-08-01	82	42	68	63	30	46	0	112
2020-08-02	72	48	18	98	49	20	250	98
2020-08-03	89	54	79	72	30	92	0	55
2020-08-04	90	62	47	71	76	81	190	120
2020-08-05	109	97	79	140	79	97	0	64
2020-08-06	94	54	51	70	33	116	183	106
2020-08-07	117	92	62	85	79	82	0	101
2020-08-08	78	63	47	95	27	51	195	91
2020-08-09	76	61	30	64	54	25	165	142
2020-08-10	64	44	61	55	24	124	193	77
2020-08-11	71	56	58	80	84	106	0	126
2020-08-12	84	80	47	67	84	95	55	89
2020-08-13	107	87	60	108	73	139	71	92
2020-08-14	96	86	58	67	52	112	201	133
2020-08-15	77	56	18	63	16	41	0	58
2020-08-16	35	47	10	31	-38	31	84	86
2020-08-17	70	71	71	42	16	142	100	75
2020-08-18	70	81	62	71	33	155	84	74
2020-08-19	97	111	56	69	73	102	125	41
2020-08-20	67	63	50	57	71	119	69	78
2020-08-21	108	95	41	99	0	87	91	85
2020-08-22	61	47	47	74	87	51	87	92
2020-08-23	45	59	21	25	33	19	101	79
2020-08-24	45	27	35	23	57	127	56	69
2020-08-25	62	54	41	53	106	107	80	64
2020-08-26	76	83	64	42	-3	112	68	0
2020-08-27	77	75	52	48	57	90	83	156
2020-08-28	80	60	62	54	33	107	85	81
2020-08-29	60	45	29	48	0	63	79	105
2020-08-30	40	41	19	33	87	32	76	48
2020-08-31	40	20	29	30	35	127	91	47
2020-09-01	62	40	38	49	52	116	80	81
2020-09-02	73	49	54	69	60	132	75	40
2020-09-03	65	63	22	44	33	62	97	82
2020-09-04	68	61	39	53	71	-80	136	72
2020-09-05	54	35	32	45	71	117	133	74
2020-09-06	41	38	15	31	0	92	92	58
2020-09-07	26	11	10	28	92	73	1	51
2020-09-08	38	27	43	24	30	40	65	67
2020-09-09	65	48	24	42	52	53	137	35
2020-09-10	78	57	55	48	65	111	85	35
2020-09-11	65	56	21	39	84	134	108	115
2020-09-12	47	36	38	50	95	127	133	0
2020-09-13	41	21	27	36	0	80	79	140
2020-09-14	44	21	30	23	128	52	62	43
2020-09-15	50	40	23	35	35	87	88	92
2020-09-16	54	45	30	33	35	81	79	79
2020-09-17	55	51	38	48	87	116	52	67
2020-09-18	82	55	34	57	71	109	116	88
2020-09-19	50	32	29	39	33	152	86	71
2020-09-20	40	28	17	67	0	83	85	75
2020-09-21	45	17	27	46	114	71	104	33
2020-09-22	71	40	33	44	95	30	67	61
2020-09-23	77	49	33	44	101	86	83	41
2020-09-24	134	54	47	60	171	121	51	79
2020-09-25	83	57	72	75	95	126	121	81
2020-09-26	60	47	30	66	117	109	99	74
2020-09-27	50	41	21	51	0	129	84	50
2020-09-28	52	20	35	44	269	98	37	20
2020-09-29	70	59	46	66	171	82	75	51
2020-09-30	84	86	55	60	139	66	58	37
2020-10-01	94	99	69	67	101	178	91	45
2020-10-02	83	76	50	76	114	177	92	92
2020-10-03	61	47	41	49	103	133	123	71
2020-10-04	55	44	29	59	0	144	71	65
2020-10-05	56	43	61	38	103	81	67	40
2020-10-06	73	63	54	69	98	81	48	149
2020-10-07	100	90	71	95	101	103	106	0
2020-10-08	91	77	72	99	120	91	87	160
2020-10-09	72	47	75	63	98	136	107	111
2020-10-10	109	103	62	110	155	143	96	106
2020-10-11	49	45	36	33	0	81	122	94
2020-10-12	80	58	107	55	174	174	58	54
2020-10-13	94	79	84	102	174	152	83	65
2020-10-14	92	59	109	78	258	90	91	91
2020-10-15	102	76	120	105	286	144	43	48
2020-10-16	108	95	105	98	212	184	93	126
2020-10-17	74	62	44	116	318	112	60	112
2020-10-18	61	55	54	67	0	165	112	51
2020-10-19	64	42	101	34	302	203	114	35
2020-10-20	104	97	113	151	258	146	79	71
2020-10-21	92	82	114	74	272	154	79	75
2020-10-22	107	88	96	131	166	208	70	55
2020-10-23	124	115	128	140	250	281	129	102
2020-10-24	97	84	45	123	321	206	116	137
2020-10-25	78	80	39	78	0	280	81	86
2020-10-26	72	37	127	66	381	313	107	64
2020-10-27	98	94	89	101	234	210	81	133
2020-10-28	115	115	102	118	283	199	99	95
2020-10-29	146	145	113	119	229	308	107	143
2020-10-30	128	169	95	115	193	323	141	99
2020-10-31	115	97	85	93	209	238	114	173
2020-11-01	137	122	130	115	0	224	105	146
2020-11-02	97	49	133	77	340	168	92	98
2020-11-03	201	308	151	221	226	128	88	122
2020-11-04	147	136	181	165	283	255	121	109
2020-11-05	232	245	279	203	313	313	159	115
2020-11-06	229	244	254	197	321	418	144	156
2020-11-07	190	208	179	190	449	369	162	140
2020-11-08	163	144	192	122	0	396	154	156
2020-11-09	186	145	181	104	501	224	120	122
2020-11-10	218	184	182	344	392	374	145	122
2020-11-11	266	267	130	246	386	368	10	292
2020-11-12	295	246	311	270	473	419	374	181
2020-11-13	304	339	352	222	582	494	183	225
2020-11-14	295	278	179	369	392	464	220	210
2020-11-15	207	214	209	152	0	287	326	231
2020-11-16	340	342	268	277	715	391	250	123
2020-11-17	204	106	139	235	435	323	215	347
2020-11-18	276	252	251	253	332	409	276	221
2020-11-19	285	307	215	236	465	372	269	302
2020-11-20	245	224	212	152	718	343	327	184
2020-11-21	347	351	234	445	492	391	443	217
2020-11-22	467	546	377	488	0	356	281	269
2020-11-23	431	385	443	329	887	316	350	197
2020-11-24	396	390	320	298	487	296	463	169
2020-11-25	377	332	364	355	231	404	283	152
2020-11-26	271	282	223	201	0	0	1	312
2020-11-27	314	240	339	263	1211	733	854	285
2020-11-28	276	245	153	420	574	299	557	526
2020-11-29	298	218	283	452	0	398	319	198
2020-11-30	323	334	272	295	588	153	287	147
2020-12-01	403	280	348	263	922	447	413	188
2020-12-02	301	152	247	252	101	626	365	222
2020-12-03	270	205	203	211	356	1029	451	456
2020-12-04	242	251	237	285	394	886	611	448
2020-12-05	229	168	144	225	288	852	685	555
2020-12-06	764	804	757	672	0	748	510	374
2020-12-07	468	416	410	335	715	418	599	259
2020-12-08	399	299	337	269	574	628	382	383
2020-12-09	393	356	345	303	280	683	630	375
2020-12-10	411	343	455	406	462	785	614	346
2020-12-11	536	361	420	1085	359	907	859	367
2020-12-12	310	296	332	239	405	734	746	405
2020-12-13	274	269	206	224	0	802	724	327
2020-12-14	223	150	204	249	626	693	661	232
2020-12-15	219	117	209	236	601	565	558	426
2020-12-16	0	0	0	0	351	899	841	373
2020-12-17	364	280	342	382	324	806	780	323
2020-12-18	421	384	358	201	299	856	1082	388
2020-12-19	307	288	240	263	294	597	752	337
2020-12-20	0	0	0	0	0	588	1046	367
2020-12-21	499	428	552	368	302	532	974	197
2020-12-22	189	98	163	182	403	542	713	227
2020-12-23	302	184	303	334	144	639	778	462
2020-12-24	371	227	288	425	0	772	677	298
2020-12-25	0	0	0	0	0	0	900	0
2020-12-26	486	355	451	572	487	1256	805	388
2020-12-27	0	0	0	0	0	517	938	697
2020-12-28	256	202	241	280	324	646	525	198
2020-12-29	283	136	298	149	400	557	759	273
2020-12-30	194	113	158	286	291	807	733	316
2020-12-31	572	386	676	442	0	1071	924	319
2021-01-01	0	0	0	0	0	0	1341	381
2021-01-02	0	0	0	0	699	1268	1326	364
2021-01-03	1146	1192	884	1077	0	435	1054	361
2021-01-04	136	135	80	150	514	629	903	198
2021-01-05	305	117	292	241	313	597	543	371
2021-01-06	262	201	345	269	403	1034	1143	448
2021-01-07	425	316	399	368	403	1156	1153	380
2021-01-08	586	415	418	727	416	1205	1363	506
2021-01-09	405	385	285	349	188	1072	1060	496
2021-01-10	0	0	0	0	0	841	985	473
2021-01-11	667	559	693	511	446	677	871	286
2021-01-12	250	216	69	396	288	646	1056	609
2021-01-13	345	249	274	492	158	715	977	251
2021-01-14	343	240	280	204	365	816	777	312
2021-01-15	286	269	208	349	275	853	807	453
2021-01-16	0	0	0	0	188	882	907	563
2021-01-17	507	338	484	445	0	661	566	445
2021-01-18	0	0	0	0	283	505	764	258
2021-01-19	281	289	117	278	231	326	748	320
2021-01-20	269	182	164	343	294	498	515	204
2021-01-21	272	188	154	339	185	669	352	296
2021-01-22	284	200	180	393	207	902	853	415
2021-01-23	255	214	185	186	215	618	893	244
2021-01-24	0	0	0	0	0	713	490	317
2021-01-25	256	209	175	434	321	577	430	289
2021-01-26	175	108	114	263	386	270	430	276
2021-01-27	236	183	186	283	277	500	424	234
2021-01-28	333	225	234	327	433	642	446	378
2021-01-29	262	277	152	274	427	391	500	400
2021-01-30	234	142	135	286	310	680	637	351
2021-01-31	0	0	0	0	0	420	382	298
2021-02-01	229	168	148	323	351	338	330	193
2021-02-02	177	128	111	235	261	240	272	0
2021-02-03	211	170	169	169	212	280	290	271
2021-02-04	208	124	229	218	413	424	479	235
2021-02-05	196	129	145	185	220	483	435	381
2021-02-06	101	30	92	105	220	469	379	344
2021-02-07	0	0	0	0	0	491	368	224
2021-02-08	402	318	314	375	264	204	269	143
2021-02-09	109	79	61	117	237	182	176	205
2021-02-10	87	90	-9	248	150	287	243	95
2021-02-11	180	127	141	292	272	422	333	262
2021-02-12	140	110	91	263	345	343	245	194
2021-02-13	120	94	114	140	220	306	267	179
2021-02-14	0	0	0	0	0	305	170	173
2021-02-15	0	0	0	0	253	251	208	118
2021-02-16	223	214	232	263	92	132	209	184
2021-02-17	138	79	158	245	131	165	161	69
2021-02-18	158	89	146	187	207	322	243	171
2021-02-19	115	95	108	125	253	289	243	227
2021-02-20	119	98	134	101	125	315	213	130
2021-02-21	0	0	0	0	0	208	155	135
2021-02-22	153	105	85	233	223	195	96	152
2021-02-23	95	55	92	98	171	158	136	126
2021-02-24	113	72	96	98	177	305	197	140
2021-02-25	143	113	97	215	220	315	155	254
2021-02-26	153	84	141	303	147	326	0	230
2021-02-27	125	95	100	146	163	290	197	275
2021-02-28	0	0	0	0	0	265	135	170
2021-03-01	122	102	90	211	174	259	160	122
2021-03-02	97	36	61	74	76	-21	113	118
2021-03-03	103	72	83	133	158	295	105	72
2021-03-04	115	100	90	202	101	270	152	278
2021-03-05	105	63	74	127	106	346	149	153
2021-03-06	87	71	38	135	112	274	126	214
2021-03-07	0	0	0	0	0	220	0	207
2021-03-08	158	119	103	266	150	158	56	227
2021-03-09	88	60	74	105	112	138	234	469
2021-03-10	95	79	57	130	163	238	105	136
2021-03-11	99	101	38	103	155	255	129	173
2021-03-12	83	79	51	166	158	272	0	218
2021-03-13	114	103	62	143	106	255	223	213
2021-03-14	0	0	0	0	0	287	59	112
2021-03-15	138	136	108	189	207	144	53	159
2021-03-16	87	51	50	159	177	112	77	152
2021-03-17	117	87	68	230	166	250	123	115
2021-03-18	118	128	83	119	166	281	132	115
2021-03-19	116	113	68	152	218	296	126	201
2021-03-20	128	103	79	213	136	295	108	200
2021-03-21	0	0	0	0	0	262	58	77
2021-03-22	160	175	130	298	332	192	57	218
2021-03-23	72	40	54	123	299	143	73	149
2021-03-24	126	157	83	188	209	269	77	152
2021-03-25	144	163	109	157	443	414	63	105
2021-03-26	133	164	109	190	460	420	126	221
2021-03-27	187	192	131	276	378	427	68	320
2021-03-28	0	0	0	0	0	321	61	176
2021-03-29	179	217	145	285	620	281	87	103
2021-03-30	111	92	133	125	389	262	68	234
2021-03-31	165	159	122	231	384	307	87	142
2021-04-01	168	183	190	232	408	485	75	203
2021-04-02	177	179	147	296	443	460	149	214
2021-04-03	157	154	140	273	490	410	0	177
2021-04-04	0	0	0	0	0	0	90	149
2021-04-05	222	276	186	327	593	508	96	106
2021-04-06	83	42	60	124	582	275	64	173
2021-04-07	198	192	208	215	628	415	98	133
2021-04-08	138	143	122	182	669	321	90	241
2021-04-09	208	194	178	312	533	394	61	193
2021-04-10	189	165	212	288	550	384	108	181
2021-04-11	0	0	0	0	0	248	69	96
2021-04-12	225	285	189	389	661	228	43	103
2021-04-13	145	100	162	175	1009	188	83	160
2021-04-14	167	154	161	158	609	279	78	273
2021-04-15	184	193	178	167	487	308	84	150
2021-04-16	259	245	227	340	647	289	95	190
2021-04-17	234	210	251	318	373	286	73	184
2021-04-18	0	0	0	0	0	203	45	118
2021-04-19	189	187	122	443	609	206	46	111
2021-04-20	233	214	227	277	264	78	77	183
2021-04-21	197	198	237	292	359	203	79	102
2021-04-22	211	208	172	315	345	223	84	140
2021-04-23	233	203	195	317	245	215	0	143
2021-04-24	203	207	137	302	335	192	1	111
2021-04-25	0	0	0	0	0	167	-151	147
2021-04-26	307	322	220	601	343	138	39	78
2021-04-27	143	89	206	158	215	114	43	132
2021-04-28	213	211	196	315	275	170	41	88
2021-04-29	206	234	181	190	161	188	42	115
2021-04-30	176	178	182	207	207	168	59	118
2021-05-01	210	207	184	281	209	146	63	0
2021-05-02	0	0	0	0	0	123	46	146
2021-05-03	336	341	255	649	264	63	52	146
2021-05-04	186	104	174	261	125	97	56	118
2021-05-05	173	227	214	264	171	131	66	78
2021-05-06	150	154	118	193	229	147	68	55
2021-05-07	187	162	151	284	139	132	63	79
2021-05-08	192	173	219	191	125	131	68	40
2021-05-09	0	0	0	0	0	96	57	23
2021-05-10	230	204	170	378	133	50	70	21
2021-05-11	161	119	137	277	95	31	37	123
2021-05-12	143	123	118	299	220	147	28	77
2021-05-13	177	137	127	259	103	108	57	96
2021-05-14	314	295	297	776	84	47	78	28
2021-05-15	106	92	105	-7	84	127	41	150
2021-05-16	0	0	0	0	0	68	32	21
2021-05-17	108	97	64	-9	125	45	14	64
2021-05-18	87	43	86	93	49	45	32	37
2021-05-19	112	75	99	144	131	61	27	26
2021-05-20	125	95	102	117	46	81	43	40
2021-05-21	216	122	199	357	60	72	19	38
2021-05-22	0	0	0	0	71	78	18	54
2021-05-23	0	0	0	0	0	37	23	30
2021-05-24	260	172	192	355	84	34	7	20
2021-05-25	120	47	85	220	57	19	21	58
2021-05-26	228	133	184	492	54	67	22	27
2021-05-27	200	108	123	442	16	42	30	31
2021-05-28	144	89	94	211	35	57	25	77
2021-05-29	129	76	67	182	14	37	32	0
2021-05-30	0	0	0	0	0	10	17	0
2021-05-31	0	0	0	0	0	0	13	0
2021-06-01	161	101	100	236	33	25	15	145
2021-06-02	91	28	66	118	19	7	13	16
2021-06-03	112	65	107	112	19	39	25	43
2021-06-04	95	55	66	80	5	39	38	38
2021-06-05	105	58	88	144	5	44	36	0
2021-06-06	0	0	0	0	0	35	20	0
2021-06-07	-36	-387	72	105	22	29	19	60
2021-06-08	91	48	72	85	19	10	21	13
2021-06-09	217	546	51	71	3	29	19	11
2021-06-10	93	49	52	90	22	12	33	34
2021-06-11	84	50	40	109	11	31	28	10
2021-06-12	90	49	105	69	19	7	18	30
2021-06-13	0	0	0	0	0	2	0	0
2021-06-14	77	51	49	94	24	14	33	30
2021-06-15	56	28	39	36	16	11	18	18
2021-06-16	69	47	55	53	16	10	14	14
2021-06-17	59	34	58	43	5	11	32	13
2021-06-18	72	41	57	48	11	14	0	16
2021-06-19	69	37	60	51	0	15	45	0
2021-06-20	0	0	0	0	0	7	20	0
2021-06-21	69	54	47	74	41	4	18	27
2021-06-22	55	20	64	62	-3	10	23	18
2021-06-23	105	175	44	57	27	12	15	13
2021-06-24	72	38	62	75	3	16	35	18
2021-06-25	65	27	51	67	3	14	31	11
2021-06-26	54	33	52	34	0	15	32	0
2021-06-27	0	0	0	0	0	6	29	0
2021-06-28	71	51	82	78	24	11	17	40
2021-06-29	41	13	51	28	8	7	25	20
2021-06-30	46	21	64	28	8	15	25	11
2021-07-01	61	45	64	38	16	16	0	10
2021-07-02	56	36	56	51	5	16	33	23
2021-07-03	0	0	0	0	0	0	0	0
2021-07-04	0	0	0	0	0	0	0	0
2021-07-05	0	0	0	0	0	0	0	0
2021-07-06	155	111	130	177	35	34	43	55
2021-07-07	53	40	68	31	0	9	162	9
2021-07-08	75	46	61	76	0	15	60	16
2021-07-09	60	42	40	38	52	26	72	30
2021-07-10	0	0	0	0	0	0	0	0
2021-07-11	0	0	0	0	0	0	0	0
2021-07-12	211	164	305	264	0	65	248	101
