date	state	King	Snohomish	Pierce	Ann Arbor	Boston	San Diego	DC
2020-01-26	0	0	0	0	0	0	0	0
2020-01-27	0	0	0	0	0	0	0	0
2020-01-28	0	0	0	0	0	0	0	0
2020-01-29	0	0	0	0	0	0	0	0
2020-01-30	0	0	0	0	0	0	0	0
2020-01-31	0	0	0	0	0	0	0	0
2020-02-01	0	0	0	0	0	0	0	0
2020-02-02	0	0	0	0	0	0	0	0
2020-02-03	0	0	0	0	0	0	0	0
2020-02-04	0	0	0	0	0	0	0	0
2020-02-05	0	0	0	0	0	0	0	0
2020-02-06	0	0	0	0	0	0	0	0
2020-02-07	0	0	0	0	0	0	0	0
2020-02-08	0	0	0	0	0	0	0	0
2020-02-09	0	0.208019469355469	0	0	0	0	0	0
2020-02-10	0	0.508784468524946	0	0	0	0	0	0
2020-02-11	0.0726036093925022	0.821070818872236	0	0	0	0	0	0
2020-02-12	0.217093836397503	1.14576765522662	0.14635664993064	0	0	0	0	0
2020-02-13	0.368787952273223	1.48376411241737	0.332665473239114	0	0	0	0	0
2020-02-14	0.528189870459401	1.83594932527377	0.528959532764904	0	0	0	0	0
2020-02-15	0.695803504395777	2.20321242862511	0.735896680616383	0	0	0	0	0
2020-02-16	0.872132767522093	2.58644255730064	0.954134768901925	0	0	0	0	0
2020-02-17	1.0576788333517	2.98647073503121	1.18434404726257	0	0	0	0	0
2020-02-18	1.25293191569236	3.40389554115382	1.42724435547006	0	0	0	0	0
2020-02-19	1.45837948842549	3.83925744390703	1.6835679308288	0.0190474037466616	0	0	0	0
2020-02-20	1.67450902543245	4.29309691152938	1.95404701064318	0.0869170084846248	0	0	0	0
2020-02-21	1.90180800059465	4.76595441225944	2.23941383221762	0.160718460808761	0	0	0	0
2020-02-22	2.14076388779346	5.25837041433575	2.54040063285653	0.240850200494769	0	0	0	0
2020-02-23	2.39186416091028	5.77088538599687	2.85773964986429	0.327710667318346	0	0	0	0
2020-02-24	2.6554659321082	6.30379466223355	3.19197219074919	0.421657183263568	0	0	0	0
2020-02-25	2.93140486667715	6.85641304504529	3.54287584383491	0.522882599148021	0	0	0	0
2020-02-26	3.21938626818875	7.42781020318379	3.91003726764898	0.631538647997669	0.135941382709227	0	0	0
2020-02-27	3.51911544021465	8.01705580540074	4.29304312071897	0.747777062838477	0.355397315989272	0	0.0453628317093468	0
2020-02-28	3.83029768632648	8.62321952044783	4.69148006157241	0.871749576696407	0.59539558068403	0	0.0988725748049578	0
2020-02-29	4.15263831009586	9.24537101707676	5.10493474873684	1.00360792259742	0.856817734974359	0	0.157350455255894	0
2020-03-01	4.48584261509443	9.88257996403923	5.53299384073982	1.14350383356749	1.14054533704112	0	0.221011467458445	0
2020-03-02	4.82961590489383	10.5339160300869	5.97524399610889	1.29158904263258	1.44745994506518	0.147727262068507	0.290070605808899	0.274787289016745
2020-03-03	5.18366348306568	11.1984488839716	6.4312718733716	1.44801528281864	1.77844311722738	1.09863552753938	0.364742864703545	0.764750927112384
2020-03-04	5.54769065318162	11.8752481944448	6.90066413105549	1.61293428715164	2.1343764117086	2.14264313283051	0.445243238538672	1.30169353085582
2020-03-05	5.92140271881328	12.5633836302584	7.3830074276881	1.78649778865756	2.51614138668968	3.28396313087096	0.531786721710568	1.88771587561809
2020-03-06	6.3045049835323	13.2619248601639	7.87788842179699	1.96885752036234	2.9246196003515	4.52680857458982	0.624588308615522	2.52491873677025
2020-03-07	6.69670275091031	13.9699415529132	8.38489377190968	2.16016521529196	3.36069261087491	5.87539251691618	0.723862993649822	3.21540288968332
2020-03-08	7.09770132451893	14.6865033772579	8.90361013655375	2.36057260647238	3.82524197644077	7.3339280107791	0.829825771209759	3.96126910972837
2020-03-09	7.50702724645253	15.4103782413037	9.43336535424653	2.57014372657117	4.31904807882594	8.90672203922929	0.942670854252673	4.76462416611223
2020-03-10	7.92349201289632	16.1391270105725	9.97245198346461	2.7885918068224	4.84248659419129	10.5984573058038	1.06250932998012	5.62759880338497
2020-03-11	8.34572835855825	16.8700087899402	10.5189037626744	3.01554237810172	5.39583202229368	12.4139104441612	1.18943150415471	6.55232975993247
2020-03-12	8.77236901814625	17.6002826842827	11.0707544303422	3.25062097128479	5.97935886288997	14.3578580879601	1.32352768253906	7.54095377414058
2020-03-13	9.20204672636826	18.3272077984759	11.6260377249346	3.49345311724728	6.59334161573705	16.4350768708592	1.46488817089576	8.59560758439521
2020-03-14	9.63339421793223	19.0480432373957	12.1827873849178	3.74366434686487	7.23805478059177	18.6503434265172	1.61360327498744	9.71842792908221
2020-03-15	10.0650442275461	19.760048105918	12.7390371487583	4.0008801910132	7.91377285721099	21.0084343885925	1.7697633005767	10.9115515465875
2020-03-16	10.495545007743	20.4605158334966	13.2926755038162	4.26461089477825	8.62040828738296	23.5126277669538	1.9333763808209	12.1764162887356
2020-03-17	10.9231068823571	21.1468771478963	13.8410099330267	4.53390556008721	9.35642528102135	26.1602070763085	2.10412195845637	13.5116644611066
2020-03-18	11.3458556930478	21.8165971014601	14.381202668219	4.80769800307758	10.1199259900712	28.9469572075741	2.2815973036142	14.9152394827192
2020-03-19	11.7619172814745	22.4671407465308	14.9104159412221	5.08492203988686	10.9090125664776	31.868663051668	2.46539968642546	16.3850847725921
2020-03-20	12.1694174892964	23.0959731354511	15.4258119838649	5.36451148665253	11.7217871621857	34.9211094995076	2.65512637702124	17.9191437497439
2020-03-21	12.5664821581729	23.700559320564	15.9245530279765	5.64540015951209	12.5563519291403	38.1000814420103	2.85037464553263	19.5153598331935
2020-03-22	12.9512371297635	24.2783643542122	16.403801305386	5.92652187460304	13.4108090192867	41.4013637700935	3.05074176209069	21.1716764419595
2020-03-23	13.3218082457275	24.8268532887385	16.8607190479222	6.20681044806287	14.2832605845697	44.8207413746746	3.25582499682652	22.8860369950607
2020-03-24	13.6763213477242	25.3434911764858	17.2924684874144	6.48519969602909	15.1718087769347	48.353999146671	3.4652216198712	24.6563849115159
2020-03-25	14.0129022774131	25.8257430697969	17.6962118556915	6.76062343463918	16.0745557483264	51.9969219770001	3.67852890135581	26.4806636103436
2020-03-26	14.3296768764534	26.2710740210145	18.0691113845825	7.03201548003064	16.9896036506901	55.7452947565794	3.89534411141143	28.3568165105626
2020-03-27	14.6247709865046	26.6769490824816	18.4083293059165	7.29830964834096	17.9150546359708	59.5949023763262	4.11526452016915	30.2827870311918
2020-03-28	14.896310449226	27.040833306541	18.7110278515225	7.55843975570765	18.8490108561134	63.5415297271578	4.33788739776003	32.2565185912496
2020-03-29	15.1424211062769	27.3601917455354	18.9743692532296	7.8113396182682	19.7895744630632	67.5809616999919	4.56281001431518	34.275954609755
2020-03-30	15.3616036711645	27.6330219988422	19.1961955136637	8.05596622006935	20.734551445285	71.7067886743256	4.78955969487813	36.3383783754734
2020-03-31	15.5538583447866	27.8594518539768	19.3770677186391	8.29136921679485	21.6805631373237	75.9038229839764	5.01738398414229	38.4384326561575
2020-04-01	15.7195601998888	28.0401416454892	19.5182267247671	8.51662143203773	22.623934710244	80.1546824513416	5.24546048171352	40.5701000893066
2020-04-02	15.8590843092166	28.1757517079292	19.6209133886588	8.73079568939098	23.5609913351106	84.4419848988183	5.47296678719769	42.7273633124201
2020-04-03	15.9728057455156	28.2669423758469	19.6863685669256	8.9329648124476	24.4880581829884	88.7483481488041	5.69908050020068	44.9042049629975
2020-04-04	16.0610995815313	28.314373983792	19.7158331161788	9.12220162480061	25.401460424942	93.0563900236962	5.92297922032834	47.0946076785382
2020-04-05	16.1243408900094	28.3187068663147	19.7105478930294	9.29757895004301	26.2975232320361	97.3487283458918	6.14384054718654	49.2925540965416
2020-04-06	16.1630121177834	28.2807809202906	19.6718714366324	9.45832949487084	27.1725943349537	101.607572438155	6.36091783466711	51.4917301379042
2020-04-07	16.1780252080382	28.2021542918988	19.6016330163171	9.6043254983923	28.0231117028503	105.813497624719	6.57376745380565	53.6846348571112
2020-04-08	16.1703994780469	28.0845646896445	19.5017795839561	9.73559908281861	28.8455358644994	109.946670730183	6.78202152992373	55.863470592045
2020-04-09	16.1411542450826	27.9297498220325	19.3742580914222	9.85218237036101	29.6363273486748	113.987258579146	6.98531218834292	58.0204396805879
2020-04-10	16.0913088264183	27.7394473975679	19.2210154905883	9.95410748323071	30.39194668415	117.915427996208	7.18327155438477	60.1477444606222
2020-04-11	16.0218825393269	27.5153951247556	19.0439987333272	10.041406543639	31.1088543996986	121.711345805968	7.37553175337086	62.2375872700302
2020-04-12	15.9338947010816	27.2593307121007	18.8451547715116	10.114111673797	31.7835110240944	125.355178833026	7.56172491062274	64.2821704466942
2020-04-13	15.8283646289553	26.9729918681082	18.6264305570143	10.172254995916	32.4123770861109	128.827093901981	7.74148315146198	66.2736963284966
2020-04-14	15.706311640221	26.6581163012831	18.3897730417082	10.2158686322072	32.9919131145217	132.107257837433	7.91443860121014	68.2043672533198
2020-04-15	15.5687550521518	26.3164417201303	18.1371291774659	10.2449847048819	33.5185796381006	135.175837463981	8.08022338518879	70.0663855590459
2020-04-16	15.4167141820206	25.9497058331548	17.8704459161604	10.2596353361513	33.988837185621	138.012999606225	8.23846962871949	71.8519535835574
2020-04-17	15.2512083471005	25.5596463488617	17.5916702096643	10.2598526482266	34.3991462858568	140.598911088764	8.3888094571238	73.5532736647366
2020-04-18	15.0732568646646	25.148000975756	17.3027490098506	10.245668763319	34.7459674675814	142.913738736197	8.53087499572329	75.1625481404658
2020-04-19	14.8838790519857	24.7165074223425	17.0056292685919	10.2171158036398	35.0257612595685	144.937649373125	8.66429836983953	76.6719793486274
2020-04-20	14.6840788657567	24.2669191876906	16.7022686668031	10.1744272901321	35.2356493350574	146.654063507197	8.78882769467558	78.0744643327964
2020-04-21	14.4747988203485	23.8010529331259	16.3946678015673	10.1186423386666	35.3753979451497	148.059416378263	8.90467504496062	79.3656789593199
2020-04-22	14.2569660695519	23.3207411105384	16.0848379990095	10.051001463846	35.4454344854127	149.153396909225	9.01216848530532	80.5419938002373
2020-04-23	14.0315077671576	22.8278161718179	15.7747905852548	9.97274518027301	35.4461863514137	149.935694022985	9.11163608032034	81.5997794275884
2020-04-24	13.7993510669563	22.3241105688543	15.4665368864284	9.8851140025502	35.3780809387198	150.405996642443	9.20340589461636	82.5354064134128
2020-04-25	13.5614231227389	21.8114567535376	15.1620882286553	9.78934844528023	35.2415456428984	150.5639936905	9.28780599280405	83.3452453297502
2020-04-26	13.3186510882959	21.2916871777577	14.8634559380606	9.68668902306577	35.0370078595167	150.409374090058	9.3651644394941	84.0256667486404
2020-04-27	13.0719038448843	20.7665208443237	14.5722664266903	9.57821502265527	34.7654676913305	149.944806418768	9.43573600704593	84.5741221729327
2020-04-28	12.8218171836256	20.2372229597218	14.2886064502743	9.46436081938038	34.4302160698491	149.184877873274	9.49948229881408	84.992386828716
2020-04-29	12.5689686231073	19.7049452813573	14.0121778504636	9.34539956071858	34.0351166337703	148.147155304974	9.55629162590181	85.2833168728887
2020-04-30	12.3139356819172	19.1708395666355	13.742682468909	9.22160439414732	33.5840330217921	146.849205565261	9.6060522994124	85.4497684623496
2020-05-01	12.0572958786429	18.6360575729619	13.4798221472614	9.09324846714406	33.0808288726123	145.308595505533	9.64865263044915	85.4945977539971
2020-05-02	11.7996267318721	18.1017510577419	13.2232987271716	8.96060492718629	32.5293678249287	143.542891977184	9.68398093011532	85.4206609047298
2020-05-03	11.5415057601922	17.5690717783808	12.9728140502906	8.82394692175145	31.9335135174391	141.569661831609	9.71192550951421	85.2308140714463
2020-05-04	11.2835104821911	17.0391714922839	12.7280699582692	8.683547598317	31.2971295888415	139.406471920204	9.73237467974909	84.9279134110452
2020-05-05	11.0262184164564	16.5132019568567	12.4887682927583	8.53968010436042	30.6240796778336	137.070889094365	9.74521675192324	84.5148150804251
2020-05-06	10.7702070815756	15.9923149295046	12.2546108954088	8.39261758735917	29.9182274231133	134.580480205486	9.75034003713995	83.9943752364844
2020-05-07	10.5160539961365	15.4776621676328	12.0252996078715	8.24263319479071	29.1834364633785	131.952812104964	9.7476328465025	83.3694500361219
2020-05-08	10.2643366787267	14.9703954286468	11.8005362717973	8.09000007413251	28.4235704373269	129.205451644194	9.73698349111416	82.642895636236
2020-05-09	10.0156326479337	14.471666469952	11.5800227288371	7.93499137286202	27.6424929836565	126.355965674571	9.71828028207823	81.8175681937253
2020-05-10	9.77051942234535	13.9826270489537	11.3634608206418	7.77788023845671	26.8440677410651	123.421921047491	9.69141153049798	80.8963238654885
2020-05-11	9.52954297253705	13.5042591636198	11.150548718265	7.61900141115016	26.031883520547	120.419650804209	9.6563980110762	79.8826238242242
2020-05-12	9.29312307703593	13.0368657741687	10.9409699103716	7.45893600220036	25.2084298222829	117.360552745426	9.61379035291374	78.7823493058314
2020-05-13	9.06164796635695	12.5805800813811	10.7344042150293	7.29832671562142	24.3759213187498	114.2547908617	9.56427164871095	77.6019865620096
2020-05-14	8.83550587101509	12.135535286038	10.5305314503056	7.13781625542747	23.5365726824251	111.112529143592	9.50852499116819	76.3480218444578
2020-05-15	8.61508502152533	11.7018645889201	10.3290314342682	6.97804732563259	22.6925985857857	107.943931581661	9.44723347298581	75.0269414048753
2020-05-16	8.40077364840263	11.2797011908082	10.1295839849847	6.81966263025092	21.8462137013089	104.759162166468	9.38108018686416	73.6452314949613
2020-05-17	8.19295998216198	10.8691782924833	9.93186892052286	6.66330487329655	20.9996327014717	101.568384888572	9.3107482255036	72.2093783664151
2020-05-18	7.99203225331835	10.4704290947262	9.7355660589502	6.5096167587836	20.1550702587514	98.3817637385332	9.23692068160449	70.7258682709359
2020-05-19	7.79837869238671	10.0835867983177	9.54035521833439	6.35924099072618	19.314741045625	95.2094627069112	9.16028064786718	69.2011874602229
2020-05-20	7.61238752988204	9.70878460403859	9.34591621674307	6.2128202731384	18.4808597345697	92.061645784266	9.08151121699203	67.6418221859754
2020-05-21	7.43444699631931	9.34615571266977	9.15192887224387	6.07099731003436	17.6556409980627	88.9484769611575	9.00129548167938	66.0542586998925
2020-05-22	7.2649453222135	8.99583332499208	8.95807300290444	5.93441480542818	16.841299508581	85.8801202281454	8.92031653462959	64.4449832536736
2020-05-23	7.10427073807957	8.65795064178633	8.76402842679242	5.80371546333398	16.0400499386019	82.8667395757897	8.83925746854302	62.8204820990178
2020-05-24	6.95281147443251	8.33264086383339	8.56947496197543	5.67954198776585	15.2541069606025	79.9184989946502	8.75880137612002	61.1872414876244
2020-05-25	6.8108694812908	8.01998832122591	8.37436379860837	5.56242728818042	14.4856298784467	77.0437166912284	8.67961451375986	59.5513448306165
2020-05-26	6.67840158668696	7.71988186130387	8.17973161519513	5.45246509580438	13.7365565215464	74.2433277357927	8.60229579265738	57.9172641768124
2020-05-27	6.55527833815702	7.43216146071911	7.98688646232682	5.34963934730691	13.0087693507002	71.5164214145532	8.52742728770636	56.2890687344544
2020-05-28	6.44137028323701	7.15666709612345	7.79713639059458	5.25393397935722	12.3041508267067	68.8620870137199	8.45559107380057	54.6708277117849
2020-05-29	6.33654796946295	6.89323874416868	7.61178945058954	5.16533292862448	11.6245834103646	66.2794138195029	8.38736922583377	53.0666103170461
2020-05-30	6.24068194437088	6.64171638150664	7.43215369290283	5.0838201317779	10.9719495624725	63.7674911181121	8.32334381869972	51.4804857584801
2020-05-31	6.15364275549683	6.40193998478915	7.25953716812558	5.00937952548668	10.3481317438289	61.3254081957578	8.26409692729219	49.9165232443294
2020-06-01	6.07530540910214	6.17375984494665	7.09500130491102	4.94199170102978	9.75461093155946	58.9523767917207	8.21015737486829	48.3781753135539
2020-06-02	6.00556274634946	5.95706751002415	6.93862104416077	4.88162386812535	9.19126216809683	56.6480984575653	8.16184097813857	46.8664278279843
2020-06-03	5.94431206712672	5.75176484234528	6.79022470483855	4.82823989110133	8.65755901220058	54.4123971979269	8.11941030217687	45.3816499801694
2020-06-04	5.89145067132189	5.55775370423366	6.64964060590808	4.78180363428565	8.15297502263029	52.2450970174408	8.08312791205708	43.9242109626575
2020-06-05	5.84687585882291	5.37493595801292	6.51669706633309	4.74227896200623	7.67698375814551	50.1460219207424	8.05325637285308	42.4944799679973
2020-06-06	5.81048492951774	5.20321346600671	6.39122240507728	4.709629738591	7.22905877750581	48.1149959124669	8.03005824963873	41.0928261887373
2020-06-07	5.78217518329433	5.04248809053864	6.27304494110439	4.68381982836791	6.80867363947077	46.1518429972496	8.01379610748792	39.7196188174261
2020-06-08	5.76184392004063	4.89266169393236	6.16199299337813	4.66481309566487	6.41530190279994	44.256387179726	8.00473251147451	38.3752270466121
2020-06-09	5.74938843964459	4.75363613851148	6.05789488086222	4.65257340480981	6.04841712625288	42.4284524645311	8.00313002667239	37.060020068844
2020-06-10	5.74470604199418	4.62531328659965	5.96057892252039	4.64706462013068	5.70749286858917	40.6678628563004	8.00925121815541	35.7743670766703
2020-06-11	5.74769402697733	4.50759500052048	5.86987343731634	4.64825060595539	5.39200268856836	38.9744423596691	8.02335865099747	34.5186372626396
2020-06-12	5.758249694482	4.40038314259762	5.78560674421381	4.65609522661188	5.10142014495003	37.3480149792726	8.04571489027244	33.2931998193003
2020-06-13	5.77627034439615	4.3035795751547	5.70760716217651	4.67056234642809	4.83521879649374	35.7884047197462	8.07658250105418	32.098423939201
2020-06-14	5.80165327660772	4.21708616051534	5.63570301016817	4.69161582973193	4.59287220195905	34.2954355857251	8.11622404841657	30.9346788148903
2020-06-15	5.83427693719394	4.14078534755357	5.56963255788593	4.71911408898271	4.37370889027146	32.868593616638	8.16481363550726	29.8022913741864
2020-06-16	5.87394435698913	4.07448193134496	5.50877387796072	4.75249372916514	4.17647727102017	31.5060129910868	8.22217151776892	28.7014194859857
2020-06-17	5.92043971301688	4.0179612935155	5.45241499375688	4.79108590339534	3.99978072396032	30.2054899224666	8.28802948871802	27.6321787544546
2020-06-18	5.97354718230078	3.97100881569113	5.39984392863876	4.83422176478939	3.84222262884703	28.9648206241725	8.36211934187099	26.5946847837593
2020-06-19	6.03305094186441	3.93340987949785	5.35034870597072	4.88123246646337	3.70240636543544	27.7818013095998	8.44417287074431	25.5890531780659
2020-06-20	6.09873516873137	3.90494986656162	5.30321734911709	4.9314491615334	3.57893531348069	26.6542281921435	8.53392186885442	24.6153995415406
2020-06-21	6.17038403992525	3.88541415850841	5.25773788144224	4.98420300311555	3.47041285273789	25.5798974851989	8.63109812971777	23.6738394783496
2020-06-22	6.24775625323842	3.87455815022436	5.21333042928366	5.03896663963871	3.37552563086898	24.5568756687642	8.73534850015145	22.7643799195611
2020-06-23	6.33050858953839	3.87201728963633	5.16994353087143	5.09577870078294	3.29329336716301	23.5843102892496	8.84598004017515	21.8865931038511
2020-06-24	6.41827235046144	3.87739703793132	5.12765782740876	5.15481931154108	3.22281904881584	22.6616191596688	8.96221486310916	21.0399425967974
2020-06-25	6.51067883764387	3.89030285629637	5.0865539600989	5.21626859690598	3.1632056630233	21.7882200930349	9.08327508227381	20.223891963978
2020-06-26	6.60735935272197	3.91034020591849	5.04671257014506	5.28030668187049	3.11355619698125	20.9635309023616	9.20838281098941	19.4379047709708
2020-06-27	6.70794519733202	3.9371145479847	5.00821429875047	5.34711369142745	3.07297363788553	20.1869694006621	9.33676016257626	18.6814445833537
2020-06-28	6.81206767311033	3.97023134368203	4.97113978711836	5.41686975056971	3.04056097293199	19.45795340095	9.46762925035469	17.9539749667046
2020-06-29	6.91935808169317	4.00929605419748	4.93556967645195	5.48975498429011	3.01542118931648	18.7759007162386	9.60021218764499	17.2549594866014
2020-06-30	7.02944772471684	4.0539141407181	4.90158460795446	5.5659495175815	2.99665727423485	18.1402291595413	9.7337310877675	16.5838617086221
2020-07-01	7.14196790381763	4.10369106443088	4.86926522282913	5.64563347543674	2.98337221488294	17.5503565438716	9.86740806404251	15.9401451983445
2020-07-02	7.25654992063183	4.15823228652286	4.83869216227918	5.72898698284866	2.9746689984566	17.0057006822429	10.0004652297904	15.3232735213466
2020-07-03	7.37282507679573	4.21714326818105	4.80994606750783	5.81619016481011	2.96965061215168	16.5056793876685	10.1321246983313	14.7327102432063
2020-07-04	7.49042467394562	4.28002947059248	4.78310757971831	5.90742314631394	2.96742004316402	16.049710473162	10.2616085829858	14.1679189295014
2020-07-05	7.60898001371779	4.34649635494416	4.75825734011385	6.00286605235299	2.96708027868948	15.6372117517367	10.3881389970739	13.62836314581
2020-07-06	7.72813268687414	4.41619849672582	4.73549491338667	6.10271628268523	2.9678605110841	15.267141560032	10.5108889332606	13.1134792597997
2020-07-07	7.847565440679	4.488986928638	4.71499555818506	6.20724033612906	2.96949475334472	14.9366203291908	10.628834901588	12.6225948474968
2020-07-08	7.96697131152232	4.56476179768393	4.69695345664628	6.316721986268	2.9718432236284	14.6423090139822	10.7409042914428	12.1550102870178
2020-07-09	8.08604333579405	4.64342325086686	4.68156279090762	6.43144500668558	2.97476614009217	14.3808685691751	10.8460244922116	11.7100259564789
2020-07-10	8.20447454988411	4.72487143519001	4.66901774310635	6.55169317096531	2.97812372089308	14.1489599495384	10.9431228932811	11.2869422339962
2020-07-11	8.32195799018247	4.80900649765664	4.65951249537975	6.67775025269073	2.98177618418818	13.9432441098411	11.0311268840381	10.8850594976861
2020-07-12	8.43818669307906	4.89572858526999	4.6532412298651	6.80990002544534	2.9855837481345	13.7603820048522	11.108963853869	10.5036781256647
2020-07-13	8.55280556377083	4.98485024571439	4.65030004461253	6.94824388719294	2.9893770295613	13.597394668775	11.1758063880172	10.1421664597821
2020-07-14	8.66526698268274	5.07583362939864	4.65039270132361	7.09215373341832	2.99286823998662	13.4527434535508	11.2318078551519	9.80016469682273
2020-07-15	8.77497519904677	5.1680532874126	4.65312487761275	7.24081908398655	2.9957399896007	13.3252497905554	11.2773668197991	9.47738099730498
2020-07-16	8.88133446209487	5.26088377084618	4.65810225109438	7.39342945876271	2.99767488859378	13.2137351111645	11.3128818464845	9.17352352174711
2020-07-17	8.98374902105902	5.35369963078926	4.66493049938291	7.54917437761184	2.9983555471561	13.1170208467538	11.3387514997341	8.88830043066744
2020-07-18	9.08162312517117	5.44587541833173	4.67321530009276	7.70724336039903	2.9974645754779	13.0339284286991	11.3553743440736	8.62141988458423
2020-07-19	9.17436102366331	5.53678568456346	4.68256233083836	7.86682592698932	2.99468458374943	12.9632792883762	11.363148944029	8.3725900440158
2020-07-20	9.2613669657674	5.62580498057436	4.69257726923413	8.0271115972478	2.98969818216093	12.9038948571607	11.3624738641261	8.14151906948041
2020-07-21	9.3420452007154	5.71230785745429	4.70286579289447	8.18728989103951	2.98218798090264	12.8545965664284	11.3537476688907	7.92791512149638
2020-07-22	9.41579997773928	5.79566886629316	4.71303357943382	8.34655032822954	2.97183659016479	12.814205847555	11.3373689228488	7.73148636058198
2020-07-23	9.482035546071	5.87526255818085	4.72268630646659	8.50408242868293	2.95832662013764	12.7815441319163	11.3137361905262	7.55194094725551
2020-07-24	9.54015615494254	5.95046348420724	4.73142965160721	8.65907571226477	2.94134068101142	12.755432850888	11.2832480364487	7.38898704203526
2020-07-25	9.58956605358586	6.02064619546222	4.73886929247008	8.81071969884011	2.92056138297638	12.7346934358459	11.2463030251423	7.24233280543953
2020-07-26	9.62966949123293	6.08518524303568	4.74461090666964	8.958203908274	2.89567133622276	12.7181473181657	11.2032997211326	7.1116863979866
2020-07-27	9.65996329422364	6.14347792818768	4.7482390413009	9.10068725428314	2.86642243081065	12.7047318164975	11.1546757482187	6.99657022464243
2020-07-28	9.68031459732959	6.19501255285899	4.74925372138134	9.23720622599057	2.8328436762796	12.6938477985888	11.101024967291	6.89576366816364
2020-07-29	9.69068311243029	6.23930016916053	4.74713384140903	9.36676670637095	2.79503336203901	12.6850120194617	11.0429802985131	6.80786035575452
2020-07-30	9.69102855140526	6.27585182920327	4.74135829588205	9.48837457839895	2.7530897774983	12.6777412341379	10.9811746620485	6.73145391461935
2020-07-31	9.68131062613402	6.30417858509812	4.73140597929847	9.60103572504921	2.70711121206684	12.6715521976396	10.9162409780607	6.66513797196242
2020-08-01	9.6614890484961	6.32379148895605	4.71675578615637	9.70375602929641	2.65719595515405	12.6659616649885	10.8488121667133	6.60750615498802
2020-08-02	9.63152353037101	6.33420159288797	4.69688661095382	9.7955413741152	2.60344229616933	12.6604863912066	10.7795211481697	6.55715209090044
2020-08-03	9.59148113789099	6.33508039119503	4.67140239903224	9.87562590014401	2.54597146180852	12.6546261020983	10.7089061382378	6.51283174108211
2020-08-04	9.54185835419915	6.32674114693908	4.64040729910643	9.94415677867642	2.48499642791322	12.6478124065974	10.637126535302	6.47395040362806
2020-08-05	9.48325901669135	6.30965756537217	4.60413051073455	10.0015094386698	2.42075310761147	12.6394598844201	10.5642470333911	6.44007571081148
2020-08-06	9.4162869627634	6.28430335174635	4.56280123347475	10.0480593090814	2.35347741403132	12.6289831152826	10.4903323265337	6.41077529490556
2020-08-07	9.34154602981114	6.25115221131367	4.51664866688516	10.0841818188686	2.28340526030079	12.6157966789012	10.4154471087587	6.38561678818348
2020-08-08	9.25964005523043	6.21067784932617	4.46590201052394	10.1102523969888	2.21077255954795	12.5993151549921	10.3396560740946	6.36416782291842
2020-08-09	9.17117287641709	6.1633539710359	4.41079046394923	10.1266464723993	2.13581522490081	12.5789531232715	10.2630239165703	6.34599603138356
2020-08-10	9.07674833076696	6.10965428169491	4.35154322671919	10.1337394740574	2.05876916948744	12.5541251634557	10.1856153302145	6.3306690458521
2020-08-11	8.97697025567587	6.05005248655525	4.28838949839196	10.1319068309205	1.97987030643585	12.5242458552608	10.1074950090559	6.31775449859722
2020-08-12	8.87244248853968	5.98502229086897	4.22155847852569	10.1215239719459	1.89935454887411	12.4887297784032	10.0287276471232	6.3068200218921
2020-08-13	8.76376886675419	5.91503739988811	4.15127936667852	10.102966326091	1.81745780993024	12.446991512599	9.94937793844516	6.29743324800992
2020-08-14	8.65155322771528	5.84057151886472	4.07778136240862	10.076609322313	1.73441600273229	12.3984456375645	9.86951057705047	6.28916180922388
2020-08-15	8.53639940881875	5.76209835305085	4.00129366527411	10.0428283895694	1.6504650404083	12.3425067330159	9.78919025696786	6.28157333780715
2020-08-16	8.41891124746046	5.68009160769855	3.92204547483316	10.0019989568175	1.56584083608631	12.2785893786695	9.70848167222606	6.27423546603291
2020-08-17	8.29966691766266	5.59501658366699	3.84033422597365	9.95449019212506	1.48081051613731	12.2063354004771	9.62746212991191	6.26680237074841
2020-08-18	8.17914193995325	5.50730496424392	3.75673029490241	9.90064622000157	1.39576605990403	12.1262956093339	9.5462593893447	6.25927440709705
2020-08-19	8.05778617148659	5.41738002832419	3.67187229315601	9.84080490406697	1.31113065997219	12.0392480623706	9.46501382290188	6.25173847479629
2020-08-20	7.93604946941699	5.32566505480267	3.58639883227103	9.77530410794121	1.22732750892746	11.9459708167181	9.38386580296084	6.24428147356358
2020-08-21	7.8143816908988	5.23258332257422	3.50094852378403	9.70448169524424	1.14477979935556	11.847241929507	9.30295570189903	6.23699030311639
2020-08-22	7.69323269308635	5.13855811053371	3.41615997923158	9.62867552959598	1.06391072384216	11.7438394578681	9.22242389209385	6.22995186317216
2020-08-23	7.57305233313396	5.04401269757601	3.33267181015027	9.54822347461638	0.985143474972968	11.6365414589323	9.14241074592273	6.22325305344837
2020-08-24	7.45429046819597	4.94937036259596	3.25112262807665	9.46346339392537	0.908901245333671	11.5261259898304	9.06305663576308	6.21698077366245
2020-08-25	7.33739695542673	4.85505438448846	3.17215104454731	9.3747331511429	0.83560722750997	11.413371107693	8.98450193399234	6.21122192353188
2020-08-26	7.22282165198055	4.76148804214834	3.0963956710988	9.2823706098889	0.765684614087552	11.2990548696511	8.90688701298792	6.20606340277411
2020-08-27	7.11101441501178	4.6690946144705	3.02449511926771	9.18671363378331	0.699556597652116	11.1839553328353	8.83035224512725	6.20159211110659
2020-08-28	7.00242510167474	4.57829738034977	2.95708800059061	9.08810008644608	0.637646370789353	11.0688505543764	8.75503800278774	6.19789494824679
2020-08-29	6.89750356912377	4.48951961868104	2.89481292660405	8.98686783149714	0.580377126084957	10.9545185914053	8.68108465834681	6.19505881391215
2020-08-30	6.7966996745132	4.40318460835916	2.83830850884463	8.88335473255643	0.528172056124624	10.8417375010527	8.60863258418189	6.19317060782015
2020-08-31	6.70040678586188	4.31969245669256	2.78807182131201	8.77789028305365	0.481306207354522	10.7312088628175	8.5376107251338	6.19226946662164
2020-09-01	6.60879231464669	4.23935058464383	2.74403378785832	8.67077049565754	0.439462041662731	10.6233283456712	8.46710231589703	6.19220347470117
2020-09-02	6.52196718320902	4.16244324158915	2.7059837947988	8.56228301284662	0.402173874797802	10.5184151409532	8.39597916362944	6.19277295337669
2020-09-03	6.44004231389028	4.08925467690469	2.67371122844868	8.45271547709938	0.368976022508291	10.416788440003	8.32311307548892	6.19377822396613
2020-09-04	6.36312862903185	4.0200691399666	2.64700547512318	8.34235553089433	0.339402800542751	10.3187674341604	8.24737585863333	6.19501960778747
2020-09-05	6.29133705097513	3.95517088015105	2.62565592113755	8.23149081670997	0.312988524649736	10.2246713147647	8.16763932022058	6.19629742615863
2020-09-06	6.22477850206151	3.8948441468342	2.60945195280702	8.12040897702481	0.289267510577799	10.1348192731555	8.08277526740853	6.19741200039759
2020-09-07	6.16352982635459	3.83931371546037	2.59823095576552	8.00940721843395	0.267831951158892	10.0494921571435	7.99197343505062	6.19819978039418
2020-09-08	6.10753155480673	3.78856646574652	2.59202231292177	7.89882100399882	0.248505547558548	9.96881744042456	7.89569526878246	6.19864173032592
2020-09-09	6.05669014009247	3.74252980347773	2.59090340650318	7.78899536089743	0.231169878025696	9.89288425316544	7.79472014193523	6.19875494294223
2020-09-10	6.01091203488637	3.70113113443912	2.59495161873718	7.68027531630782	0.215706520809269	9.82178172553309	7.68982742784013	6.19855651099253
2020-09-11	5.97010369186298	3.66429786441579	2.60424433185119	7.57300589740799	0.201997054158196	9.75559898769442	7.58179649982831	6.19806352722621
2020-09-12	5.93417156369685	3.63195739919284	2.61885892807262	7.46753213137597	0.189923056321407	9.69442516981634	7.47140673123096	6.19729308439271
2020-09-13	5.90302210306255	3.60403714455537	2.6388727896289	7.36419904538979	0.179366105547833	9.63834940206576	7.35943749537924	6.19626227524144
2020-09-14	5.87656176263462	3.58046450628849	2.66436329874744	7.26335166662746	0.170207780086404	9.5874608146096	7.24666816560435	6.19498819252182
2020-09-15	5.85469699508761	3.56116689017729	2.69540783765566	7.16533502226701	0.162329658186051	9.54184853761476	7.13387811523744	6.19348792898325
2020-09-16	5.83733425309608	3.54607170200689	2.73208378858098	7.07049413948646	0.155613318095704	9.50160170124815	7.02184671760971	6.19177857737516
2020-09-17	5.82437998933459	3.53510634756239	2.77446853375081	6.97917404546382	0.149940338064294	9.46680943567669	6.91135334605233	6.18987723044696
2020-09-18	5.81574065647767	3.52819823262888	2.82263945539259	6.89171976737712	0.14519229634075	9.43756087106727	6.80317737389647	6.18780098094806
2020-09-19	5.81132270719989	3.52527476299148	2.87667393573372	6.80847633240438	0.141250771174003	9.41394513758682	6.69809817447331	6.18556692162789
2020-09-20	5.81103259417581	3.52626334443527	2.93664935700163	6.72978876772362	0.137997340812983	9.39605136540225	6.59689512111402	6.18319214523586
2020-09-21	5.8147997736224	3.53102817898001	3.00265210079159	6.65606204379662	0.135454108880922	9.38408824191304	6.50017356624017	6.18063998606362
2020-09-22	5.82264571592641	3.53918065358397	3.07480454617029	6.58794090422012	0.134205280498248	9.37874268344899	6.4078427786348	6.17765874457178
2020-09-23	5.83461489501699	3.55026895144005	3.1532380715723	6.52613003587464	0.134975586159692	9.38082116357245	6.31963800617136	6.17394296276317
2020-09-24	5.85075178482332	3.56384125574116	3.23808405543215	6.47133412564068	0.138489756359985	9.39113015584582	6.23529449672328	6.16918718264064
2020-09-25	5.87110085927457	3.57944574968021	3.32947387618441	6.42425786039875	0.145472521593855	9.41047613383145	6.15454749816401	6.16308594620702
2020-09-26	5.89570659229989	3.59663061645011	3.42753891226363	6.38560592702935	0.156648612356034	9.43966557109171	6.07713225836698	6.15533379546516
2020-09-27	5.92461345782847	3.61494403924377	3.53241054210436	6.356083012413	0.172742759141251	9.47950494118897	6.00278402520563	6.14562527241791
2020-09-28	5.95786873628756	3.63403021838625	3.64419877229247	6.33625854278398	0.194444876117244	9.5306274822711	5.9312397663836	6.13378979993674
2020-09-29	5.9955309340968	3.65391742273126	3.76292812201916	6.32616090179177	0.222305612143789	9.59297349082798	5.86224332892536	6.12019632436778
2020-09-30	6.03766136417393	3.67472993826465	3.88860173862692	6.32568321243963	0.256840799753664	9.66631002793497	5.79554027968558	6.10534867292578
2020-10-01	6.0843213394367	3.69659205097228	4.02122276945825	6.3347185977308	0.298566271479655	9.75040415466743	5.73087618551893	6.0897506728255
2020-10-02	6.13557217280283	3.71962804684001	4.16079436185566	6.35316018066856	0.347997859854541	9.84502293210074	5.66799661328009	6.07390615128172
2020-10-03	6.19147517719006	3.7439622118537	4.30731966316167	6.38090108425616	0.405651397411106	9.94993342131027	5.60664712982371	6.05831893550919
2020-10-04	6.25209166551612	3.76971883199921	4.46080182071875	6.41783443149686	0.472042716682128	10.0649026833714	5.54657330200449	6.04349285272267
2020-10-05	6.31748295069876	3.79702219326239	4.62124398186944	6.46385334539392	0.547687650200394	10.1896977793594	5.48752069667709	6.02993173013694
2020-10-06	6.38771034565572	3.82599658162911	4.78864929395623	6.51885094895058	0.633102030498682	10.3240857703498	5.42923488069618	6.01813939496674
2020-10-07	6.46283516330472	3.85676628308522	4.96302090432162	6.58272036517013	0.728801690109777	10.4678337174179	5.37146142091643	6.00861967442684
2020-10-08	6.5429187165635	3.88945558361658	5.14436196030811	6.65535471705581	0.835302461566457	10.620708681639	5.31394588419251	6.00187639573201
2020-10-09	6.62802231834981	3.92418876920905	5.33267560925822	6.73664712761087	0.953120177401505	10.7824777240886	5.25643383737911	5.998413386097
2020-10-10	6.71820728158138	3.96109012584848	5.52796499851445	6.82649071983859	1.08277067014771	10.9529079058419	5.19867084733088	5.99873447273659
2020-10-11	6.81353491917594	4.00028393952074	5.7302332754193	6.92477861674221	1.22476977233784	11.1317662879744	5.14040248090251	6.00334348286553
2020-10-12	6.91401974403371	4.04190691416206	5.93944319671864	7.03136810538019	1.37958334699969	11.3187463584301	5.0816808372914	6.01287287146506
2020-10-13	7.01948906898481	4.08614542551011	6.15539595677176	7.14597312903166	1.54747737914102	11.5132473126276	5.02378414506601	6.02846960458232
2020-10-14	7.12972340684184	4.13319826725297	6.37785235934135	7.26827179503097	1.72866788426462	11.7145947728541	4.9682971651375	6.05140927603094
2020-10-15	7.2445032704174	4.1832642330787	6.60657320819005	7.39794221071246	1.92337087787324	11.9221143613969	4.91680465841707	6.08296747962451
2020-10-16	7.36360917252408	4.23654211667535	6.84131930708055	7.53466248341046	2.13180237546967	12.1351317005432	4.8708913858159	6.12441980917667
2020-10-17	7.48682162597448	4.29323071173098	7.08185145977549	7.67811072045931	2.35417839255667	12.3529724125803	4.83214210824517	6.17704185850102
2020-10-18	7.6139211435812	4.35352881193366	7.32793047003756	7.82796502919334	2.59071494463702	12.5749621197955	4.80214158661606	6.24210922141118
2020-10-19	7.74473153857946	4.41766142713886	7.57938545278378	7.98385976224376	2.84164639584056	12.8005935957496	4.78233579633551	6.32068871549859
2020-10-20	7.87924982589494	4.48595843187174	7.83631876754868	8.14525425342928	3.1072805048054	13.0300282190975	4.7736155707934	6.41301205346599
2020-10-21	8.01751632087598	4.5587759168249	8.09890108502118	8.31156408186549	3.38794337879674	13.2635945197679	4.77673295787536	6.51910217179393
2020-10-22	8.15957133887087	4.63646997269089	8.36730307589016	8.48220482666795	3.68396112507975	13.5016210276894	4.79244000546704	6.63898200696296
2020-10-23	8.30545519522795	4.71939669016231	8.64169541084455	8.65659206695226	3.99565985091964	13.7444362727905	4.82148876145406	6.77267449545364
2020-10-24	8.4552082052955	4.80791215993173	8.92224876057323	8.83414138183398	4.32336566358156	13.9923687849999	4.86463127372206	6.92020257374652
2020-10-25	8.60887068442187	4.90237247269174	9.20913379576512	9.01426835042871	4.66740467033074	14.245747094246	4.92261959015668	7.08158917832216
2020-10-26	8.76648294795534	5.00313371913491	9.50252118710911	9.19638855185201	5.02810297843233	14.5048997304576	4.99620575864354	7.25685724566111
2020-10-27	8.92808531124426	5.11055198995383	9.80258160529412	9.37991756521949	5.40578669515153	14.7701552235631	5.08614182706828	7.44602971224394
2020-10-28	9.09371808963691	5.22498337584106	10.109485721009	9.56427096964669	5.80078192775353	15.0418421034912	5.19317984331654	7.64912951455119
2020-10-29	9.26342159848163	5.34678396748921	10.4234042049428	9.74886434424922	6.21341478350351	15.3202889001704	5.31807185527394	7.86617958906342
2020-10-30	9.43723615312672	5.47630985559084	10.7445077277842	9.93311326814264	6.64401136966666	15.6058241435294	5.46156991082612	8.09720287226118
2020-10-31	9.61520206892049	5.61391713083853	11.0729669602223	10.1164333204426	7.09289779350815	15.8987763634967	5.62442605785872	8.34222230062502
2020-11-01	9.79735966121128	5.75996188392488	11.4089525729459	10.2982400802645	7.56040016229321	16.1994740900009	5.80739234425738	8.60126081063552
2020-11-02	9.98371840881516	5.91470504007006	11.7525480504442	10.4780012330512	8.0467502852021	16.5082257693434	6.01123739836022	8.87437574494913
2020-11-03	10.1741644444195	6.07802686260479	12.1034881324072	10.6553928895532	8.55180277907566	16.8252595133168	6.23679617031544	9.16176207092599
2020-11-04	10.3685530641792	6.24971244938736	12.4614203723253	10.8301432668483	9.07531796266978	17.1507833500866	6.48492019072371	9.46364916210213
2020-11-05	10.5667395642495	6.4295468982761	12.8259923236887	11.0019805820142	9.61705615474042	17.4850053078182	6.75646099018575	9.78026639201362
2020-11-06	10.7685792407854	6.6173153071293	13.1968515399879	11.1706330521286	10.1767776740435	17.828133414677	7.05227009930221	10.1118431341965
2020-11-07	10.973927389942	6.8128027738053	13.573645574713	11.3358288942694	10.7542428393349	18.1803756988286	7.3731990486738	10.4586087621868
2020-11-08	11.1826393078744	7.01579439616238	13.9560219813545	11.4972963255141	11.3492119693706	18.5419401884383	7.72009936890121	10.8207926495205
2020-11-09	11.3945632909012	7.22602557537527	14.3435178150446	11.6548634004177	11.9613098339946	18.9129586926802	8.09375954675115	11.1985411792093
2020-11-10	11.6095196359961	7.44303292588418	14.7352281374834	11.8087575234432	12.5896190074026	19.2932581447624	8.49471589365443	11.5916687721667
2020-11-11	11.8273216402961	7.66630336544574	15.1301375120129	11.959305936531	13.2330865148786	19.6825892589016	8.92344167720789	11.9999068587821
2020-11-12	12.0477826009383	7.89532381181657	15.5272305019752	12.1068358816213	13.8906593817067	20.0807027493147	9.3804101650084	12.4229868694444
2020-11-13	12.2707158150599	8.12958118275329	15.9254916707124	12.2516746006544	14.5612846331706	20.4873493302183	9.86609462465277	12.8606402345429
2020-11-14	12.495934579798	8.36856239601253	16.3239055815666	12.3941493355704	15.2439092945542	20.9022797158291	10.3809683237379	13.3125983844668
2020-11-15	12.7232521922897	8.61175436935089	16.7214567978797	12.5345873283098	15.9374803911416	21.325244620364	10.9255045298605	13.7785927496052
2020-11-16	12.9524819496723	8.85864402052501	17.1171298829938	12.6733158208127	16.6409449482166	21.7559947580397	11.5001765106175	14.2583547603473
2020-11-17	13.1834371490827	9.10871826729149	17.5099094002511	12.8106620550193	17.353249991063	22.1942808430729	12.1054575336058	14.7516158470823
2020-11-18	13.4159310876583	9.36146402740697	17.8987799129935	12.9469532728701	18.0733425449649	22.6398535896803	12.7418208664222	15.2581074401993
2020-11-19	13.649777062536	9.61636821862806	18.2827259845631	13.0825167163051	18.8001696352062	23.0924637120786	13.4097397766634	15.7775609700875
2020-11-20	13.884788370853	9.87291775871138	18.660732178302	13.2176796272647	19.5326782870707	23.5518619244847	14.1096875319265	16.3097078671361
2020-11-21	14.1207783097465	10.1305995654136	19.0317830575522	13.3527692476891	20.2698155258423	24.0177989411153	14.8421373998081	16.8542795617343
2020-11-22	14.3575601763536	10.3889005564912	19.3948631856558	13.4881128195186	21.0105283768051	24.490025476187	15.6075626479052	17.4110074842711
2020-11-23	14.5950470839773	10.6473122486062	19.7492634157257	13.6242676630511	21.753500230059	24.9681879549711	16.4062500351137	17.9795333449015
2020-11-24	14.8335514105838	10.9053445540415	20.0954997599586	13.7627114120149	22.496359934969	25.4515156469561	17.2377402855257	18.5591399728424
2020-11-25	15.0734853503054	11.1625119839852	20.4343945203221	13.9051517784962	23.2364727057162	25.9391335326851	18.1013876145326	19.1490204770769
2020-11-26	15.3152610972741	11.4183290496255	20.7667699987835	14.0532964745809	23.9712037564815	26.4301665927012	18.9965462375256	19.7483679665876
2020-11-27	15.5592908456222	11.6723102621506	21.0934484973106	14.2088532123552	24.6979183014461	26.9237398075474	19.9225703698961	20.3563755503573
2020-11-28	15.8059867894817	11.9239701327487	21.4152523178708	14.3735297039049	25.413981554791	27.4189781577668	20.8788142270353	20.9722363373688
2020-11-29	16.0557611229848	12.1728231726079	21.7330037624316	14.5490336613163	26.1167587306973	27.9150066239023	21.8646320243345	21.5951434366049
2020-11-30	16.3090086998519	12.4186041029923	22.0474956994952	14.7369131503354	26.803620509773	28.4113128894471	22.8792622240108	22.2242738227302
2020-12-01	16.5660550121563	12.6619284854697	22.3594032637023	14.938077651349	27.4719594383339	28.9088354496944	23.9214802755843	22.8587399331365
2020-12-02	16.8272082115594	12.9036320916835	22.6693721562283	15.153276998404	28.1191735291228	29.4088755028877	24.9899458754012	23.4976380708976
2020-12-03	17.0927764497227	13.1445506932774	22.9780480782485	15.3832610255473	28.7426607948823	29.9127342472702	26.0833187198074	24.140064539087
2020-12-04	17.3630678783077	13.385520061895	23.2860767309381	15.6287795668257	29.3398192483552	30.4217128810853	27.2002585051489	24.7851156407784
2020-12-05	17.6383906489759	13.6273759691798	23.5941038154726	15.8905824562862	29.9080469022842	30.9371126025763	28.3394249277716	25.4318876790456
2020-12-06	17.9190529133888	13.8709541867756	23.9027750330271	16.1694195279757	30.4447417694121	31.4602346099866	29.4994776840217	26.0794769569621
2020-12-07	18.2053628232078	14.1170904863258	24.2127360847772	16.4660406159409	30.9473018624815	31.9923801015595	30.6790764702451	26.7269797776017
2020-12-08	18.4976285300945	14.366620639474	24.5246326718981	16.7811955542289	31.4131251942353	32.5348502755383	31.8768809827878	27.3734924440379
2020-12-09	18.7961581857103	14.6203804178638	24.839110495565	17.1156341768865	31.8396097774161	33.0889463301663	33.0915509179957	28.0181112593446
2020-12-10	19.1012599417167	14.879205593139	25.1568152569535	17.4701063179606	32.2241536247668	33.655969463687	34.321745972215	28.6599325265953
2020-12-11	19.4132419497752	15.1439319369429	25.4783926572387	17.8453618114981	32.5641547490299	34.2372208743437	35.5661258417916	29.2980525488637
2020-12-12	19.7324123615473	15.4153952209192	25.804488397596	18.2421504915458	32.8570111629483	34.8340017603796	36.8233502230714	29.9315676292235
2020-12-13	20.0590793286945	15.6944312167116	26.1357481792007	18.6612221921507	33.1001208792646	35.4476133200382	38.0920788124007	30.5595740707483
2020-12-14	20.3932330558805	15.9814453952092	26.4722976874297	19.1027074328898	33.2915367696802	36.0788156186703	39.3707906158036	31.1811533325251
2020-12-15	20.7335919597783	16.2751220242841	26.8121825444661	19.5642594754605	33.43193114173	36.7262041900572	40.6572418780187	31.7953274976942
2020-12-16	21.0785565100631	16.5737150710537	27.1529283566944	20.0429122670907	33.5226311619078	37.3878334350876	41.9490081534627	32.401103805409
2020-12-17	21.4265271764101	16.8754785026359	27.4920607304993	20.5356997550079	33.564963996707	38.0617577546505	43.2436649965523	32.9974894948231
2020-12-18	21.7759044284945	17.1786662861481	27.8271052722653	21.0396558864398	33.5602568126212	38.7460315496345	44.5387879617045	33.58349180509
2020-12-19	22.1250887359916	17.4815323887079	28.1555875883771	21.551814608614	33.5098367761441	39.4387092209285	45.8319526033358	34.1581179753632
2020-12-20	22.4724805685765	17.7823307774331	28.4750332852193	22.0692098687583	33.4150310537692	40.1378451694213	47.1207344758633	34.7203752447963
2020-12-21	22.8164803959245	18.0793154194412	28.7829679691764	22.5888756141003	33.2771668119902	40.8414937960017	48.4027091337037	35.2692708525428
2020-12-22	23.1554886877108	18.3707402818498	29.0769172466331	23.1078457918676	33.0975712173005	41.5477095015584	49.6754521312736	35.8038120377561
2020-12-23	23.4879059136106	18.6548593317766	29.354406723974	23.623154349288	32.8775714361938	42.2545466869803	50.93653902299	36.3230060395899
2020-12-24	23.8121325432991	18.9299265363391	29.6129620075836	24.1318352335891	32.6184946351637	42.9600597531563	52.1835453632697	36.8258600971977
2020-12-25	24.1265690464516	19.194195862655	29.8501087038466	24.6309223919985	32.3216679807038	43.662303100975	53.4140467065293	37.3113814497329
2020-12-26	24.4296158927432	19.4459212778419	30.0633724191476	25.1174497717439	31.9884186393076	44.3593311313253	54.6256186071858	37.7785773363491
2020-12-27	24.7196735518493	19.6833567490174	30.2502787598711	25.588451320053	31.6200737774687	45.049198245096	55.8158366196559	38.2264549961999
2020-12-28	24.9952515809078	19.9049729552746	30.4086917668407	26.0410689309384	31.2180709649004	45.7296510329589	56.9820301434625	38.6543673588062
2020-12-29	25.2552958869085	20.1101074236082	30.5378292186351	26.472876285552	30.7842893841943	46.397204844717	58.1205439585535	39.0630501151597
2020-12-30	25.4988614643041	20.2983143929886	30.637247328272	26.8815550118307	30.3207186211618	47.0480672199566	59.2274766899825	39.4535846466192
2020-12-31	25.725003307547	20.4691481023859	30.7065023087691	27.2647867377116	29.8293482616142	47.6784456982639	60.2989269628036	39.827052334544
2021-01-01	25.93277641109	20.6221627907705	30.7451503731441	27.6202530911314	29.3121678913628	48.2845478192249	61.3309934020705	40.1845345602929
2021-01-02	26.1212357693855	20.7569126971126	30.7527477344146	27.9456357000272	28.771167096219	48.8625811224259	62.3197746328372	40.5271127052249
2021-01-03	26.2894363768863	20.8729520603824	30.7288506055983	28.2386161923358	28.2083354619941	49.4087531474529	63.2613692801574	40.8558681506993
2021-01-04	26.4366701152371	20.9700038124855	30.6732283111715	28.4974429691617	27.6257637969873	49.9197922575141	64.1522427675643	41.1715809173342
2021-01-05	26.5631764148511	21.0484656570692	30.5865026214448	28.7226315242798	27.0259477994503	50.3945101103059	64.9903277125078	41.473825582785
2021-01-06	26.6694315933338	21.1089039907158	30.4695084181875	28.9152641246325	26.4114843901224	50.8322391871465	65.7739235309169	41.7618753639664
2021-01-07	26.7559119682906	21.1518852100078	30.3230805831687	29.0764230371624	25.7849704897431	51.2323119693543	66.5013296387208	42.035003477793
2021-01-08	26.8230938573268	21.1779757115277	30.1480539981579	29.2071905288118	25.1490030190518	51.5940609382477	67.1708454518485	42.2924831411794
2021-01-09	26.8714535780481	21.187741891858	29.9452635449241	29.3086488665234	24.5061788987881	51.9168185751449	67.7807703862292	42.5335875710404
2021-01-10	26.9014674480596	21.1817501475812	29.7155441052367	29.3818803172394	23.8590950496914	52.1999173613643	68.3294038577918	42.7575899842904
2021-01-11	26.913611784967	21.1605668752797	29.4597305608649	29.4279671479024	23.2103483925012	52.4426897782243	68.8150452824656	42.9637635978443
2021-01-12	26.9083629063755	21.1247584715361	29.1786577935779	29.4479916254548	22.5625358479569	52.6444683070432	69.2359940761796	43.1513816286166
2021-01-13	26.8861971298907	21.0748913329328	28.8731606851451	29.4430360168392	21.918254336798	52.8045854291392	69.5905496548629	43.319717293522
2021-01-14	26.8475907731179	21.0115318560523	28.5440741173355	29.4141825889979	21.2801007797639	52.9223736258308	69.8770114344446	43.4680438094751
2021-01-15	26.7930201536626	20.9352464374771	28.1922329719186	29.3625136088734	20.6506720975942	52.9971653784363	70.0936788308537	43.5956343933906
2021-01-16	26.7229615891301	20.8466014737897	27.8184721306634	29.2891113434083	20.0325652110282	53.028293168274	70.2388512600196	43.7017622621831
2021-01-17	26.637891397126	20.7461633615725	27.4236264753394	29.1950580595449	19.4283770408056	53.0150894766623	70.310828137871	43.7857006327673
2021-01-18	26.5383272903723	20.6345618805522	27.0087847392507	29.0815372341766	18.8404001042889	52.9575076425295	70.3084180298613	43.8464163743463
2021-01-19	26.4249525620581	20.5126803430324	26.5760510618413	28.9501371839999	18.2697093053339	52.8579844352444	70.2324660995397	43.8816509652778
2021-01-20	26.298491900489	20.3814654444608	26.1277834340906	28.8025474356624	17.7170751444195	52.7195774817857	70.0843266599795	43.888839536208
2021-01-21	26.1596699939708	20.2418638802851	25.6663398469777	28.6404575158115	17.1832681220247	52.5453444091323	69.865354024254	43.865417217783
2021-01-22	26.0092115308092	20.0948223459531	25.1940782914816	28.4655569510946	16.6690587386285	52.338342844263	69.5769025054365	43.808819140649
2021-01-23	25.84784119931	19.9412875369125	24.7133567585815	28.2795352681592	16.1752174947098	52.1016304141565	69.2203264166004	43.7164804354522
2021-01-24	25.6762836877789	19.7822061486109	24.2265332392566	28.0840819936527	15.7025148907476	51.8382647457917	68.7969800708189	43.5858362328388
2021-01-25	25.4951084740514	19.6183895466415	23.7356474771085	27.8806961040044	15.2513411532806	51.5508560708125	68.3084146597568	43.4149102181914
2021-01-26	25.304264194083	19.4501077771778	23.241466226229	27.6701143747701	14.8205654130867	51.2402250395237	67.7569688894439	43.2040802958392
2021-01-27	25.1035442733589	19.2774955565388	22.7444379933325	27.4528830312877	14.4086765270037	50.9067449068954	67.1451783445016	42.9543129248477
2021-01-28	24.8927421373643	19.1006876010435	22.2450112851333	27.2295482988948	14.0141633518695	50.5507889278975	66.4755786095513	42.6665745642826
2021-01-29	24.6716512115845	18.9198186270107	21.7436346083459	27.0006564029291	13.6355147445215	50.1727303575	65.7507052692143	42.3418316732095
2021-01-30	24.4400649215049	18.7350233507594	21.2407564696845	26.7667535687284	13.2712195617977	49.7729424506728	64.9730939081118	41.9810507106939
2021-01-31	24.1977766926105	18.5464364886085	20.7368253758635	26.5283860216303	12.9197666605357	49.3517984623861	64.1452801108652	41.5851981358016
2021-02-01	23.9445799503868	18.354192756877	20.2322898335973	26.2860999869727	12.5796448975733	48.9096716476098	63.269799462096	41.1552404075981
2021-02-02	23.6802681203189	18.1584268718837	19.7275983496002	26.0404416900931	12.2493431297482	48.4469352613139	62.3491875464252	40.692143985149
2021-02-03	23.4046346278921	17.9592735499476	19.2231994305865	25.7919573563294	11.9273502138982	47.9639625584684	61.3859799484743	40.19687532752
2021-02-04	23.1174728985917	17.7568675073876	18.7195415832707	25.5411932110192	11.6121550068609	47.4611267940432	60.3827122528647	39.6704008937767
2021-02-05	22.8185763579029	17.5513434605227	18.2170733143671	25.2886954795002	11.3022463654742	46.9388012230084	59.3419200442175	39.1136871429846
2021-02-06	22.507738431311	17.3428361256717	17.71624313059	25.0350103871101	10.9961131465757	46.397359100334	58.2661389071542	38.5277005342093
2021-02-07	22.1847525443012	17.1314802191537	17.2174995386537	24.7806841591867	10.6922442070033	45.8371736809898	57.1579044262961	37.9134075265166
2021-02-08	21.849583880156	16.9172561207858	16.7212777473489	24.5260632589682	10.38944990352	45.2589657740545	56.0198985446641	37.2723400856592
2021-02-09	21.5028846533468	16.6995268643787	16.22795977377	24.2706951012942	10.0878265925911	44.6648464050393	54.8553886388769	36.6082922041381
2021-02-10	21.1454788361419	16.4775011472414	15.7379143370881	24.013927338905	9.78779213060708	44.0572741535645	53.6677884439532	35.925623381142
2021-02-11	20.77819040081	16.2503876666829	15.251510156474	23.7551076245408	9.4897643739586	43.4387075992499	52.4605116949114	35.228693115859
2021-02-12	20.4018433196196	16.0173951200121	14.7691159510986	23.493583610942	9.19416117903626	42.8116053217155	51.23697212677	34.5218609074778
2021-02-13	20.0172615648391	15.7777322045381	14.2911004401326	23.2287029508487	8.90140040223062	42.1784259005812	50.0005834745474	33.8094862551864
2021-02-14	19.6252691087371	15.5306076175697	13.8178323427469	22.9598132970011	8.6118998999323	41.541627915467	48.7547594732621	33.0959286581734
2021-02-15	19.2267131240274	15.2754677251527	13.3497423089273	22.6864231009745	8.3261598068289	40.9033123235859	47.5027287474502	32.3849435479905
2021-02-16	18.822533585205	15.0127095682788	12.8875087119196	22.4086840096844	8.04500937079597	40.2641495925225	46.2469794797178	31.6778700856427
2021-02-17	18.4136936672102	14.7429678566764	12.4318718557843	22.1269084688814	7.76936011800608	39.6244525674547	44.9898147421885	30.9754433644988
2021-02-18	18.0011565449833	14.4668773000741	11.9835720445821	21.841408924316	7.50012357463178	38.9845340935602	43.7335376069862	30.2783984779271
2021-02-19	17.5858853934647	14.1850726082002	11.5433495823737	21.5524978217387	7.23821126684567	38.3447070160168	42.4804511462348	29.5874705192962
2021-02-20	17.1688433875947	13.8981884907832	11.1119447732197	21.2604876069001	6.98453472082026	37.7052841800022	41.2328584320577	28.9033945819747
2021-02-21	16.7509937023136	13.6068596575515	10.6900979211808	20.9656907255508	6.74000546272813	37.0665784306942	39.9930625365787	28.2269057593309
2021-02-22	16.3332995125617	13.3117208182335	10.2785493303176	20.6684196234413	6.50553501874184	36.4289026132705	38.7633665319217	27.5587391447336
2021-02-23	15.9167239932793	13.0134066825578	9.87803930469081	20.3689867463221	6.28203491503398	35.7925695729089	37.5460734902104	26.8996298315512
2021-02-24	15.5022303194068	12.7125519602526	9.48930814836101	20.0677045399439	6.07041667777707	35.157892154787	36.3434864835685	26.2503129131521
2021-02-25	15.0907816658845	12.4097913610465	9.11309616538889	19.764885450057	5.87159183314369	34.5251832040827	35.1579085841196	25.611523482905
2021-02-26	14.6833412076526	12.1057595946679	8.75014365983511	19.4608419224122	5.68647190730641	33.8947555659738	33.9916428639877	24.9839966341784
2021-02-27	14.2808721196515	11.8010913708452	8.40119093576029	19.1558864027599	5.51596842643776	33.2669220856379	32.8469923952963	24.3684674603407
2021-02-28	13.8843375768216	11.4964213993069	8.0669782972251	18.8503313368507	5.36099291671032	32.6419956082528	31.7262602501692	23.7656710547605
2021-03-01	13.4946507107231	11.192402922469	7.74806102259971	18.544430989911	5.22238493789763	32.0201312949862	30.6315125518692	23.1764236326546
2021-03-02	13.1125244793968	10.8897633134988	7.44425428749243	18.238206905071	5.10069618417707	31.4008535709649	29.5638676282156	22.6018658966331
2021-03-03	12.7386217975034	10.5892484782508	7.15518824182099	17.9316224449367	4.996406383327	30.7835291773059	28.5242068581664	22.0432196711541
2021-03-04	12.3736055797036	10.29160432258	6.88049303550321	17.6246409721141	4.90999526312577	30.1675248551259	27.5134116206798	21.501706780676
2021-03-05	12.018138740658	9.99757675234092	6.6197988184569	17.3172258492092	4.84194255135176	29.5522073455417	26.5323632947141	20.9785490496569
2021-03-06	11.6728841950275	9.70791167338851	6.37273574059986	17.0093404388281	4.79272797578333	28.9369433896704	25.5819432592275	20.4749683025554
2021-03-07	11.3385048574727	9.42335499157744	6.13893395184985	16.7009481035768	4.76283126419882	28.3210997286284	24.6630328931781	19.9921863638294
2021-03-08	11.0155779287935	9.14459462410132	5.91802142770103	16.3921749636152	4.75255799398572	27.704231091202	23.776313254116	19.5311456025254
2021-03-09	10.7043377543471	8.87208653350905	5.70961744595292	16.0837981693194	4.76151714096801	27.0866441568533	22.9216641139592	19.0916705660414
2021-03-10	10.4049329656295	8.60622869368829	5.51333910998135	15.7767576286191	4.78914353057878	26.4688335927138	22.0987649232171	18.6733063463634
2021-03-11	10.117512194137	8.34741907852677	5.3288035231622	15.4719932494444	4.83487198825111	25.8512940659148	21.3072951323995	18.2755980354775
2021-03-12	9.84222407136588	8.0960556619122	5.15562778887131	15.170444939725	4.8981373394181	25.2345202435878	20.5469341920161	17.8980907253697
2021-03-13	9.57921722881233	7.85253641773229	4.99342901048455	14.873052607391	4.97837440951284	24.6190067928642	19.8173615525766	17.5403295080261
2021-03-14	9.32864029797254	7.61725931987471	4.84182429137776	14.5807561603721	5.07501802396843	24.0052483808754	19.1182566645905	17.2018594754327
2021-03-15	9.09064191034276	7.39062234222719	4.70043073492679	14.2944955065984	5.18750300821796	23.3937396747527	18.4492989785676	16.8822257195756
2021-03-16	8.86537069741922	7.17302345867743	4.56886544450752	14.0152105539996	5.31526418769452	22.7849753416277	17.8101679450176	16.5809733324407
2021-03-17	8.65297529069817	6.96486064311315	4.4467455234958	13.7438412105058	5.45773638783119	22.1794500486317	17.2005430144502	16.2976474060142
2021-03-18	8.45360432167578	6.76653186942202	4.33368807526746	13.4813273840467	5.61435443406108	21.5776584628961	16.620103637375	16.031793032282
2021-03-19	8.2674064218483	6.57843511149177	4.22931020319838	13.2286089825523	5.78455315181728	20.9800952515523	16.0685292643017	15.7829553032303
2021-03-20	8.09453022271198	6.4009683432101	4.13322901066441	12.9866259139525	5.96776736653286	20.3872550817318	15.54549934574	15.550679310845
2021-03-21	7.93512435576301	6.23452953846471	4.04506160104139	12.7563180861772	6.16343190364095	19.7996326205659	15.0506933321995	15.3345101471122
2021-03-22	7.78923591316495	6.07939059584721	3.96447219317166	12.5384234583697	6.37091731841447	19.2177482389838	14.5836023864803	15.1338355503692
2021-03-23	7.65650582975068	5.93531911276486	3.89131346776337	12.332872194527	6.58933708548574	18.6422251231059	14.1429645205438	14.947413844358
2021-03-24	7.53647350102039	5.80195661132884	3.82548522099114	12.1393925098594	6.81774040932695	18.0737121628506	13.727329458642	14.7738459991718
2021-03-25	7.42867832247427	5.6789446136503	3.7668872490296	11.9577126195773	7.05517649441028	17.5128582481359	13.3352469250266	14.6117329849039
2021-03-26	7.33265968961253	5.56592464184042	3.71541934805337	11.7875607388911	7.3006945452079	16.9603122688802	12.9652666439495	14.4596757716475
2021-03-27	7.24795699793535	5.46253821801035	3.67098131423707	11.6286650830111	7.553343766192	16.4167231150015	12.6159383396625	14.3162753294958
2021-03-28	7.17410964294293	5.36842686427127	3.63347294375532	11.4807538671477	7.81217336183473	15.8827396764182	12.2858117364174	14.1801326285422
2021-03-29	7.11065702013547	5.28323210273435	3.60279403278275	11.3435553065114	8.0762325366083	15.3590108430483	11.9734365584661	14.0498486388799
2021-03-30	7.05713852501316	5.20659545551074	3.57884437749397	11.2167976163123	8.34457049498488	14.8461855048103	11.6773625300605	13.9240243306021
2021-03-31	7.01309355307621	5.13815844471162	3.56152377406362	11.100209011761	8.61623644143661	14.3449125516222	11.3961393754523	13.801260673802
2021-04-01	6.97806149982479	5.07756259244816	3.55073201866631	10.9935177080678	8.89027958043573	13.8558408734023	11.1283168188934	13.6801586385729
2021-04-02	6.95158176075912	5.02444942083151	3.54636890747667	10.8964519204431	9.16574911645438	13.3796193600688	10.8724445846356	13.5593191950081
2021-04-03	6.93319373137938	4.97846045197286	3.54833423666932	10.8087398640972	9.44169425396475	12.9168969015399	10.6270723969307	13.4373433132008
2021-04-04	6.92243680718578	4.93923720798336	3.55652780241888	10.7301097542405	9.71716419743899	12.4683223877338	10.3907499800307	13.3128319632442
2021-04-05	6.91884581207173	4.90645344102242	3.57077222648107	10.6602452026828	9.99136829422759	12.0345172693661	10.1620856314572	13.1846613396191
2021-04-06	6.92193728350356	4.87991182344241	3.590581432936	10.5986514076321	10.2641564631941	11.6159932403417	9.93992194181102	13.0528085343562
2021-04-07	6.93122318734085	4.85944725764397	3.61539217144486	10.5447889638954	10.5355387660804	11.2132345553628	9.72316007496308	12.9175258638736
2021-04-08	6.94621548944315	4.8448946460277	3.64464119166887	10.4981184662801	10.8055252646282	10.8267254691317	9.51070119478413	12.7790656445897
2021-04-09	6.96642615567002	4.83608889099423	3.67776524326921	10.4581005095935	11.0741260205794	10.4569502363506	9.30144646514494	12.6376801929226
2021-04-10	6.99136715188102	4.83286489494417	3.71420107590711	10.4241956886429	11.3413510956759	10.1043931117218	9.09429704991629	12.4936218252905
2021-04-11	7.02055044393571	4.83505756027813	3.75338543924374	10.3958645982354	11.6072105516595	9.76953834994757	8.88815411296899	12.3471428581117
2021-04-12	7.05349283749388	4.84249519657635	3.79480577766448	10.3724829867226	11.8715484466327	9.45268612085605	8.68215778895184	12.1985466445945
2021-04-13	7.08973049741617	4.85497974213744	3.83815231445129	10.3530872166325	12.1335448241413	9.15340025477946	8.47640409562589	12.0483406851088
2021-04-14	7.12880442836345	4.87230654243964	3.88316596761027	10.3366288040371	12.3922137240914	8.87106049717592	8.27122802153025	11.8970835168145
2021-04-15	7.1702556349966	4.89427094296117	3.92958765514755	10.3220592650088	12.6465691863895	8.60504659350361	8.06696455520402	11.7453336768715
2021-04-16	7.21362512197649	4.92066828918027	3.97715829506925	10.3083301156195	12.8956252509419	8.35473828922063	7.86394868518626	11.59364970244
2021-04-17	7.25845389396399	4.95129392657516	4.02561880538147	10.2943928719416	13.138395957655	8.11951532978514	7.66251540001609	11.4425901306798
2021-04-18	7.30428295561997	4.98594320062408	4.07471010409034	10.2791990500472	13.3738953464351	7.89875746065529	7.4629996882326	11.292713498751
2021-04-19	7.3506533116053	5.02441145680524	4.12417310920197	10.2617001660084	13.6011374571884	7.69184442728922	7.2657365383749	11.1445783438136
2021-04-20	7.39710596658085	5.06649404059689	4.17374873872248	10.2408477358974	13.8191363298215	7.49815597514507	7.07106093898206	10.9987432030275
2021-04-21	7.44318192520749	5.11198629747724	4.22317791065798	10.2155932757864	14.0269060042407	7.31707184968098	6.87930787859318	10.8557666135527
2021-04-22	7.4884221921461	5.16068357292454	4.27220154301459	10.1848883017475	14.2234605203522	7.14797179635511	6.69081234574737	10.7162071125492
2021-04-23	7.53236777205754	5.212381212417	4.32056055379843	10.1476843298529	14.4078139180624	6.99023556062557	6.50590932898371	10.5806232371771
2021-04-24	7.57455966960268	5.26687456143286	4.36799586101561	10.1029328761748	14.5789802372777	6.84324288795054	6.32493381684129	10.4495735245962
2021-04-25	7.61453888944241	5.32395896545035	4.41424838267225	10.0495854567853	14.7359735179044	6.70637352378813	6.14822079785922	10.3236165119666
2021-04-26	7.65187584252525	5.38342571650194	4.45907711932849	9.98658645727875	14.8778367140567	6.57898182486132	5.97600702466285	10.2031152378102
2021-04-27	7.68625856495047	5.44504989283709	4.50231340176063	9.91285174133787	15.0037284366797	6.46032059295219	5.80813630622249	10.0876507460968
2021-04-28	7.717404499105	5.50860251925951	4.54380664329897	9.82729004216758	15.1128362109264	6.34961724110767	5.64435421559475	9.97660858215812
2021-04-29	7.74503108737576	5.57385462057289	4.58340625727384	9.72881009297279	15.2043475619498	6.24609918237469	5.48440632583621	9.86937429132582
2021-04-30	7.76885577214969	5.64057722158095	4.62096165701555	9.6163206269584	15.277450014903	6.14899382980014	5.32803821000344	9.76533341893162
2021-05-01	7.78859599581372	5.70854134708739	4.65632225585441	9.48873037732931	15.3313310949388	6.05752859643095	5.17499544115304	9.66387151030724
2021-05-02	7.80396920075477	5.77751802189591	4.68933746712076	9.34494807729042	15.3651783272104	5.97093089531402	5.0250235923416	9.56437411078437
2021-05-03	7.81471341868878	5.84727639151989	4.71986974255111	9.18399280784363	15.3783757290101	5.8884925849685	4.87790668902246	9.46624544726481
2021-05-04	7.82064903864768	5.91757808431143	4.74783368750689	9.00532504117871	15.3710932861887	5.80976330580231	4.73358256623595	9.36896447293054
2021-05-05	7.82161703899241	5.98818284933228	4.77315694575572	8.80851559728247	15.3436974767366	5.73435714369561	4.59202751141919	9.27202882253363
2021-05-06	7.8174583980839	6.0588504356442	4.79576716106525	8.59313529614169	15.2965547786438	5.66188818452856	4.45321781200929	9.17493613082614
2021-05-07	7.8080140942831	6.12934059230894	4.8155919772031	8.35875495774317	15.2300316699008	5.59197051418131	4.31712975544335	9.07718403256014
2021-05-08	7.79312510595094	6.19941306838828	4.83255903793691	8.10494540207365	15.1444946284977	5.524218218534	4.18373962915846	8.9782701624877
2021-05-09	7.77263241144835	6.26882761294396	4.8465959870343	7.83127744911996	15.0403101324249	5.4582453834668	4.05302372059173	8.87769215536087
2021-05-10	7.74637698913628	6.33734397503776	4.85763046826292	7.53732191886888	14.9178446596725	5.39366609485985	3.92495831718029	8.77494764593172
2021-05-11	7.71419981737567	6.40472190373143	4.8655901253904	7.22264963130716	14.7774646882309	5.33009443859331	3.7995197063612	8.66953426895232
2021-05-12	7.67594187452744	6.47072114808674	4.87040260218437	6.88683140642161	14.6195366960902	5.26714450054733	3.67668417557159	8.56094965917472
2021-05-13	7.63144413895253	6.53510145716544	4.87199554241246	6.52943806419902	14.4444271612408	5.20443036660206	3.55642801224856	8.44869145135099
2021-05-14	7.58054758901189	6.59762258002929	4.8702965898423	6.15004042462619	14.252502561673	5.14156612263766	3.43872750382921	8.3322572802332
2021-05-15	7.52309320306645	6.65804426574005	4.86523338824154	5.74820930768985	14.0441293753769	5.07816585453427	3.32355893775065	8.21114478057341
2021-05-16	7.45892195947714	6.7161262633595	4.8567335813778	5.32351553337683	13.8196740803428	5.01384364817205	3.21089860144998	8.08485158712368
2021-05-17	7.38793788340066	6.77161340005204	4.84488673945899	4.87570230035473	13.5796813758901	4.9482637468887	3.10073412250639	7.95298478458576
2021-05-18	7.31029718717676	6.82419081539282	4.83043013845412	4.40520232201455	13.3254088466542	4.88129102385211	2.99309848906741	7.81558925746015
2021-05-19	7.22621912994091	6.87352872705961	4.81426298077248	3.91262069042802	13.0582922985997	4.81284050968768	2.88803602942265	7.67281934019701
2021-05-20	7.13592297082862	6.91929735273022	4.79728446882337	3.39856249766697	12.7797675376911	4.74282723502085	2.78559107186173	7.5248293672465
2021-05-21	7.03962796897538	6.96116691008244	4.78039380501607	2.86363283580323	12.491270369893	4.67116623047706	2.68580794467427	7.37177367305882
2021-05-22	6.93755338351668	6.99880761679405	4.76449019175986	2.30843679690852	12.1942366011699	4.59777252668172	2.58873097614988	7.21380659208413
2021-05-23	6.82991847358802	7.03188969054286	4.75047283146404	1.73357947305468	11.8901020374864	4.52256115426025	2.49440449457817	7.05108245877259
2021-05-24	6.71707401920834	7.06014979919159	4.73910903081413	1.14047903347853	11.5802037965336	4.44548831698265	2.40286025580085	6.88382236415866
2021-05-25	6.5998968839304	7.08359041134272	4.73063851360057	0.533805956077143	11.2654842429094	4.36667491119712	2.31407972586795	6.71251442561394
2021-05-26	6.47939545219038	7.10228044578367	4.72516910789005	0	10.9467870529381	4.28628300639642	2.22803179838161	6.53771351709427
2021-05-27	6.35657810842448	7.11628882130183	4.72280864174924	0	10.6249559029443	4.20447467207329	2.14468536694394	6.35997451255551
2021-05-28	6.2324532370689	7.12568445668464	4.72366494324482	0	10.3008344692523	4.1214119777205	2.06400932515708	6.17985228595353
2021-05-29	6.10802922255984	7.13053627071949	4.72784584044347	0	9.97526642818672	4.03725699283082	1.98597256662316	5.99790171124421
2021-05-30	5.9843144493335	7.13091318219381	4.73545916141187	0	9.64909545607187	3.95217178689699	1.91054398494429	5.81467766238337
2021-05-31	5.86231730182607	7.126884109895	4.7466127342167	0	9.32316522923225	3.86631842941178	1.8376924737226	5.6307350133269
2021-06-01	5.74304616447375	7.11851797261049	4.76141438692463	0	8.99831942399232	3.77985898986795	1.76738692656023	5.44662863803066
2021-06-02	5.62750942171274	7.10588368912768	4.77997194760235	0	8.67540171667649	3.69295553775825	1.69959623705929	5.2629134104505
2021-06-03	5.51671545797923	7.08905017823398	4.80239324431653	0	8.35525578360921	3.60577014257544	1.63428929882191	5.08014420454229
2021-06-04	5.41167265770942	7.06808635871681	4.82878610513386	0	8.03872530111494	3.51846487381228	1.57143500545022	4.89887589426188
2021-06-05	5.31338940533953	7.04306114936359	4.85925835812101	0	7.72665394551815	3.43120180096154	1.51100225054635	4.71966335356516
2021-06-06	5.22287408530572	7.01404346896172	4.89391783134467	0	7.41988539314323	3.34414299351596	1.45295992771242	4.54306145640796
2021-06-07	5.14091232556187	6.98107062891626	4.93264318518431	0	7.11923091837272	3.25750197566349	1.39728391323982	4.36958956737015
2021-06-08	5.06739872813251	6.94405351110286	4.97439640927067	0	6.82537218782133	3.17169809037278	1.34397801417697	4.1996250135276
2021-06-09	5.00200513855981	6.90287139001481	5.01791032554727	0	6.53895846616186	3.0872021353077	1.29305302026155	4.03350961258017
2021-06-10	4.94440340238596	6.85740354014538	5.06191775595766	0	6.26063901806705	3.00448490813207	1.24451972123123	3.87158518222772
2021-06-11	4.89426536515316	6.80752923598788	5.10515152244536	0	5.99106310820971	2.92401720650974	1.19838890682371	3.71419354017012
2021-06-12	4.85126287240358	6.75312775203559	5.14634444695391	0	5.73088000126261	2.84626982810456	1.15467136677667	3.56167650410723
2021-06-13	4.81506776967941	6.69407836278179	5.18422935142684	0	5.48073896189851	2.77171357058036	1.11337789082777	3.41437589173889
2021-06-14	4.78533502939379	6.63028416893222	5.21777155244097	0	5.24113950383449	2.70073092350005	1.07453086336192	3.27260455116254
2021-06-15	4.76165213144364	6.56174357604239	5.24686634510626	0	5.01198213696473	2.63335114402281	1.03819904735285	3.13655945206572
2021-06-16	4.74358968259682	6.48847881588028	5.27164151916595	0	4.79301762022771	2.56951518120685	1.00446280042151	3.00640859453356
2021-06-17	4.73071828962123	6.41051212021382	5.29222486436329	0	4.58399671256189	2.5091639841104	0.973402480188851	2.88231997865114
2021-06-18	4.72260855928471	6.327865720811	5.3087441704415	0	4.38467017290573	2.45223850179169	0.945098444275814	2.76446160450358
2021-06-19	4.71883109835515	6.24056184943976	5.32132722714385	0	4.19478876019773	2.39867968330895	0.919631050303351	2.65300147217599
2021-06-20	4.71895651360042	6.14862273786807	5.33010182421355	0	4.01410323337635	2.3484284777204	0.897080655892409	2.54810758175348
2021-06-21	4.72255541178839	6.05207061786389	5.33519575139387	0	3.84236435138005	2.30142583408427	0.877527618663934	2.44994793332114
2021-06-22	4.72919839968693	5.95092772119518	5.33673679842804	0	3.6793228731473	2.25761270145879	0.861052296238875	2.35869052696409
2021-06-23	4.73845608406391	5.8452162796299	5.3348527550593	0	3.52472955761659	2.21693002890218	0.847735046238181	2.27450336276744
2021-06-24	4.74989907168721	5.73495852493601	5.3296714110309	0	3.37833516372637	2.17931876547268	0.837656226282796	2.19755444081628
2021-06-25	4.76309796932468	5.62017668888146	5.32132055608607	0	3.23989045041512	2.1447198602285	0.830896193993672	2.12801176119574
2021-06-26	4.77762338374422	5.50089300323423	5.30992797996806	0	3.10914617662131	2.11307426222788	0.827535306991754	2.06604332399091
2021-06-27	4.79304592171369	5.37712969976228	5.29562147242011	0	2.98585310128341	2.08432292052904	0.827653922897992	2.01181712928691
2021-06-28	4.80907081301588	5.2490781831252	5.27858466632099	0	2.86975577367793	2.05842879105226	0.831350924365605	1.9653641104751
2021-06-29	4.82594177949326	5.11760654954914	5.25922456709164	0	2.76057390443352	2.03544285716601	0.838799294176912	1.926166934172
2021-06-30	4.84403716600323	4.98375206815191	5.23800402328849	0	2.65802099451688	2.01543810910082	0.850190540146506	1.89357120030035
2021-07-01	4.86373531740318	4.8485520080513	5.21538588346801	0	2.56181054489471	1.9984875370872	0.865716170088975	1.86692250878293
2021-07-02	4.8854145785505	4.7130436383651	5.19183299618666	0	2.4716560565337	1.9846641313557	0.885567691818914	1.84556645954249
2021-07-03	4.90945329430259	4.57826422821112	5.16780821000087	0	2.38727103040053	1.97404088213681	0.909936613150913	1.82884865250182
2021-07-04	4.93622980951683	4.44525104670714	5.14377437346713	0.20597872356675	2.30836896746191	1.96669077966108	0.939014441899562	1.81611468758366
2021-07-05	4.96618159506772	4.31498644223726	5.12019986699109	0.531031460280466	2.23467165468169	1.96265882646953	0.972976649638285	1.80680981370877
2021-07-06	4.9999826258981	4.18823308025076	5.0975751983754	0.843822351339283	2.16593402301235	1.96187807434518	1.01193456297582	1.80077787578979
2021-07-07	5.03836600296791	4.06569870546323	5.07639640727188	1.14501232913553	2.10191928940352	1.96425358738159	1.05598347227973	1.79796236773737
2021-07-08	5.0820648272371	3.94809106259025	5.0571595333324	1.4352623260615	2.04239067080486	1.96969042967228	1.10521866791758	1.79830678346212
2021-07-09	5.13181219966561	3.83611789634739	5.04036061620879	1.71523327450958	1.98711138416599	1.9780936653108	1.15973544025695	1.80175461687469
2021-07-10	5.18834122121337	3.73048695145024	5.02649569555291	1.98558610687207	1.93584464643656	1.98936835839069	1.21962907966539	1.8082493618857
2021-07-11	5.25238499284033	3.63190597261438	5.01606081101661	2.24698175554129	1.8883536745662	2.00341957300547	1.28499487651047	1.81773451240578
2021-07-12	5.32467661550643	3.5410827045554	5.00955200225173	2.50008115290954	1.84440168550456	2.0201523732487	1.35592812115977	1.83015356234557
2021-07-13	5.40594919017161	3.45872489198886	5.00746530891012	2.74554523136921	1.80375189620128	2.03947182321391	1.43252410398084	1.8454500056157
2021-07-14	5.49693581779582	3.38554027963036	5.01029677064364	2.98403492331258	1.76616752360599	2.06128298699464	1.51487811534126	1.86356733612679
2021-07-15	5.59836959933898	3.32223661219548	5.01854242710412	3.21621116113198	1.73141178466834	2.08549092868442	1.60308544560858	1.88444904778949
2021-07-16	5.71098363576105	3.26952163439979	5.03269831794342	3.44273487721975	1.69924789633796	2.11200071237679	1.69724138515039	1.90803863451442
2021-07-17	5.83551102802196	3.22810309095888	5.05326048281338	3.66426700396822	1.66943907556449	2.1407174021653	1.79744122433424	1.93427959021221
2021-07-18	5.97268487708167	3.19868872658834	5.08072496136585	3.88146847376971	1.64174853929757	2.17154606214348	1.90378025352771	1.9631154087935
2021-07-19	6.12318803676561	3.1818628605005	5.11548412337947	4.09510328654657	1.61599224172985	2.20438699007879	2.01632553447842	1.99450811867615
2021-07-20	6.2875023723614	3.17771610989485	5.15751565914002	4.30634771234144	1.59219708602594	2.23912141843437	2.13503121445434	2.02849388630696
2021-07-21	6.46605950202211	3.1862156664676	5.20669358906005	4.51648108872694	1.57044271259347	2.27562581334728	2.2598232121035	2.06512741263998
2021-07-22	6.65929104390086	3.20732872191498	5.26289193355214	4.72678275327571	1.55080876184006	2.3137766409546	2.39062744607392	2.10446339862924
2021-07-23	6.86762861615072	3.24102246793325	5.32598471302883	4.93853204356038	1.53337487417334	2.35345036739338	2.52736983501363	2.14655654522878
2021-07-24	7.09150383692483	3.28726409621861	5.3958459479027	5.15300829715363	1.51822069000092	2.39452345880069	2.66997629757066	2.19146155339263
2021-07-25	7.33134832437627	3.34602079846732	5.47234965858631	5.37149085162808	1.50542584973043	2.43687238131359	2.81837275239303	2.23923312407484
2021-07-26	7.58759369665814	3.4172597663756	5.55536986549222	5.59525904455637	1.49506999376949	2.48037360106914	2.97248511812878	2.28992595822944
2021-07-27	7.86067157192355	3.50094819163968	5.64478058903299	5.82559221351115	1.48723276252573	2.52490358420441	3.13223931342593	2.34359475681047
2021-07-28	8.15101356832561	3.59705326595581	5.7404558496212	6.06376969606507	1.48199379640677	2.57033879685646	3.29756125693251	2.40029422077198
2021-07-29	8.45905130401741	3.7055421810202	5.84226966766939	6.31107082979077	1.47943273582023	2.61655570516236	3.46837686729656	2.46007905106799
2021-07-30	8.78521639715202	3.82638212852909	5.95009606359013	6.56877495226087	1.47962922117374	2.66343077525917	3.64461206316608	2.52300394865254
2021-07-31	9.1299404658826	3.95954030017873	6.063809057796	6.83816140104805	1.48266289287491	2.71084047328395	3.82619276318913	2.58912361447968
2021-08-01	9.49365512836223	4.10498388766533	6.18328267069954	7.12050951372493	1.48861339133137	2.75866126537377	4.01304488601371	2.65849274950345
2021-08-02	9.87664886781289	4.26255694459179	6.30840465231746	7.41689893625893	1.49750358770645	2.80680985552684	4.20506208940918	2.73109517327818
2021-08-03	10.2786376277321	4.43161097218753	6.43911767108295	7.72761054819649	1.50912927618633	2.85536389918604	4.40200898763003	2.80663117975949
2021-08-04	10.6991942166865	4.6113743335887	6.57537812503339	8.05272553747889	1.52322948171289	2.90444128965539	4.60361793405212	2.88473018150329
2021-08-05	11.1378914432424	4.80107539193137	6.7171424122061	8.39232509204733	1.53954322922801	2.9541599202389	4.80962128205128	2.96502159106551
2021-08-06	11.5943021159663	4.99994251035164	6.86436693063842	8.74649039984303	1.55780954367356	3.0046376842406	5.01975138500332	3.04713482100204
2021-08-07	12.0679990434247	5.20720405198562	7.01700807836771	9.11530264880726	1.57776744999144	3.05599247496452	5.2337405962841	3.13069928386881
2021-08-08	12.558555034184	5.42208837996943	7.17502225343131	9.49884302688124	1.59915597312352	3.10834218571467	5.45132126926944	3.21534439222174
2021-08-09	13.0654345831688	5.6438143919061	7.33831564737215	9.89690509087044	1.62179796561961	3.16180781535569	5.67218647963028	3.30070440910844
2021-08-10	13.5876689307353	5.87156312326651	7.50659362575545	10.3081318730373	1.64585159046119	3.21652278499467	5.8958721922181	3.38643299954332
2021-08-11	14.1241810035981	6.10450614398854	7.67951134765208	10.7308787745085	1.67155883823767	3.27262362129935	6.12187509417949	3.4721886790325
2021-08-12	14.6738937284715	6.34181502401002	7.85672397213283	11.1635011964107	1.69916169953846	3.33024685093742	6.34969187266104	3.55762996308211
2021-08-13	15.23573003207	6.58266133326879	8.03788665826854	11.6043545398707	1.72890216495296	3.3895290005766	6.57881921480934	3.64241536719825
2021-08-14	15.8086128411078	6.82621664170267	8.22265456513002	12.0517942060151	1.76102222507057	3.45060659688459	6.80875380777096	3.72620340688704
2021-08-15	16.3914650822995	7.07165251924956	8.41068285178813	12.5041755959706	1.79576387048072	3.51361616652913	7.03899233869253	3.80865259765459
2021-08-16	16.9832096823595	7.31814053584727	8.60162667731367	12.9598541108638	1.83336909177279	3.57869423617791	7.26903149472062	3.88942145500703
2021-08-17	17.582769568002	7.56485226143364	8.79514120077747	13.4171851518216	1.87407987953621	3.64597733249865	7.49836796300179	3.96816849445047
2021-08-18	18.1890676659416	7.81095926594653	8.99088158125036	13.8745241199705	1.91813822436037	3.71560198215906	7.72649843068269	4.04455223149102
2021-08-19	18.8010269028926	8.05563311932379	9.18850297780317	14.3302264164373	1.96578611683468	3.78770471182686	7.95291958490988	4.1182311816348
2021-08-20	19.4175702055695	8.29804539150325	9.38766054950672	14.7826474423486	2.01726554754855	3.86242204816976	8.17712811282994	4.18886386038792
2021-08-21	20.0376205006866	8.53736765242275	9.58800945543183	15.2301425988311	2.07281850709138	3.93989051785547	8.39862070158946	4.25610878325651
2021-08-22	20.6601007149583	8.77277147202015	9.78920485464934	15.6710672870115	2.13268698605259	4.0202466475517	8.61689403833506	4.31962446574667
2021-08-23	21.2838747393562	9.00349631150768	9.99092729581345	16.1038858641449	2.19711484378646	4.1036211692554	8.8315012503187	4.37919372660344
2021-08-24	21.9075703218798	9.22905319719509	10.1929588859119	16.5274985119994	2.26635341470685	4.19012163628037	9.04222122521391	4.43509659752748
2021-08-25	22.5297561747858	9.44902104666651	10.3951071215157	16.9409143684714	2.34065590199248	4.27984980726967	9.24888929079961	4.48773741345837
2021-08-26	23.1490010103311	9.66297877750612	10.5971794991961	17.3431425714576	2.42027550882212	4.37290744086634	9.45134077485474	4.53752050933569
2021-08-27	23.7638735407722	9.87050530729803	10.7989835155241	17.7331922588544	2.50546543837448	4.46939629571343	9.64941100515822	4.58485022009903
2021-08-28	24.3729424783659	10.0711795536264	11.0003266670708	18.1100725685583	2.59647889382829	4.56941813045397	9.84293530948895	4.63013088068795
2021-08-29	24.9747765353689	10.2645804340754	11.2010164504074	18.4727926384658	2.69356907836232	4.67307470373102	10.0317490156259	4.67376682604204
2021-08-30	25.5679507249969	10.4503573006884	11.4008598572549	18.8205573292306	2.79692929451286	4.78041874258483	10.215623516877	4.71610674423416
2021-08-31	26.151065264301	10.6284412433462	11.5996618599343	19.1533543925352	2.90651324224653	4.89130684764451	10.3940744686666	4.75727673587034
2021-09-01	26.7227266712915	10.7988337863886	11.7972269259165	19.4713673028193	3.0222147208875	5.00554658793637	10.566553591948	4.79734725468986
2021-09-02	27.2815414639784	10.9615364541559	11.9933595226724	19.7747795345226	3.14392752975998	5.12294553248675	10.7325126076746	4.83638875443204
2021-09-03	27.8261161603719	11.1165507709878	12.1878641176731	20.0637745620847	3.27154546818814	5.24331125032195	10.8914032367997	4.87447168883617
2021-09-04	28.3550572784822	11.2638782612245	12.3805451783894	20.3385358599453	3.40496233549615	5.3664513104683	11.0426772002767	4.91166651164155
2021-09-05	28.8669713363195	11.4035204492058	12.5712071722923	20.5992469025442	3.54407193100823	5.49217328195213	11.1857862190589	4.94804367658749
2021-09-06	29.3604648518938	11.5354788592719	12.7596545668528	20.8460911643209	3.68876805404855	5.62028473379976	11.3201820140998	4.98367363741329
2021-09-07	29.8341443432153	11.6597550157627	12.9456918295417	21.0792521197152	3.83894450394129	5.75059323503749	11.4453163063525	5.01862684785825
2021-09-08	30.2866163282942	11.7763504430182	13.1291234278301	21.2989132431667	3.99449508001064	5.88290635469165	11.5606408167705	5.05297376166166
2021-09-09	30.7164873251406	11.8852666653784	13.3097538291888	21.5052580091152	4.15531358158078	6.01703166178857	11.6656072663072	5.08678483256283
2021-09-10	31.1223638517647	11.9865052071832	13.4873875010889	21.6984698920003	4.32129380797591	6.15277672535457	11.7596673759159	5.12013051430107
2021-09-11	31.5028524261767	12.0800675927728	13.6618289110012	21.8787323662617	4.49232955852021	6.28994911441596	11.8422728665499	5.15308126061567
2021-09-12	31.8565595663866	12.165955346487	13.8328825263967	22.046228906339	4.66831463253785	6.42835639799906	11.9128754591626	5.18570752524594
2021-09-13	32.1822637497213	12.2442539457634	14.0003739572779	22.2011170872213	4.8488808172463	6.56770641150721	11.9711154370602	5.21799285299534
2021-09-14	32.4794312907742	12.3153846804297	14.1642133837734	22.3434508860945	5.03261185143606	6.70730805585168	12.0173873329603	5.24957315292406
2021-09-15	32.7477004634554	12.379852793411	14.3243321285434	22.473258380694	5.21782946179088	6.84637049832077	12.0522742419335	5.27999742515644
2021-09-16	32.986709541675	12.4381635276326	14.480661514248	22.590567648755	5.40285537499456	6.98410290620279	12.0763592590501	5.30881466981681
2021-09-17	33.1960967993429	12.4908221260196	14.6331328635474	22.6954067680129	5.58601131773085	7.11971444678602	12.0902254793806	5.33557388702954
2021-09-18	33.3755005103694	12.5383338314971	14.7816774991017	22.7878038162029	5.76561901668353	7.25241428735876	12.0944559979956	5.35982407691896
2021-09-19	33.5245589486644	12.5812038869905	14.9262267435712	22.8677868710604	5.94000019853634	7.3814115952093	12.0896339099654	5.38111423960941
2021-09-20	33.6431004249092	12.619862015342	15.0666413861051	22.9354253242033	6.10775410869195	7.5059724842211	12.0763369913141	5.39905518019259
2021-09-21	33.7317133968696	12.6544358590627	15.2025000818099	22.9909538227803	6.26859006742845	7.62559085465822	12.0551217418794	5.41350492362952
2021-09-22	33.7911763590825	12.6849775405809	15.333310952281	23.0346483278227	6.42249491374278	7.7398175533799	12.0265393424527	5.42438329984858
2021-09-23	33.822267806085	12.7115391823247	15.4585821191138	23.0667848003619	6.5694554866319	7.84820342724537	11.9911409738251	5.43161013877813
2021-09-24	33.8257662324139	12.7341729067224	15.577821703904	23.0876392014291	6.70945862509278	7.95029932311386	11.9494778167882	5.43510527034653
2021-09-25	33.8024501326062	12.7529308362022	15.690537828247	23.0974874920556	6.84249116812238	8.04565608784461	11.902101052133	5.43478852448217
2021-09-26	33.753098001199	12.7678650931924	15.7962386137384	23.0966056332729	6.96853995471765	8.13382456829683	11.849561860651	5.43057973111341
2021-09-27	33.6784883327291	12.7790278001212	15.8944321819736	23.0852695861122	7.08759182387556	8.21435561132977	11.7924114231334	5.42239872016862
2021-09-28	33.5793996217334	12.7864710794167	15.9846266545481	23.0637553116049	7.19963361459306	8.28680006380266	11.7312009203715	5.41016532157616
2021-09-29	33.4566103627491	12.7902470535073	16.0663301530576	23.0323387707823	7.30465216586711	8.35070877257472	11.6664815331566	5.39379936526442
2021-09-30	33.3108990503129	12.7904078448212	16.1390507990974	22.9912959246756	7.40263431669467	8.40563258450519	11.59880444228	5.37322068116175
2021-10-01	33.1430441789619	12.7870055757865	16.2022967142631	22.9409027343164	7.4935669060727	8.45112234645329	11.528720828533	5.34834909919653
2021-10-02	32.9538242432331	12.7800923688316	16.2555760201502	22.8814351607357	7.57743677299816	8.48672890527827	11.4567818727069	5.31910444929712
2021-10-03	32.7440177376633	12.7697203463846	16.2983968383542	22.8131691649651	7.654230756468	8.51200310783935	11.3835387555929	5.2854065613919
2021-10-04	32.514474835975	12.7559191833154	16.3302554581824	22.7364732393517	7.72392008283012	8.5266474972967	11.3094543368929	5.24728471029586
2021-10-05	32.2663324286317	12.7386287642603	16.3506008397891	22.6520860015063	7.78641352783611	8.53097140201431	11.2346381919505	5.20520595037049
2021-10-06	32.0007990852827	12.7177665262971	16.3588701110405	22.5608386003558	7.84160425458849	8.52543584665711	11.1591115750199	5.15974678086391
2021-10-07	31.719083375577	12.6932499065037	16.3545003998027	22.4635621848268	7.88938542618977	8.51050185589001	11.0828957403552	5.11148370102423
2021-10-08	31.4223938691636	12.6649963419579	16.3369288339418	22.361087903846	7.9296502057425	8.48663045437794	11.0060119422106	5.06099321009958
2021-10-09	31.1119391356917	12.6329232697376	16.3055925413239	22.2542469063403	7.96229175634919	8.45428266678584	10.9284814348402	5.00885180733807
2021-10-10	30.7889277448104	12.5969481269208	16.2599286498151	22.1438703412363	7.98720324111236	8.41391951777862	10.8503254724981	4.95563599198782
2021-10-11	30.4544634523714	12.556975507568	16.1995396576362	22.0307424610977	8.00425463996736	8.36598282198961	10.7716137076631	4.90179928039356
2021-10-12	30.1092307590372	12.5128586336716	16.1246895444262	21.9154599330349	8.01322320018088	8.31083755392574	10.6926093857125	4.84730325728643
2021-10-13	29.7538093516731	12.4644378842064	16.0358076601789	21.7985725277956	8.01386298585242	8.24882947806232	10.6136241502481	4.79198652449422
2021-10-14	29.3887789171445	12.4115536381475	15.9333233548879	21.6806300161272	8.00592806108148	8.18030435887469	10.5349696448717	4.7356876838447
2021-10-15	29.0147191423165	12.35404627447	15.817665978547	21.562182168777	7.98917248996758	8.10560796083818	10.4569575131853	4.67824533716562
2021-10-16	28.6322097140544	12.2917561721488	15.6892648811499	21.4437787564927	7.96335033661024	8.02508604842809	10.3798993987905	4.61949808628476
2021-10-17	28.2418303192235	12.224523710159	15.5485494126903	21.3259695500216	7.92821566510894	7.93908438611977	10.3041069452894	4.55928453302988
2021-10-18	27.844160644689	12.1521892674755	15.3959489231619	21.2093043201112	7.8835225395632	7.84794873838853	10.2298917962837	4.49744327922876
2021-10-19	27.4397803773162	12.0745932230735	15.2318927625584	21.0943328375089	7.82902502407254	7.75202486970969	10.1575655953753	4.43381292670915
2021-10-20	27.0292692039703	11.9915759559278	15.0568102808735	20.9816048729623	7.76447718273646	7.65165854455859	10.0874399861661	4.36823207729884
2021-10-21	26.6132068115166	11.9029778450136	14.8711308281008	20.8716701972187	7.68963307965446	7.54719552741055	10.0198266122578	4.30053933282558
2021-10-22	26.1921728868204	11.8086392693058	14.6752837542342	20.7650785810257	7.60424677892606	7.43898158274089	9.95503711725237	4.23057329511715
2021-10-23	25.7667471167469	11.7084006077795	14.4696984092673	20.6623797951306	7.50807234465076	7.32736247502493	9.89338314475162	4.1581725660013
2021-10-24	25.3375091881613	11.6021022394096	14.2548041431938	20.5641236102809	7.40086384092807	7.21268396873801	9.8351763383574	4.08317574730582
2021-10-25	24.904980789974	11.4896797559995	14.03107869381	20.4706913109871	7.28257283459472	7.09527295289184	9.78062423103709	4.00547711808389
2021-10-26	24.4694516192758	11.3714496006654	13.7991933501222	20.3817902368109	7.15394090343634	6.97538081464373	9.72951791322012	3.92519366629036
2021-10-27	24.0311533752024	11.2478234293515	13.5598677889393	20.2969592410771	7.01590712797575	6.85324006568739	9.68154436470145	3.84249805710549
2021-10-28	23.5903177568895	11.1192128980025	13.3138216870702	20.2157371771106	6.8694105887358	6.72908321771653	9.63639056527603	3.75756295570955
2021-10-29	23.147176463473	10.9860296625628	13.0617747213238	20.1376628982361	6.71539036623934	6.60314278242486	9.59374349473882	3.67056102728283
2021-10-30	22.7019611940886	10.8486853789767	12.8044465685089	20.0622752577783	6.55478554100918	6.47565127150608	9.55329013288477	3.58166493700556
2021-10-31	22.2549036478721	10.7075917031887	12.5425569054346	19.9891131090621	6.38853519356818	6.34684119665389	9.51471745950885	3.49104735005804
2021-11-01	21.8062355239594	10.5631602911433	12.2768254089096	19.9177153054123	6.21757840443917	6.216945069562	9.47771245440601	3.39888093162053
2021-11-02	21.3561885214862	10.4158027987849	12.0079717557428	19.8476207001535	6.042854254145	6.08619540192414	9.44196209737121	3.3053383468733
2021-11-03	20.9049943395883	10.265930882058	11.7367156227432	19.7783681466106	5.8653018232085	5.95482470543399	9.4071533681994	3.21059226099661
2021-11-04	20.4528846774014	10.1139561969068	11.4637766867196	19.7094964981084	5.68586019215251	5.82306549178526	9.37297324668554	3.11481533917074
2021-11-05	20.0000912340613	9.96029039927605	11.189874624481	19.6405446079716	5.50546844149988	5.69115027267167	9.33910871262459	3.01818024657594
2021-11-06	19.546845708704	9.80534514511	10.9157291128361	19.571051329525	5.32506565177344	5.55931155978693	9.30524674581151	2.92085964839251
2021-11-07	19.093379800465	9.64953209035314	10.642059828594	19.5005555160934	5.14559090349603	5.42778186482473	9.27107432604124	2.82302620980069
