date	state	King	Snohomish	Pierce	Ann Arbor	Boston	San Diego	DC
2020-01-26	0	0	0	0	0	0	0	0
2020-01-27	0	0	0	0	0	0	0	0
2020-01-28	0	0	0	0	0	0	0	0
2020-01-29	0	0	0	0	0	0	0	0
2020-01-30	0	0	0	0	0	0	0	0
2020-01-31	0	0	0	0	0	0	0	0
2020-02-01	0	0	0	0	0	0	0	0
2020-02-02	0	0	0	0	0	0	0	0
2020-02-03	0	0	0	0	0	0	0	0
2020-02-04	0	0	0	0	0	0	0	0
2020-02-05	0	0	0	0	0	0	0	0
2020-02-06	0	0	0	0	0	0	0	0
2020-02-07	0	0	0	0	0	0	0	0
2020-02-08	0	0	0	0	0	0	0	0
2020-02-09	0	0	0	0	0	0	0	0
2020-02-10	0	0.345498978298988	3.63552902419774	0	0	0	0	0
2020-02-11	0	3.93317055700276	8.36458989490198	0	0	0	0	0
2020-02-12	1.25360925115437	7.72360029717379	13.3450264650546	0	0	0	0	0
2020-02-13	3.60285300275991	11.7289822631905	18.5905820994742	0	0	0	0	0
2020-02-14	6.10407764822185	15.9615105194313	24.1150001629792	0	0	0	0	0
2020-02-15	8.7665746374862	20.4333791302746	29.9320240203881	1.14652200612062	0	0	0	0
2020-02-16	11.5996354204989	25.1567821600989	36.0553970365195	3.00417813060795	0.454354993596711	0	0	0
2020-02-17	14.612551447206	30.1439136732826	42.4988625761918	5.00855383957097	4.4591624674707	0	0	0
2020-02-18	17.8146141675535	35.406967734204	49.2761640042235	7.16840491650242	8.80859905599991	0	0	0
2020-02-19	21.2151150314873	40.9581384072417	56.4010446854332	9.49248714489505	13.5229847929907	0	0	0
2020-02-20	24.8233454889535	46.809619756774	63.8872479846394	11.9895563082416	18.6226397122495	0	0.420516526598054	0
2020-02-21	28.648596989898	52.9736058471794	71.7485172666604	14.6683681900348	24.1278838475825	15.1079463547952	1.51098298526364	0
2020-02-22	32.7001609842668	59.4622907428362	79.9985958963149	17.5376785737674	30.0590372327963	34.2878392040482	2.70636022864914	0
2020-02-23	36.987328922006	66.287868508123	88.6512272384214	20.6062432429321	36.436419901697	55.2769521282507	4.01216768774916	0
2020-02-24	41.5181167673936	73.4598083504213	97.7163733153724	23.882369418429	43.2803053845227	78.1703766198936	5.43414893790568	0
2020-02-25	46.2954385420361	80.9766800491256	107.188870779857	27.3725700707868	50.6107811972372	103.082410874491	6.97894413184985	4.34226085697986
2020-02-26	51.3209327818723	88.8343285266336	117.059774942139	31.0829096079418	58.4478883522361	130.132154763313	8.65341756666018	12.2787738406012
2020-02-27	56.5962380228409	97.028598705343	127.320141112481	35.0194524378299	66.8116678619149	159.438708157628	10.4644335394151	21.0334827462499
2020-02-28	62.1229928008804	105.555335507651	137.961024601146	39.1882629683874	75.7221607386689	191.121170928707	12.4188563471932	30.658549764702
2020-02-29	67.9028356519297	114.410383855956	148.973480718398	43.5954056075504	85.1994079948938	225.29864294782	14.5235502870729	41.206137086734
2020-03-01	73.9374051119273	123.589588672656	160.348564774501	48.2469447632549	95.2634506429851	262.090224086236	16.7853796561327	52.728406903122
2020-03-02	80.2245041672577	133.083638495383	172.070279339176	53.1456866144054	105.926269781686	301.589178600358	19.2096304984759	65.2704084374971
2020-03-03	86.746593606088	142.862596322717	184.094416019988	58.2814044237797	117.167606855132	343.78542828712	21.7952758463056	78.8487390449107
2020-03-04	93.482298667031	152.891368768471	196.369713683961	63.640613225124	128.959143393806	388.643059328592	24.5397104788495	93.4728831132688
2020-03-05	100.4102445887	163.134862446459	208.844911198118	69.2098280521846	141.272560928191	436.12615790684	27.4403291753355	109.152325030478
2020-03-06	107.509056609707	173.557983970495	221.468747429483	74.9755639387074	154.079540988771	486.198810203933	30.4945267149913	125.896549184444
2020-03-07	114.757359968666	184.125639954394	234.189961245079	80.9243359184388	167.351765106028	538.825102401939	33.6996978770449	143.715039963073
2020-03-08	122.133779904189	194.80273701197	246.957291511931	87.0426590251249	181.060914810445	593.969120682925	37.0532374407241	162.617281754271
2020-03-09	129.61694165489	205.554181757036	259.719477097061	93.3170482925118	195.178671632506	651.594951228959	40.5525401852566	182.612758945945
2020-03-10	137.185470459381	216.344880803407	272.425256867494	99.7340187543457	209.676717102694	711.66668022211	44.1950008898704	203.710955926
2020-03-11	144.817991556275	227.139740764897	285.023369690253	106.280085444373	224.526732751492	774.148393844445	47.9780143337932	225.921357082343
2020-03-12	152.493130184184	237.903668255319	297.462554432362	112.941763396339	239.700400109382	839.004178278032	51.8989752962529	249.253446802881
2020-03-13	160.189511581723	248.601569888489	309.691549960844	119.705567643991	255.169400706849	906.19811970494	55.9552785564772	273.716709475518
2020-03-14	167.885760987503	259.19835227822	321.659095142723	126.558013221075	270.905416074375	975.694304307236	60.1443188936942	299.320629488162
2020-03-15	175.560503640138	269.658922038326	333.313928845023	133.485615161337	286.880127742444	1047.45681826699	64.4634910871315	326.074691228718
2020-03-16	183.188185339403	279.9456202816	344.600099316555	140.468742880202	303.047411060095	1121.40947675074	68.9071763221411	353.975624793664
2020-03-17	190.726534129728	290.010526116749	355.442892333285	147.463183319812	319.289916650592	1197.31501086295	73.4577014085715	382.969143113755
2020-03-18	198.129098616703	299.803153151458	365.762903052964	154.418577803989	335.47248895576	1274.89588069256	78.0943795623953	412.98820482832
2020-03-19	205.349427405921	309.273014993413	375.480726633346	161.284567656553	351.459972417419	1353.87454632849	82.7965239995852	443.965768576686
2020-03-20	212.341069102973	318.369625250299	384.516958232183	168.010794201326	367.117211477391	1433.97346785969	87.5434479361136	475.834792998181
2020-03-21	219.057572313451	327.042497529802	392.792193007227	174.546898762129	382.309050577499	1514.91510537508	92.3144645879533	508.528236732132
2020-03-22	225.452485642946	335.241145439606	400.227026116231	180.842522662783	396.900334159565	1596.42191896361	97.0888871710767	541.979058417865
2020-03-23	231.486295617078	342.92217811629	406.758005871334	186.852840499599	410.77315103013	1678.20719543347	101.848293830575	576.113563292756
2020-03-24	237.147240441571	350.070586811991	412.38549320221	192.555159958841	423.878567454622	1759.94752846995	106.583322428012	610.831442986362
2020-03-25	242.43049624218	356.678458307739	417.125802192923	197.932321999264	436.184894063185	1841.31033847759	111.28687575407	646.025735726285
2020-03-26	247.331239144659	362.737879384565	420.995246927534	202.967167579621	447.660441485966	1921.96304586094	115.951856599431	681.589479740132
2020-03-27	251.844645274759	368.240936823498	424.010141490105	207.642537658667	458.273520353112	2001.57307102454	120.571167754778	717.415713255505
2020-03-28	255.965890758236	373.179717405569	426.186799964697	211.941273195155	467.992441294769	2079.80783437295	125.137712010793	753.397474500007
2020-03-29	259.690151720841	377.546307911806	427.541536435372	215.84621514784	476.785514941082	2156.3347563107	129.644392158158	789.427801701244
2020-03-30	263.012604288329	381.332795123241	428.090664986192	219.340204475475	484.621051922199	2230.82125724236	134.084110987555	825.399733086819
2020-03-31	265.928424586452	384.531265820902	427.850499701218	222.406082136815	491.467362868265	2302.93475757245	138.449771289668	861.206306884336
2020-04-01	268.432788740964	387.133806785821	426.837354664512	225.026689090614	497.292758409426	2372.34267770554	142.734275855177	896.740561321398
2020-04-02	270.520872877619	389.132504799026	425.067543960136	227.184866295625	502.065549175829	2438.71243804617	146.930527474766	931.89553462561
2020-04-03	272.187853122169	390.519446641549	422.557381672151	228.863454710602	505.75404579762	2501.71145899889	151.031428939117	966.564265024574
2020-04-04	273.428905600368	391.286719094417	419.323181884619	230.045295294301	508.326558904946	2561.00716096824	155.029883038912	1000.6397907459
2020-04-05	274.239206437969	391.426408938663	415.381258681602	230.713229005474	509.751399127952	2616.26696435877	158.918792564833	1034.01515001718
2020-04-06	274.620716469962	390.938407164581	410.756452055928	230.860766494956	510.014102832009	2667.17298230857	162.693594723317	1066.59251136716
2020-04-07	274.602535368278	389.853821599535	405.507705635492	230.524097181899	509.169109323389	2713.46609888988	166.359864383822	1098.31056452906
2020-04-08	274.220547514086	388.211564280152	399.702488956954	229.750080177538	507.288083643585	2754.90189090851	169.925710831559	1129.11712953727
2020-04-09	273.510637288553	386.050547243063	393.408271556975	228.585574593106	504.442690834095	2791.23593517024	173.399243351741	1158.96002642613
2020-04-10	272.508689072848	383.409682524894	386.692522972216	227.077439539835	500.704595936412	2822.22380848087	176.788571229579	1187.78707523003
2020-04-11	271.250587248139	380.327882162275	379.622712739338	225.272534128959	496.145463992032	2847.62108764618	180.101803750285	1215.54609598332
2020-04-12	269.772216195594	376.844058191835	372.266310395002	223.217717471712	490.836960042451	2867.18334947196	183.34705019907	1242.18490872037
2020-04-13	268.106506635939	372.994407759538	364.683578574158	220.954877855045	484.846803442201	2880.73674656445	186.530844227155	1267.65337934655
2020-04-14	266.274574648133	368.804268448689	356.905952304911	218.506020268782	478.226930797964	2888.38973473156	189.653416949787	1291.90955725121
2020-04-15	264.294582650696	364.296262951931	348.957659713656	215.888178878464	471.025333029459	2890.32134558166	192.713423848223	1314.91353769471
2020-04-16	262.184693062144	359.493013961903	340.862928926788	213.118387849634	463.290001056406	2886.7106107231	195.709520403717	1336.6254159374
2020-04-17	259.963068300995	354.417144171248	332.645988070701	210.213681347834	455.068925798523	2877.73656176425	198.640362097525	1357.00528723964
2020-04-18	257.647870785769	349.091276272606	324.331065271791	207.191093538605	446.410098175529	2863.57823031346	201.504604410904	1376.01324686179
2020-04-19	255.257262934982	343.538032958619	315.94238865645	204.06765858749	437.361509107145	2844.41464797909	204.300902825109	1393.6093900642
2020-04-20	252.809407167153	337.780036921929	307.504186351075	200.860410660031	427.971149513088	2820.42484636951	207.027912821395	1409.75381210722
2020-04-21	250.322465900799	331.839910855175	299.04068648206	197.58638392177	418.287010313078	2791.78785709306	209.684289881019	1424.40660825121
2020-04-22	247.814601554439	325.740277451001	290.576117175799	194.262612538248	408.357082426835	2758.68271175811	212.268689485236	1437.52787375654
2020-04-23	245.303976546591	319.503759402046	282.134706558687	190.906130675008	398.229356774077	2721.28844197301	214.779767115301	1449.07770388354
2020-04-24	242.808753295772	313.152979400952	273.740682757119	187.533972497591	387.951824274524	2679.78407934614	217.216178252471	1459.01619389258
2020-04-25	240.347094220501	306.710560140361	265.418273897488	184.163172171541	377.572475847895	2634.34865548583	219.576578378001	1467.30343904402
2020-04-26	237.937161739295	300.199124312913	257.191708106191	180.810763862397	367.139302413909	2585.16120200046	221.859622973146	1473.8995345982
2020-04-27	235.596529908935	293.640911209845	249.083215789628	177.492091733068	356.696940322338	2532.43469134094	224.064832481476	1478.7705752276
2020-04-28	233.34041933925	287.056626516773	241.107036474228	174.215739935914	346.276607643172	2476.51785932844	226.195187195811	1481.90665325311
2020-04-29	231.183462278332	280.466592517908	233.275411966426	170.988602620662	335.906167876453	2417.79338262667	228.254532371283	1483.30386040775
2020-04-30	229.140290974273	273.89113149746	225.600584072657	167.817573937038	325.613484522222	2356.64393789936	230.246713263026	1482.95828842453
2020-05-01	227.225537675164	267.350565739641	218.094794599358	164.709548034767	315.426421080523	2293.45220181022	232.175575126172	1480.86602903645
2020-05-02	225.453834629097	260.865217528662	210.770285352963	161.671419063576	305.372841051396	2228.60085102299	234.044963215856	1477.02317397653
2020-05-03	223.839814084164	254.455409148734	203.639298139907	158.710081173191	295.480607934886	2162.47256220138	235.858722787209	1471.42581497778
2020-05-04	222.397905721912	248.141641837871	196.713911681928	155.833152563755	285.774706478604	2095.41751083317	237.623699667831	1464.08269582968
2020-05-05	221.141728957708	241.94513264931	190.005552361964	153.051147637079	276.268606420448	2027.65586770237	239.358741975183	1455.05316854761
2020-05-06	220.084700640376	235.887277590089	183.525483478257	150.375304845388	266.972898745885	1959.37530241704	241.085698399192	1444.40923720342
2020-05-07	219.240237618738	229.989472667247	177.284968329046	147.816862640912	257.898174440385	1890.76348458524	242.826417629784	1432.22290586896
2020-05-08	218.621756741617	224.273113887825	171.295270212573	145.387059475877	249.055024489414	1822.00808381503	244.602748356887	1418.56617861607
2020-05-09	218.242674857838	218.759597258861	165.567652427079	143.097133802511	240.454039878441	1753.29676971448	246.436539270427	1403.51105951661
2020-05-10	218.116408816221	213.470318787394	160.113378270803	140.95832407304	232.105811592934	1684.81721189165	248.349639060332	1387.12955264243
2020-05-11	218.256375465591	208.426674480465	154.943711041986	138.981868739692	224.020930618361	1616.7570799546	250.363896416527	1369.49366206538
2020-05-12	218.67599165477	203.650060345112	150.069914038869	137.179006254696	216.20998794019	1549.30404351139	252.50116002894	1350.6753918573
2020-05-13	219.388674232581	199.161872388375	145.503250559693	135.560975070276	208.683574543888	1482.64577217009	254.783278587498	1330.74674609005
2020-05-14	220.407840047848	194.983506617293	141.254983902698	134.139013638663	201.452281414924	1416.96993553876	257.232100782128	1309.77972883548
2020-05-15	221.746905949393	191.136359038906	137.336377366124	132.924360412081	194.526699538766	1352.46420322546	259.869475302756	1287.84634416543
2020-05-16	223.419288786039	187.641825660252	133.758694248213	131.92825384276	187.917419900883	1289.31624483826	262.717250839309	1265.01859615176
2020-05-17	225.438405406609	184.521302488372	130.533197847205	131.161932382925	181.635033486741	1227.71372998521	265.797276081715	1241.36848886631
2020-05-18	227.813273332244	181.792798789315	127.669748193304	130.634212982049	175.68926908902	1167.82035454494	269.133688804584	1216.970030051
2020-05-19	230.535312773354	179.460776865174	125.172592244569	130.344226578578	170.086406729244	1109.70391947831	272.759783121267	1191.90524212796
2020-05-20	233.591544612665	177.526312277053	123.044573691023	130.288682608202	164.83186423615	1053.40825201674	276.711142229796	1166.25815118939
2020-05-21	236.968989732906	175.990480586053	121.288536222688	130.464290506612	159.931059438472	998.977179391659	281.023349328208	1140.11278332749
2020-05-22	240.654669016805	174.85435735328	119.907323529588	130.867759709498	155.389410164946	946.454528834487	285.731987614535	1113.55316463446
2020-05-23	244.635603347088	174.119018139836	118.903779301744	131.495799652551	151.212334244307	895.884127576646	290.872640286812	1086.66332120248
2020-05-24	248.898813606483	173.785538506824	118.280747229179	132.345119771461	147.405249505292	847.309802849557	296.480890543073	1059.52727912377
2020-05-25	253.433544186041	173.854742307692	118.040244159486	133.415840786396	143.974273752678	800.764672601483	302.587987402173	1032.22735742607
2020-05-26	258.237933510109	174.326446565268	118.18097957054	134.721728555437	140.928324695416	756.239017648032	309.207843166254	1004.8390468793
2020-05-27	263.312343511356	175.200216594724	118.700836097782	136.279960221144	138.277020018498	713.712409521652	316.350035958278	977.43613118893
2020-05-28	268.657136122454	176.475617711231	119.597696376658	138.107712926076	136.029977406917	673.164419754789	324.024143901206	950.092394060443
2020-05-29	274.272673276072	178.152215229961	120.869443042611	140.222163812791	134.196814545667	634.574619879889	332.239745118001	922.881619199308
2020-05-30	280.15931690488	180.229574466087	122.513958731084	142.640490023849	132.78714911974	597.922581429403	341.006417731626	895.877590311
2020-05-31	286.317428941548	182.707260734781	124.529126077522	145.379868701809	131.810598814129	563.187875935776	350.333739865041	869.154091100991
2020-06-01	292.747371318747	185.584839351213	126.912827717369	148.45747698923	131.276781313827	530.350074931454	360.23128964121	842.784905274755
2020-06-02	299.449505969146	188.861875630557	129.662946286068	151.890492028671	131.195314303828	499.388749948886	370.708645183095	816.843816537764
2020-06-03	306.424194825417	192.537934887984	132.777364419062	155.696090962691	131.575815469123	470.283472520518	381.775384613658	791.404608595495
2020-06-04	313.671799820228	196.612582438667	136.253964751796	159.891450933849	132.427902494706	443.013814178798	393.44108605586	766.541065153418
2020-06-05	321.19268288625	201.085383597776	140.090629919714	164.493749084705	133.76119306557	417.559346456172	405.715327632665	742.326969917008
2020-06-06	328.987205956153	205.955903680484	144.285242558259	169.520162557817	135.585304866708	393.899640885089	418.607687467033	718.836106591738
2020-06-07	337.055730962608	211.223708001964	148.835685302875	174.987868495744	137.909855583113	372.014268997994	432.127743681929	696.142258883081
2020-06-08	345.397029139109	216.885933154218	153.738071808946	180.910580977552	140.740278921264	351.876560087539	446.277776122149	674.313231858215
2020-06-09	354.003508922449	222.930000836576	158.98143981161	187.288161828333	144.065272673589	333.434874487186	461.030871519839	653.392916031135
2020-06-10	362.865988050247	229.340904025199	164.553058065947	194.117009809685	147.869350654004	316.6313302906	476.352818328978	633.41922327754
2020-06-11	371.975284260121	236.103635696248	170.440195327037	201.393523683205	152.137026676421	301.408045591448	492.209405003547	614.430065473129
2020-06-12	381.322215289689	243.203188825884	176.630120349959	209.114102210492	156.852814554758	287.707138483394	508.566419997528	596.4633544936
2020-06-13	390.897598876568	250.624556390269	183.110101889792	217.275144153144	162.001228102926	275.470727060105	525.389651764899	579.557002214654
2020-06-14	400.692252758378	258.352731365563	189.867408701615	225.873048272759	167.566781134843	264.640929415247	542.644888759641	563.748920511988
2020-06-15	410.695541719246	266.369116338061	196.887088162321	234.902230179412	173.533087644297	255.16062850145	560.290205826784	549.072763265557
2020-06-16	420.891018729339	274.640752334593	204.145302136055	244.349172877083	179.880162344584	246.975766707206	578.252823375551	535.545152372343
2020-06-17	431.260783805334	283.131089992124	211.615991108778	254.19837621823	186.587120128876	240.033051279974	596.452248206213	523.178451733582
2020-06-18	441.786936963908	291.803579947618	219.273095566448	264.43434005531	193.633075890343	234.27918946721	614.807987119043	511.98502525051
2020-06-19	452.451578221736	300.621672838039	227.090555995025	275.041564240779	200.997144522157	229.660888516371	633.239546914312	501.977236824365
2020-06-20	463.236807595497	309.548819300351	235.042312880469	286.004548627096	208.658440917488	226.124855674916	651.666434392292	493.167450356381
2020-06-21	474.124725101866	318.548469971518	243.102306708737	297.307793066718	216.596079969509	223.617798190302	670.008156353254	485.568029747798
2020-06-22	485.09459425002	327.586257213097	251.244857131733	308.932252475535	224.784538527982	222.087454062756	688.187339985527	479.180985565637
2020-06-23	496.114332519131	336.636540285014	259.445800465122	320.844702023166	233.179741269044	221.485684303586	706.139094029666	473.966915040075
2020-06-24	507.14902088087	345.675860171787	267.681352190516	333.008371942666	241.732974825423	221.76538067687	723.80164761428	469.876062067072
2020-06-25	518.163740306911	354.680757857936	275.927727789523	345.386492467089	250.395525829848	222.879434946686	741.113229867981	466.858670542592
2020-06-26	529.123571768923	363.627774327979	284.161142743754	357.942293829487	259.118680915047	224.780738877111	758.01206991938	464.864984362595
2020-06-27	539.993596238579	372.493450566434	292.357812534816	370.639006262914	267.853726713749	227.422184232223	774.436396897087	463.845247423044
2020-06-28	550.738894687552	381.25432755782	300.493952644321	383.439860000424	276.551949858684	230.756662776101	790.324439929713	463.749703619902
2020-06-29	561.324548087511	389.886946286656	308.545778553878	396.30808527507	285.164636982578	234.737066272821	805.614428145869	464.528596849129
2020-06-30	571.715637410129	398.36784773746	316.489505745096	409.206912319905	293.64307471816	239.316286486462	820.244590674166	466.132171006689
2020-07-01	581.877243627077	406.67357289475	324.301349699584	422.099571367982	301.938549698161	244.447215181101	834.153156643213	468.510669988543
2020-07-02	591.774447710029	414.780662743046	331.957525898953	434.949292652356	310.002348555307	250.082744120817	847.278355181624	471.614337690652
2020-07-03	601.372330630653	422.665658266866	339.434249824812	447.71930640608	317.785757922327	256.175765069687	859.558415418007	475.39341800898
2020-07-04	610.635973360624	430.305100450729	346.70773695877	460.372842862206	325.240064431951	262.679169791789	870.931566480974	479.798154839489
2020-07-05	619.530456871612	437.675530279152	353.754202782437	472.873132253789	332.316554716907	269.5458500512	881.336037499136	484.778792078139
2020-07-06	628.020208369957	444.753748345719	360.5489446366	485.178317153952	338.969608003321	276.73318854815	890.721139941879	490.280631316533
2020-07-07	636.067040000669	451.517593680267	367.063587298756	497.226189496094	345.165973890913	284.216531727474	899.080514641695	496.229204928832
2020-07-08	643.632110143426	457.945164921693	373.268837405582	508.949453553687	350.8754945728	291.975716970155	906.418884771849	502.545102984836
2020-07-09	650.676577177906	464.0145607089	379.135401593751	520.280813600201	356.068012242101	299.990581657181	912.740973505611	509.148915554345
2020-07-10	657.161599483787	469.703879680788	384.633986499939	531.152973909105	360.713369091933	308.240963169536	918.051504016245	515.96123270716
2020-07-11	663.048335440748	474.991220476255	389.735298760822	541.498638753869	364.781407315413	316.706698888206	922.35519947702	522.90264451308
2020-07-12	668.297943428465	479.854681734203	394.410045013074	551.250512407965	368.24196910566	325.367626194177	925.656783061202	529.893741041907
2020-07-13	672.879562988769	484.277177323525	398.634105708943	560.349702149031	371.076009033612	334.203155333766	927.967152414208	536.862482587411
2020-07-14	676.794258312098	488.260882033082	402.404056562962	568.770927271383	373.308931181501	343.190988014622	929.321903070056	543.766310339249
2020-07-15	680.051074751041	491.812785881731	405.72164710524	576.497310073504	374.977252009379	352.308398809728	929.762805034914	550.570035711047
2020-07-16	682.659057658188	494.939878888326	408.588626865881	583.511972853881	376.117487977297	361.532662292066	929.331628314949	557.238470116434
2020-07-17	684.627252386128	497.649151071724	411.006745374993	589.798037910996	376.766155545307	370.841053034617	928.070142916329	563.736424969035
2020-07-18	685.964704287452	499.947592450779	412.977752162682	595.338627543334	376.959771173463	380.210845610362	926.020118845221	570.028711682478
2020-07-19	686.680458714749	501.842193044348	414.503396759055	600.11686404938	376.734851321816	389.619314592285	923.223326107794	576.08014167039
2020-07-20	686.783561020608	503.339942871284	415.585428694217	604.115869727617	376.127912450419	399.043734553366	919.721534710215	581.855526346398
2020-07-21	686.283056557619	504.447831950445	416.225597498276	607.318766876532	375.175471019323	408.461380066588	915.556514658651	587.319677124129
2020-07-22	685.187990678371	505.172850300684	416.425652701338	609.708677794607	373.914043488582	417.849525704932	910.770035959271	592.437405417211
2020-07-23	683.507408735455	505.521987940859	416.187343833509	611.268724780327	372.380146318247	427.18544604138	905.403868618241	597.17352263927
2020-07-24	681.250356081459	505.502234889824	415.512420424896	611.982030132178	370.61029596837	436.446415648914	899.499782641731	601.492840203934
2020-07-25	678.425878068974	505.120581166433	414.402632005605	611.831716148642	368.641008899004	445.609709100516	893.099548035906	605.36016952483
2020-07-26	675.04302005059	504.384016789544	412.859728105743	610.800905128205	366.508801570202	454.652600969168	886.244934806935	608.740322015584
2020-07-27	671.114624503795	503.300555969439	410.889677278834	608.883401614583	364.246106812446	463.551562031004	878.977582065361	611.604923852204
2020-07-28	666.668722405681	501.882309682113	408.51532417207	606.115739132423	361.869022937951	472.279847874766	871.338605339224	613.952860260219
2020-07-29	661.737141858241	500.142413094988	405.763732456064	602.545133451601	359.389564629361	480.80991029235	863.368989260939	615.789831227537
2020-07-30	656.351710963464	498.094001375488	402.661965801425	598.218800341997	356.819746569322	489.114201075652	855.109718462923	617.121536742068
2020-07-31	650.544257823344	495.750209691035	399.237087878764	593.183955573488	354.171583440479	497.165172016567	846.601777577589	617.953676791721
2020-08-01	644.346610539871	493.124173209051	395.516162358692	587.487814915952	351.457089925476	504.93527490699	837.886151237354	618.291951364405
2020-08-02	637.790597215036	490.229027096961	391.52625291182	581.177594139268	348.688280706958	512.396961538816	829.003824074634	618.142060448028
2020-08-03	630.907592421964	487.076599804374	387.292836828581	574.300178415298	345.880043971805	519.526750353109	819.99342600799	617.511978261556
2020-08-04	623.727156618298	483.673492909659	382.835045878693	566.901130523838	343.058761923832	526.3174263876	810.884168100577	616.418775948178
2020-08-05	616.278396732817	480.02500127337	378.1704254517	559.02568264667	340.253690271088	532.765841329191	801.702906701696	614.88179888214
2020-08-06	608.590419694297	476.136419756063	373.316520937142	550.719066965574	337.49408472162	538.868846864781	792.476498160648	612.920392437688
2020-08-07	600.692332431515	472.013043218295	368.290877724562	542.026515662331	334.809200983479	544.623294681271	783.231798826734	610.553901989069
2020-08-08	592.613241873248	467.66016652062	363.1110412035	532.993260918722	332.228294764712	550.026036465561	773.995665049255	607.801672910526
2020-08-09	584.382254948273	463.083084523595	357.794556763499	523.664534916528	329.780621773369	555.073923904551	764.794953177512	604.683050576308
2020-08-10	576.028478585368	458.287092087775	352.358969794101	514.08556983753	327.495437717499	559.763808685142	755.656519560806	601.217380360659
2020-08-11	567.581019713308	453.277484073716	346.821825684846	504.301597863508	325.401998305151	564.092542494233	746.607220548439	597.424007637825
2020-08-12	559.068985260871	448.059555341974	341.200669825278	494.357851176244	323.529559244372	568.056977018725	737.673912489712	593.322277782052
2020-08-13	550.521482156833	442.638600753104	335.513047604937	484.299561957518	321.907376243213	571.653963945519	728.883451733925	588.931536167585
2020-08-14	541.967617329973	437.019915167662	329.776504413364	474.171962389111	320.564705009721	574.880354961514	720.26269463038	584.271128168672
2020-08-15	533.436497709066	431.208793446204	324.008585640103	464.020284652805	319.530801251946	577.733001753611	711.838497528378	579.360399159557
2020-08-16	524.957230222889	425.210530449285	318.226836674694	453.889760930379	318.834920677937	580.20875600871	703.637716777219	574.218694514486
2020-08-17	516.558152191716	419.034676937255	312.449058245758	443.824995885512	318.504368243858	582.312126459198	695.681465075225	568.86765588697
2020-08-18	508.264522501801	412.707807269635	306.694072438229	433.868084109467	318.558645898336	584.078250019411	687.96788051679	563.338110047579
2020-08-19	500.100830430896	406.26075170574	300.980956676117	424.060492675404	319.015304838113	585.549920649174	680.489357545329	557.663180046148
2020-08-20	492.091565256753	399.724340504886	295.328788383435	414.443688656483	319.891896259931	586.769932308308	673.238290604255	551.875988932512
2020-08-21	484.261216257122	393.129403926388	289.756644984196	405.059139125865	321.205971360533	587.781078956638	666.207074136983	546.009659756506
2020-08-22	476.634272709754	386.50677222956	284.283603902411	395.94831115671	322.975081336661	588.626154553986	659.388102586927	540.097315567965
2020-08-23	469.235223892402	379.887275673719	278.928742562092	387.152671822178	325.216777385058	589.347953060175	652.773770397501	534.172079416723
2020-08-24	462.087159266584	373.301655243297	273.711996061471	378.709703660882	327.947975210769	589.987189470078	646.355660898595	528.265170107472
2020-08-25	455.20756902889	366.780294823201	268.656730195658	370.640951073244	331.183048552061	590.576262918755	640.122112965996	522.400189464332
2020-08-26	448.612543559677	360.353489023457	263.787168433983	362.963973925137	334.935735655502	591.145493576316	634.06065436197	516.598835066276
2020-08-27	442.318173239304	354.051532454089	259.127534245775	355.696332082435	339.219774767663	591.725201612872	628.15881284878	510.882804492281
2020-08-28	436.340548448128	347.904719725122	254.702051100365	348.855585411013	344.048904135112	592.345707198532	622.404116188691	505.273795321322
2020-08-29	430.695759566506	341.943345446582	250.534942467082	342.459293776745	349.436862004419	593.037330503406	616.784092143965	499.793505132373
2020-08-30	425.399896974796	336.197704228494	246.650431815256	336.525017045505	355.397386622153	593.830391697603	611.286268476868	494.463631504411
2020-08-31	420.469051053356	330.698090680883	243.072742614216	331.070315083167	361.944216234884	594.755210951235	605.898172949663	489.30587201641
2020-09-01	415.919312182543	325.474799413773	239.826098333293	326.112747755604	369.091089089182	595.842108434409	600.607333324614	484.341924247346
2020-09-02	411.766770742715	320.55812503719	236.934722441816	321.669874928692	376.851743431615	597.121404317237	595.401277363985	479.593485776194
2020-09-03	408.027517114229	315.978362161159	234.422838409115	317.759256468304	385.239917508753	598.623418769828	590.26753283004	475.08225418193
2020-09-04	404.717641677445	311.765805395705	232.31466970452	314.398452240314	394.269349567166	600.378471962292	585.193627485043	470.829927043528
2020-09-05	401.853234812717	307.950749350854	230.634439797361	311.605022110596	403.953777853424	602.416884064738	580.167089091259	466.858201939964
2020-09-06	399.450386900406	304.563488636629	229.406372156967	309.396525945025	414.306940614095	604.768975247277	575.17544541095	463.188776450213
2020-09-07	397.522079146277	301.632595472392	228.653296633759	307.787558370359	425.343752423814	607.46438484625	570.209125537163	459.837952282522
2020-09-08	396.068856057739	299.179752514842	228.392468602522	306.780853056894	437.083833169476	610.530028862925	565.270163886062	456.800447662221
2020-09-09	395.088152967608	297.224920030012	228.639749819129	306.376178435811	449.547979066042	613.9921424648	560.363496204598	454.065584943912
2020-09-10	394.577405208703	295.788058283939	229.411002039456	306.573302938292	462.756986328472	617.876960819377	555.494058239717	451.622686482196
2020-09-11	394.53404811384	294.889127542655	230.722087019379	307.371994995516	476.731651171726	622.210719094153	550.666785738368	449.461074631677
2020-09-12	394.955517015836	294.548088072195	232.588866514771	308.772023038664	491.492769810765	627.019652456629	545.886614447498	447.570071746954
2020-09-13	395.83924724751	294.784900138594	235.027202281508	310.773155498919	507.061138460549	632.329996074304	541.158480114056	445.93900018263
2020-09-14	397.184813311999	295.617790433057	238.051964192338	313.375484148518	523.454035272905	638.168570770911	536.490377990219	444.562998366607
2020-09-15	399.000346393722	297.058051347471	241.674054587497	316.580394123942	540.674666147128	644.564539995118	531.902541349096	443.460469019987
2020-09-16	401.29611684742	299.115241698895	245.903383924095	320.389593902727	558.72271891938	651.547652851825	527.418262969023	442.65563093717
2020-09-17	404.082395027832	301.798920304388	250.749862659243	324.80479196241	577.597881425824	659.147658445933	523.060835628339	442.172702912559
2020-09-18	407.3694512897	305.118645981007	256.223401250049	329.82769678053	597.299841502621	667.394305882345	518.85355210538	442.035903740556
2020-09-19	411.167555987764	309.083977545811	262.333910153625	335.460016834623	617.828286985934	676.317344265959	514.819705178486	442.269452215561
2020-09-20	415.486979476763	313.704473815858	269.091299827079	341.703460602227	639.182905711924	685.946522701679	510.982587625992	442.897567131977
2020-09-21	420.337992111438	318.989693608208	276.505480727522	348.559736560879	661.363385516754	696.311590294403	507.365492226238	443.944467284206
2020-09-22	425.730864246529	324.949195739917	284.586363312062	356.030553188118	684.369414236585	707.442296149034	503.991711757561	445.434371466648
2020-09-23	431.675866236776	331.592539028045	293.343858037811	364.117618961479	708.200679707579	719.368389370474	500.884538998299	447.391498473707
2020-09-24	438.183268436919	338.929282289651	302.787875361877	372.822642358501	732.856869765899	732.119619063621	498.067266726789	449.840067099782
2020-09-25	445.2633412017	346.968984341791	312.928325741371	382.147331856721	758.337672247707	745.725734333379	495.56318772137	452.804296139277
2020-09-26	452.926354885857	355.721204001526	323.775119633403	392.093395933677	784.642774989165	760.216484284647	493.395594760379	456.308404386592
2020-09-27	461.182579844131	365.195500085912	335.338167495082	402.662543066905	811.771865826434	775.621618022326	491.587780622153	460.376610636129
2020-09-28	470.0469090484	375.404315105734	347.625957009422	413.859103402465	839.728562068723	791.974360613725	490.168738946808	465.029304502652
2020-09-29	479.55272593909	386.371626346668	360.641284763055	425.697893760498	868.532198917428	809.321840975778	489.190266821564	470.271558882368
2020-09-30	489.738036573765	398.124294788116	374.385524568519	438.196352629666	898.206041046989	827.714663987824	488.709862195419	476.104617491847
2020-10-01	500.640847009989	410.68918140948	388.860050238349	451.37191849863	928.773353131846	847.203434529203	488.785023017371	482.529724047658
2020-10-02	512.299163305326	424.093147190162	404.066235585082	465.242029856053	960.257399846441	867.838757479257	489.473247236417	489.54812226637
2020-10-03	524.75099151734	438.363053109564	420.005454421255	479.824125190597	992.681445865215	889.671237717325	490.832032801557	497.161055864554
2020-10-04	538.034337703594	453.525760147088	436.679080559403	495.135642990925	1026.06875586261	912.751480122747	492.918877661786	505.369768558778
2020-10-05	552.18513621221	469.605750159728	454.089147658141	511.19370124749	1060.43149236776	937.120074761297	495.793921173548	514.180498318874
2020-10-06	567.231034553536	486.617988514856	472.240328760391	528.014135957908	1095.73740932859	962.777552444475	499.527868323068	523.619460127726
2020-10-07	583.197608528476	504.575061457434	491.137956755152	545.612462621587	1131.94315854771	989.714429170213	504.194065504011	533.717863221479
2020-10-08	600.110433937937	523.489555232426	510.787364531423	564.004196737936	1169.00539182775	1017.92122093644	509.865859110049	544.506916836281
2020-10-09	617.995086582823	543.374056084795	531.193884978205	583.204853806362	1206.88076097131	1047.3884437411	516.616595534848	556.017830208277
2020-10-10	636.87714226404	564.241150259504	552.362850984495	603.229949326273	1245.52591778102	1078.10661358211	524.519621172077	568.281812573613
2020-10-11	656.782176782492	586.103424001517	574.299595439293	624.094998797076	1284.89751405948	1110.06624645742	533.648282415405	581.330073168435
2020-10-12	677.735765939085	608.973463555797	597.009451231599	645.815517718181	1324.95220160933	1143.25785836495	544.075925658499	595.193821228889
2020-10-13	699.763485534725	632.863855167308	620.497751250412	668.407021588995	1365.64663223316	1177.67196530263	555.875897295029	609.904265991122
2020-10-14	722.890911370315	657.787185081013	644.769828384731	691.885025908925	1406.93745773361	1213.2990832684	569.121543718663	625.492616691279
2020-10-15	747.143619246762	683.756039541874	669.831015523556	716.26504617738	1448.78132991328	1250.12972826019	583.886211323069	641.990082565507
2020-10-16	772.547184964972	710.783004794857	695.686645555886	741.562597893767	1491.1349005748	1288.15441627594	600.243246501916	659.427872849951
2020-10-17	799.127184325848	738.880667084924	722.342051370721	767.793196557496	1533.95482152078	1327.36366331357	618.265995648872	677.837196780759
2020-10-18	826.909193130297	768.061612657038	749.802565857058	794.972357667972	1577.19774455383	1367.74798537102	638.027805157606	697.249263594075
2020-10-19	855.911110887107	798.326339505936	778.069442567968	823.112731629283	1620.82702046309	1409.29432834541	659.607764167963	717.690640401847
2020-10-20	886.120131936608	829.626992625448	807.127617712797	852.215508464227	1664.83279598381	1451.97535773068	683.107932804498	739.169325819227
2020-10-21	917.515774327014	861.903628759177	836.957948164962	882.279013100279	1709.21191683772	1495.76016891993	708.636113937945	761.688676337169
2020-10-22	950.077556106538	895.096304650726	867.541290797878	913.301570464918	1753.96122874659	1540.61785730629	736.300110439035	785.252048446626
2020-10-23	983.784995323394	929.145077043699	898.858502484962	945.281505485618	1799.07757743217	1586.51751828286	766.207725178501	809.862798638551
2020-10-24	1018.6176100258	963.990002681698	930.89044009963	978.217143089857	1844.55780861621	1633.42824724278	798.466761027077	835.524283403899
2020-10-25	1054.55491826196	999.571138308327	963.617960515298	1012.10680820511	1890.39876802047	1681.31913957916	833.185020855494	862.239859233621
2020-10-26	1091.56212715645	1035.82071840971	997.012005778408	1046.93334514456	1936.57320192364	1730.16369159974	870.458104492134	890.004472375143
2020-10-27	1129.54720013931	1072.6396884421	1031.0038586275	1082.6176757642	1982.9574588322	1779.95300327084	910.332799595975	918.779428101776
2020-10-28	1168.40378971692	1109.92117160422	1065.51488697413	1119.06524130574	2029.40378780954	1830.68257547339	952.843690783637	948.517621443299
2020-10-29	1208.02554839567	1147.55829109486	1100.46645872987	1156.18148301086	2075.76443791907	1882.34790908833	998.025362671747	979.171947429494
2020-10-30	1248.30612868196	1185.44417011277	1135.77994180627	1193.87184212128	2121.89165822421	1934.94450499661	1045.91239987693	1010.69530109014
2020-10-31	1289.13918308216	1223.47193185669	1171.37670411491	1232.04175987869	2167.63769778836	1988.46786407915	1096.53938701581	1043.04057745503
2020-11-01	1330.41836410268	1261.53469952541	1207.17811356735	1270.5966775248	2212.85480567494	2042.91348721689	1149.94090870501	1076.16067155393
2020-11-02	1372.0373242499	1299.52559631766	1243.10553807514	1309.4420363013	2257.39523094733	2098.27687529079	1206.15154956115	1110.00847841663
2020-11-03	1413.88971603021	1337.33774543222	1279.08034554985	1348.48327744989	2301.11122266897	2154.55352918176	1265.20589420087	1144.53689307291
2020-11-04	1455.86919195	1374.86427006783	1315.02390390305	1387.62584221228	2343.85502990325	2211.73894977076	1327.13852724078	1179.69881055255
2020-11-05	1497.86940451567	1411.99829342326	1350.8575810463	1426.77517183017	2385.47890171358	2269.82863793872	1391.98403329751	1215.44712588533
2020-11-06	1539.78400623359	1448.63293869727	1386.50274489115	1465.83670754525	2425.83508716336	2328.81809456658	1459.77699698769	1251.73473410104
2020-11-07	1581.50664961016	1484.66132908861	1421.88076334918	1504.71589059922	2464.77583531602	2388.70282053528	1530.55200292793	1288.51453022945
2020-11-08	1622.93098715178	1519.97658779604	1456.91300433194	1543.31816223379	2502.15339523495	2449.47831672576	1604.34363573486	1325.73940930035
2020-11-09	1663.95134415326	1554.47551993889	1491.52595770043	1581.5507336791	2537.82048312025	2511.14749119508	1681.1607218762	1363.35616844567
2020-11-10	1704.46473706315	1588.06965831877	1525.66660111329	1619.32789611903	2571.63168371874	2573.74288070479	1760.90905522397	1401.28721320598
2020-11-11	1744.36885511843	1620.67421765784	1559.28703417861	1656.5657107259	2603.44204891394	2637.30442919255	1843.46867150131	1439.448851224
2020-11-12	1783.56138755609	1652.20441267827	1592.33935650446	1693.18023867205	2633.10663058936	2701.87208059606	1928.71960643134	1477.75739014245
2020-11-13	1821.94002361312	1682.57545810224	1624.77566769893	1729.0875411298	2660.48048062851	2767.48577885297	2016.54189573718	1516.12913760406
2020-11-14	1859.40245252648	1711.70256865193	1656.54806737008	1764.20367927148	2685.4186509149	2834.18546790096	2106.81557514196	1554.48040125155
2020-11-15	1895.84636353317	1739.50095904949	1687.60865512601	1798.4447142694	2707.77619333204	2902.01109167771	2199.42068036879	1592.72748872763
2020-11-16	1931.17363177386	1765.89223014213	1717.90540023564	1831.72833917229	2727.43117140111	2970.98436505057	2294.24362749404	1630.78905436507
2020-11-17	1965.30287600398	1790.82352727716	1747.36975061131	1863.97877453435	2744.35369519393	3041.05408660561	2391.19635400702	1668.5931392568
2020-11-18	1998.15690088265	1814.2483819269	1775.92902382625	1895.12187278618	2758.53688641998	3112.15082585861	2490.19717775025	1706.07013118579
2020-11-19	2029.65851106899	1836.12032556368	1803.51053745364	1925.0834863584	2769.97386678874	3184.20515232532	2591.16441656629	1743.15041793499
2020-11-20	2059.73051122214	1856.39288965984	1830.0416090667	1953.78946768158	2778.65775800971	3257.14763552151	2694.01638829767	1779.7643872874
2020-11-21	2088.29570600121	1875.01960568769	1855.44955623863	1981.16566918634	2784.58168179236	3330.90884496294	2798.67141078693	1815.84242702596
2020-11-22	2115.27690006533	1891.95400511959	1879.66169654263	2007.13794330328	2787.73875984617	3405.41935016537	2905.04780187662	1851.31492493365
2020-11-23	2140.60697551598	1907.15946429024	1902.6105204789	2031.64043232348	2788.14148599918	3480.58167252711	3013.04215779725	1886.11732011648
2020-11-24	2164.25912422415	1920.63873898397	1924.24921025557	2054.64043797999	2785.87984255355	3556.18614097666	3122.46418833126	1920.20525697258
2020-11-25	2186.21661550317	1932.40442984751	1944.53612100778	2076.11355186635	2781.06318392998	3631.99503632507	3233.1018816491	1953.53943122316
2020-11-26	2206.46271866639	1942.46913752755	1963.42960787066	2096.03536557609	2773.80086454919	3707.77063938337	3344.74322592119	1986.08053858938
2020-11-27	2224.98070302715	1950.84546267082	1980.88802597933	2114.38147070275	2764.20223883189	3783.27523096262	3457.17620931795	2017.78927479244
2020-11-28	2241.75383789879	1957.54600592405	1996.86973046893	2131.12745883987	2752.37666119878	3858.27109187386	3570.18882000983	2048.62633555352
2020-11-29	2256.76539259466	1962.58336793393	2011.33307647459	2146.24892158099	2738.43348607057	3932.52050292813	3683.56904616724	2078.55241659381
2020-11-30	2269.9986364281	1965.97014934719	2024.23641913143	2159.72145051963	2722.48206786798	4005.78574493647	3797.10487596062	2107.52821363448
2020-12-01	2281.43683871245	1967.71895081055	2035.53811357458	2171.52063724935	2704.63176101171	4077.82909870994	3910.58429756039	2135.51442239672
2020-12-02	2291.06326876105	1967.84237297072	2045.19651493919	2181.62207336367	2684.99191992246	4148.41284505957	4023.79529913698	2162.47173860172
2020-12-03	2298.86119588725	1966.35301647442	2053.16997836037	2190.00135045613	2663.67189902096	4217.2992647964	4136.52586886083	2188.36085797067
2020-12-04	2304.81388940438	1963.26348196836	2059.41685897325	2196.63406012027	2640.7810527279	4284.2506387315	4248.56399490236	2213.14247622473
2020-12-05	2308.9046186258	1958.58637009926	2063.89551191297	2201.49579394962	2616.42873546399	4349.02924767589	4359.697665432	2236.77728908511
2020-12-06	2311.11665286485	1952.33428151385	2066.56429231466	2204.56214353773	2590.72430164995	4411.39737244062	4469.71486862018	2259.22599227298
2020-12-07	2311.47038416341	1944.55135970206	2067.41529996336	2205.85088067173	2563.79136696976	4471.15678077608	4578.38032650805	2280.46846704324
2020-12-08	2310.13469547756	1935.40791952683	2066.57561324385	2205.54849791315	2535.81059216055	4528.26718819002	4685.36569661963	2300.56133678556
2020-12-09	2307.31559249195	1925.10581869431	2064.20605519081	2203.88366801714	2506.97689922272	4582.72779712952	4790.31937034965	2319.58041042334
2020-12-10	2303.21908089119	1913.84691491064	2060.46744883892	2201.08506373883	2477.48521015668	4634.53781004167	4892.88973909284	2337.60149687997
2020-12-11	2298.05116635992	1901.833065882	2055.52061722288	2197.38135783337	2447.53044696283	4683.69642937357	4992.72519424395	2354.70040507884
2020-12-12	2292.01785458277	1889.26612931453	2049.52638337737	2193.00122305589	2417.30753164158	4730.20285757228	5089.47412719771	2370.95294394334
2020-12-13	2285.32515124437	1876.34796291439	2042.64557033707	2188.17333216153	2387.01138619333	4774.05629708492	5182.78492934885	2386.43492239686
2020-12-14	2278.1507225564	1863.25424353068	2035.01599902897	2183.09478889421	2356.81743411817	4815.25042760595	5272.32634474822	2401.20673571586
2020-12-15	2270.5588768388	1850.05592458435	2026.68348194914	2177.83642095297	2326.82310491492	4853.75683781946	5357.84852807106	2415.26712458914
2020-12-16	2262.58558293855	1836.79777863926	2017.67082948596	2172.43748702565	2297.10632958206	4889.5415936569	5439.12198664871	2428.59941605855
2020-12-17	2254.26680970264	1823.5245782593	2008.00085202782	2166.93724580008	2267.74503911809	4922.57076104975	5515.91722781254	2441.18693716595
2020-12-18	2245.63852597806	1810.28109600834	1997.69635996307	2161.37495596407	2238.81716452151	4952.81040592946	5588.00475889388	2453.0130149532
2020-12-19	2236.73670061179	1797.11210445027	1986.7801636801	2155.78987620547	2210.40063679081	4980.22659422752	5655.15508722409	2464.06097646216
2020-12-20	2227.59730245082	1784.06237614897	1975.27507356728	2150.22126521209	2182.57338692447	5004.78539187539	5717.1387201345	2474.3141487347
2020-12-21	2218.25630034214	1771.17668366831	1963.20390001297	2144.70838167177	2155.41334592101	5026.45286480452	5773.72616495649	2483.75585881266
2020-12-22	2208.74966313273	1758.49979957218	1950.58945340557	2139.29048427234	2128.9984447789	5045.1950789464	5824.68792902138	2492.36943373791
2020-12-23	2199.11335966959	1746.07649642446	1937.45454413343	2134.00683170162	2103.40661449665	5060.97810023249	5869.79451966053	2500.13820055232
2020-12-24	2189.38335879969	1733.95154678902	1923.82198258494	2128.89668264744	2078.71578607274	5073.76799459425	5908.8164442053	2507.04548629774
2020-12-25	2179.59562937003	1722.16972322975	1909.71457914847	2123.99929579763	2055.00389050568	5083.53082796316	5941.52420998702	2513.07461801603
2020-12-26	2169.78614022759	1710.77579831052	1895.15514421238	2119.35392984001	2032.34885879395	5090.23266627067	5967.68832433704	2518.20892274905
2020-12-27	2159.99086021936	1699.81454459523	1880.16648816506	2114.99984346243	2010.82862193605	5093.83957544826	5987.07929458672	2522.43172753866
2020-12-28	2150.2007182732	1689.28108495427	1864.74492036242	2110.93049247816	1990.4848566252	5094.2827935469	5999.48568321627	2525.70689861046
2020-12-29	2140.22648364043	1678.97194348425	1848.78074603053	2106.95612120238	1971.21422233349	5091.3542470956	6004.76827330135	2527.920458925
2020-12-30	2129.83388565325	1668.63399458828	1832.13776936298	2102.84117107573	1952.87712422774	5084.81103474286	6002.80590306648	2528.93897062657
2020-12-31	2118.78865364387	1658.01411266949	1814.67979455338	2098.35008353884	1935.33396747479	5074.41025513719	5993.47741073618	2528.62899585945
2021-01-01	2106.85651694448	1646.85917213099	1796.27062579535	2093.24730003234	1918.44515724144	5059.90900692711	5976.66163453498	2526.85709676794
2021-01-02	2093.80320488728	1634.91604737591	1776.77406728248	2087.29726199687	1902.07109869453	5041.06438876112	5952.2374126874	2523.48983549632
2021-01-03	2079.39444680447	1621.93161280738	1756.05392320837	2080.26441087306	1886.07219700087	5017.63349928774	5920.08358341796	2518.39377418888
2021-01-04	2063.44583295074	1607.70424825823	1734.0126822561	2071.95837486013	1870.33007789567	4989.44415359651	5880.15452240293	2511.46530544243
2021-01-05	2045.97239727076	1592.2383552802	1710.70757106653	2062.36952919162	1854.81124938773	4956.60703254117	5832.70675512555	2502.72014366388
2021-01-06	2027.0390346317	1575.58984085476	1686.23450077	2051.53343585963	1839.50344005421	4919.30353341648	5778.07234452079	2492.20383371266
2021-01-07	2006.71063990073	1557.81461196335	1660.68938249684	2039.4856568563	1824.39437847229	4877.71505351723	5716.58335352364	2479.9619204482
2021-01-08	1985.052107945	1538.96857558743	1634.16812737737	2026.26175417372	1809.47179321914	4832.02299013818	5648.57184506908	2466.03994872994
2021-01-09	1962.12833363168	1519.10763870846	1606.76664654194	2011.89728980403	1794.72341287195	4782.40874057409	5574.36988209208	2450.4834634173
2021-01-10	1938.00421182793	1498.2877083079	1578.58085112086	1996.42782573933	1780.13696600787	4729.05370211976	5494.30952752763	2433.33800936973
2021-01-11	1912.74463740093	1476.5646913672	1549.70665224447	1979.88892397174	1765.70018120409	4672.13927206994	5408.7228443107	2414.64913144664
2021-01-12	1886.41450521784	1453.99449486782	1520.2399610431	1962.31614649339	1751.40078703779	4611.8468477194	5317.94189537628	2394.46237450748
2021-01-13	1859.07871014581	1430.63302579122	1490.27668864709	1943.74505529638	1737.22651208614	4548.35782636293	5222.29874365935	2372.82328341167
2021-01-14	1830.80214705203	1406.53619111885	1459.91274618675	1924.21121237283	1723.16508492631	4481.85360529529	5122.12545209488	2349.77740301865
2021-01-15	1801.64971080364	1381.75989783217	1429.24404479243	1903.75017971486	1709.20423413548	4412.51558181125	5017.75408361785	2325.37027818784
2021-01-16	1771.68629626782	1356.36005291264	1398.36649559445	1882.39751931458	1695.33168829082	4340.52515320558	4909.51670116325	2299.64745377869
2021-01-17	1740.97679831172	1330.39256334171	1367.37600972315	1860.18879316412	1681.5351759695	4266.06371677306	4797.74536766605	2272.65447465062
2021-01-18	1709.59073445693	1303.91880806322	1336.36380240436	1837.16534128038	1667.78641699357	4189.33312282219	4682.79927923658	2244.44832250069
2021-01-19	1677.61611284267	1277.02205387049	1305.40230524595	1813.39161577948	1653.99309616444	4110.61703371638	4565.14616468654	2215.13172637642
2021-01-20	1645.14556426255	1249.79103951922	1274.55925395131	1788.93784680233	1640.0468895284	4030.21956483278	4445.28088600296	2184.81885216297
2021-01-21	1612.27171951021	1222.31450376512	1243.90238422382	1763.87426448985	1625.83947313175	3948.44483154855	4323.69830517288	2153.62386574549
2021-01-22	1579.08720937927	1194.68118536389	1213.49943176685	1738.27109898295	1611.26252302076	3865.59694924082	4200.89328418334	2121.66093300914
2021-01-23	1545.68466466336	1166.97982307122	1183.41813228379	1712.19858042253	1596.20771524172	3781.98003328675	4077.36068502138	2089.04421983906
2021-01-24	1512.1567161561	1139.29915564283	1153.72622147801	1685.72693894952	1580.56672584093	3697.89819906348	3953.59536967404	2055.88789212041
2021-01-25	1478.5915670373	1111.72215333741	1124.4840201565	1658.92680859841	1564.26172320753	3613.63841593207	3830.04338980519	2022.30608928342
2021-01-26	1445.05971003136	1084.30871242566	1095.72218954063	1631.87043897797	1547.33684510225	3529.41906918921	3706.95555578594	1988.41284493856
2021-01-27	1411.62721024888	1057.11296068129	1067.46397595535	1604.63048359057	1529.86672162864	3445.44139811548	3584.53386766423	1954.32216624141
2021-01-28	1378.36013280044	1030.189025878	1039.73262572564	1577.27959593857	1511.92598289029	3361.90664199147	3462.98032548801	1920.14806034753
2021-01-29	1345.32454279664	1003.59103578948	1012.55138517647	1549.89042952434	1493.58925899078	3279.01604009778	3342.49692930522	1886.00453441247
2021-01-30	1312.58650534807	977.373118189441	985.943500632799	1522.53563785024	1474.93118003369	3196.97083171501	3223.2856791638	1852.0055955918
2021-01-31	1280.2120855653	951.589400851583	959.932218419594	1495.28787441863	1456.0263761226	3115.97225612374	3105.5485751117	1818.26525104108
2021-02-01	1248.26734855893	926.294011549607	934.540784861824	1468.21979273187	1436.94947736108	3036.22155260456	2989.48761719686	1784.89750791586
2021-02-02	1216.81835943955	901.541078057215	909.792446284455	1441.40404629232	1417.77511385272	2957.91996043807	2875.30480546721	1752.01637337172
2021-02-03	1185.93118331774	877.384728148106	885.710449012455	1414.91328860236	1398.57791570109	2881.26871890485	2763.20213997071	1719.73585456422
2021-02-04	1155.67188530409	853.879089595983	862.318039370789	1388.82017316433	1379.43251300977	2806.46906728551	2653.38162075529	1688.1699586489
2021-02-05	1126.10653050919	831.078290174546	839.638463684424	1363.1973534806	1360.41353588235	2733.72224486063	2546.04524786889	1657.43269278134
2021-02-06	1097.30118404362	809.036457657498	817.694968278328	1338.11748305354	1341.59561442239	2663.2294909108	2441.39502135946	1627.6380641171
2021-02-07	1069.32191101798	787.80771981854	796.510799477467	1313.6532153855	1323.05337873348	2595.19204471662	2339.63294127495	1598.90007981173
2021-02-08	1042.22879699763	767.442262173463	776.103559600389	1289.87403622204	1304.87533430737	2529.78578182356	2240.93214665024	1571.31906730062
2021-02-09	1016.05800936703	747.974501206426	756.468274939968	1266.83676028142	1287.20548818847	2467.08512283669	2145.3503324681	1544.94063513838
2021-02-10	990.839735965453	729.434911143679	737.594327782656	1244.59503452509	1270.20172280937	2407.13912462594	2052.91633269822	1519.79671215946
2021-02-11	966.60416463213	711.853966211469	719.471100414908	1223.20250591451	1254.02192060265	2349.99684406125	1963.65898131032	1495.91922719828
2021-02-12	943.381483206317	695.262140636049	702.08797512318	1202.71282141115	1238.8239640009	2295.70733801257	1877.6071122741	1473.34010908929
2021-02-13	921.201879527263	679.689908643665	685.434334193924	1183.17962797644	1224.76573543671	2244.31966334984	1794.78955955926	1452.09128666693
2021-02-14	900.095541434217	665.167744460568	669.499559913596	1164.65657257185	1212.00511734266	2195.882876943	1715.23515713553	1432.20468876562
2021-02-15	880.088305089543	651.722352170542	654.278871848717	1147.19097730936	1200.68898099859	2150.42927397582	1638.95806276921	1413.69774231376
2021-02-16	861.188599948062	639.365355287512	639.790838686079	1130.80486490312	1190.92015307332	2107.9241028874	1565.91372941306	1396.52986661546
2021-02-17	843.400503787711	628.10460718294	626.059866392541	1115.5139332178	1182.79044908295	2068.31585043064	1496.04293381646	1380.64597906879
2021-02-18	826.728094386428	617.947961228288	613.110360934963	1101.33388011808	1176.39168454355	2031.55300335846	1429.28645272878	1365.99099707182
2021-02-19	811.175449522147	608.903270795015	600.966728280203	1088.28040346863	1171.81567497121	1997.58404842379	1365.58506289939	1352.50983802261
2021-02-20	796.746646972806	600.978389254582	589.653374395123	1076.36920113413	1169.154235882	1966.35747237953	1304.87954107767	1340.14741931923
2021-02-21	783.445764516342	594.181169978452	579.19470524658	1065.61597097926	1168.49918279202	1937.82176197861	1247.11066401298	1328.84865835975
2021-02-22	771.27687993069	588.519466338085	569.615126801435	1056.0364108687	1169.94233121733	1911.92540397393	1192.21920845469	1318.55847254223
2021-02-23	760.244070993788	584.001131704942	560.939045026546	1047.64621866711	1173.57549667403	1888.61688511843	1140.14595115219	1309.22177926474
2021-02-24	750.351415483572	580.634019450483	553.190865888774	1040.46109223918	1179.49049467819	1867.84469216501	1090.83166885483	1300.78349592534
2021-02-25	741.602991177978	578.425982946171	546.394995354978	1034.49672944958	1187.7791407459	1849.55731186659	1044.217138312	1293.18853992211
2021-02-26	734.002875854943	577.384875563466	540.575839392016	1029.768828163	1198.53325039323	1833.7032309761	1000.24313627307	1286.38182865309
2021-02-27	727.555147292403	577.518550673829	535.75780396675	1026.29308624409	1211.84463913628	1820.23093624643	958.850439487398	1280.30827951638
2021-02-28	722.263883268296	578.834861648722	531.965295046037	1024.08520155755	1227.80512249112	1809.08891443052	919.979824704368	1274.91280991002
2021-03-01	718.129690233669	581.334822955902	529.2210507801	1023.15622019785	1246.49086309681	1800.21757264792	883.562089620127	1270.13554652773
2021-03-02	715.139289332021	584.992093448318	527.541138052608	1023.49858117865	1267.91541208429	1793.52499948473	849.488115717958	1265.8974532458
2021-03-03	713.275930379964	589.773493075216	526.939955930595	1025.10007174341	1292.0766677075	1788.9112038937	817.638805427916	1262.11470323616
2021-03-04	712.522863194107	595.645841785842	527.431903481092	1027.9484791356	1318.97252822036	1786.27619482759	787.895061180058	1258.70346967075
2021-03-05	712.863337591061	602.575959529441	529.031379771132	1032.03159059868	1348.60089187679	1785.51998123913	760.137785404442	1255.5799257215
2021-03-06	714.280603387437	610.530666255259	531.752783867747	1037.33719337612	1380.95965693071	1786.54257208107	734.247880531127	1252.66024456035
2021-03-07	716.757910399846	619.476781912542	535.61051483797	1043.85307471137	1416.04672163606	1789.24397630617	710.106248990171	1249.86059935922
2021-03-08	720.27379208421	629.376221261864	540.608774871287	1051.55988370456	1453.81999606459	1793.51120896474	687.601665546525	1247.10799363992
2021-03-09	724.787916453704	640.171278309108	546.710978646998	1060.40971688245	1494.07743755944	1799.17930949738	666.654394304725	1244.37275232371
2021-03-10	730.255235160816	651.799341871486	553.87034396686	1070.34753262847	1536.57701528159	1806.07032344228	647.192571704199	1241.63603068171
2021-03-11	736.630699858031	664.19780076621	562.040088632627	1081.31828932603	1581.07669839202	1814.00629633761	629.144334184377	1238.87898398504
2021-03-12	743.869262197837	677.30404381049	571.173430446054	1093.26694535856	1627.33445605169	1822.80927372156	612.437818184687	1236.08276750483
2021-03-13	751.925873832722	691.055459821539	581.223587208896	1106.13845910947	1675.10825742159	1832.30130113229	597.001160144559	1233.22853651221
2021-03-14	760.755486415171	705.389437616568	592.143776722909	1119.8777889622	1724.15607166269	1842.304424108	582.762496503422	1230.29744627829
2021-03-15	770.313051597672	720.243366012788	603.887216789847	1134.42989330016	1774.23586793597	1852.64068818685	569.649963700706	1227.27065207421
2021-03-16	780.553521032711	735.554633827411	616.407125211465	1149.73973050677	1825.1056154024	1863.13213890703	557.591698175838	1224.12930917108
2021-03-17	791.431846372776	751.260629877648	629.65671978952	1165.75225896546	1876.52328322296	1873.60082180672	546.515836368248	1220.85457284003
2021-03-18	802.902979270354	767.298742980712	643.589218325765	1182.41243705964	1928.24684055862	1883.86878242409	536.350514717367	1217.42759835219
2021-03-19	814.921871377931	783.606361953813	658.157838621955	1199.66522317274	1980.03425657037	1893.75806629732	527.023869662621	1213.82954097867
2021-03-20	827.443474347995	800.120875614164	673.315798479848	1217.45557568819	2031.64350041918	1903.0907189646	518.464037643441	1210.04155599061
2021-03-21	840.422739833032	816.779672778974	689.016315701195	1235.72845298939	2082.83254126601	1911.68878596409	510.599155099256	1206.04479865913
2021-03-22	853.81226563415	833.520781060294	705.205444647251	1254.42772110461	2133.33187593701	1919.37323553396	503.358400472429	1201.81595261459
2021-03-23	867.555234146937	850.284783249519	721.80058591726	1273.49287664142	2182.76211191892	1925.96072671226	496.675120217054	1197.31381492435
2021-03-24	881.592473915605	867.012900932883	738.711976669962	1292.86232385222	2230.71638436361	1931.266841237	490.483702790161	1192.492711015
2021-03-25	895.864813484361	883.64635569662	755.849854064099	1312.47446698944	2276.787828423	1935.10716084622	484.718536648778	1187.30696631313
2021-03-26	910.313081397415	900.126369126963	773.124455258412	1332.26771030546	2320.56957924896	1937.29726727795	479.314010249934	1181.71090624534
2021-03-27	924.878106198978	916.394162810147	790.446017411643	1352.18045805271	2361.65477199339	1937.65274227021	474.204512050657	1175.65885623822
2021-03-28	939.500716433259	932.390958332404	807.724777682533	1372.15111448358	2399.63654180818	1935.98916756102	469.324430507977	1169.10514171836
2021-03-29	954.122835176942	948.060267790266	824.876180924936	1392.11956082159	2434.15685541425	1932.1602183479	464.61449006297	1162.01102568697
2021-03-30	968.690763636611	963.354765321459	841.836502773156	1412.03158617463	2465.05300580864	1926.17194366625	460.040759092903	1154.36552144369
2021-03-31	983.151897551323	978.229415574005	858.547226556609	1431.83445662171	2492.21111755739	1918.06848601098	455.575641959092	1146.16457986278
2021-04-01	997.453632660138	992.639183195928	874.949835604711	1451.47543824183	2515.51731522657	1907.89398787697	451.191543022852	1137.4041518185
2021-04-02	1011.54336470211	1006.53903283525	890.985813246878	1470.90179711399	2534.85772338223	1895.69259175912	446.860866645498	1128.08018818511
2021-04-03	1025.3684894163	1019.88392914	906.596642812527	1490.0607993172	2550.11846659043	1881.50844015234	442.556017188345	1118.18863983686
2021-04-04	1038.87640254177	1032.62883675819	921.723807631075	1508.89971093044	2561.18566941722	1865.38567555151	438.24939901271	1107.725457648
2021-04-05	1052.01449981758	1044.72872033785	936.308791031936	1527.36579803273	2567.94545642867	1847.36844045152	433.913416479906	1096.6865924928
2021-04-06	1064.73017698277	1056.138544527	950.293076344529	1545.40632670307	2570.28395219083	1827.50087734728	429.520473951249	1085.06799524551
2021-04-07	1076.97082977642	1066.81327397367	963.618146898268	1562.96856302045	2568.08728126975	1805.82712873367	425.042975788054	1072.86561678039
2021-04-08	1088.68385393758	1076.70787332588	976.225486022571	1579.99977306388	2561.24156823149	1782.39133710559	420.453326351638	1060.0754079717
2021-04-09	1099.8166452053	1085.77730723165	988.056577046852	1596.44722291236	2549.63293764212	1757.23764495795	415.723930003314	1046.69331969369
2021-04-10	1110.31659931865	1093.97654033901	999.052903300529	1612.25817864489	2533.14751406768	1730.41019478562	410.827191104399	1032.71530282062
2021-04-11	1120.13111201668	1101.26053729597	1009.15594811302	1627.37990634048	2511.67142207424	1701.95312908351	405.735514016207	1018.13730822674
2021-04-12	1129.21156226959	1107.58739468273	1018.31501283435	1641.75517870115	2485.16959498744	1671.92779841712	400.4315849745	1002.96269921682
2021-04-13	1137.5252619721	1112.9277368081	1026.51067089698	1655.30879492108	2453.92220117134	1640.46438563436	394.939217712827	987.224488817588
2021-04-14	1145.04350625006	1117.25531991307	1033.73131375401	1667.96106081746	2418.28821774957	1607.71028165377	389.292507839183	970.963102486289
2021-04-15	1151.73759022934	1120.54390023861	1039.9653328585	1679.6322822075	2378.62662184579	1573.81287739386	383.525550961564	954.218965680162
2021-04-16	1157.57880903579	1122.76723402571	1045.20111966354	1690.2427649084	2335.29639058362	1538.91956377316	377.672442687964	937.032503856445
2021-04-17	1162.53845779527	1123.89907751536	1049.4270656222	1699.71281473736	2288.65650108673	1503.17773171019	371.767278626378	919.44414247238
2021-04-18	1166.58783163364	1123.91318694853	1052.63156218757	1707.96273751158	2239.06593047875	1466.73477212348	365.844154384802	901.494306985205
2021-04-19	1169.70070294675	1122.78536006198	1054.80212435604	1714.92044921211	2186.8728778966	1429.7284421877	359.932016868535	883.222582340223
2021-04-20	1171.86075321045	1120.49956057555	1055.92276129724	1720.54430647541	2132.38243053027	1392.25796410217	354.039218172091	864.665191434996
2021-04-21	1173.0541411706	1117.04179370488	1055.97660572411	1724.80027610177	2075.88889758303	1354.41292632235	348.168961687289	845.857516655147
2021-04-22	1173.26702557305	1112.39806466558	1054.94679034959	1727.6543248915	2017.68658825814	1316.28291730368	342.324450805946	826.834940386302
2021-04-23	1172.48556516365	1106.55437867327	1052.81644788663	1729.07241964491	1958.06981175888	1277.95752550164	336.508888919881	807.632845014086
2021-04-24	1170.69591868824	1099.49674094357	1049.56871104817	1729.02052716229	1897.33287728851	1239.52633937169	330.725479420913	788.286612924123
2021-04-25	1167.88424489268	1091.21115669212	1045.18671254716	1727.46461424395	1835.7700940503	1201.07894736929	324.977425700858	768.831626502037
2021-04-26	1164.04370426942	1081.69447668798	1039.66324180173	1724.37769266518	1773.65089733841	1162.69827379548	319.264765116885	749.300626137418
2021-04-27	1159.1954642973	1070.98693391408	1033.02971505093	1719.76095410124	1711.14522681065	1124.44058633375	313.574870887553	729.715784235724
2021-04-28	1153.36769420176	1059.13960690682	1025.32720523897	1713.62263520239	1648.39814821572	1086.35548851315	307.891950196772	710.096631206372
2021-04-29	1146.58856320825	1046.20357420257	1016.59678531008	1705.97097261888	1585.55472730231	1048.49258386275	302.20021022845	690.462697458782
2021-04-30	1138.88624054221	1032.22991433772	1006.8795282085	1696.81420300095	1522.76002981913	1010.90147591159	296.483858166497	670.833513402375
2021-05-01	1130.28889542908	1017.26970584866	996.216506878461	1686.16056299886	1460.15912151487	973.631768188743	290.72710119482	651.228609446571
2021-05-02	1120.82469709429	1001.37402727177	984.648794264186	1674.01828926286	1397.89706813824	936.733064223271	284.914146497329	631.667516000791
2021-05-03	1110.52181476331	984.593957143441	972.217463309908	1660.3956184432	1336.11893543793	900.254967544235	279.029201257933	612.169763474453
2021-05-04	1099.40841766156	966.980574000052	958.963586959859	1645.30078719014	1274.96978916265	864.247081680695	273.056472660541	592.754882276979
2021-05-05	1087.51267501449	948.58495637799	944.928238158268	1628.74203215391	1214.59469506109	828.759010161711	266.980167889061	573.442402817789
2021-05-06	1074.86275604753	929.458182813642	930.152489849367	1610.72758998478	1155.13871888196	793.840356516345	260.784494127403	554.251855506302
2021-05-07	1061.48682998615	909.651331843393	914.677414977386	1591.265697333	1096.74692637395	759.540724273659	254.453658559475	535.202770751939
2021-05-08	1047.41306605576	889.215482003629	898.544086486554	1570.36459084881	1039.56438328577	725.909716962712	247.971868369186	516.31467896412
2021-05-09	1032.66963348182	868.201711830736	881.793577321104	1548.03250718248	983.736155366118	692.996938112566	241.323330740445	497.607110552264
2021-05-10	1017.2885508361	846.669092853409	864.47280314427	1524.2922107526	929.387366977885	660.845248109398	234.500969246165	479.10155102423
2021-05-11	1001.31723407561	824.708668569588	846.652050495308	1499.22457705128	876.563376940745	629.470534767843	227.532573015275	460.827306281618
2021-05-12	984.806948503732	802.419475469524	828.407448632476	1472.92500933894	825.289602688569	598.881942759655	220.454647565709	442.815637324469
2021-05-13	967.80895942381	779.900550043467	809.815126814035	1445.48891087603	775.591461655224	569.088616756583	213.303698415401	425.09780515282
2021-05-14	950.374532139203	757.250928781668	790.951214298244	1417.01168492301	727.494371274579	540.099701430382	206.116231082283	407.705070766711
2021-05-15	932.554931953266	734.569648174377	771.891840343362	1387.5887347403	681.0237489805	511.924341452799	198.928751084289	390.66869516618
2021-05-16	914.401424169357	711.955744711847	752.713134207651	1357.31546358836	636.205012206861	484.571681495592	191.777763939352	374.019939351267
2021-05-17	895.96226358893	689.497338572989	733.485291215772	1326.2816791033	593.058034566016	458.050060253897	184.698703624855	357.785188809763
2021-05-18	877.27366300582	667.23888469137	714.254770957996	1294.5548064239	551.580514384275	432.364592516406	177.722717955967	341.971326980466
2021-05-19	858.368824711961	645.213921689217	695.062099090997	1262.1966750646	511.764606166435	407.519587095197	170.879883207307	326.580361789927
2021-05-20	839.280950999286	623.455988188759	675.947801271448	1229.26911453986	473.602464417295	383.519352802348	164.200275653495	311.614301164697
2021-05-21	820.043244159727	601.998622812224	656.952403156024	1195.83395436411	437.086243641652	360.368198449938	157.713971569148	297.075153031326
2021-05-22	800.688906485219	580.87536418184	638.116430401396	1161.95302405181	402.208098344305	338.070432850047	151.451047228886	282.964925316364
2021-05-23	781.251140267694	560.119750919837	619.48040866424	1127.68815311739	368.960183030051	316.630364814751	145.441578907327	269.285625946363
2021-05-24	761.763147799086	539.765321648441	601.084863601228	1093.10117107532	337.334652203688	296.05230315613	139.71564287909	256.039262847873
2021-05-25	742.258131371328	519.845614989882	582.970320869035	1058.25390744002	307.323660370014	276.340556686263	134.303315418793	243.227843947446
2021-05-26	722.769293276352	500.394169566387	565.177306124334	1023.20819172596	278.919362033827	257.499434217228	129.234672801056	230.853377171631
2021-05-27	703.329835806093	481.444524000186	547.746345023798	988.025853447576	252.113911699926	239.533244561103	124.539791300496	218.917870446979
2021-05-28	683.972961252482	463.030216913506	530.717963224101	952.768722119313	226.899463873107	222.446296529967	120.248747191733	207.423331700041
2021-05-29	664.731871907454	445.184786928575	514.132686381917	917.498627255619	203.268173058169	206.242898935899	116.391616749385	196.371768857367
2021-05-30	645.639770062942	427.941772667622	498.031040153919	882.277398370942	181.21219375991	190.927360590977	112.998476248071	185.765189845509
2021-05-31	626.735855068215	411.332338225361	482.454999235818	847.183499272866	160.715386341975	176.50199135983	110.101940895504	175.607120508432
2021-06-01	608.083314501886	395.378149586446	467.452334479473	812.361930941537	141.728434603404	162.961105317283	107.744781631773	165.907158359765
2021-06-02	589.751332999903	380.098498208015	453.07226577578	777.974328650236	124.193728202082	150.297017590712	105.972308330064	156.67641883055
2021-06-03	571.809095198219	365.512675547211	439.364013015637	744.182327672249	108.053656795898	138.502043307495	104.82983086356	147.926017351833
2021-06-04	554.325785732782	351.639973061172	426.376796089939	711.14756328086	93.250610042737	127.568497595006	104.362659105445	139.667069354656
2021-06-05	537.370589239541	338.499682207038	414.159834889583	679.031670749351	79.7269776004866	117.488695580623	104.616102928903	131.910690270064
2021-06-06	521.012690354447	326.111094441948	402.762349305466	647.996285351005	67.4251491270332	108.25495239172	105.635472207119	124.667995529098
2021-06-07	505.317807852727	314.493007695446	392.230425458495	618.185868731933	56.2917120525021	99.8617701355509	107.467624045929	117.951525862266
2021-06-08	490.337797066731	303.662245786684	382.597614389629	589.676188029542	46.2900448959734	92.312398838876	110.165604481777	111.779523197923
2021-06-09	476.121047468085	293.635139007219	373.894333369838	562.525836754067	37.387723948766	85.6122755083326	113.784006783757	106.171654763884
2021-06-10	462.715948528418	284.428017648608	366.150999670093	536.793408415743	29.5523255021986	79.766837150558	118.377424220966	101.147587787967
2021-06-11	450.170889719357	276.057212002407	359.398030561363	512.537496524805	22.7514258475901	74.7815207721895	124.000450062499	96.7269894979887
2021-06-12	438.53426051253	268.539052360173	353.665843314618	489.816694591485	16.9526012762593	70.6617633798643	130.707677577453	92.9295271217661
2021-06-13	427.854450379565	261.889869013461	348.984855200829	468.68959612602	12.1234280795248	67.4130019802199	138.553700034921	89.7748678871162
2021-06-14	418.17984879209	256.12599225383	345.385483490966	449.214794638643	8.23148254870562	65.0406735798934	147.593110704001	87.2826790218556
2021-06-15	409.558845221731	251.263752372834	342.898145456	431.450883639589	5.24434097512046	63.5502151855223	157.880502853788	85.4726277538014
2021-06-16	402.039829140118	247.319479662031	341.553258366899	415.456456639093	3.12957965008812	62.9470638037438	169.470469753377	84.3643813107704
2021-06-17	395.671190018877	244.309504412976	341.381239494636	401.290107147388	1.85477486492742	63.2366564411952	182.417604671864	83.9776069205795
2021-06-18	390.501317329637	242.250156917228	342.412506110178	389.010428674709	1.38750291095713	64.4244301045139	196.776500878345	84.3319718110456
2021-06-19	386.578600544025	241.15776746634	344.677475484498	378.67601473129	1.69534007949607	66.5158218003371	212.601751641915	85.4471432099856
2021-06-20	383.951429133669	241.048666351872	348.206564888565	370.345458827367	2.74586266186303	69.5162685353021	229.94795023167	87.3427883452163
2021-06-21	382.671331022777	241.944334728768	353.031269077349	364.076382416976	4.51101111018748	73.4331019162616	248.870731778243	90.0396642705111
2021-06-22	382.802387945882	243.886857205537	359.187392741818	359.922518729374	6.98018251984067	78.2812319509269	269.42989885841	93.5628873434677
2021-06-23	384.411820090096	246.923469254076	366.71181805694	357.936628937616	10.1471381470047	84.0774632472249	291.686295910486	97.9386637476401
2021-06-24	387.566847642533	251.101406346282	375.641427197683	358.171474214761	14.0056392478616	90.8386004130828	315.700767372787	103.193199666583
2021-06-25	392.334690790306	256.467903954053	386.013102339014	360.679815733867	18.5494470785935	98.5814480564271	341.534157683626	109.35270128385
2021-06-26	398.782569720527	263.070197549287	397.863725655902	365.514414667992	23.7723228953822	107.322810785185	369.247311281319	116.443374782995
2021-06-27	406.97770462031	270.955522603881	411.230179323315	372.728032190193	29.6680279544098	117.079493207283	398.901072604179	124.491426347573
2021-06-28	416.976374545302	280.162879328633	426.137729215588	382.362695739992	36.2309669025618	127.862656870274	430.536388211568	133.519127028955
2021-06-29	428.791094025292	290.698326889946	442.565176004528	394.417497822762	43.458117949537	139.660891080215	464.114613147034	143.533007349782
2021-06-30	442.423436458601	302.559689193122	460.479704061309	408.880797210341	51.3471026957376	152.45714208279	499.577204575171	154.535662700512
2021-07-01	457.874975243552	315.744790143463	479.848497757106	425.740952674567	59.8955427415659	166.234356123682	536.865619660574	166.529688471605
2021-07-02	475.147283778467	330.251453646274	500.638741463094	444.986322987276	69.1010596874242	180.975479448574	575.921315567836	179.517680053517
2021-07-03	494.24193546167	346.077503606856	522.817619550447	466.605266920306	78.9612751337147	196.663458303149	616.685749461553	193.502232836707
2021-07-04	515.160503691482	363.220763930512	546.352316390338	490.586143245495	89.4738106808397	213.281238933091	659.100378506319	208.485942211634
2021-07-05	537.904561866227	381.679058522545	571.210016353944	516.91731073468	100.636287929201	230.811767584082	703.106659866727	224.471403568755
2021-07-06	562.475683384226	401.450211288258	597.357903812439	545.587128159697	112.446328479202	249.237990501806	748.646050707374	241.46121229853
2021-07-07	588.875441643802	422.532046132953	624.763163136996	576.583954292385	124.901553931244	268.542853931947	795.660008192852	259.457963791417
2021-07-08	617.105410043279	444.922386961934	653.39297869879	609.896147904581	137.999585885729	288.709304120187	844.089989487757	278.464253437873
2021-07-09	647.167161980979	468.619057680504	683.214534868999	645.512067768124	151.738045943061	309.720287312211	893.877451756686	298.482676628358
2021-07-10	679.062270855222	493.619882193964	714.195016018792	683.420072654847	166.11455570364	331.558749753699	944.963852164228	319.515828753329
2021-07-11	712.792310064333	519.922684407617	746.301606519346	723.60852133659	181.126736767869	354.207637690337	997.290647874978	341.566305203244
2021-07-12	748.35585016757	547.521919393445	779.500262252888	766.060722156098	196.770778599145	377.642529011423	1050.77740893291	364.632700479981
2021-07-13	785.739450367936	576.398566890147	813.752025145857	810.739781739748	213.037142112843	401.809528180718	1105.2561568995	388.697605531085
2021-07-14	824.926667029371	606.530237803099	849.016708635743	857.603756284825	229.91485608733	426.647371305601	1160.53702621562	413.739610415522
2021-07-15	865.901056515815	637.894543037679	885.254126160039	906.610701988612	247.392949300975	452.094794493448	1216.4301513221	439.737305192258
2021-07-16	908.646175191208	670.469093499263	922.424091156235	957.718675048396	265.460450532147	478.090533851637	1272.74566665982	466.669279920258
2021-07-17	953.145579419491	704.23150009323	960.486417061822	1010.88573166146	284.106388559215	504.573325487545	1329.29370666963	494.514124658487
2021-07-18	999.382825564601	739.159373724955	999.400917314292	1066.06992802509	303.319792160548	531.481905508549	1385.88440579239	523.250429465909
2021-07-19	1047.3224751316	775.211995512932	1039.12113854751	1123.20813235961	323.086213479236	558.756006162582	1442.33412180739	552.851032331351
2021-07-20	1096.85311019005	812.275327428123	1079.57556018082	1182.15246097753	343.377298117263	586.339344259794	1498.48410584767	583.265762963079
2021-07-21	1147.84431795062	850.217001654605	1120.68639482995	1242.7338422144	364.161215041336	614.176632750889	1554.18183238471	614.43869899922
2021-07-22	1200.16568562399	888.904650376455	1162.37585511063	1304.78320440577	385.40613321816	642.212584586571	1609.27477588998	646.313918077902
2021-07-23	1253.68680042084	928.205905777752	1204.56615363857	1368.13147588719	407.080221614443	670.391912717546	1663.61041083496	678.83549783725
2021-07-24	1308.27724955185	967.988400042572	1247.1795030295	1432.6095849942	429.151649196889	698.659330094519	1717.03621169112	711.947515915393
2021-07-25	1363.80662022769	1008.11976535499	1290.13811589914	1498.04846006235	451.588584932207	726.959549668193	1769.39965292995	745.594049950457
2021-07-26	1420.14449965905	1048.46763389909	1333.36420486322	1564.2790294272	474.359197787101	755.237284389273	1820.54820902292	779.71917758057
2021-07-27	1477.16047505659	1088.89963785895	1376.77998253745	1631.13222142429	497.431656728278	783.437247208464	1870.3293544415	814.266976443858
2021-07-28	1534.724133631	1129.28340941864	1420.30766153757	1698.43896438917	520.774130722447	811.504151076473	1918.59056365718	849.181524178451
2021-07-29	1592.70506259296	1169.48658076224	1463.86945447929	1766.03018665739	544.354788736309	839.382708944	1965.17931114142	884.40689842247
2021-07-30	1650.97284915314	1209.37678407383	1507.38757397834	1833.7368165645	568.141799736573	867.017633761753	2009.94307136571	919.887176814047
2021-07-31	1709.39708052222	1248.82165153749	1550.78423265044	1901.38978244606	592.103332689946	894.353638480435	2052.72931880151	955.566436991306
2021-08-01	1767.84734391088	1287.68881533729	1593.98164311131	1968.82001263759	616.207556563133	921.335436050751	2093.38552792031	991.388756592377
2021-08-02	1826.18722652472	1325.8466817407	1636.89265262215	2035.85088241043	640.420836095904	947.913927940899	2131.77087084096	1027.29303053769
2021-08-03	1884.25631554909	1363.16675334875	1679.39264702607	2102.27555477888	664.702319120275	974.06476968905	2167.79131027181	1063.19742287692
2021-08-04	1941.88819816425	1399.52130684586	1721.34764681164	2167.87963969303	689.009349241329	999.769805350866	2201.36450656859	1099.01491494203
2021-08-05	1998.91646155046	1434.78261891643	1762.62367246743	2232.44874710298	713.299270064145	1025.01087898201	2232.40812008702	1134.658488065
2021-08-06	2055.17469288798	1468.82296624489	1803.08674448204	2295.7684869588	737.529425193804	1049.76983463815	2260.83981118284	1170.04112357781
2021-08-07	2110.4964793571	1501.51462551565	1842.60288334402	2357.62446921057	761.657158235387	1074.02851637495	2286.57724021176	1205.07580281242
2021-08-08	2164.71540813807	1532.72987341313	1881.03810954197	2417.80230380838	785.639812793974	1097.76876824806	2309.53806752952	1239.67550710081
2021-08-09	2217.68910487169	1562.36648465223	1918.27916863919	2476.11783714868	809.44196748774	1120.97996925834	2329.65765879475	1273.77090779644
2021-08-10	2269.3713490409	1590.42422606978	1954.29570649798	2532.50786141336	833.057140987234	1143.68163818735	2346.94220087772	1307.36343633865
2021-08-11	2319.7399585892	1616.9283625331	1989.07809405533	2586.9394052307	856.486086976101	1165.90082876185	2361.41558595162	1340.4722141883
2021-08-12	2368.77275146004	1641.90415890951	2022.61670224828	2639.37949722897	879.729559137985	1187.66459470857	2373.10170618962	1373.1163628062
2021-08-13	2416.44754559693	1665.37688006634	2054.90190201383	2689.79516603641	902.788311156531	1208.99998975427	2382.0244537649	1405.31500365321
2021-08-14	2462.74215894332	1687.37179087089	2085.92406428902	2738.15344028131	925.663096715381	1229.93406762571	2388.20772085065	1437.08725819015
2021-08-15	2507.63440944271	1707.91415619049	2115.67356001084	2784.42134859193	948.354669498182	1250.49388204961	2391.67539962004	1468.45224787787
2021-08-16	2551.10211503857	1727.02924089246	2144.14076011633	2828.56591959654	970.863783188577	1270.70648675275	2392.45138224626	1499.42909417719
2021-08-17	2593.12309367438	1744.74230984412	2171.3160355425	2870.55418192339	993.191191470208	1290.59893546186	2390.55956090247	1530.03691854896
2021-08-18	2633.67516329362	1761.07862791277	2197.18975722637	2910.35316420076	1015.33764802672	1310.1982819037	2386.02382776187	1560.29484245401
2021-08-19	2672.73614183977	1776.06345996576	2221.75229610494	2947.92989505691	1037.30390654176	1329.53157980501	2378.86807499764	1590.22198735318
2021-08-20	2710.2838472563	1789.72207087038	2244.99402311526	2983.25140312011	1059.09072069897	1348.62588289254	2369.11619478295	1619.8374747073
2021-08-21	2746.2960974867	1802.07972549397	2266.90530919432	3016.28471701863	1080.69884418199	1367.50824489304	2356.79207929098	1649.1604259772
2021-08-22	2780.75071047445	1813.16168870384	2287.47652527915	3046.99686538072	1102.12903067448	1386.20571953326	2341.91962069491	1678.20996262374
2021-08-23	2813.64132466575	1823.00259484771	2306.71946966088	3075.37381219155	1123.37958060801	1404.74757790661	2324.54491727854	1707.01594939402
2021-08-24	2845.02486051771	1831.67455619495	2324.73165004711	3101.47726286385	1144.43898140597	1423.17196057316	2304.8028917681	1735.6512241803
2021-08-25	2874.97405899017	1839.25905449531	2341.63200149957	3125.38785816722	1165.29326723969	1441.51922545962	2282.85067300043	1764.19936816112
2021-08-26	2903.56166104298	1845.83757149856	2357.53945907997	3147.18623887129	1185.92847228049	1459.82973049273	2258.84538981237	1792.74396251502
2021-08-27	2930.86040763596	1851.49158895446	2372.57295785003	3166.95304574568	1206.33063069971	1478.14383359921	2232.94417104078	1821.36858842055
2021-08-28	2956.94303972895	1856.30258861276	2386.85143287147	3184.76891956	1226.48577666867	1496.50189270577	2205.30414552249	1850.15682705623
2021-08-29	2981.8822982818	1860.35205222325	2400.49381920601	3200.71450108387	1246.3799443587	1514.94426573915	2176.08244209435	1879.19225960062
2021-08-30	3005.75272308031	1863.71719193002	2413.60672272114	3214.87826241889	1266.00491259064	1533.50463440625	2145.42839301126	1908.54414452275
2021-08-31	3028.63604921412	1866.45814145464	2426.24743250736	3227.38000099456	1285.37543878339	1552.18997553472	2113.46014420036	1938.22444945373
2021-09-01	3050.61581059886	1868.63076491301	2438.46090846096	3238.34734557237	1304.51202500536	1571.00058973236	2080.28804500684	1968.23081931516
2021-09-02	3071.77554115015	1870.29092642105	2450.29211047823	3247.90792491382	1323.43517332496	1589.93677760702	2046.02244477591	1998.56089902865
2021-09-03	3092.19877478359	1871.49449009466	2461.78599845544	3256.18936778038	1342.1653858106	1608.9988397665	2010.77369285276	2029.2123335158
2021-09-04	3111.96904541481	1872.29732004976	2472.98753228887	3263.31930293355	1360.7231645307	1628.18707681863	1974.65213858259	2060.1827676982
2021-09-05	3131.16988695942	1872.75528040225	2483.94167187482	3269.42535913482	1379.12901155366	1647.50178937123	1937.76813131059	2091.46984649748
2021-09-06	3149.88483333305	1872.92423526804	2494.69337710955	3274.63516514566	1397.40342894791	1666.94327803212	1900.23202038196	2123.07121483524
2021-09-07	3168.1974184513	1872.86004876304	2505.28760788935	3279.07634972758	1415.56691878183	1686.51184340913	1862.1541551419	2154.98451763307
2021-09-08	3186.19117622979	1872.61858500316	2515.76932411049	3282.87654164206	1433.63998312386	1706.20778611008	1823.6448849356	2187.20739981259
2021-09-09	3203.94964058414	1872.25570810432	2526.18348566928	3286.16336965058	1451.6431240424	1726.03140674278	1784.81455910827	2219.7375062954
2021-09-10	3221.55634542997	1871.82728218241	2536.57505246197	3289.06446251464	1469.59684360587	1745.98300591506	1745.77352700509	2252.5724820031
2021-09-11	3239.0948246829	1871.38917135336	2546.98898438486	3291.70744899572	1487.52164388267	1766.06288423475	1706.63213797127	2285.7099718573
2021-09-12	3256.64861225854	1870.99723973306	2557.47024133422	3294.21995785531	1505.43802694121	1786.27134230966	1667.500741352	2319.1476207796
