date	state	King	Snohomish	Pierce	Ann Arbor	Boston	San Diego	DC
2020-01-26	0	0	0	0	0	0	0	0
2020-01-27	0	0	0	0	0	0	0	0
2020-01-28	0	0	0	0	0	0	0	0
2020-01-29	0	0	0	0	0	0	0	0
2020-01-30	0	0	0	0	0	0	0	0
2020-01-31	0	0	0	0	0	0	0	0
2020-02-01	0	0	0	0	0	0	0	0
2020-02-02	0	0	0	0	0	0	0	0
2020-02-03	0	0	0	0	0	0	0	0
2020-02-04	0	0	0	0	0	0	0	0
2020-02-05	0	0	0	0	0	0	0	0
2020-02-06	0	0	0	0	0	0	0	0
2020-02-07	0	0	0	0	0	0	0	0
2020-02-08	0	0	0	0	0	0	0	0
2020-02-09	0	0	0	0	0	0	0	0
2020-02-10	0	0.260168060197434	0	0	0	0	0	0
2020-02-11	0	0.537459486167228	0	0	0	0	0	0
2020-02-12	0.0644218909720909	0.82926022619864	0	0	0	0	0	0
2020-02-13	0.196305689172526	1.13633707628121	0.0950849706163315	0	0	0	0	0
2020-02-14	0.336753963727148	1.45945683240448	0.265940049998429	0	0	0	0	0
2020-02-15	0.486290687507574	1.79938629055799	0.448719582529209	0	0	0	0	0
2020-02-16	0.64543983338542	2.15689224673127	0.644156996357534	0	0	0	0	0
2020-02-17	0.814725374232302	2.53274149691388	0.852985719632268	0	0	0	0	0
2020-02-18	0.994671282919837	2.92770083709534	1.07593918050228	0	0	0	0	0
2020-02-19	1.18580153231964	3.34253706326519	1.31375080711642	0	0	0	0	0
2020-02-20	1.38864009530333	3.77801697141298	1.56715402762356	0	0	0	0	0
2020-02-21	1.60371094474252	4.23490735752825	1.83688227017257	0.0210561800513693	0	0	0	0
2020-02-22	1.83153805350883	4.71397501760053	2.12366896291231	0.0907538254492327	0	0	0	0
2020-02-23	2.07264539447387	5.21598674761936	2.42824753399164	0.167213515663992	0	0	0	0
2020-02-24	2.32749194448977	5.74150831251108	2.75127145764637	0.250796658231327	0	0	0	0
2020-02-25	2.5962766963306	6.29030135294913	3.0930743924601	0.341945995559603	0	0	0	0
2020-02-26	2.87913364675098	6.86192647854379	3.45391004310337	0.441124603775353	0	0	0	0
2020-02-27	3.1761967925055	7.45594429890529	3.83403211424673	0.548795559005114	0	0	0	0
2020-02-28	3.48760013034875	8.07191542364389	4.23369431056073	0.665421937375419	0.105944992641779	0	0.00476932732768184	0
2020-02-29	3.81347765703532	8.70940046236984	4.65315033671589	0.791466815012806	0.33587246257913	0	0.0567493344226369	0
2020-03-01	4.15396336931981	9.3679600246934	5.09265389738278	0.927393268043809	0.590412212027251	0	0.114404107129162	0
2020-03-02	4.50901612991274	10.0468955391691	5.55219948296373	1.0735658126832	0.870878546395392	0	0.178041599403241	0
2020-03-03	4.87789426534824	10.744471710129	6.03074472678821	1.22995472549867	1.17804943722665	0	0.247853079802369	0
2020-03-04	5.2596809681164	11.4586940608494	6.5269880479175	1.39643172314615	1.51256877259758	0	0.324000645534417	0.335713644920751
2020-03-05	5.65345943070728	12.1875681146065	7.03962786541288	1.57286852228159	1.87508044058474	0.944071500252645	0.406646393807259	0.860731354412767
2020-03-06	6.05831284561095	12.9290993946767	7.56736259833563	1.75913683956091	2.26622832926469	2.06060314074778	0.495952421828766	1.43888288781394
2020-03-07	6.47332440531748	13.6812934243363	8.10889066574702	1.95510839164004	2.686656326714	3.28839945632753	0.592080826806813	2.0724196926936
2020-03-08	6.89757730231692	14.4421557268615	8.66291048670832	2.16065489517492	3.1370083210092	4.63219678291239	0.69519370594927	2.76359321662106
2020-03-09	7.33015472909936	15.2096918255288	9.22812048028081	2.37564806682149	3.61792820022688	6.09673145642291	0.805453156464011	3.51465490716565
2020-03-10	7.77013987815486	15.9819072436143	9.80321906552577	2.59995962323566	4.13005985244357	7.68673981277957	0.923021275558907	4.32785621189668
2020-03-11	8.21661594197348	16.7568075043943	10.3869046615045	2.83346128107339	4.67404716573585	9.4069581879029	1.04806016044183	5.20544857838348
2020-03-12	8.66866611304531	17.5323981311453	10.9778756872782	3.07602475699059	5.25053402818027	11.2621229177134	1.18073190832066	6.14968345419537
2020-03-13	9.12537358386039	18.3066846471435	11.5748305619082	3.3275217676432	5.86016432785339	13.2569703381316	1.32119861640326	7.16281228690166
2020-03-14	9.58582154690881	19.0776725756651	12.1764677044557	3.58782402968717	6.50358195283176	15.3962367850781	1.4696223818975	8.24708652407168
2020-03-15	10.0490931946806	19.8433674399866	12.7814855339822	3.8568032597784	7.18143079119195	17.6846585944732	1.62616530201127	9.40475761327475
2020-03-16	10.5139235596674	20.601378896521	13.3879870289273	4.13413454067894	7.89402652396515	20.1265016297953	1.79091495564513	10.6377004695485
2020-03-17	10.9776550343668	21.3477331342289	13.9916934052457	4.41870641957518	8.64037200400104	22.7241498647533	1.96366084847046	11.9462838778038
2020-03-18	11.437281851278	22.0780604752079	14.5877304382705	4.70921080975959	9.41914187710396	25.479516800614	2.14411796785136	13.3305000904197
2020-03-19	11.8897982429	22.7879912415552	15.1712239033348	5.00433962452468	10.2290107890783	28.394515938644	2.33200130115191	14.7903413597755
2020-03-20	12.3321984417321	23.4731557553685	15.7372995757718	5.3027847771629	11.0686533857282	31.4710607801101	2.5270258357362	16.3257999382502
2020-03-21	12.7614766802733	24.129184338745	16.2810832309146	5.60323818096678	11.9367443128582	34.711064826279	2.72890655896831	17.936868078223
2020-03-22	13.1746271910229	24.7517073137823	16.7977006440963	5.90439174922876	12.8319582162726	38.1164415784174	2.93735845821232	19.6235380320732
2020-03-23	13.5690015544647	25.3369164552489	17.2829533239592	6.20496765533127	13.752668478499	41.6867890243888	3.1520270592422	21.3850428506272
2020-03-24	13.9433807430213	25.8832493485979	17.7353457123826	6.50380911301639	14.6960434289584	45.412443098444	3.37228004147134	23.2175787785015
2020-03-25	14.2969030771003	26.3897050319534	18.1540579845548	6.79978959611611	15.6589501337952	49.2814242214306	3.59741562272298	25.1165828587599
2020-03-26	14.628706877109	26.8552825434397	18.5382703156643	7.09178257846244	16.6382556591537	53.2817528141962	3.8267320208204	27.0774921344664
2020-03-27	14.937930463455	27.2789809211809	18.8871628808994	7.37866153388738	17.6308270711783	57.4014492975885	4.05952745358685	29.0957436486847
2020-03-28	15.2237121565456	27.6597992033012	19.1999158554485	7.65929993622294	18.6335314360134	61.628534092455	4.29510013884559	31.1667744444788
2020-03-29	15.4851902767882	27.9967364279247	19.4757094144999	7.9325712593011	19.6432358198032	65.9510276196434	4.53274829441988	33.2860215649125
2020-03-30	15.7215031445904	28.2887916331757	19.7137237332422	8.19734897695388	20.6568072886922	70.3569503000012	4.77177013813298	35.4489220530497
2020-03-31	15.9317890803596	28.5349638571783	19.9131389868637	8.45250656301328	21.6711129088247	74.834322554376	5.01146388780814	37.6509129519542
2020-04-01	16.1151864045031	28.7342521380566	20.0731353505527	8.69691749131129	22.683019746345	79.3711648036156	5.25112776126863	39.8874313046899
2020-04-02	16.2708334374285	28.885655513935	20.1928929994977	8.92945523567993	23.6893948673976	83.9554974685674	5.49005997633771	42.1539141543208
2020-04-03	16.3978684995431	28.9881730229375	20.2715921088871	9.14899326995118	24.6871053381266	88.5753409700791	5.72755875083863	44.4457985439105
2020-04-04	16.4954299112544	29.0408037031884	20.3084128539092	9.35440506795705	25.6730182246766	93.2187157289983	5.96292230259465	46.758521516523
2020-04-05	16.5626559929699	29.0425465928117	20.3025354097524	9.54456410352955	26.6440005931918	97.8736421661726	6.19544884942902	49.0875201152222
2020-04-06	16.5991537967939	28.99308848834	20.2538214484402	9.71848360324417	27.5965569844141	102.524758911574	6.42443902914172	51.4272012833003
2020-04-07	16.6064053016189	28.8948672199381	20.164858629336	9.87573580465044	28.5257418374746	107.143177431673	6.64920315943944	53.7678515649627
2020-04-08	16.5863612180343	28.7510083761793	20.0389161086384	10.0160326980414	29.426247066102	111.696627402064	6.86905397800562	56.0987274046436
2020-04-09	16.5409722566295	28.5646375456368	19.8792630425459	10.13908627371	30.292764584025	116.152838498341	7.08330422252366	58.4090852467766
2020-04-10	16.4721891279938	28.3388803168837	19.689168587257	10.2446085219492	31.1199863049723	120.479540396099	7.29126663067697	60.6881815357958
2020-04-11	16.3819625427168	28.0768622784934	19.4719018989702	10.3323114330522	31.9026041426725	124.644462770934	7.49225394014898	62.9252727161351
2020-04-12	16.2722432113878	27.7817090190389	19.2307321338841	10.4019069973119	32.6353100108543	128.615335298438	7.6855788886231	65.1096152322284
2020-04-13	16.1448296458959	27.4563204159159	18.9687573417323	10.4532987080408	33.3133466013895	132.363487896425	7.87067562323798	67.2312296180883
2020-04-14	16.0009115633295	27.10269350181	18.6883911463888	10.4871560706287	33.9341597187232	135.874651451573	8.04746392895324	69.2831927660427
2020-04-15	15.8415264820765	26.7225995982289	18.3918760652629	10.504340093485	34.4957459454435	139.138157092779	8.21598500018374	71.2593456579985
2020-04-16	15.6677119205249	26.3178100266806	18.0814546157636	10.505711785019	34.9961018641385	142.14333594894	8.37628003134434	73.1535292758623
2020-04-17	15.4805053970628	25.8900961086731	17.7593693153002	10.4921321536401	35.4332240573964	144.879519148953	8.52839021684989	74.959584601541
2020-04-18	15.280944430078	25.4412291657142	17.4278626812819	10.4644622077575	35.8051091078053	147.336037821714	8.67235675111524	76.671352616941
2020-04-19	15.0700665379587	24.9729805193118	17.0891772311177	10.4235629557807	36.1097535979535	149.502223096119	8.80822082855527	78.2826743039692
2020-04-20	14.8489092390929	24.4871214909738	16.7455554822169	10.3702954061189	36.3451541104291	151.367406101066	8.93602364358483	79.7873906445323
2020-04-21	14.6185100518684	23.9854234022082	16.3992399519886	10.3055205671815	36.5093072278202	152.920917965451	9.05580639061876	81.1793426205371
2020-04-22	14.3799064946734	23.4696575745228	16.0524731578421	10.2300994473777	36.600209532715	154.15208981817	9.16761026407194	82.4523712138902
2020-04-23	14.1341360858959	22.9415953294257	15.7074976171864	10.144893055117	36.6158576077018	155.05025278812	9.27147645835922	83.6003174064984
2020-04-24	13.8822363439238	22.4030079884245	15.3665558474308	10.0507623988087	36.5542480353685	155.604738004199	9.36744616789546	84.6170221802683
2020-04-25	13.6252447871452	21.8556668730274	15.0318903659844	9.94856848686204	36.4133773983035	155.804876595301	9.45556058709551	85.4963265171068
2020-04-26	13.364198933948	21.3013433047422	14.7057436902564	9.83917232768639	36.1912422790948	155.639999690325	9.53586091037423	86.2320713989206
2020-04-27	13.1000509409387	20.7417963663208	14.3899695965742	9.72332158874998	35.8872565427129	155.105321454474	9.60835954048244	86.8195872452213
2020-04-28	12.8334115175977	20.1787361854912	14.0848668969382	9.60131057375649	35.506503183657	154.219588198181	9.67295371351473	87.2601622259416
2020-04-29	12.5648060116237	19.6138606512253	13.7903456622668	9.47332024546853	35.0554824788088	153.007429268186	9.72951187390167	87.5565739486186
2020-04-30	12.2947597707156	19.0488676524952	13.5063159634787	9.33953156664871	34.5406947050497	151.493474011231	9.77790246607382	87.71160002079
2020-05-01	12.023798142572	18.4854550782728	13.2326878714924	9.2001255000596	33.9686401392613	149.702351774055	9.81799393446174	87.7280180499932
2020-05-02	11.7524464748918	17.9253208175302	12.9693714572265	9.05528300846381	33.345819058325	147.6586919034	9.84965472349598	87.6086056437656
2020-05-03	11.4812301153738	17.3701627592392	12.7162767915996	8.90518505462394	32.6787317391226	145.387123746005	9.87275327760711	87.3561404096448
2020-05-04	11.2106773306832	16.8214866281713	12.4731840405673	8.75008863149845	31.9733144181387	142.911215333606	9.88721182108628	86.9738830190943
2020-05-05	10.9413280633514	16.2800294922949	12.2393537502338	8.59055485282935	31.2332471702713	140.250289437914	9.89316769766693	86.4670263992826
2020-05-06	10.6737251748761	15.7463362553781	12.0139165617405	8.42722086255453	30.4616460300216	137.422607515638	9.89081203094316	85.8412465413044
2020-05-07	10.4084115267553	15.2209518211887	11.7960031162285	8.26072380461187	29.661627031891	134.446431023484	9.88033594450899	85.1022194362543
2020-05-08	10.1459299804868	14.7044210934947	11.5847440548393	8.09170082293926	28.8363062103807	131.340021418158	9.8619305619585	84.2556210752271
2020-05-09	9.88682339756832	14.197288976064	11.379270018714	7.92078906147458	27.9887995999918	128.121640156369	9.83578700688573	83.3071274493173
2020-05-10	9.63163463949772	13.7001003726645	11.1787116489941	7.74862566415571	27.1222232352257	124.809548694822	9.80209640288475	82.2624145496197
2020-05-11	9.38090656777285	13.2134001870641	10.9821995868207	7.57584777492055	26.2396931505835	121.422008490226	9.76104987354961	81.1271583672289
2020-05-12	9.13518204389153	12.7377333230307	10.7888644733352	7.40309253770697	25.3443253805666	117.977280999286	9.71283854247437	79.9070348932395
2020-05-13	8.89500392935157	12.2736446843324	10.5978369496788	7.23099709645285	24.4392359596761	114.493627678709	9.65765353325309	78.6077201187463
2020-05-14	8.66091508565081	11.8216791747369	10.408247656993	7.0601985950961	23.5275409224133	110.989309985204	9.59568596947981	77.2348900348438
2020-05-15	8.43345837428706	11.3823816980123	10.2192272364188	6.89133417757458	22.6123563032794	107.482589375476	9.5271269747486	75.7942206326268
2020-05-16	8.21317665675816	10.9562971579264	10.0299063290978	6.72504098782619	21.6967981367757	103.991727306232	9.45216767265351	74.2913879031899
2020-05-17	8.00061279456193	10.5439704582471	9.83941557617105	6.56195616978881	20.7839824574035	100.53498523418	9.37099918678861	72.7320678376278
2020-05-18	7.79625745341208	10.1458216428889	9.64710018207511	6.40268670922418	19.8769300776719	97.1281751366204	9.28398574479253	71.122451235083
2020-05-19	7.60039251588584	9.76177131635228	9.45316360442698	6.24771895918947	18.9782809221224	93.7773110732256	9.19218399048234	69.4707881268898
2020-05-20	7.41324766877637	9.39161522328409	9.25802386413886	6.0975091145657	18.0905796933043	90.4859576242628	9.09682367171967	67.7858433524303
2020-05-21	7.23505259887679	9.03514910833131	9.06209898212291	5.95251337023389	17.2163710937671	87.2576793699987	8.99913453636617	66.0763817510868
2020-05-22	7.06603699298023	8.69216871614088	8.86580697929132	5.81318792107507	16.3581998260601	84.0960408907001	8.90034633228347	64.3511681622413
2020-05-23	6.90643053787982	8.36246979135973	8.66956587655627	5.67998896197027	15.5186105927326	81.0046067666337	8.80168880733322	62.618967425276
2020-05-24	6.75646292036869	8.0458480786348	8.47379369482994	5.55337268780049	14.7001480963342	77.9869415780662	8.70439170937707	60.888544379573
2020-05-25	6.61630269683158	7.74210173169731	8.27895778408312	5.43372998257056	13.9050712961579	75.0460682629596	8.60955186219218	59.1675517564747
2020-05-26	6.48587390201956	7.45103854061545	8.08572281052103	5.32119048678037	13.1344961784722	72.1828431900563	8.51773439321783	57.4591938551631
2020-05-27	6.36503944027533	7.17246870454169	7.89480276940749	5.21581853005362	12.3892529862892	69.3975810857941	8.42937150580883	55.7655628667805
2020-05-28	6.25366221594156	6.9062024226285	7.70691165600634	5.117678442014	11.6701719626211	66.6905966766105	8.34489540331998	54.0887509824693
2020-05-29	6.15160513336093	6.65204989402834	7.5227634655814	5.0268345522852	10.9780833504799	64.0622046889433	8.26473828910608	52.4308503933716
2020-05-30	6.05873109687614	6.40982131789367	7.34307219339652	4.94335119049091	10.313817392878	61.5127198492302	8.18933236652195	50.7939532906297
2020-05-31	5.97490301082985	6.17932689337698	7.1685518347155	4.86729268625481	9.6782043328274	59.0424568839089	8.11910983892238	49.180151865386
2020-06-01	5.89998377956476	5.96037681963072	6.99991638480219	4.79872336920061	9.07207441334028	56.6517305194169	8.05450290966217	47.5915383087826
2020-06-02	5.83383630742355	5.75278129580734	6.8378798389204	4.73770756895198	8.49625787742881	54.3408554821919	7.99594378209614	46.0302048119618
2020-06-03	5.77632349874889	5.55635052105934	6.68315619233397	4.68430961513262	7.95158496810518	52.1101464986718	7.94386465957909	44.4982435660659
2020-06-04	5.72730825788347	5.37089469453916	6.53645944030674	4.63859383736622	7.43888592838151	49.9599182952941	7.89869774546582	42.9977467622371
2020-06-05	5.68665348916998	5.19622401539927	6.39850357810251	4.60062456527647	6.95899100126998	47.8904855984965	7.86087524311113	41.5308065916177
2020-06-06	5.65422209695109	5.03214868279215	6.27000260098514	4.57046612848706	6.51273042978274	45.9021631347166	7.83082935586984	40.09951524535
2020-06-07	5.62987698556949	4.87847889587025	6.15167050421843	4.54818285662167	6.10093445693194	43.9952656303922	7.80899228709674	38.7059649145762
2020-06-08	5.61349254515556	4.73506358535355	6.04395108957795	4.53378356403994	5.72397612373905	42.1695445775602	7.79575898141906	37.35170728507
2020-06-09	5.60498910899056	4.60190660823201	5.94620738488608	4.52705500404525	5.38039966326264	40.4224985306547	7.79137534855363	36.0361320211301
2020-06-10	5.60429849614341	4.4790505530631	5.85753222447695	4.5277284146769	5.06829210657058	38.751062809709	7.79605003948971	34.7580882816867
2020-06-11	5.61135252568306	4.36653800840431	5.77701844268466	4.53553503397422	4.78574048473073	37.1521727347565	7.80999170521657	33.51642522567
2020-06-12	5.62608301667846	4.26441156281311	5.70375887384334	4.55020609997653	4.53083182881096	35.6227636258306	7.83340899672345	32.3099920120102
2020-06-13	5.64842178819856	4.17271380484697	5.6368463522871	4.57147285072313	4.30165316987914	34.1597708029646	7.86651056499962	31.1376377996375
2020-06-14	5.67830065931229	4.09148732306336	5.57537371235005	4.59906652425335	4.09629153900314	32.7601295861918	7.90950506103433	29.998211747482
2020-06-15	5.71562628182291	4.0207236723968	5.51848770154307	4.63264385616524	3.91294979045274	31.4210341437171	7.96252600469855	28.8907889029034
2020-06-16	5.76020463847094	3.96021027328994	5.46555072008405	4.67156357229181	3.75029407130538	30.1407140364312	8.02540639138998	27.8153478669792
2020-06-17	5.81181654473116	3.90968351256247	5.41597908136768	4.71510989602482	3.60710635184042	28.9176576733963	8.09790408538808	26.7720931292165
2020-06-18	5.8702428160784	3.86887977703408	5.3691890987886	4.76256705075602	3.48216860233721	27.7503534636745	8.17977695097228	25.7612291791225
2020-06-19	5.93526426798747	3.83753545352446	5.32459708574148	4.81321925987717	3.37426279307511	26.6372898163279	8.27078285242199	24.7829605062041
2020-06-20	6.00666171593318	3.81538692885331	5.28161935562098	4.86635074678002	3.28217089433347	25.5769551404188	8.37067965401666	23.8374915999684
2020-06-21	6.08421597539035	3.80217058984031	5.23967222182177	4.92124573485632	3.20467487639166	24.5678378450092	8.47922522003572	22.9250269499226
2020-06-22	6.16768217963018	3.7976010206751	5.19828841427551	4.97735218954455	3.14058939497791	23.6085904885033	8.59606549246691	22.0456202257292
2020-06-23	6.25671273310953	3.80130559502704	5.15746632906182	5.03477304447013	3.08885984761608	22.6985222266731	8.72039872413123	21.1987218176733
2020-06-24	6.35093435808165	3.81288988393543	5.11732077879736	5.09377497530519	3.04846431727889	21.8371063646324	8.85131124555799	20.3836312961958
2020-06-25	6.44997377679977	3.8319594584396	5.07796657609875	5.15462465772188	3.01838088693907	21.0238162074952	8.98788938727652	19.5996482317373
2020-06-26	6.55345771151716	3.85811988957884	5.03951853358262	5.21758876739233	2.99758763956937	20.2581250603752	9.12921947981613	18.8460721947386
2020-06-27	6.66101288448707	3.89097674839245	5.00209146386562	5.28293397998869	2.98506265814251	19.5395062283865	9.27438785370613	18.1222027556403
2020-06-28	6.77226601796274	3.93013560591976	4.96580017956437	5.35092697118309	2.97978402563124	18.8674330166429	9.42248083947585	17.4273394848832
2020-06-29	6.88684383419742	3.97520203320006	4.93075949329551	5.42183441664768	2.98072982500828	18.2413787302583	9.57258476765458	16.760781952908
2020-06-30	7.00437305544436	4.02578160127266	4.89708421767567	5.49592299205459	2.98687813924636	17.6608166743465	9.72378596877166	16.1218297301554
2020-07-01	7.12448040395681	4.08147988117687	4.8648891653215	5.57345937307596	2.99720705131823	17.1252201540216	9.87517077335639	15.5097823870662
2020-07-02	7.24679260198803	4.141902443952	4.83428914884962	5.65471023538394	3.01069464419662	16.6340624743973	10.0258255119381	14.9239394940811
2020-07-03	7.37093637179125	4.20665486063734	4.80539898087666	5.73994225465066	3.02631900085425	16.1868169405876	10.1748365150461	14.3636006216408
2020-07-04	7.49653843561974	4.27534270227222	4.77833347401927	5.82942210654826	3.04305820426387	15.7829568577063	10.3212901132097	13.828065340186
2020-07-05	7.62322551572674	4.34757153989593	4.75320744089407	5.92341646674889	3.05989033739821	15.4219555308674	10.4642726369582	13.3166332201574
2020-07-06	7.75063935361826	4.42301034271096	4.7301696740867	6.02222295637011	3.07596851313621	15.1027636896997	10.6028096777375	12.8286062723926
2020-07-07	7.87848176781133	4.50158167257252	4.70950488605878	6.12626297831118	3.09114596398157	14.8222417618921	10.7356838706597	12.3632962693163
2020-07-08	8.00646959607575	4.58327148949896	4.69153176924094	6.2359888809168	3.10545095234422	14.5767275996483	10.8616171117535	11.9200174237499
2020-07-09	8.1343196761813	4.66806575350868	4.67656901606378	6.35185301253167	3.11891174063409	14.3625590551721	10.9793312970475	11.4980839485151
2020-07-10	8.26174884589779	4.75595042462006	4.66493531895792	6.47430772150047	3.13155659126108	14.1760739806673	11.0875483225706	11.0968100564333
2020-07-11	8.388473942995	4.84691146285145	4.656949370354	6.60380535616791	3.14341376663512	14.0136102283377	11.1849900843512	10.715509960326
2020-07-12	8.51421180524273	4.94093482822125	4.65292986268262	6.74079826487866	3.15451152916613	13.8715056503871	11.2703784784182	10.3534978730148
2020-07-13	8.63860964496367	5.03788911965945	4.65306359059119	6.88550525266508	3.16482075782304	13.7465257548819	11.3427352126485	10.010170689708
2020-07-14	8.76103617269213	5.1371734917425	4.65700975759425	7.03721095131008	3.17408279781085	13.637146673339	11.4022812423128	9.68525603516141
2020-07-15	8.88079047351531	5.2380697379585	4.66429566942314	7.19496644928419	3.18198161089358	13.5422721931382	11.4495373345301	9.37856421651762
2020-07-16	8.99717163252042	5.3398596517955	4.67444863180919	7.357822835058	3.18820115883526	13.4608061016589	11.4850242564194	9.08990554091928
2020-07-17	9.10947873479465	5.4418250267416	4.68699595048373	7.52483119710203	3.19242540339989	13.3916521862809	11.5092627750995	8.81909031550903
2020-07-18	9.21701086542522	5.54324765628487	4.70146493117808	7.69504262388684	3.1943383063515	13.3337142343836	11.5227736576896	8.5659288474295
2020-07-19	9.31906710949933	5.64340933391338	4.71738287962358	7.867508203883	3.1936238294541	13.2858960333468	11.5260776713085	8.3302314438233
2020-07-20	9.41494655210418	5.74159185311522	4.73427710155156	8.04127902556105	3.18996593447171	13.2471013705501	11.5196955830754	8.11180841183306
2020-07-21	9.50394827832698	5.83707700737846	4.75167490269335	8.21540617739154	3.18304858316835	13.2162340333729	11.5041481601091	7.91047005860143
2020-07-22	9.58537137325493	5.92914659019118	4.76910358878029	8.38894074784504	3.17255573730803	13.192197809195	11.4799561695286	7.72602669127101
2020-07-23	9.65851492197525	6.01708239504146	4.78609046554369	8.56093382539209	3.15817135865478	13.173896485396	11.447640378453	7.55828861698445
2020-07-24	9.72267800957513	6.10016621541737	4.80216283871489	8.73043649850324	3.13957940897261	13.1602338493554	11.4077215540011	7.40706614288438
2020-07-25	9.77715972114177	6.17767984480701	4.81684801402523	8.89649985564906	3.11646385002554	13.1501136884529	11.3607204632921	7.27216957611341
2020-07-26	9.82125914176239	6.24890507669843	4.82967329720603	9.05817498530009	3.08850864357758	13.1424397900681	11.3071578734449	7.15340922381418
2020-07-27	9.85438613281531	6.31314897321673	4.84014796404413	9.2144771867794	3.05547945639963	13.1362260892773	11.247604748455	7.05037498493311
2020-07-28	9.87639366084338	6.36981967103502	4.84770917054847	9.36427860282005	3.01746877529004	13.1309271119433	11.1828328398247	6.9617751256318
2020-07-29	9.88724546868055	6.41835057546344	4.85177604278347	9.50641558700761	2.97465079205403	13.1261075316259	11.1136640959327	6.88609750387564
2020-07-30	9.88690529916081	6.45817509181212	4.85176770681357	9.63972449292767	2.92719969849683	13.1213320218846	11.0409204651577	6.82182997763003
2020-07-31	9.87533689511812	6.48872662539117	4.84710328870319	9.76304167416581	2.87528968642365	13.116165256279	10.9654238958786	6.76746040486034
2020-08-01	9.85250399938645	6.50943858151073	4.83720191451679	9.8752034843076	2.81909494763973	13.1101719083688	10.8879963364741	6.72147664353197
2020-08-02	9.81837035479975	6.51974436548092	4.82148271031878	9.97504627693862	2.75878967395029	13.1029166517135	10.809459735323	6.68236655161032
2020-08-03	9.77302011337442	6.51926130935804	4.79948849457839	10.0616730878389	2.69455865830632	13.0939598672189	10.730493988557	6.64877992707606
2020-08-04	9.71701906385654	6.50834245218298	4.77125685538398	10.1352536815667	2.62662909824189	13.0828447651746	10.6512107833203	6.62001432797102
2020-08-05	9.65105340417458	6.48752475974282	4.73694907322868	10.1962245048745	2.55523879243684	13.0691102632164	10.5715797545098	6.59552925235234
2020-08-06	9.57580933225705	6.45734519782464	4.69672642860564	10.245022004515	2.48062553957103	13.0522952789801	10.4915705370227	6.57478419827715
2020-08-07	9.49197304603242	6.41834073221548	4.65075020200799	10.2820826272407	2.40302713832429	13.0319387301015	10.4111527657559	6.55723866380256
2020-08-08	9.40023074342919	6.37104832870244	4.59918167392887	10.3078428198044	2.32268138737647	13.0075795342162	10.3302960756065	6.54235214698572
2020-08-09	9.30126862237586	6.31600495307256	4.54218212486143	10.3227390289586	2.23982608540741	12.9787566089602	10.2489701014716	6.52958414588373
2020-08-10	9.19577288080091	6.25374757111292	4.47991283529881	10.327207701456	2.15469903109696	12.9450088719691	10.1671444782482	6.51839415855374
2020-08-11	9.08442971663282	6.1848131486106	4.41253508573414	10.3216852840492	2.06753802312495	12.9058752408788	10.0847888408334	6.50824168305286
2020-08-12	8.9679253278001	6.10973865135265	4.34021015666056	10.3066082234908	1.97858086017124	12.8608946333249	10.0018728241242	6.49858621743823
2020-08-13	8.84694591223122	6.02906104512615	4.26309932857122	10.2824129665334	1.88806534091565	12.8096059669434	9.91836606301769	6.48888725976697
2020-08-14	8.72217766785469	5.94331729571816	4.18136388195925	10.2495359599297	1.79622926403805	12.7515481593698	9.83423819241092	6.47860430809621
2020-08-15	8.59430679259899	5.85304436891575	4.0951650973178	10.2084136504322	1.70331042821827	12.6862601282401	9.74945884720092	6.46719686048307
2020-08-16	8.4640194843926	5.758779230506	4.00466425514	10.1594824847937	1.60954663213615	12.6132807911899	9.66399766228477	6.45412441498468
2020-08-17	8.33199278845591	5.66107505314015	3.91020589292526	10.103193239093	1.51526488769112	12.5322941855372	9.57793179628378	6.43905464480134
2020-08-18	8.19886713917683	5.56054983692622	3.81286757619803	10.0400540067147	1.42114905966096	12.4435648273285	9.49176850271631	6.42248792370602
2020-08-19	8.06527381823514	5.45783778883641	3.71391012748904	9.9705872103695	1.32797222604303	12.3475023522924	9.40612255882499	6.40513280061486
2020-08-20	7.93184410731063	5.35357311584293	3.61459436932901	9.89531527276825	1.23650746483467	12.2445163961575	9.32160874185248	6.387697824444
2020-08-21	7.7992092880831	5.24839002491797	3.51618112424865	9.81476061662174	1.14752785403325	12.1350165946524	9.23884182904139	6.37089154410958
2020-08-22	7.66800064223233	5.14292272303372	3.41993121477869	9.72944566464078	1.06180647163613	12.0194125835058	9.15843659763438	6.35542250852775
2020-08-23	7.53884945143813	5.0378054171624	3.32710546344984	9.63989283953616	0.980116395640656	11.8981139984463	9.08100782487406	6.34199926661465
2020-08-24	7.4123264738013	4.93362020945634	3.23877064425853	9.5465829647162	0.90309577714046	11.7716322317072	9.00697539921688	6.331166760713
2020-08-25	7.28876037310679	4.83074078278838	3.15521733706394	9.44983046637908	0.830843059614225	11.6408857015413	8.93597965397444	6.32281550687194
2020-08-26	7.16841928956055	4.72948871521152	3.07654207319098	9.34990817142052	0.763321759636901	11.5068945827058	8.86746603367217	6.31667241456716
2020-08-27	7.05157136336855	4.63018558477874	3.00284138396454	9.2470889067362	0.70049539378344	11.370679049958	8.80087998283549	6.31246439327438
2020-08-28	6.93848473473675	4.53315296954301	2.93421180070951	9.14164549922183	0.642327478628793	11.2332592780554	8.73566694598979	6.30991835246932
2020-08-29	6.82942754387111	4.43871244755734	2.87074985475079	9.0338507757731	0.58878153074791	11.0956554417553	8.67127236766051	6.30876120162767
2020-08-30	6.72466793097758	4.3471855968747	2.81255207741326	8.92397756328571	0.539821066715743	10.958887715815	8.60714169237305	6.30871985022516
2020-08-31	6.62447403626214	4.25889399554807	2.75971500002182	8.81229868865536	0.495409603107242	10.8239762749919	8.54272036465283	6.30952120773749
2020-09-01	6.52911399993074	4.17415922163044	2.71233515390136	8.69908697877775	0.455510656497357	10.6919412940433	8.47745382902527	6.31089218364037
2020-09-02	6.43885596218934	4.0933028531748	2.67050907037678	8.58461526054857	0.420087743461043	10.5638029477266	8.41078753001577	6.31255968740952
2020-09-03	6.35396806324392	4.01664646823413	2.63433328077297	8.46915636086351	0.389104380573247	10.4405814107993	8.34216691214976	6.31425062852064
2020-09-04	6.27471844330042	3.94451164486142	2.60390431641483	8.35298310661829	0.362524084408923	10.3232968580185	8.27103741995264	6.31569191644945
2020-09-05	6.20137524256482	3.87721996110964	2.57931870862724	8.23636832470859	0.340310371543019	10.2129694641417	8.19684449794984	6.31661046067165
2020-09-06	6.13420660124306	3.81509299503179	2.5606729887351	8.11958484203011	0.322426758550488	10.1106194039262	8.11903359066677	6.31673317066296
2020-09-07	6.07339005969401	3.7583971257197	2.54802694636812	8.00289455279141	0.308705080256789	10.0169520633846	8.03717958959127	6.31587802765479
2020-09-08	6.01874075888806	3.70717793642061	2.54129340437521	7.88651562045246	0.298450444489413	9.93141367355085	7.95137517406091	6.31422729990134
2020-09-09	5.96998323994849	3.66142581142061	2.54034844391013	7.77065527578609	0.290836277326358	9.85313567671387	7.86184247037572	6.31205432741248
2020-09-10	5.9268420439986	3.62113113500578	2.54506814612661	7.65552074956514	0.285036004845626	9.78124951516276	7.76880360483567	6.30963245019813
2020-09-11	5.88904171216167	3.58628429146224	2.55532859217839	7.54131927256244	0.280223053125215	9.7148866311866	7.67248070374079	6.30723500826816
2020-09-12	5.85630678556099	3.55687566507605	2.57100586321921	7.42825807555081	0.275570848243125	9.65317846707445	7.57309589339108	6.30513534163248
2020-09-13	5.82836180531984	3.53289564013331	2.5919760404028	7.3165443893031	0.270252816277355	9.59525646511537	7.47087130008654	6.30360679030098
2020-09-14	5.80496922047891	3.51428424890045	2.6181548710803	7.20645714526606	0.263644062968706	9.54049542757843	7.36611756149511	6.3028409041011
2020-09-15	5.78604311174844	3.50078011556519	2.64961676739235	7.09856207758212	0.255926412709182	9.48924359665262	7.25949936075641	6.30270207213051
2020-09-16	5.77153546775606	3.49207151229559	2.68647580767698	6.99349662106763	0.247483369553587	9.44209257450693	7.15176989237801	6.30297289330441
2020-09-17	5.76139827712942	3.48784671125973	2.72884607027224	6.89189821053896	0.238698437556726	9.39963396331038	7.04368235086747	6.30343596653802
2020-09-18	5.75558352849616	3.48779398462566	2.77684163351614	6.79440428081245	0.229955120773405	9.36245936523194	6.93598993073234	6.30387389074655
2020-09-19	5.75404321048391	3.49160160456144	2.83057657574673	6.70165226670447	0.221636923258428	9.33116038244061	6.82944582648019	6.30406926484521
2020-09-20	5.75672931172031	3.49895784323514	2.89016497530205	6.61427960303137	0.214127349066599	9.30632861710539	6.72480323261857	6.30380468774922
2020-09-21	5.763593820833	3.50955097281482	2.95572091052012	6.5329237246095	0.207809902252725	9.28855567139526	6.62281534365505	6.30286275837379
2020-09-22	5.77458872644961	3.52306926546854	3.02735845973897	6.45822206625523	0.203068086871609	9.27843314747923	6.52423535409718	6.30102607563412
2020-09-23	5.78966601719779	3.53920099336437	3.10519170129665	6.39081206278491	0.200285406978056	9.27655264752628	6.42981645845253	6.29807723844544
2020-09-24	5.80877768170518	3.55763442867036	3.18933471353118	6.3313311490149	0.199845366626872	9.28350577370541	6.34031185122865	6.29379884572294
2020-09-25	5.8318757085994	3.57805784355457	3.2799015747806	6.28041675976154	0.202131469872862	9.29988412818561	6.2564747269331	6.28797349638186
2020-09-26	5.8589120865081	3.60015951018508	3.37700636338295	6.2387063298412	0.207527220770829	9.32627931313588	6.17905828007344	6.28038378933739
2020-09-27	5.88983880405891	3.62362770072994	3.48076315767625	6.20683729407023	0.216416123375579	9.36328293072521	6.10881570515724	6.27081232350475
2020-09-28	5.9246512853719	3.64817991169842	3.59128692450492	6.18533478845907	0.229254509705632	9.41141882423939	6.04607019374579	6.25908749789624
2020-09-29	5.96351869653677	3.67365053696455	3.7086961847389	6.17427475379446	0.246790023634374	9.47093980143143	5.98942492561539	6.24522091191246
2020-09-30	6.00665363913566	3.69990319474358	3.83311034775449	6.17362083205721	0.269843136998902	9.54203091117114	5.93705307759609	6.22926996505113
2020-10-01	6.05426871475068	3.72680150325077	3.96464882292802	6.18333666522815	0.299234321636317	9.62487720232833	5.88712782651792	6.21129205680992
2020-10-02	6.10657652496398	3.75420908070134	4.10343101963578	6.2033858952881	0.335784049383718	9.71966372377279	5.83782234921093	6.19134458668655
2020-10-03	6.16378967135768	3.78198954531055	4.2495763472541	6.23373216421787	0.380312792078205	9.82657552437435	5.78730982250515	6.1694849541787
2020-10-04	6.22612075551391	3.81000651529364	4.40320421515929	6.27433911399829	0.433641021556877	9.9457976530028	5.73376342323062	6.14577055878407
2020-10-05	6.29372915949033	3.83818884941082	4.56438285141444	6.32513678592564	0.496510243966967	10.0773633893807	5.67581311638646	6.12043714040746
2020-10-06	6.36656138724676	3.86672636860217	4.73297575882977	6.3859208185581	0.569346102696234	10.2206989366416	5.61391601964809	6.09443380058199
2020-10-07	6.44451072321852	3.89587413435274	4.90879525890228	6.45645324976929	0.652495275442571	10.3750787287717	5.54898603885999	6.06888798124788
2020-10-08	6.52747045184098	3.92588720814756	5.09165367312897	6.53649611743287	0.746304439903874	10.5397771997574	5.48193707986664	6.04492712434537
2020-10-09	6.61533385754944	3.95702065147169	5.28136332300682	6.62581145942247	0.851120273778028	10.7140687835849	5.41368304851254	6.02367867181467
2020-10-10	6.70799422477928	3.98952952581016	5.47773653003284	6.72416131361171	0.967289454762929	10.8972279142406	5.34513785064217	6.00627006559601
2020-10-11	6.80534483796581	4.02366889264804	5.68058561570402	6.83130771787426	1.09515866055647	11.0885290257106	5.27721539210001	5.99382874762961
2020-10-12	6.90727898154439	4.05969381347035	5.88972290151737	6.94701271008374	1.23507456885654	11.2872465519813	5.21082957873056	5.98748215985569
2020-10-13	7.01368993995036	4.09785934976215	6.10496070896988	7.07103832811378	1.38738385736104	11.492654927039	5.1468943163783	5.98835774421447
2020-10-14	7.12447099761905	4.13842056300848	6.32611135955855	7.20314660983804	1.55243320376785	11.7040285848698	5.08632351088771	5.99758294264619
2020-10-15	7.2395154389858	4.18163251469439	6.55298717478037	7.34309959313015	1.73056928577487	11.9206419594602	5.03003106810329	6.01628519709106
2020-10-16	7.35871654848597	4.22775026630491	6.78540047613235	7.49065931586374	1.92213878107999	12.1417694847965	4.97893089386952	6.0455919494893
2020-10-17	7.48196761055488	4.27702887932511	7.02316358511148	7.64558781591246	2.12748836738112	12.3666855948647	4.93393689403088	6.08663064178114
2020-10-18	7.60916190962787	4.32972341524002	7.26608882321475	7.80764713114994	2.34696472237612	12.5946647236514	4.89596297443188	6.14052871590681
2020-10-19	7.74021412787226	4.38613751177728	7.51407943210238	7.97649901671004	2.58094523729515	12.8251621055495	4.86592841070782	6.20822797672543
2020-10-20	7.87512453838321	4.44676911163493	7.76740233408741	8.15140409676756	2.82993015749735	13.0583561765795	4.84477395765741	6.28992768077183
2020-10-21	8.01391481198784	4.51216473375357	8.0264153716461	8.33152271275748	3.09445044187412	13.2946061731685	4.83344573987017	6.38564144749972
2020-10-22	8.15660661951328	4.58287089707384	8.29147638725471	8.51601520611482	3.37503704931685	13.5342713317438	4.83288988193565	6.49538289636284
2020-10-23	8.30322163178666	4.65943412053637	8.5629432233895	8.70404191827457	3.67222093871693	13.7777108887326	4.84405250844337	6.6191656468149
2020-10-24	8.45378151963511	4.74240092308176	8.84117372252672	8.89476319067174	3.98653306896576	14.0252840805621	4.86787974398286	6.75700331830964
2020-10-25	8.60830795388575	4.83231782365065	9.12652572714263	9.08733936474134	4.31850439895474	14.2773501436595	4.90531771314367	6.90890953030078
2020-10-26	8.76681253244049	4.92965679835408	9.4192931105278	9.28098299922004	4.66859254404183	14.5342762777626	4.9573080513046	7.07492173375577
2020-10-27	8.92926656150029	5.03459165198472	9.71951386922999	9.47511552205123	5.03696174545129	14.7964615358514	5.02477443700166	7.25517270569705
2020-10-28	9.09563127434087	5.14722164650565	10.0271620306113	9.66921057847993	5.42370290087395	15.0643129342167	5.10863605956011	7.44981905466075
2020-10-29	9.26586790423799	5.26764604387999	10.3422116220337	9.86274181375123	5.82890690800064	15.338237489149	5.20981210830524	7.65901738918302
2020-10-30	9.43993768446737	5.39596410607082	10.6646366708593	10.0551828731101	6.2526646645222	15.6186422169391	5.32922177256231	7.88292431780001
2020-10-31	9.61780184830475	5.53227509504124	10.9944112044502	10.2460074018017	6.69506706812945	15.9059341338775	5.46778424165661	8.12169644904788
2020-11-01	9.79942162902587	5.67667827275433	11.3315092501684	10.4346890450711	7.15620501651324	16.2005202562549	5.62641870491342	8.37549039146277
2020-11-02	9.98475825990646	5.82927290117319	11.675904835376	10.6207014481632	7.63616940736438	16.502807600362	5.806044351658	8.64446275358082
2020-11-03	10.1737729742223	5.99015824226091	12.0275719874351	10.8035182563232	8.13505113837373	16.8132031824894	6.00758037121565	8.92877014393819
2020-11-04	10.366427005249	6.15943355798059	12.3864847337078	10.982613114796	8.65294110723209	17.1321140189278	6.23194595291163	9.22856917107104
2020-11-05	10.5626815862624	6.33719811029533	12.752617101556	11.1574596688268	9.18993021163034	17.4599471259678	6.48006028607123	9.54401644351551
2020-11-06	10.7624979505382	6.5235511611682	13.1259431183419	11.3275315636605	9.74610934925926	17.7971095199	6.75284256001971	9.87526856980774
2020-11-07	10.9658373313522	6.71859197256231	13.5064368114275	11.4923024445423	10.3215694178097	18.1440082170152	7.05121196408235	10.2224821584839
2020-11-08	11.17266096198	6.92241980644074	13.8940722081749	11.6512459567172	10.9164013149725	18.5010502336039	7.37608768758444	10.5858138180801
2020-11-09	11.3828874760577	7.1349933336895	14.2885697580365	11.8039925919777	11.5305560978376	18.8685047554443	7.72829187185964	10.9653225520382
2020-11-10	11.5962651086619	7.35570886088621	14.6886355988257	11.9508002283061	12.1634254610912	19.2460896462648	8.10825846627517	11.3606769434227
2020-11-11	11.8124994952295	7.58382210353137	15.0927222904465	12.0920835902325	12.8142612588186	19.6333849392812	8.51632437220667	11.7714479702039
2020-11-12	12.0312962711974	7.81858877712551	15.4992823928025	12.2282574022864	13.4823153451052	20.0299706677094	8.95282649102975	12.1972066103519
2020-11-13	12.2523610720026	8.05926459716915	15.9067684657978	12.3597363889979	14.1668395740363	20.4354268647652	9.41810172412002	12.6375238418369
2020-11-14	12.4753995330818	8.30510527916282	16.313633069336	12.4869352748968	14.8670857996973	20.8493335636645	9.91248697285313	13.0919706426292
2020-11-15	12.7001172898721	8.55536653860701	16.718328763321	12.6102687845129	15.5823058761735	21.2712707976231	10.4363191386047	13.5601179906989
2020-11-16	12.9262204781679	8.80927268164338	17.1193890493844	12.7301638682142	16.311638343358	21.7007471644429	10.9900549917393	14.0415967729751
2020-11-17	13.1534172351942	9.06592237697803	17.5156711960688	12.8470963797215	17.0537684843759	22.1369855202694	11.5746307785781	14.5362775122225
2020-11-18	13.3814161985335	9.32438288395818	17.9061134136449	12.9615543985938	17.8072682681599	22.579137285834	12.1911026144311	15.0440906401644
2020-11-19	13.6099260057684	9.58372146193105	18.2896539123829	13.0740260043899	18.5707096636429	23.0263538818682	12.8405266146084	15.5649665885242
2020-11-20	13.8386552944815	9.84300537024386	18.6652309025535	13.1849992766688	19.3426646397576	23.4777867291035	13.52395889442	16.0988357890255
2020-11-21	14.0673127022552	10.1013018682438	19.031782594427	13.2949622949895	20.121705165437	23.9325872482714	14.2424555691761	16.6456286733916
2020-11-22	14.2956068666722	10.3576782152782	19.3882471982739	13.4044031389108	20.9064032096137	24.3899068601033	14.9970727541867	17.2052756733461
2020-11-23	14.5234024310861	10.611405329531	19.7339296272508	13.5140158136342	21.6950874404644	24.8491027799295	15.7885042167332	17.7775770056367
2020-11-24	14.751188061935	10.8625687645337	20.0696016060585	13.62531802693	22.4851133231401	25.3103554014752	16.6159943319829	18.361812027109
2020-11-25	14.979608431428	11.1114577326546	20.3964015622839	13.7400334122114	23.2735930220356	25.7740509130643	17.4784251270741	18.9571298796329
2020-11-26	15.2093082117743	11.3583614462619	20.7154679235139	13.8598856028913	24.0576387015456	26.2405755030209	18.3746786291456	19.5626797050782
2020-11-27	15.4409320751831	11.6035691177241	21.0279391173355	13.9865982323826	24.8343625260649	26.7103153596688	19.3036368653356	20.177610645315
2020-11-28	15.6751246938635	11.8473699594093	21.3349535713356	14.1218949340983	25.6008766599884	27.183656671332	20.264181862783	20.8010718422131
2020-11-29	15.9125307400247	12.090053183686	21.637649713101	14.2674993414513	26.3542932677107	27.6609856263346	21.2551956486259	21.4322124376425
2020-11-30	16.1537948858759	12.3319080029222	21.9371659702188	14.4251350878546	27.0917245136266	28.1426884130003	22.2755602500032	22.070181573473
2020-12-01	16.3995618036263	12.5732236294865	22.2346407702757	14.5965258067211	27.810282562131	28.6291512196533	23.3241576940531	22.7141283915746
2020-12-02	16.6504761654849	12.814289275747	22.5312125408588	14.7833951314638	28.5070795776186	29.1207602346175	24.3998700079144	23.3632020338172
2020-12-03	16.907182643661	13.055394154072	22.8280197095549	14.9874666954957	29.1792277244841	29.6179016462168	25.5015792187254	24.0165516420707
2020-12-04	17.1703259103638	13.2968274768299	23.126200703951	15.2104641322296	29.8238391671223	30.1209616427751	26.6281673536248	24.6733263582051
2020-12-05	17.4405506378024	13.538878456389	23.426893951634	15.4541110750786	30.438026069928	30.6303264126166	27.778516439751	25.3326753240902
2020-12-06	17.7185014981859	13.7818363051175	23.7312378801908	15.7201311574556	31.0189005972961	31.146382144065	28.9515085042426	25.9937476815959
2020-12-07	18.0047462878131	14.0261992875545	24.040286924188	16.0100410973496	31.5635280379863	31.6698366004615	30.1460110498066	26.6556395240597
2020-12-08	18.2995452993402	14.2733018769221	24.3547595461113	16.3245299510539	32.0687861782189	32.2026838452151	31.3608334814242	27.3172347506887
2020-12-09	18.6030819495133	14.5246875986134	24.6752902154258	16.6640798594376	32.5315059285795	32.7472395167523	32.5947706796452	27.9773642121576
2020-12-10	18.9155396550782	14.7818999780213	25.002513401597	17.02917296337	32.9485181996535	33.3058192534991	33.8466175250193	28.6348587591408
2020-12-11	19.2371018327807	15.0464825405386	25.33706357409	17.4202914037204	33.3166539020263	33.8807386938818	35.1151688980962	29.2885492423132
2020-12-12	19.5679518993668	15.3199788115584	25.6795752023703	17.8379173213581	33.6327439462834	34.4743134763266	36.3992196794257	29.9372665123492
2020-12-13	19.9082732715824	15.6039323164736	26.0306827559031	18.2825328571523	33.8936192430102	35.0888592392598	37.6975647495575	30.5798414199236
2020-12-14	20.2579175431038	15.8992710694377	26.3904299487849	18.7539678166645	34.0969084984677	35.7259353892854	39.008773299701	31.2151337297089
2020-12-15	20.6154090153296	16.2044610396465	26.7564974736369	19.249442664225	34.2434316016196	36.3840764057178	40.3305117637054	31.8421188623705
2020-12-16	20.9789401665888	16.5173526850567	27.1259752677114	19.7655255288564	34.334806237105	37.0610605360496	41.6602208860791	32.4598011525714
2020-12-17	21.3467034752104	16.8357964636245	27.4959532682611	20.298784539581	34.3726500895632	37.754666027773	42.9953414113311	33.0671849349751
2020-12-18	21.7168914195235	17.1576428333066	27.863521412538	20.8457878254215	34.3585808436333	38.4626711283805	44.3333140839697	33.6632745442446
2020-12-19	22.0876964778572	17.4807422520593	28.2257696377948	21.4031035154004	34.2942161839545	39.1828540853642	45.6715796485039	34.2470743150431
2020-12-20	22.4573111285403	17.8029451778392	28.5797878812837	21.9672997385401	34.181173795166	39.9129931462166	47.0075788494423	34.8175885820341
2020-12-21	22.8239278499021	18.1221020686027	28.9226660802572	22.5349446238632	34.021071361907	40.6508665584301	48.3387524312936	35.3738216798806
2020-12-22	23.1857391202715	18.4360633823062	29.2514941719677	23.1026063003921	33.8155265688167	41.3942525694969	49.6625411385665	35.914777943246
2020-12-23	23.5409374179775	18.7426795769063	29.5633620936675	23.6668528971496	33.5661571005343	42.1409294269094	50.9763857157696	36.4394617067934
2020-12-24	23.8877152213493	19.0398011103595	29.8553597826091	24.2242525431579	33.274580641699	42.88867537816	52.2777269074118	36.9468773051862
2020-12-25	24.2242650087157	19.3252784406221	30.1245771760449	24.7713733674397	32.94241487695	43.635268670741	53.5640054580017	37.4360290730875
2020-12-26	24.5487792584059	19.5969620256506	30.3681042112272	25.3047834990174	32.5712774909264	44.3784875521448	54.8326621120479	37.9059213451605
2020-12-27	24.859450448749	19.8527023234016	30.5830308254085	25.8210510669136	32.1627861682676	45.1161102698636	56.0811376140592	38.3555584560686
2020-12-28	25.1545845964854	20.0906310445865	30.7668422125155	26.3168471933624	31.7186517394446	45.8455364529762	57.3065705164585	38.7843624157964
2020-12-29	25.4329418720022	20.3100049109365	30.9186045931724	26.7892549734446	31.2409576182568	46.5626512569064	58.5048906033254	39.193425935615
2020-12-30	25.693395984098	20.5103618969381	31.0377794446779	27.2354604954522	30.7318803643355	47.2629612186644	59.6717254666537	39.5842594021169
2020-12-31	25.9348206415712	20.6912399770776	31.1238282443306	27.6526498476778	30.1935965373119	47.9419728752604	60.8027026984371	39.9583732018947
2021-01-01	26.1560895532205	20.8521771258412	31.176212469429	28.0380091184135	29.6282826968174	48.5951927637045	61.8934498906695	40.3172777215407
2021-01-02	26.3560764278443	20.9927113177153	31.1943935972719	28.3887243959516	29.0381154024833	49.2181274210069	62.9395946353448	40.6624833476476
2021-01-03	26.5336549742413	21.1123805271863	31.1778331051577	28.7019817685844	28.4252712139409	49.8062833841777	63.9367645244566	40.9955004668079
2021-01-04	26.6879940940603	21.2109189153374	31.1262466349076	28.9756728277652	27.7920603058717	50.3557954812618	64.8809943680564	41.3174503488559
2021-01-05	26.819443460352	21.2888453896401	31.0403664864325	29.2105111775907	27.1413273131584	50.8653117044419	65.7699478484258	41.6278977965935
2021-01-06	26.9286479390175	21.3468750441627	30.9211791241657	29.4079159253186	26.476050485734	51.3341083369355	66.6016958659042	41.9260184960643
2021-01-07	27.0162523959577	21.3857229729736	30.7696710125406	29.5693061782064	25.7992080735312	51.7614616619601	67.3743093208308	42.2109881333121
2021-01-08	27.0829016970736	21.4061042701414	30.5868286159905	29.696101043512	25.1137783264831	52.146647962733	68.085859113545	42.4819823943806
2021-01-09	27.1292407082663	21.4087340297343	30.3736383989488	29.7897196284929	24.4227394945226	52.4889435224718	68.7344161443859	42.7381769653134
2021-01-10	27.1559142954369	21.3943273458208	30.1310868258488	29.8515810404068	23.7290698275824	52.7876246243937	69.3180513136929	42.9787475321543
2021-01-11	27.1635673244863	21.3635993124692	29.8601603611238	29.8831043865115	23.0357475755957	53.0419675517164	69.8348355218053	43.2028697809468
2021-01-12	27.1528446613156	21.3172650237481	29.5618454692073	29.8857087740645	22.3457509884952	53.2512485876571	70.2828396690623	43.4097193977348
2021-01-13	27.1243911718258	21.2560395737257	29.2371286145326	29.8608133103235	21.6620583162139	53.4147440154333	70.6601346558032	43.5984720685619
2021-01-14	27.0788517219179	21.1806380564705	28.886996261533	29.8098371025463	20.9876478086848	53.5317301182626	70.9647913823674	43.7683034794718
2021-01-15	27.016871177493	21.0917755660509	28.5124348746419	29.7341992579904	20.3254977158406	53.6014831793622	71.194880749094	43.9183893165083
2021-01-16	26.9390944044521	20.9901671965354	28.1144309182926	29.6353188839136	19.6785862876143	53.6232794819496	71.3484736563224	44.0479052657149
2021-01-17	26.8461662686961	20.8765280419922	27.6939708569186	29.5146150875734	19.0498917739389	53.5963953092423	71.4236410043919	44.1560270131354
2021-01-18	26.7387688010828	20.7516435576495	27.2523404470962	29.3736078554254	18.4420181288173	53.5208632187623	71.4190388897899	44.241520724432
2021-01-19	26.6177326922962	20.616580643374	26.7920226139752	29.2142206907153	17.8560721225322	53.3997408652498	71.3356641935967	44.3015144837414
2021-01-20	26.4839257979767	20.4724765601919	26.3157995748481	29.0384779758869	17.2927862294367	53.2368421777498	71.1750989930409	44.3327268548187
2021-01-21	26.338215973765	20.3204685691297	25.8264535470077	28.848404093384	16.7528929238837	53.0359810853072	70.9389253653509	44.3318764014192
2021-01-22	26.1814710753018	20.1616939312136	25.3267667477467	28.64602342565	16.2371246802259	52.8009715169667	70.6287253877552	44.295681687298
2021-01-23	26.0145589582275	19.9972899074701	24.8195213943577	28.4333603551287	15.7462139728164	52.5356274017733	70.2460811374823	44.2208612762102
2021-01-24	25.8383474781827	19.8283937589253	24.3074997041337	28.2124392642637	15.280893276008	52.2437626687719	69.7925746917608	44.1041337319111
2021-01-25	25.6534984911625	19.6559694135619	23.7930804445648	27.9850415362005	14.8414330289841	51.9286023690461	69.269990164371	43.9429382374824
2021-01-26	25.4598498545788	19.480287467187	23.2770285839316	27.7519765568913	14.4262555302503	51.5910160418347	68.6809198153011	43.7375964533115
2021-01-27	25.257033426198	19.3014451825637	22.7597056407124	27.5138107129903	14.0333210431427	51.2312843484152	68.0281579410911	43.4891506591124
2021-01-28	25.0446810637867	19.1195398224555	22.2414731333854	27.2711103911515	13.6605898309974	50.8496879500649	67.314498838281	43.1986431345991
2021-01-29	24.822424625111	18.9346686496255	21.7226925804288	27.024441978029	13.3060221571504	50.4465075080615	66.5427368034108	42.8671161594857
2021-01-30	24.5898959679376	18.746928926837	21.2037255003207	26.7743718602768	12.9675782849379	50.0220236836824	65.7156661330207	42.495612013486
2021-01-31	24.3467269500327	18.5564179168533	20.6849334115395	26.5214664245491	12.643218477696	49.5765171382052	64.8360811236505	42.085172976314
2021-02-01	24.0925494291627	18.3632328824378	20.1666778325634	26.2662920574998	12.3309029987606	49.1102685329072	63.9067760718404	41.6368413276839
2021-02-02	23.8269952630941	18.1674710863535	19.6493202818704	26.0094151457832	12.028592111468	48.623558529066	62.9305452741304	41.1516593473094
2021-02-03	23.5496963095933	17.9692297913639	19.133222277939	25.7514020760531	11.7342460791542	48.1166677879591	61.9101830270605	40.6306693149047
2021-02-04	23.2602844264266	17.7686062602322	18.6187453392471	25.4928192349638	11.4458251651553	47.5898769708639	60.8484836271707	40.0749135101836
2021-02-05	22.9583914713605	17.5656977557216	18.1062509842732	25.2342330091692	11.1612896328074	47.0434667390581	59.748241371001	39.4854342128603
2021-02-06	22.6436493021614	17.3606015405955	17.5961007314953	24.9762097853235	10.8785997454465	46.4777177538189	58.6122505550916	38.8632737026486
2021-02-07	22.3156897765956	17.1534148776171	17.0886560993918	24.7193159500807	10.5957157664088	45.8929106764241	57.4433054759824	38.2094742592626
2021-02-08	21.9743536582083	16.9440364628337	16.5842652467106	24.4638641342707	10.311019913334	45.2897589963176	56.2443500762043	37.525770328405
2021-02-09	21.6203173336599	16.7315707254286	16.0832228932791	24.2091519454261	10.0245822210765	44.6707075156107	55.0189268822513	36.8166650197337
2021-02-10	21.2544660953896	16.5149235278693	15.5858103991948	23.9542232352555	9.73689467879437	44.0386338645809	53.7707280666082	36.0873536088955
2021-02-11	20.8776852358365	16.2930007326229	15.0923091245547	23.6981218554673	9.44844927564555	43.3964156735061	52.5034458017598	35.3430313715369
2021-02-12	20.4908600474396	16.064708202157	14.6030004294563	23.4398916577701	9.15973800078815	42.7469305726639	51.2207722601912	34.5888935833049
2021-02-13	20.0948758226382	15.8289517989388	14.1181656739968	23.1785764938723	8.8712528433802	42.0930561923322	49.926399614387	33.830135519846
2021-02-14	19.6906178538714	15.5846373854357	13.6380862182735	22.9132202154825	8.58348579257973	41.4376701627887	48.6240200368321	33.0719524568069
2021-02-15	19.2790020351933	15.3309721313469	13.1631363275055	22.6430750593936	8.29703554061132	40.7832052777052	47.3171154415583	32.3187847801078
2021-02-16	18.8610666671176	15.0683684352986	12.6940618873994	22.3682268027368	8.01292759196574	40.130314984331	46.0083267087841	31.5720533167627
2021-02-17	18.4378806517731	14.7975400031489	12.2317016887839	22.0889696077278	7.73229415420032	39.4792078933093	44.7000844602754	30.8324240040592
2021-02-18	18.0105128912884	14.5192005407559	11.7768945224875	21.8055976365821	7.45626743487235	38.8300926152834	43.3948193177977	30.1005627792848
2021-02-19	17.5800322877924	14.2340637539776	11.3304791793387	21.5184050515156	7.18597964153916	38.1831777608966	42.0949619031166	29.377135579727
2021-02-20	17.1475077434136	13.9428433486721	10.8932944501661	21.2276860147438	6.92256298175806	37.5386719407923	40.8029428379978	28.6628083426733
2021-02-21	16.7140081602809	13.6462530306975	10.4661791257981	20.9337346884824	6.66714966308636	36.8967837656136	39.5211927442067	27.9582470054112
2021-02-22	16.2806024405229	13.3450065059119	10.0499719970635	20.6368452349471	6.42087189308139	36.2577218460041	38.2521422435092	27.2641175052282
2021-02-23	15.8483594862683	13.0398174801732	9.64551185479061	20.3373118163536	6.18486187930044	35.6216947926069	36.9982219576707	26.5810857794119
2021-02-24	15.4183481996459	12.7313996593397	9.25363748980808	20.0354285949174	5.96025182930084	34.9889112160653	35.7618625084569	25.9098177652498
2021-02-25	14.9916374827844	12.4204667492692	8.87518769294444	19.7314897328543	5.7481739506399	34.3595797270228	34.5454945176334	25.2509794000293
2021-02-26	14.5692962378125	12.1077324558201	8.51100125502824	19.42578939238	5.54976045087494	33.7339089361225	33.3515486069659	24.6052366210381
2021-02-27	14.1523933668589	11.7939104848502	8.16191696688802	19.11862173571	5.36614353756327	33.1121074540078	32.1824553982198	23.9732553655635
2021-02-28	13.7419977720523	11.4797145422176	7.82877361935231	18.8102809250601	5.19845541826219	32.4943838913221	31.0406455131609	23.3557015708932
2021-03-01	13.339115238913	11.1658777382956	7.51218726900914	18.5009904984615	5.04773792698257	31.8807503451669	29.9282850047166	22.7533448700547
2021-03-02	12.9444990865274	10.8532108015173	7.21188303548454	18.1906914972075	4.91467140354947	31.2704328584782	28.8464816504619	22.1673696790365
2021-03-03	12.5588395173734	10.5425438648313	6.92736330416396	17.8792543384072	4.79984581424145	30.6624609606499	27.7960786591336	21.599064109567
2021-03-04	12.1828267339292	10.2347070611859	6.65813046043289	17.5665494391692	4.70385112533711	30.0558641810762	26.7779192394685	21.0497162733748
2021-03-05	11.8171509386725	9.93053052352943	6.4036868896768	17.2524472166027	4.62727730311503	29.4496720491512	25.7928466002035	20.5206142821882
2021-03-06	11.4625023340814	9.63084438481035	6.16353497728117	16.9368180878166	4.5707143138538	28.842914094269	24.8417039500754	20.0130462477358
2021-03-07	11.1195711226339	9.33647877797703	5.93717710863148	16.6195324699196	4.534752123832	28.2346198458238	23.925334497821	19.5283002817461
2021-03-08	10.7889612946268	9.04820342689797	5.72412484517496	16.3006697550263	4.51978511054588	27.6240744006226	23.0443580899531	19.0673815952406
2021-03-09	10.4709319916335	8.76654641912204	5.52392645260581	15.981145235273	4.5254252963623	27.0115851251244	22.1985011240882	18.6301637964124
2021-03-10	10.1656561430461	8.49197543311822	5.33613937268	15.6620831778013	4.55108911486579	26.3977149532014	21.387266635619	18.2162375927481
2021-03-11	9.87330667825666	8.22495814735551	5.16032104715348	15.3446078497531	4.59619299964088	25.7830268187254	20.6101576599379	17.8251936917337
2021-03-12	9.59405652665746	7.9659622403029	4.99602891778221	15.0298435182702	4.66015338427208	25.1680836555685	19.8666772324375	17.4566228008555
2021-03-13	9.32807861764065	7.71545539042935	4.84282042632215	14.7189144504943	4.74238670234392	24.5534483976028	19.1563283885103	17.1101156276
2021-03-14	9.07554588059841	7.47390527620387	4.70025301452925	14.4129449135673	4.84230938744093	23.9396839787001	18.4786141635489	16.7852628794532
2021-03-15	8.83663124492292	7.24177957609543	4.56788412415947	14.1130591746308	4.95933787314763	23.3273533327326	17.8330375929458	16.4816552639015
2021-03-16	8.61150764000636	7.01954596857302	4.44527119696877	13.8203815008266	5.09288859304855	22.7170193935722	17.2191017120936	16.1988834884313
2021-03-17	8.40034799524089	6.80767213210563	4.3319716747131	13.5360361592966	5.24237798072821	22.109245095091	16.6363095563847	15.9365382605286
2021-03-18	8.2033252400187	6.60662574516224	4.22754299914843	13.2611474171825	5.40722246977113	21.5045933711609	16.0841641612118	15.6942102876799
2021-03-19	8.02061230373196	6.41687448621183	4.1315426120307	12.9968395416261	5.58683849376184	20.903627155654	15.5621685619674	15.4714902773714
2021-03-20	7.85238211577285	6.23888603372339	4.04352795511588	12.7442367997691	5.78064248628487	20.3069093824422	15.0698257940439	15.2679689370893
2021-03-21	7.69880760553355	6.07312806616592	3.96305647015992	12.5044634587534	5.98805088092473	19.7150029853977	14.606638892834	15.08323697432
2021-03-22	7.55992736104563	5.91989601167553	3.88976232165782	12.2784313187446	6.20835128300619	19.1284852158378	14.1719326281084	14.9165319410373
2021-03-23	7.43524260489831	5.77879629705698	3.82358656506069	12.0662023120041	6.44031598481493	18.5479905948621	13.7643187071502	14.7656787671654
2021-03-24	7.32412021832018	5.64926309878213	3.76454697855868	11.8676259038171	6.68258845037688	17.9741679610154	13.382230571621	14.6281492271161
2021-03-25	7.22592708253985	5.53073059332287	3.71266134034193	11.682551559469	6.93381214371796	17.4076661528426	13.0241016631822	14.5014150953012
2021-03-26	7.14003007878592	5.42263295715109	3.6679474286006	11.510828744245	7.1926305288641	16.8491340088888	12.6883654234951	14.3829481461324
2021-03-27	7.065796088287	5.32440436673867	3.63042302152485	11.3523069234305	7.45768706984122	16.2992203676987	12.3734552942212	14.2702201540217
2021-03-28	7.00259199227168	5.2354789985575	3.6001058973048	11.2068355623106	7.72762523067524	15.7585740678174	12.0778047170219	14.1607028933806
2021-03-29	6.94981254534208	5.15533705792952	3.57695857826233	11.0742074423537	8.00124260861242	15.2278528849136	11.7998412030738	14.0522031816085
2021-03-30	6.90696399559426	5.08364286557693	3.56072256324609	10.9539886097597	8.27795333378038	14.707750343152	11.5379685416142	13.9438680080535
2021-03-31	6.87358046449779	5.020106771072	3.55108409523646	10.8456884269114	8.55732566952705	14.198968903821	11.2905845913954	13.8351794050515
2021-04-01	6.84919607352225	4.96443912398701	3.5477294172138	10.7488162561918	8.83892787920038	13.7022110282089	11.0560872111698	13.725619404938
2021-04-02	6.83334494413719	4.91635027389422	3.55034477215848	10.6628814599837	9.12232822614832	13.2181791776044	10.83287425969	13.6146700400488
2021-04-03	6.82556119781219	4.8755505703659	3.55861640305087	10.5873934006701	9.40709497371881	12.7475758132958	10.6193435957081	13.5018133427195
2021-04-04	6.82537895601682	4.84175036297431	3.57223055287133	10.5218614406339	9.6927963852598	12.2911033965716	10.4138930779767	13.3865313452858
2021-04-05	6.83233234022063	4.81466000129173	3.59087346460025	10.4657949422579	9.97900072411923	11.8494643887202	10.2149205652482	13.2683060800833
2021-04-06	6.84595547189321	4.79398983489042	3.61423138121798	10.4187032679251	10.2652762536451	11.4233612510301	10.020823916275	13.1466195794478
2021-04-07	6.86578247250412	4.77945021334265	3.6419905457049	10.3800957800183	10.5511912371852	11.0134964447898	9.83000098980942	13.0209538757149
2021-04-08	6.89134746352293	4.77075148622069	3.67383720104137	10.3494818409204	10.8363139380877	10.6205724312877	9.64084964460395	12.8907910012204
2021-04-09	6.9221845664192	4.76760400309681	3.70945759020776	10.3263708130143	11.1202126197003	10.2452916718123	9.45176773941096	12.7556129882998
2021-04-10	6.95782790266251	4.76971811354328	3.74853795618444	10.310272058683	11.4024555453712	9.88835662765205	9.26115313298286	12.6149018692888
2021-04-11	6.99781159372241	4.77680416713235	3.79076454195179	10.3006949403093	11.6826109784481	9.55046976009537	9.06740368407205	12.4681396765232
2021-04-12	7.04166140206169	4.78860931030922	3.8358122244661	10.2970790250685	11.9602216301293	9.23212938817246	8.86937087400999	12.3151559033515
2021-04-13	7.08886965411588	4.8050278770107	3.88331041658747	10.2985846993057	12.2347280030133	8.93301726188038	8.66772067444431	12.1571698871743
2021-04-14	7.13892031731373	4.82599099804653	3.93287716515192	10.3043025541583	12.5055450475491	8.65261098895792	8.46357267960167	11.9957484264051
2021-04-15	7.19129735908398	4.85142980422642	3.98413051699548	10.3133231807639	12.7720877141854	8.39038817714386	8.25804648370875	11.8324583194574
2021-04-16	7.24548474685538	4.88127542636011	4.03668851895418	10.3247371702598	13.033770953371	8.145826434177	8.05226168099222	11.6688663647447
2021-04-17	7.30096644805668	4.91545899525733	4.09016921786404	10.3376351137836	13.2900097155548	7.91840336779612	7.84733786567877	11.5065393606804
2021-04-18	7.35722643011661	4.95391164172781	4.14419066056109	10.3511076024728	13.5402189511856	7.70759658574002	7.64439463199505	11.3470441056781
2021-04-19	7.41374989436722	4.99651829547353	4.19837923790673	10.3641440814261	13.7836523060083	7.51279944507795	7.44437332816079	11.1917255251518
2021-04-20	7.4700269777537	5.04297908176551	4.25239471686381	10.3753294115886	14.0189182069522	7.33306830020118	7.24750231836782	11.0410410525184
2021-04-21	7.52554905112456	5.09294792476701	4.30590520842056	10.3831473078663	14.2444637762427	7.16737525483142	7.05383172080102	10.8952262481952
2021-04-22	7.57980748532827	5.14607874864131	4.35857882356521	10.3860814851655	14.4587361361051	7.01469241269041	6.86341165364529	10.7545166725995
2021-04-23	7.63229365121334	5.20202547755167	4.41008367328599	10.3826156583925	14.6601824087649	6.87399187749988	6.67629223508549	10.6191478861487
2021-04-24	7.68249891962826	5.26044203566135	4.46008786857112	10.3712335424534	14.8472497164475	6.74424575298156	6.49252358330651	10.4893554492602
2021-04-25	7.72991466142151	5.32098234713364	4.50825952040882	10.3504188522546	15.0183851813782	6.62442614285719	6.31215581649324	10.3653749223513
2021-04-26	7.77408025642939	5.38333671527761	4.55430928073524	10.318739804763	15.1722276709345	6.51356196738182	6.13522447749483	10.247300782816
2021-04-27	7.81472712043929	5.4473409599856	4.59811796527806	10.275102625188	15.3081830331019	6.41090941294397	5.96170680781767	10.1346631759543
2021-04-28	7.85163467822641	5.51286728029578	4.63960893071288	10.2184980407998	15.425848861018	6.31578148246543	5.7915654736324	10.0268511640429
2021-04-29	7.88458235456594	5.57978787524632	4.67870553371532	10.1479167788685	15.5248227478203	6.22749117886804	5.6247631411097	9.92325380935852
2021-04-30	7.91334957423309	5.64797494387536	4.71533113096098	10.0623495666644	15.6047022866465	6.14535150507363	5.46126247642021	9.82326017417767
2021-05-01	7.93771576200304	5.71730068522107	4.74940907912544	9.96078713145758	15.6650850706342	6.068675464004	5.30102614573459	9.72625932077704
2021-05-02	7.95746034265099	5.78763729832161	4.78086273488432	9.84222020051821	15.7055686929209	5.996776058581	5.1440168152235	9.63164031143328
2021-05-03	7.97236274095213	5.85885698221514	4.80961545491321	9.70563950111645	15.7257507466442	5.92896629172644	4.9901971510576	9.53879220842302
2021-05-04	7.98220238168166	5.93083193593983	4.83559059588773	9.55003576052246	15.7252288249418	5.86455916636215	4.83952981940754	9.44710407402292
2021-05-05	7.98675868961477	6.00343435853383	4.85871151448345	9.3743997060064	15.7036005209511	5.80286768540996	4.69197748644399	9.3559649705096
2021-05-06	7.98581108952666	6.07653644903531	4.878901567376	9.17772206483845	15.6604634278098	5.74320485179168	4.5475028183376	9.26476396015971
2021-05-07	7.97913900619251	6.15001040648241	4.89608411124098	8.95899356428875	15.5954151386554	5.68488366842915	4.40606848125903	9.1728901052499
2021-05-08	7.96652186438753	6.22372842991332	4.91018250275397	8.71720493162748	15.5080532466256	5.62721713824418	4.26763714137895	9.07973246805681
2021-05-09	7.94773908888691	6.29756271836618	4.92112009859059	8.45134689412478	15.3979753448579	5.56951826415861	4.13217146486799	8.98468011085708
2021-05-10	7.92255783684276	6.37132349995155	4.92881540862442	8.16039831822924	15.2650345751221	5.5111966060456	3.99963840360522	8.88711296318443
2021-05-11	7.8906961949149	6.44457311906952	4.93316755552099	7.84329062710306	15.1101062737173	5.45204795158368	3.87002205230321	8.78637442360094
2021-05-12	7.85185998214006	6.51681194919257	4.93407081514383	7.49894338308685	14.9343213255745	5.39196464540275	3.7433107913829	8.68179875792576
2021-05-13	7.80575501755497	6.58754036379319	4.93141946335644	7.12627614852123	14.7388106156248	5.33083903213267	3.61949300126527	8.57272023197803
2021-05-14	7.75208712019635	6.65625873634387	4.92510777602236	6.7242084857468	14.5247050287995	5.26856345640334	3.49855706237128	8.45847311157692
2021-05-15	7.69056210910094	6.72246744031709	4.9150300290051	6.29165995710416	14.2931354500297	5.20503026284463	3.38049135512187	8.33839166254157
2021-05-16	7.62088580330549	6.78566684918533	4.90108049816818	5.82755012493397	14.0452327642466	5.14013179608644	3.26528425993802	8.21181015069114
2021-05-17	7.54291157861446	6.84541723634705	4.88331090054047	5.33145167672768	13.7821491544628	5.07376957894272	3.1529246510243	8.07823926402037
2021-05-18	7.45708303790337	6.90151847490458	4.86240271781231	4.80554980058022	13.5051219960175	5.00588184696382	3.04340337771971	7.93789537922625
2021-05-19	7.36399134081547	6.95383033788622	4.83919487283936	4.25268280973735	13.2154099623311	4.93641601388416	2.93671178314688	7.7911712951814
2021-05-20	7.26422764699404	7.00221259832028	4.81452628847733	3.67568901744486	12.9142717268243	4.86531949343818	2.83284121042844	7.6384598107584
2021-05-21	7.15838311608232	7.04652502923506	4.78923588758188	3.07740673694853	12.6029659629176	4.7925396993603	2.731783002687	7.48015372482984
2021-05-22	7.04704890772357	7.08662740365887	4.76416259300871	2.46067428149414	12.2827513440317	4.71802404538496	2.6335285030452	7.31664583626833
2021-05-23	6.93081618156106	7.12237949462	4.74014532761349	1.82832996432746	11.9548865435871	4.64171994524657	2.53806905462565	7.14832894394645
2021-05-24	6.81027609723805	7.15364107514676	4.7180230142519	1.18321209869428	11.6206302350043	4.56357481267958	2.44539600055099	6.97559584673679
2021-05-25	6.6860198143978	7.18027191826746	4.69863457577964	0.528158997840373	11.2812410917041	4.48353606141841	2.35550068394382	6.79883934351196
2021-05-26	6.55863849268356	7.20213179701039	4.68281893505238	0	10.9379777871068	4.40155110519748	2.26837444792679	6.61845223314454
2021-05-27	6.4287232917386	7.21908048440387	4.67141501492581	0	10.5920989946332	4.31756735775123	2.1840086356225	6.43482731450713
2021-05-28	6.29686537120617	7.23097775347618	4.66526173825561	0	10.2448633877038	4.23153223281408	2.10239459015359	6.24835738647232
2021-05-29	6.16365589072954	7.23768337725565	4.66519802789746	0	9.89752963973925	4.14339314412047	2.02352365464268	6.0594352479127
2021-05-30	6.02968600995197	7.23905712877056	4.67206280670705	0	9.55135642416003	4.05309750540482	1.94738717221239	5.86845369770087
2021-05-31	5.89575929048269	7.23506894083728	4.68641894019877	0	9.20751147622346	3.9606863457056	1.87397340706166	5.6758637914159
2021-06-01	5.76352890179487	7.22612938542434	4.70772506452187	0	8.8667987785336	3.86657515527742	1.80325830769465	5.48234961146281
2021-06-02	5.63486041532764	7.21275919428834	4.73516375848433	0	8.52993137553119	3.77127303967892	1.73521474369184	5.28865349695306
2021-06-03	5.51161940252014	7.19547909918586	4.7679176008941	0	8.19762231165704	3.67528910446877	1.66981558463372	5.09551778699817
2021-06-04	5.39567143481151	7.1748098318735	4.80516917055916	0	7.87058463135188	3.57913245520561	1.60703370010076	4.90368482070962
2021-06-05	5.28888208364088	7.15127212410784	4.84610104628748	0	7.54953137905648	3.48331219744809	1.54684195967343	4.71389693719888
2021-06-06	5.1931169204474	7.12538670764549	4.88989580688701	0	7.23517559921159	3.38833743675486	1.48921323293222	4.52689647557746
2021-06-07	5.10979157542345	7.0975000968256	4.93576939963495	0	6.92817753243791	3.29467505134181	1.43411837376026	4.34336062067109
2021-06-08	5.03852191377442	7.06726193631765	4.98307124568535	0	6.62898620407586	3.2026230100538	1.38152017325134	4.16370594016254
2021-06-09	4.97847385945893	7.03414765337371	5.03118413466149	0	6.33799783564583	3.11243705439293	1.33137940680189	3.98828384744883
2021-06-10	4.92881333643563	6.99763267524581	5.07949085618666	0	6.05560864866817	3.02437292586132	1.28365684980835	3.81744575592698
2021-06-11	4.88870626866314	6.95719242918603	5.12737419988411	0	5.78221486466326	2.93868636596106	1.23831327766715	3.65154307899401
2021-06-12	4.8573185801001	6.91230234244642	5.17421695537713	0	5.51821270515146	2.85563311619426	1.19530946577475	3.49092723004694
2021-06-13	4.83381619470514	6.86243784227903	5.21940191228901	0	5.26399839165313	2.77546891806302	1.15460618952757	3.33594962248279
2021-06-14	4.8173650364369	6.80707435593591	5.26231186024301	0	5.01996814568866	2.69844951306945	1.11616422432206	3.18696166969859
2021-06-15	4.807131029254	6.74568731066913	5.3023295888624	0	4.7865181887784	2.62483064271564	1.07994434555466	3.04431478509136
2021-06-16	4.80228009711509	6.67775213373074	5.33883788777048	0	4.56404474244272	2.55486804850371	1.0459073286218	2.9083603820581
2021-06-17	4.80197816397878	6.60274425237279	5.37121954659052	0	4.35294402820199	2.48881747193575	1.01401394891992	2.77944987399586
2021-06-18	4.80539115380373	6.52013909384734	5.39885735494578	0	4.15361226757658	2.42693465451388	0.984224981845459	2.65793467430164
2021-06-19	4.81168499054856	6.42941208540645	5.42113410245956	0	3.96644568208685	2.36947533774019	0.956501202794862	2.54416619637247
2021-06-20	4.8200255981719	6.33003865430216	5.43743257875512	0	3.79184049325318	2.31669526311679	0.930803387164564	2.43849585360536
2021-06-21	4.82967172003254	6.22173766596125	5.44730557034989	0	3.629966687919	2.2687451866983	0.907133698510233	2.34119609846526
2021-06-22	4.84025337708994	6.10520173850933	5.45098585133787	0	3.48008931422013	2.22535592274947	0.885659853024464	2.25222353968881
2021-06-23	4.85149340970369	5.98136692824672	5.44887619270721	0	3.34124718561543	2.18615330008756	0.866590955059078	2.17145582508054
2021-06-24	4.86311465823339	5.85116929147374	5.44137936544605	0	3.21247911556378	2.15076314752982	0.850136108965896	2.09877060244503
2021-06-25	4.87483996303865	5.7155448844907	5.42889814054254	0	3.09282391752406	2.11881129389352	0.836504419096742	2.0340455195868
2021-06-26	4.88639216447907	5.57542976359794	5.41183528898484	0	2.98132040495514	2.08992356799592	0.825904989803437	1.97715822431043
2021-06-27	4.89749410291425	5.43175998509576	5.39059358176108	0	2.87700739131589	2.06372579865428	0.818546925437804	1.92798636442045
2021-06-28	4.90798358577162	5.28542807069353	5.3656073931256	0	2.77905978782649	2.03993101038713	0.814624064798096	1.8863537382088
2021-06-29	4.91815828874992	5.13715240373674	5.33743751039745	0	2.68719689675223	2.01860101051813	0.814269184468289	1.85186874591686
2021-06-30	4.92843085461575	4.98760783297991	5.30667632416188	0	2.60127411811971	1.99988480207218	0.817599795478792	1.82408593827339
2021-07-01	4.93921392613567	4.83746920717758	5.27391622500411	0	2.5211468519555	1.9839313880742	0.824733408860012	1.80255986600715
2021-07-02	4.95092014607626	4.68741137508426	5.23974960350939	0	2.4466704982862	1.97088977154911	0.835787535642356	1.7868450798469
2021-07-03	4.96396215720411	4.53810918545448	5.20476885026296	0.0965185453650947	2.3777004571384	1.96090895552183	0.850879686856233	1.77649613052141
2021-07-04	4.97875260228577	4.39023748704277	5.16956635585005	0.457393692748156	2.31409212853868	1.95413794301726	0.870127373532051	1.77106756875944
2021-07-05	4.99570412408785	4.24447112860366	5.1347345108559	0.80395108518057	2.25570091251364	1.95072573706034	0.893648106700216	1.77011394528974
2021-07-06	5.0152293653769	4.10148495889167	5.10086570586576	1.13573993110284	2.20238220908985	1.95082134067597	0.921559397391137	1.77318981084108
2021-07-07	5.03774096891951	3.96195382666133	5.06855233146485	1.45230943895547	2.15399141829392	1.95457375688908	0.953978756635221	1.77984971614222
2021-07-08	5.06365157748226	3.82655258066716	5.03838677823842	1.75320881717898	2.11038394015243	1.96213198872457	0.991023695462875	1.78964821192191
2021-07-09	5.09337383383172	3.69595606966369	5.0109614367717	2.03798727421387	2.07141517469196	1.97364503920737	1.03281172490451	1.80213984890892
2021-07-10	5.12732038073447	3.57083914240546	4.98686869764994	2.30619401850063	2.0369405219391	1.98926191136239	1.07946035599053	1.81687917783201
2021-07-11	5.16590386095708	3.45187664764698	4.96670095145837	2.55737825847977	2.00681538192045	2.00913160821456	1.13108709975135	1.83342074941994
2021-07-12	5.20964574849563	3.33980822637916	4.95102597368958	2.79147900840658	1.9808427147758	2.03329864991832	1.18780535566961	1.8514267769048
2021-07-13	5.25950284226415	3.23563268853839	4.94031307946549	3.00999450579542	1.95861572109776	2.06138962514636	1.24971207703697	1.87099012353199
2021-07-14	5.31654077240616	3.14041363629746	4.9350069688154	3.21481279397543	1.93967516159217	2.09292663970088	1.31690010559733	1.89231131505025
2021-07-15	5.38182516906517	3.05521467182915	4.93555234176858	3.40782191627575	1.92356179696483	2.12743179938409	1.38946228309458	1.91559087720831
2021-07-16	5.45642166238472	2.98109939730624	4.94239389835432	3.59090991602551	1.90981638792159	2.16442720999822	1.46749145127263	1.94102933575489
2021-07-17	5.54139588250832	2.9191314149015	4.95597633860189	3.76596483655387	1.89797969516826	2.20343497734546	1.55108045187535	1.96882721643874
2021-07-18	5.6378134595795	2.87037432678771	4.97674436254059	3.93487472118996	1.88759247941066	2.24397720722805	1.64032212664667	1.99918504500859
2021-07-19	5.74665392064577	2.83570707494142	5.0050476365285	4.09946588502299	1.87827844202596	2.28563770284323	1.73529850965698	2.03227394860399
2021-07-20	5.86855238037061	2.81526996055427	5.04085569223902	4.26131773018254	1.8699930470766	2.32824705696849	1.83604840428281	2.06814745992788
2021-07-21	6.00405785032152	2.80901862462166	5.08404302767434	4.42194793055827	1.86277469929637	2.37169755977636	1.94259980622718	2.10682971307399
2021-07-22	6.15371934206596	2.81690870813901	5.13448414083667	4.58287416003982	1.85666180341906	2.41588150143936	2.05498071119312	2.14834484213608
2021-07-23	6.31808586717141	2.83889585210173	5.19205352972821	4.74561409251684	1.85169276417846	2.46069117213001	2.17321911488367	2.19271698120789
2021-07-24	6.49770643720537	2.87493569750521	5.25662569235115	4.911685401879	1.84790598630834	2.50601886202085	2.29734301300186	2.23997026438317
2021-07-25	6.6931300637353	2.92498388534488	5.32807512670771	5.08260576201593	1.8453398745425	2.55175686128441	2.42738040125071	2.29012882575567
2021-07-26	6.90490575832868	2.98899605661614	5.40627633080008	5.25989284681729	1.84403283361473	2.59779746009321	2.56335927533326	2.34321679941914
2021-07-27	7.13358253255301	3.06692785231439	5.49110380263047	5.44506433017274	1.8440232682588	2.64403294861977	2.70530763095254	2.39925831946732
2021-07-28	7.37970939797576	3.15873491343505	5.58243204020107	5.63963788597194	1.8453495832085	2.69035561703663	2.85325346381159	2.45827751999398
2021-07-29	7.6438353661644	3.26437288097353	5.68013554151409	5.84513118810452	1.84805018319762	2.73665775551631	3.00722476961342	2.52029853509284
2021-07-30	7.92650944868641	3.38379739592522	5.78408880457174	6.06306191046014	1.85216347295994	2.78283165423135	3.16724954406107	2.58534549885767
2021-07-31	8.22828065710928	3.51696409928555	5.8941663273762	6.29494772692845	1.85772785722925	2.82876960335425	3.33335578285758	2.65344254538221
2021-08-01	8.54969800300048	3.66382863204992	6.01024260792969	6.54230631139911	1.86478174073934	2.87436389305757	3.50557148170597	2.72461380876021
2021-08-02	8.89118393241291	3.82423418382538	6.13220749055298	6.80647464979096	1.87325492637788	2.91952583489888	3.6839092594369	2.79880067399268
2021-08-03	9.25265462934107	3.9975741386656	6.26001220484113	7.08806697613967	1.88264280964808	2.96424282597608	3.86832022739156	2.87561352970971
2021-08-04	9.63389971226489	4.18312942923589	6.39362332670778	7.38751683651007	1.89233218420705	3.00852128477209	4.05874012003874	2.95458001544864
2021-08-05	10.0347087996643	4.38018098820155	6.53300743206659	7.70525777696703	1.90170984371189	3.05236762976988	4.25510467184725	3.03522777074683
2021-08-06	10.4548715100192	4.58800974822789	6.67813109683117	8.04172334357538	1.91016258181971	3.09578827945238	4.4573496172859	3.11708443514163
2021-08-07	10.8941774618095	4.80589664198023	6.82896089691518	8.39734708239998	1.91707719218761	3.13878965230255	4.6654106908235	3.19967764817037
2021-08-08	11.3524162735152	5.03312260212386	6.98546340823226	8.77256253950568	1.92184046847269	3.18137816680333	4.87922362692884	3.28253504937041
2021-08-09	11.8293133014259	5.26896583610711	7.14755769769007	9.16745884438651	1.92394263628634	3.22357517573073	5.09870751568563	3.36518362257369
2021-08-10	12.3243368530707	5.51269365051028	7.31497279617242	9.58074746025323	1.92328764905703	3.26546176903307	5.3237148696372	3.44714772879045
2021-08-11	12.8368909737885	5.76357062669668	7.48739022555714	10.0107954337458	1.91988289216754	3.30713397095174	5.55408155694176	3.52795107332553
2021-08-12	13.366379708918	6.02086134602963	7.66449150772208	10.455969811504	1.91373575100062	3.3486878057281	5.78964344575753	3.60711736148376
2021-08-13	13.9122071037981	6.28383038987245	7.84595816454507	10.914637640168	1.90485361093904	3.39021929760355	6.03023640424272	3.68417029856999
2021-08-14	14.4737772037676	6.55174233958844	8.03147171790394	11.3851659663775	1.89324385736556	3.43182447081946	6.27569630055556	3.75863358988903
2021-08-15	15.0504940541653	6.82386177654092	8.22071368967653	11.8659218367726	1.87891387566294	3.47359934961722	6.52585900285427	3.83003094074574
2021-08-16	15.6417617003302	7.09945328209322	8.41336560174069	12.3552722979932	1.86187105121394	3.51563995823821	6.78056037929707	3.89788605644494
2021-08-17	16.246984187601	7.37778143760861	8.60910897597423	12.8515843966792	1.84212276940132	3.55804232092381	7.03963629804215	3.96172264229146
2021-08-18	16.8655655613165	7.65811082445044	8.807625334255	13.3532251794705	1.81967641560785	3.6009024619154	7.30292262724776	4.02106440359015
2021-08-19	17.4969098668155	7.93970602398201	9.00859619846084	13.858561693007	1.79453937521629	3.64431640545437	7.5702552350721	4.07543504564584
2021-08-20	18.140421149437	8.22183161756663	9.21170309046957	14.3659609839288	1.76671903360941	3.68838017578209	7.84146998967339	4.12435827376335
2021-08-21	18.7955034545197	8.50375218656763	9.41662753215904	14.8737900988757	1.73622277616995	3.73318979713996	8.11640275920986	4.16735779324754
2021-08-22	19.4615608274025	8.7847323123483	9.62305104540709	15.3804160844876	1.70305798828069	3.77884129376934	8.39488941183972	4.20395730940323
2021-08-23	20.138019389474	9.06414648102146	9.83069765097749	15.8843849641838	1.66722253041619	3.82542064586478	8.6768679844022	4.2338371780933
2021-08-24	20.8243935663219	9.34180879769784	10.0394613651778	16.3849586685003	1.6286761634182	3.87297365743336	8.96268518846052	4.25730435741284
2021-08-25	21.5202198595838	9.61764327223766	10.2492787032017	16.8815781047526	1.58736912322029	3.92153608843534	9.25278990425893	4.27482245601499
2021-08-26	22.2250347708972	9.89157391450116	10.4600861802425	17.373684180256	1.543251645756	3.97114369883097	9.54763101204166	4.28685508255287
2021-08-27	22.9383748018998	10.1635247343485	10.6718203114939	17.860717802326	1.49627396695891	4.0218322485805	9.84765739205295	4.29386584567963
2021-08-28	23.659776454229	10.4334197416401	10.8844176121494	18.3421198782778	1.44638632276255	4.07363749764416	10.153317924537	4.29631835404838
2021-08-29	24.3887762295223	10.7011829462359	11.0978145974025	18.8173313154269	1.3935389491005	4.12659520598222	10.4650614897382	4.29467621631226
2021-08-30	25.1249018262777	10.966766919417	11.3119530650452	19.2860000953155	1.33773270501575	4.18073346480922	10.7832103302075	4.28936741781371
2021-08-31	25.8676457304339	11.2302384781464	11.5267959432628	19.7486024963939	1.27917094198899	4.2360496903569	11.1075801377242	4.28067745065227
2021-09-01	26.6164916247903	11.4916930008079	11.7423114428393	20.2058218713391	1.21810763461039	4.29253363011133	11.4378599663741	4.2688561836168
2021-09-02	27.3709231921459	11.7512258657853	11.9584677745583	20.6583415728283	1.15479675747007	4.35017503155856	11.7737388702432	4.25415348549615
2021-09-03	28.1304241153	12.0089324514624	12.1752331492037	21.1068449535384	1.0894922851582	4.40896364218463	12.1149059034176	4.23681922507918
2021-09-04	28.8944780770516	12.264908136223	12.3925757775593	21.5520153661466	1.02244819226491	4.4688892094756	12.4610501199832	4.21710327115473
2021-09-05	29.6625687602001	12.5192482984508	12.6104638704088	21.99453616333	0.953918453380344	4.52994148091751	12.811860574026	4.19525549251166
2021-09-06	30.4341798475445	12.7720483165296	12.8288656385363	22.4350906977656	0.884157043094654	4.59211020399643	13.1670263196321	4.17152575793882
2021-09-07	31.2087950218841	13.0234035688432	13.0477492927253	22.8743623221306	0.813417935997982	4.65538512619841	13.5262364108873	4.14616393622506
2021-09-08	31.985897966018	13.2734094337753	13.2670830437597	23.313034389102	0.741955106680472	4.71975599500949	13.8891799018777	4.11941989615923
2021-09-09	32.7649723627455	13.5221612897098	13.4868351024234	23.7517902513569	0.670022529732268	4.78521255791573	14.2555458466893	4.09154350653019
2021-09-10	33.5455018948656	13.7697545150304	13.7069736795001	24.1913132615724	0.597874179743516	4.85174456240318	14.6250232994081	4.06278463612678
2021-09-11	34.3269702451775	14.016284488121	13.9274669857737	24.6322867724256	0.525764031304359	4.91934175595789	14.9973013141201	4.03339315373786
2021-09-12	35.1088610964806	14.2618465873651	14.1482832320279	25.0753941365937	0.453946059004944	4.98799388606591	15.3720689449112	4.00361892815228
