date	state	Island	King	Ann Arbor	Boston	San Diego	DC	USA
2020-01-26	0	0	0	0	0	0	0	0.00304655573119389
2020-02-02	0	0	0	0	0	0	0	0
2020-02-09	0	0	0	0	0	0	0	0
2020-02-16	0	0	0	0	0	0	0	0
2020-02-23	0	0	0	0	0	0	0	0
2020-03-01	0.132703592856884	0	0.447795346779434	0	0	0	0	0.00304655573119389
2020-03-08	2.25596107856703	0	7.16472554847094	0	0	0	0	0.0609311146238779
2020-03-15	2.91947904285145	0	8.0603162420298	0	0	0	0	0.152327786559695
2020-03-22	7.56410479284239	11.839924224485	17.9118138711773	0	1.24392498137222	0	2.8338686983616	1.61772109326396
2020-03-29	13.4030628785453	0	29.5544928874426	13.6017040214798	2.48784996274445	2.09685681163935	4.2508030475424	9.04827052164586
2020-04-05	30.2564191713696	59.1996211224248	46.5707160650611	8.16102241288789	29.8541995529334	3.2950607040047	24.0878839360736	29.4084024732147
2020-04-12	18.0476886285362	11.839924224485	32.6890603148986	27.2034080429596	73.3915739009612	8.08787627346607	39.6741617770624	45.6282651860909
2020-04-19	16.9860598856812	11.839924224485	27.7633115003249	32.6440896515515	186.588747205833	7.78832530037474	65.1789800623168	46.6336285773849
2020-04-26	14.4646916214004	0	25.5243347664277	54.4068160859192	192.808372112695	11.9820389236534	116.188616632826	45.2230732738422
2020-05-03	9.95276946426631	0	16.1206324840596	57.1271568902152	245.053221330328	8.38742724655741	103.436207490198	40.0256491964254
2020-05-10	12.4741377285471	0	18.3596092179568	27.2034080429596	161.710247578389	10.7838350312881	102.019273141018	36.5921808873699
2020-05-17	8.89114072141123	11.839924224485	8.0603162420298	19.0423856300717	85.8308237146834	10.1847330851054	85.016060950848	29.5119853680753
2020-05-24	6.50247604998732	11.839924224485	8.95590693558867	21.7627264343677	63.4401740499834	11.9820389236534	69.4297831098592	25.0426881104138
2020-05-31	5.17544012141848	0	7.61252089525037	8.16102241288789	41.0495243852834	5.99101946182672	48.1757678721472	19.641144799007
2020-06-07	6.23706886427355	0	5.82133950813264	5.44068160859192	65.9280240127278	8.08787627346607	32.5894900311584	17.3958332251171
2020-06-14	5.17544012141848	0	5.82133950813264	0	32.3420495156778	6.88967238110073	36.8402930787008	15.0926370923346
2020-06-21	5.17544012141848	0	2.6867720806766	5.44068160859192	34.8298994784223	5.69146848873539	25.5048182852544	12.55485616825
2020-06-28	5.8389580857029	0	3.13456742745603	2.72034080429596	32.3420495156778	6.88967238110073	24.0878839360736	11.7901706797204
2020-07-05	6.6351796428442	0	3.58236277423547	5.44068160859192	3.73177494411667	7.78832530037474	12.7524091426272	11.2326509809119
2020-07-12	8.3603263499837	0	5.82133950813264	5.44068160859192	16.1710247578389	10.4842840581968	12.7524091426272	16.5702166219636
2020-07-19	6.90058682855797	0	3.58236277423547	2.72034080429596	18.6588747205834	16.7748544931148	14.169343491808	16.9875947571372
2020-07-26	10.6162874285507	0	4.47795346779434	2.72034080429596	16.1710247578389	16.4753035200235	4.2508030475424	19.8848692575025
2020-08-02	11.9433233571196	0	7.61252089525037	5.44068160859192	12.4392498137222	9.58563113892276	7.084671745904	23.8332054851298
2020-08-09	12.4741377285471	0	10.7470883227064	2.72034080429596	19.9027997019556	8.38742724655741	7.084671745904	22.4500691831678
2020-08-16	10.6162874285507	0	7.16472554847094	2.72034080429596	2.48784996274445	9.88518211201409	8.5016060950848	21.6214060242831
2020-08-23	6.23706886427355	0	4.92574881457377	2.72034080429596	-78.3672738264501	10.1847330851054	9.9185404442656	18.4194759507983
2020-08-30	7.29869760712862	0	4.0301581210149	0	2.48784996274445	6.59012140800939	2.8338686983616	18.9739490938756
2020-09-06	5.8389580857029	0	4.92574881457377	-2.72034080429596	4.97569992548889	7.4887743272834	7.084671745904	17.7340009112797
2020-09-13	4.64462574999094	0	1.79118138711773	0	2.48784996274445	8.08787627346607	7.084671745904	15.4490841128842
2020-09-20	6.6351796428442	0	4.0301581210149	2.72034080429596	3.73177494411667	7.78832530037474	5.6677373967232	16.0705814820478
2020-09-27	6.23706886427355	11.839924224485	1.3433860403383	2.72034080429596	0	4.79281556946138	5.6677373967232	16.2899334946938
2020-10-04	5.97166167855978	0	4.47795346779434	0	1.24392498137222	8.08787627346607	9.9185404442656	15.0895905366034
2020-10-11	5.8389580857029	0	6.7169302016915	0	2.48784996274445	6.88967238110073	8.5016060950848	15.5770394535944
2020-10-18	6.6351796428442	0	3.13456742745603	0	7.46354988823334	8.08787627346607	5.6677373967232	15.6714826812614
2020-10-25	8.49302994284058	0	5.82133950813264	2.72034080429596	7.46354988823334	5.09236654255271	1.4169343491808	17.8619562519898
2020-11-01	9.02384431426812	0	4.0301581210149	5.44068160859192	6.21962490686112	6.29057043491806	5.6677373967232	18.6845262994122
2020-11-08	9.156547907125	0	3.13456742745603	2.72034080429596	9.95139985097779	5.09236654255271	11.3354747934464	23.0258682163635
2020-11-15	11.0143982071214	0	5.82133950813264	10.8813632171838	4.97569992548889	5.39191751564405	8.5016060950848	25.3382040163396
2020-11-22	14.1992844356866	0	11.1948836694858	10.8813632171838	8.70747486960556	12.5811408698361	14.169343491808	34.2463329743506
2020-11-29	15.7917275499692	23.6798484489699	8.50811158880924	16.3220448257758	18.6588747205834	8.68697821964875	14.169343491808	33.6156959379934
2020-12-06	20.1709461142464	35.5197726734549	20.1507906050745	24.4830672386637	26.1224246088167	19.4708132509368	24.0878839360736	49.1318042769639
2020-12-13	7.69680838569928	0	9.85149762914754	32.6440896515515	19.9027997019556	29.9550973091336	25.5048182852544	53.3421442974739
2020-12-20	21.6306856356721	59.1996211224248	8.95590693558867	48.9661344773273	12.4392498137222	35.3470148247777	31.1725556819776	58.0033745662005
2020-12-27	10.6162874285507	0	8.95590693558867	40.8051120644394	41.0495243852834	36.545218717143	43.9249648246048	49.2140612817062
2021-01-03	36.3607844427862	11.839924224485	32.6890603148986	27.2034080429596	31.0981245343056	56.9146848873539	36.8402930787008	57.2447821891333
2021-01-10	31.7161586927953	0	25.0765394196483	40.8051120644394	43.5373743480278	79.3810078692041	32.5894900311584	69.7600331328778
2021-01-17	27.2042365356612	0	21.0463812986334	13.6017040214798	52.2448492176334	73.6895393804687	46.7588335229664	71.0426330957104
2021-01-24	28.0004580928025	0	22.8375626857511	16.3220448257758	39.8055994039112	81.4778646808434	31.1725556819776	65.7355330119706
2021-01-31	22.6923143785272	0	17.4640185243979	2.72034080429596	37.3177494411667	73.090437434286	58.0943083164128	66.9236897471363
2021-02-07	21.763389228529	0	15.6728371372802	10.8813632171838	42.2934493666556	60.5092965644499	55.2604396180512	63.7430855637698
2021-02-14	30.1237155785127	23.6798484489699	15.2250417905007	21.7627264343677	36.0738244597945	64.7030101877286	38.2572274278816	52.479969025546
2021-02-21	19.3747245571051	23.6798484489699	20.5985859518539	13.6017040214798	17.4149497392111	45.8312988829744	22.6709495868928	40.2053959845658
2021-02-28	17.7822814428225	0	16.568427830839	2.72034080429596	22.3906496647	28.1577914705856	31.1725556819776	42.3532177750575
2021-03-07	11.1471017999783	11.839924224485	9.4037022823681	5.44068160859192	12.4392498137222	30.2546482822249	18.4201465393504	35.0810892446977
2021-03-14	11.0143982071214	0	10.7470883227064	0	17.4149497392111	20.0699151971195	15.5862778409888	25.7799545973627
2021-03-21	6.76788323570109	11.839924224485	4.47795346779434	2.72034080429596	13.6831747950945	12.5811408698361	12.7524091426272	22.169786055898
2021-03-28	5.8389580857029	0	4.0301581210149	5.44068160859192	9.95139985097779	15.8762015738408	8.5016060950848	20.3966906203431
2021-04-04	7.96221557141305	0	5.3735441613532	8.16102241288789	6.21962490686112	7.18922335419207	19.8370808885312	17.2313192156327
2021-04-11	5.8389580857029	0	5.3735441613532	13.6017040214798	7.46354988823334	14.9775486545668	15.5862778409888	20.8902326487965
2021-04-18	7.69680838569928	11.839924224485	5.3735441613532	8.16102241288789	6.21962490686112	15.8762015738408	21.254015237712	15.4978290045833
2021-04-25	7.29869760712862	11.839924224485	4.47795346779434	10.8813632171838	2.48784996274445	5.39191751564405	4.2508030475424	15.2084062101199
2021-05-02	8.62573353569747	0	4.92574881457377	19.0423856300717	9.95139985097779	5.99101946182672	9.9185404442656	14.8976575255381
2021-05-09	8.62573353569747	0	7.61252089525037	16.3220448257758	4.97569992548889	3.89416265018737	5.6677373967232	14.0050166962983
2021-05-16	7.56410479284239	0	3.58236277423547	21.7627264343677	8.70747486960556	5.09236654255271	14.169343491808	12.2258281492811
2021-05-23	10.7489910214076	11.839924224485	8.50811158880924	13.6017040214798	3.73177494411667	2.69595875782202	9.9185404442656	11.6256566702359
2021-05-30	8.3603263499837	-11.839924224485	8.0603162420298	13.6017040214798	6.21962490686112	1.49775486545668	7.084671745904	13.4566366646834
2021-06-06	9.42195509283877	0	7.16472554847094	5.44068160859192	4.97569992548889	2.39640778473069	5.6677373967232	10.0262149113591
2021-06-13	-2.78677544999457	-11.839924224485	9.4037022823681	8.16102241288789	4.97569992548889	1.79730583854802	2.8338686983616	7.30868719913415
2021-06-20	0.66351796428442	0	-1.79118138711773	2.72034080429596	2.48784996274445	0.299550973091336	4.2508030475424	6.21497369163554
2021-06-27	10.8816946142645	0	18.8074045647362	0	0	2.69595875782202	0	6.38253425685121
2021-07-04	4.91003293570471	0	2.23897673389717	5.44068160859192	2.48784996274445	0	0	4.97197895330843
2021-07-11	7.69680838569928	11.839924224485	4.47795346779434	2.72034080429596	2.48784996274445	1.19820389236534	2.8338686983616	5.06946873670664
2021-07-18	5.97166167855978	0	4.92574881457377	0	4.97569992548889	0.599101946182672	4.2508030475424	5.74885066476288
2021-07-25	4.77732934284783	0	-0.447795346779434	5.44068160859192	2.48784996274445	2.09685681163935	0	5.87680600547302
2021-08-01	5.8389580857029	11.839924224485	0.895590693558867	0	4.97569992548889	1.49775486545668	4.2508030475424	8.2348401414171
2021-08-08	6.10436527141667	0	2.6867720806766	0	1.24392498137222	3.89416265018737	0	10.8853436275558
2021-08-15	9.42195509283877	11.839924224485	3.58236277423547	5.44068160859192	4.97569992548889	3.89416265018737	1.4169343491808	14.4223948314719
2021-08-22	15.5263203642554	0	8.0603162420298	0	2.48784996274445	7.18922335419207	7.084671745904	22.2764155064898
2021-08-29	20.0382425213895	23.6798484489699	11.1948836694858	2.72034080429596	3.73177494411667	9.58563113892276	5.6677373967232	28.2019664036619
2021-09-05	24.4174610856667	23.6798484489699	10.7470883227064	2.72034080429596	3.73177494411667	10.1847330851054	4.2508030475424	34.3529624249423
2021-09-12	30.1237155785127	11.839924224485	14.3294510969419	0	3.73177494411667	8.38742724655741	4.2508030475424	36.327130538756
2021-09-19	37.5551167784982	11.839924224485	12.9860650566036	0	6.21962490686112	19.1712622778455	2.8338686983616	43.1605550438239
2021-09-26	38.882152707067	23.6798484489699	10.7470883227064	10.8813632171838	6.21962490686112	13.4797937891101	7.084671745904	44.6899260208832
2021-10-03	35.9626736642156	35.5197726734549	12.9860650566036	10.8813632171838	13.6831747950945	8.98652919274008	5.6677373967232	41.9602120857335
2021-10-10	34.1048233642192	0	12.9860650566036	5.44068160859192	11.19532483235	9.58563113892276	8.5016060950848	35.6386089435062
2021-10-17	28.0004580928025	11.839924224485	9.4037022823681	5.44068160859192	7.46354988823334	14.9775486545668	1.4169343491808	35.7757039514099
2021-10-24	28.7966796499438	11.839924224485	16.568427830839	10.8813632171838	7.46354988823334	5.99101946182672	4.2508030475424	35.5289329371832
2021-10-31	23.4885359356685	11.839924224485	11.1948836694858	13.6017040214798	8.70747486960556	8.98652919274008	5.6677373967232	28.5431806455556
2021-11-07	22.5596107856703	11.839924224485	12.9860650566036	2.72034080429596	4.97569992548889	9.88518211201409	4.2508030475424	26.2277982898482
2021-11-14	18.0476886285362	11.839924224485	6.7169302016915	2.72034080429596	4.97569992548889	10.1847330851054	1.4169343491808	25.9901669428151
2021-11-21	23.3558323428116	11.839924224485	7.61252089525037	13.6017040214798	6.21962490686112	9.28608016583142	2.8338686983616	24.6588220882834
2021-11-28	13.0049520999746	11.839924224485	4.0301581210149	0	4.97569992548889	2.39640778473069	0	17.6304180164191
2021-12-05	27.2042365356612	11.839924224485	13.433860403383	38.0847712601435	8.70747486960556	9.28608016583142	1.4169343491808	37.2350041466518
2021-12-12	18.7112065928207	11.839924224485	11.1948836694858	32.6440896515515	9.95139985097779	7.18922335419207	2.8338686983616	27.6017949246167
2021-12-19	15.9244311428261	23.6798484489699	3.58236277423547	40.8051120644394	24.8784996274445	7.4887743272834	9.9185404442656	28.2293854052426
2021-12-26	14.5973952142572	11.839924224485	6.7169302016915	19.0423856300717	13.6831747950945	12.8806918429275	1.4169343491808	31.5440380407816
2022-01-02	9.156547907125	11.839924224485	3.58236277423547	35.3644304558475	18.6588747205834	8.08787627346607	5.6677373967232	29.1555383475256
2022-01-09	20.0382425213895	11.839924224485	8.50811158880924	54.4068160859192	28.6102745715611	7.78832530037474	22.6709495868928	38.0301551924934
2022-01-16	25.4790898285217	0	11.6426790162653	51.6864752816233	42.2934493666556	13.4797937891101	39.6741617770624	44.3334790003335
2022-01-23	27.7350509070888	23.6798484489699	25.5243347664277	68.0085201073991	52.2448492176334	5.69146848873539	17.0032121901696	46.7463511394391
2022-01-30	38.882152707067	-11.839924224485	21.4941766454128	32.6440896515515	52.2448492176334	25.1622817396722	24.0878839360736	53.6285205362061
2022-02-06	35.5645628856449	23.6798484489699	19.2551999115156	16.3220448257758	43.5373743480278	27.5586895244029	12.7524091426272	53.4944720840336
2022-02-13	46.3135539070525	47.3596968979399	36.7192184359135	21.7627264343677	37.3177494411667	35.646565797869	22.6709495868928	50.4814284658828
2022-02-20	39.5456706713515	23.6798484489699	25.0765394196483	27.2034080429596	38.5616744225389	27.8582404974943	7.084671745904	47.3465226184843
2022-02-27	28.5312724642301	23.6798484489699	20.5985859518539	5.44068160859192	29.8541995529334	16.4753035200235	4.2508030475424	37.1161884731352
2022-03-06	25.7444970142355	23.6798484489699	15.2250417905007	13.6017040214798	14.9270997764667	12.8806918429275	5.6677373967232	30.4137658645086
2022-03-13	20.9671676713877	11.839924224485	15.6728371372802	2.72034080429596	14.9270997764667	13.4797937891101	7.084671745904	27.4555602495194
2022-03-20	19.9055389285326	23.6798484489699	15.6728371372802	-2.72034080429596	4.97569992548889	12.8806918429275	1.4169343491808	21.7798269223051
2022-03-27	13.1376556928315	11.839924224485	14.3294510969419	-2.72034080429596	7.46354988823334	3.89416265018737	5.6677373967232	16.4057026124791
2022-04-03	10.350880242837	11.839924224485	11.6426790162653	2.72034080429596	9.95139985097779	9.58563113892276	2.8338686983616	13.7430129034157
2022-04-10	7.43140119998551	0	4.47795346779434	2.72034080429596	4.97569992548889	9.58563113892276	0	11.7962637911828
2022-04-17	7.16599401427174	0	7.61252089525037	2.72034080429596	7.46354988823334	5.69146848873539	0	9.46869521255062
2022-04-24	5.0427365285616	11.839924224485	4.92574881457377	2.72034080429596	4.97569992548889	1.19820389236534	2.8338686983616	7.89971901098577
2022-05-01	6.10436527141667	0	6.26913485491207	5.44068160859192	6.21962490686112	1.49775486545668	7.084671745904	7.18987152561759
2022-05-08	1.72514670713949	0	1.3433860403383	8.16102241288789	8.70747486960556	1.79730583854802	0	10.9645540765668
2022-05-15	9.95276946426631	0	10.299292975927	2.72034080429596	6.21962490686112	8.08787627346607	1.4169343491808	5.70315232879497
2022-05-22	9.42195509283877	11.839924224485	8.50811158880924	8.16102241288789	6.21962490686112	3.2950607040047	1.4169343491808	7.57678410347921
2022-05-29	7.56410479284239	0	9.4037022823681	5.44068160859192	6.21962490686112	1.79730583854802	0	7.99111568292158
2022-06-05	6.50247604998732	11.839924224485	7.61252089525037	8.16102241288789	7.46354988823334	4.49326459637004	7.084671745904	6.10834424104376
2022-06-12	10.350880242837	0	8.50811158880924	8.16102241288789	7.46354988823334	3.59461167709603	1.4169343491808	8.40849381809515
2022-06-19	9.156547907125	47.3596968979399	11.1948836694858	5.44068160859192	7.46354988823334	0.898652919274008	1.4169343491808	6.74507438886328
2022-06-26	9.42195509283877	23.6798484489699	6.26913485491207	5.44068160859192	6.21962490686112	4.1937136232787	0	7.31782686632773
2022-07-03	11.8106197642627	23.6798484489699	10.7470883227064	10.8813632171838	3.73177494411667	2.69595875782202	2.8338686983616	5.7366644418381
2022-07-10	9.156547907125	0	12.0904743630447	0	9.95139985097779	4.79281556946138	1.4169343491808	9.11834130346332
2022-07-17	11.9433233571196	0	8.95590693558867	13.6017040214798	1.24392498137222	3.89416265018737	2.8338686983616	9.15185341650646
2022-07-24	12.8722485071178	47.3596968979399	10.299292975927	13.6017040214798	4.97569992548889	5.09236654255271	12.7524091426272	9.59360399752957
2022-07-31	9.68736227855254	11.839924224485	7.16472554847094	5.44068160859192	4.97569992548889	6.59012140800939	1.4169343491808	9.15185341650646
2022-08-07	16.057134735683	0	8.50811158880924	8.16102241288789	-1.24392498137222	4.49326459637004	7.084671745904	10.9371350749861
2022-08-14	13.1376556928315	0	12.9860650566036	10.8813632171838	8.70747486960556	3.89416265018737	7.084671745904	10.2486134797363
2022-08-21	12.7395449142609	0	14.7772464437213	5.44068160859192	1.24392498137222	3.2950607040047	2.8338686983616	10.2425203682739
2022-08-28	11.2798053928351	23.6798484489699	10.299292975927	13.6017040214798	4.97569992548889	2.39640778473069	7.084671745904	10.5654552757804
2022-09-04	8.09491916426993	0	7.61252089525037	10.8813632171838	0	2.39640778473069	1.4169343491808	11.0468110813091
2022-09-11	7.43140119998551	23.6798484489699	7.16472554847094	8.16102241288789	2.48784996274445	2.99550973091336	0	8.50903015722455
2022-09-18	10.2181766499801	11.839924224485	13.8816557501624	2.72034080429596	4.97569992548889	2.69595875782202	0	9.4778348797442
2022-09-25	9.95276946426631	23.6798484489699	5.82133950813264	10.8813632171838	0	1.19820389236534	1.4169343491808	9.11224819200094
2022-10-02	8.62573353569747	11.839924224485	10.299292975927	8.16102241288789	1.24392498137222	1.19820389236534	12.7524091426272	9.70937311531494
2022-10-09	7.69680838569928	11.839924224485	8.0603162420298	19.0423856300717	11.19532483235	2.09685681163935	0	8.86243062204304
2022-10-16	7.03329042141486	0	6.26913485491207	10.8813632171838	1.24392498137222	2.69595875782202	0	7.5859237706728
2022-10-23	8.75843712855435	35.5197726734549	4.92574881457377	10.8813632171838	3.73177494411667	2.99550973091336	0	8.24093325287948
2022-10-30	4.51192215713406	0	6.26913485491207	10.8813632171838	4.97569992548889	2.09685681163935	7.084671745904	7.84183445209308
2022-11-06	6.23706886427355	0	3.58236277423547	2.72034080429596	3.73177494411667	2.39640778473069	0	7.16245252403685
2022-11-13	7.43140119998551	11.839924224485	6.7169302016915	10.8813632171838	8.70747486960556	3.2950607040047	7.084671745904	5.87375944974183
2022-11-20	7.43140119998551	11.839924224485	6.26913485491207	5.44068160859192	8.70747486960556	4.1937136232787	1.4169343491808	7.72911189003891
2022-11-27	4.51192215713406	0	4.92574881457377	19.0423856300717	1.24392498137222	1.49775486545668	0	6.49525681890538
2022-12-04	-5.0427365285616	0	0	5.44068160859192	7.46354988823334	2.09685681163935	5.6677373967232	7.0344971833267
2022-12-11	16.4552455142536	11.839924224485	8.95590693558867	2.72034080429596	7.46354988823334	4.49326459637004	0	9.03913085445228
2022-12-18	9.156547907125	11.839924224485	10.7470883227064	8.16102241288789	13.6831747950945	7.18922335419207	0	9.13662063785049
2022-12-25	12.3414341356902	23.6798484489699	9.85149762914754	10.8813632171838	8.70747486960556	5.39191751564405	5.6677373967232	8.37802826078321
2023-01-01	6.23706886427355	23.6798484489699	4.0301581210149	8.16102241288789	8.70747486960556	4.49326459637004	0	7.7839498932004
2023-01-08	11.2798053928351	0	6.26913485491207	5.44068160859192	8.70747486960556	6.29057043491806	0	9.30113464733496
2023-01-15	13.5357664714022	47.3596968979399	8.95590693558867	19.0423856300717	7.46354988823334	5.69146848873539	5.6677373967232	12.7528822907776
2023-01-22	11.5452125785489	11.839924224485	9.85149762914754	24.4830672386637	16.1710247578389	6.59012140800939	8.5016060950848	12.6736718417666
2023-01-29	9.02384431426812	11.839924224485	8.95590693558867	-2.72034080429596	16.1710247578389	3.89416265018737	1.4169343491808	10.6416191690603
2023-02-05	7.29869760712862	23.6798484489699	5.82133950813264	-2.72034080429596	19.9027997019556	3.59461167709603	0	12.1953625919692
2023-02-12	9.95276946426631	23.6798484489699	8.50811158880924	2.72034080429596	6.21962490686112	5.09236654255271	4.2508030475424	8.58519405050439
2023-02-19	7.69680838569928	11.839924224485	4.92574881457377	2.72034080429596	12.4392498137222	4.1937136232787	1.4169343491808	9.27371564575421
