date	state	Island	King	Ann Arbor	Boston	San Diego	DC	USA
2020-01-26	0.132703592856884	0	0.447795346779434	0	0	0	0	0.0152327786559695
2020-02-02	0	0	0	0	1.24392498137222	0	0	0.00913966719358168
2020-02-09	0	0	0	0	0	0	0	0.0121862229247756
2020-02-16	0	0	0	0	0	0.599101946182672	0	0.00609311146238779
2020-02-23	0	0	0	0	0	0	0	0.00609311146238779
2020-03-01	1.32703592856884	0	3.58236277423547	0	0	0	0	0.0700707818174596
2020-03-08	14.7300988071141	0	33.1368556616781	0	23.6345746460722	0.299550973091336	0	1.52023130986575
2020-03-15	63.8304281641612	71.0395453469098	136.129785420948	13.6017040214798	67.1719489941001	3.89416265018737	0	8.21351425129874
2020-03-22	163.225419213967	177.598863367274	292.41036144697	97.9322689546546	501.301767493006	41.6375852596957	144.527303616442	96.6062822361584
2020-03-29	332.687907292208	852.474544162917	501.082993046186	573.991909706448	1241.43713140948	98.5522701470496	340.064243803392	330.855952407657
2020-04-05	391.741006113522	438.077196305944	451.377709553669	851.466671744636	2382.11633932781	252.221919342905	935.176670459328	638.475824253498
2020-04-12	343.038787535045	331.517878285579	563.774341595307	631.119066596663	3152.10590279721	143.185365137659	1236.98368683484	665.471354587607
2020-04-19	257.710377328069	94.7193937958797	334.950919391016	454.296914317426	3960.65714068916	138.99165151438	1300.74573254797	601.198168326609
2020-04-26	209.53897312102	-71.0395453469098	308.53099393103	391.729075818619	3754.16559378137	232.152004145785	1484.94719794148	629.567695295487
2020-05-03	228.780994085268	106.559318020365	262.408073212748	326.440896515515	2571.19293649639	264.803060212741	1664.89786028744	580.834989819309
2020-05-10	229.444512049553	59.1996211224248	249.869803502924	212.186582735085	1833.54542254266	299.251422118245	1779.66954257108	520.568024344832
2020-05-17	196.534021021045	23.6798484489699	208.224836252437	212.186582735085	1202.87545698694	272.591385513116	1205.81113115286	473.398201958757
2020-05-24	188.969916228203	11.839924224485	139.264352848404	190.423856300717	886.918511718395	259.111591724006	1398.51420264145	472.41111790185
2020-05-31	249.217347385228	11.839924224485	138.368762154845	160.500107453462	544.839141841034	233.649759011242	979.101635283932	438.807608186781
2020-06-07	322.735137827942	47.3596968979399	189.86522703448	87.0509057374708	434.129818498906	298.053218225879	752.392139415005	453.010651005607
2020-06-14	275.890769549462	11.839924224485	132.995217993492	65.2881793031031	312.225170324428	289.066689033139	616.366441893648	456.767054222169
2020-06-21	359.759440235013	47.3596968979399	195.238771195833	125.135676997614	238.833596423467	405.89156853876	358.484390342742	578.114415551353
2020-06-28	449.599772599123	71.0395453469098	360.027458810665	149.618744236278	253.760696199934	759.96081873272	323.061031613222	844.782485258486
2020-07-05	621.716332534502	35.5197726734549	480.932202441112	242.110331582341	259.980321106795	1016.97555364509	331.562637708307	1059.04370327762
2020-07-12	633.128841520194	142.07909069382	445.556370045536	421.652824665874	344.567219840106	958.862664865367	517.181037450992	1250.80915377762
2020-07-19	794.098299655594	106.559318020365	534.219848707864	514.144412011937	359.494319616573	1124.81390395797	586.610820560851	1377.63726886722
2020-07-26	735.974125984279	142.07909069382	565.565522982424	424.37316547017	330.884045045011	989.416864120683	735.388927224835	1397.4612070101
2020-08-02	718.0591409486	177.598863367274	464.363774610273	391.729075818619	505.033542437123	875.287943372884	699.965568495315	1299.36820557712
2020-08-09	658.87333853443	59.1996211224248	486.753541949244	378.127371797139	543.595216859662	877.684351157615	678.711553257603	1206.62190945238
2020-08-16	540.103622927518	47.3596968979399	461.229207182816	296.51714766826	648.084915294928	609.88578121396	661.708341067433	1133.78790158673
2020-08-23	521.790527113268	130.239166469335	531.980871973967	312.839192494036	675.451264885117	594.908232559393	524.265709196896	911.212632977169
2020-08-30	444.822443256275	82.8794695713947	386.895179617431	337.322259732699	638.133515443951	574.239215416091	522.848774847715	892.156426878551
2020-09-06	408.992473184917	35.5197726734549	308.53099393103	321.000214906924	565.985866524362	746.780575916701	453.418991737856	858.519405050439
2020-09-13	364.934880356431	47.3596968979399	259.273505785292	418.932483861578	618.230715741995	637.444470738363	443.50045129359	779.994431078917
2020-09-20	379.001461199261	213.118636040729	274.946342922572	389.008735014323	680.426964810606	609.586230240869	514.34716875263	888.42744266357
2020-09-27	525.506227713261	248.638408714184	306.739812543912	693.68690509547	671.719489941001	648.827407715834	417.995633008336	871.372823680346
2020-10-04	503.610134891875	82.8794695713947	433.913691029271	897.712465417668	878.21103684879	587.41945823211	381.155339929635	915.295017656969
2020-10-11	555.497239698917	260.478332938669	472.424090852302	674.644519465399	715.256864289028	679.082055998059	658.874472369072	1060.5456552531
2020-10-18	616.939003191654	213.118636040729	487.649132642803	1422.73824064679	1021.2624097066	580.230234877918	546.936658783789	1200.45872720818
2020-10-25	673.736140934401	319.677954061094	592.43324378919	1569.63664407877	1477.7828778702	717.125029580659	562.522936624777	1503.64586046513
2020-11-01	819.577389484116	331.517878285579	784.985242904347	1528.83153201433	1816.13047280345	815.976850700799	852.994478206841	1797.2332966131
2020-11-08	1273.68908424037	343.357802510064	1345.6250170722	1931.44197105013	2047.50051933868	995.108332609418	895.502508682265	2494.084175232
2020-11-15	1789.64065326794	769.595074591523	1688.18845735846	2725.78148590455	2630.90133560225	1466.002462309	1382.92792480046	3192.9762461908
2020-11-22	2186.82250668859	887.994316836372	2145.83530176705	3158.31567378761	2584.87611129148	2206.19291681769	1663.48092593826	3693.62893572082
2020-11-29	2388.53196783106	710.395453469098	2110.45946937147	3389.54464215277	2445.55651337779	2990.7169153439	1837.7638508875	3582.07625106743
2020-12-06	2558.12715950215	982.713710632252	2213.45239913074	2649.61194338427	4739.35417902817	3557.46735643271	2391.78518141719	4286.513053457
2020-12-13	2819.42053383736	816.954771489462	2360.32927287439	2796.51034681625	4957.04105076831	4840.14462320981	2462.63189887623	4647.67614227858
2020-12-20	1550.24337175412	603.836135448733	1230.98940829666	2494.5525175394	5004.31020006045	6049.73145255262	2447.04562103524	4717.69208609287
2020-12-27	1866.74144071779	509.116741652853	1303.08445912815	1335.68733490932	4260.44306119987	6081.7834066734	2268.51189303846	4007.0342169002
2021-01-03	2477.17796785946	568.316362775278	2047.32032547557	1713.81470670646	4784.13547835757	7031.95909331911	2213.25145342041	4775.49134142509
2021-01-10	2141.5705815244	1112.95287710159	1582.50875551852	2236.12014113128	6534.33792714829	7505.54918177652	2872.12592578948	5300.88815660386
2021-01-17	2423.1676055667	603.836135448733	1887.90518202209	1719.25538831505	5249.36342139078	6208.49346829103	2918.88475931245	4655.14629693146
2021-01-24	1375.60544355446	627.515983897703	1082.76914851267	1414.5772182339	4230.58886164693	4818.57695314723	2054.55480631216	3614.68658361413
2021-01-31	1512.68825497562	520.956665877338	1153.9686086506	2154.5099170024	3480.50209787948	3434.35190649217	2226.00386256304	3136.20063358427
2021-02-07	1133.68679377636	426.237272081459	756.326340710463	1678.45027625061	2725.43963418654	2690.26728933329	1647.89464809727	2522.81319577716
2021-02-14	1048.49108716224	497.276817428368	824.839028767717	1488.02641994989	2048.74444432005	1780.83053502799	1251.15303032665	1946.33478065346
2021-02-21	760.789697848516	142.07909069382	579.447178732587	1060.93291367543	1681.78657481525	1495.95755961813	1034.36207490198	1404.16972273019
2021-02-28	789.984488277031	367.037650959034	527.950713852952	1101.73802573986	1853.44822224461	1061.00954668951	1346.08763172176	1460.32383796756
2021-03-07	635.119395413047	686.715605020128	448.243142126213	726.330994747022	1641.98097541133	841.738234386654	1163.30310067744	1260.65257534511
2021-03-14	644.010536134458	627.515983897703	545.862527724129	843.305649331748	1603.4193009888	782.726692687661	1547.29230930543	1149.01458713124
2021-03-21	712.08747927004	343.357802510064	623.331122716971	1069.09393608831	1640.73705042996	701.847929953	1017.35886271181	1167.70520654211
2021-03-28	829.530158948382	224.958560265214	900.068647026661	2121.86582735085	2185.576192271	580.230234877918	1340.41989432504	1348.66147730784
2021-04-04	965.949452405259	272.318257163154	993.657874503563	2733.94250831744	2206.72291695432	674.88834237478	1221.39740899385	1375.06902238583
2021-04-11	1048.49108716224	319.677954061094	1019.63000461677	3555.48543121482	2545.07051188757	597.903742290307	1123.62893890037	1490.70713827475
2021-04-18	1226.71201236904	414.397347856974	1198.30034798176	3786.71439957998	1780.05664834365	579.930683904827	1178.88937851843	1447.29676566097
2021-04-25	1278.59911717608	615.676059673218	1228.30263621599	2157.2302578067	1283.73058077613	196.205887374825	936.593604808508	1232.42928305133
2021-05-02	1267.4520153761	674.875680795643	1252.93138028885	1409.13653662531	1047.38483431541	375.337369283444	675.877684559241	1052.13106832354
2021-05-09	1236.00126386902	580.156286999763	1170.53703648144	1052.77189126254	796.111988078223	471.493231645763	538.435052688704	870.504555296956
2021-05-16	1142.44523090491	402.557423632489	977.985037366283	720.89031313843	578.425116338084	384.024347503093	517.181037450992	705.628005680474
2021-05-23	654.096009191582	189.438787591759	435.704872416389	481.500322360385	419.202718722439	205.491967540657	287.637672883702	539.142874637921
2021-05-30	1092.54867999073	260.478332938669	630.943643612222	261.152717212412	266.199946013656	175.237319258432	212.54015237712	423.34024473951
2021-06-06	569.961931320317	248.638408714184	309.426584624589	81.6102241288789	187.832672187206	185.122501370446	240.878839360736	306.389063330439
2021-06-13	543.819323527511	260.478332938669	359.131868117106	95.2119281503587	120.660723193106	182.426542612624	157.279712759069	298.73611533368
2021-06-20	405.409476177781	260.478332938669	239.570510526997	73.449201715991	82.0990487705667	175.237319258432	90.6837983475712	245.637695494701
2021-06-27	424.120682770602	272.318257163154	350.175961181517	70.728860911695	77.1233488450779	221.068618141406	87.8499296492096	263.219368619421
2021-07-04	276.81969469946	118.39924224485	167.027664348729	62.5678384988071	65.9280240127278	157.264260872951	103.436207490198	276.182463255651
2021-07-11	347.152598913609	130.239166469335	241.361691914115	87.0509057374708	83.342973751939	436.745318767168	109.103944886922	431.209498193184
2021-07-18	655.423045120151	615.676059673218	431.674714295374	136.017040214798	267.443870995028	892.961450785273	279.136066788617	705.896102584819
2021-07-25	819.311982298402	710.395453469098	537.8022114821	242.110331582341	513.741017306728	1443.53613932715	454.835926087037	1134.068184714
2021-08-01	908.754203883942	639.355908122188	617.957578555618	416.212143057282	738.891438935101	2340.09220178952	602.19709840184	1739.33350494176
2021-08-08	2048.41265933886	1882.54795169311	1651.46923892255	601.195317749408	1085.94650873795	2526.11335607924	998.938716172464	2343.35278387545
2021-08-15	2480.49555768088	1645.74946720341	1973.43409325696	943.958259090699	1245.1689063536	2654.32117256233	1555.79391540052	2814.70370038284
2021-08-22	2810.52939311595	2143.02628463178	1888.80077271565	968.441326329363	1319.80440523593	2982.02993712425	1616.72209241529	3184.22958468655
2021-08-29	2983.57487820132	2178.54605730523	1917.45967490953	1022.84814241528	1337.21935497514	2681.87986208673	1720.15829990549	3339.00070894266
2021-09-05	3251.76883936509	1373.43121004026	1934.92369343393	1409.13653662531	1527.53987712509	2329.30836675823	1929.86458358425	3548.59765013734
2021-09-12	2951.46060872996	1337.9114373668	1676.09798299542	1354.72972053939	1384.48850426728	1796.10763465565	1484.94719794148	3126.78372981915
2021-09-19	3054.04048600833	2048.3068908359	1770.58280116588	1433.61960386397	1933.05942105244	1324.61440300989	2670.92124820581	3101.78064693325
2021-09-26	2616.91485113775	1989.10726971347	1451.30471891214	1509.78914638426	1452.90437824276	1613.68109204303	1918.5291087908	2571.60378581223
2021-10-03	2716.44254578042	2237.74567842766	1509.96590934025	1577.79766649166	1160.58200762028	1182.02813981841	1595.46807717758	2284.91984495115
2021-10-10	2269.49684503843	1622.06961875444	1364.43242163693	2032.09458080908	1105.84930843991	917.225079605671	1942.61699272688	2016.60968170491
2021-10-17	2268.56791988843	1503.67037650959	1507.27913725957	2108.26412332937	1010.06708487425	1149.97618569764	388.240011675539	1772.11749116513
2021-10-24	2061.68301862455	1622.06961875444	1245.76665474038	1643.08584579476	1007.5792349115	464.00445731848	867.163821698649	1523.33575015584
2021-10-31	1979.14138386757	1444.47075538717	1257.85712910343	1594.11971131743	945.38298584289	1190.11601609188	923.841195665881	1581.89969097658
2021-11-07	1627.07875201826	1065.59318020365	1109.63686931944	2363.97615893319	1090.92220866344	1075.98709534408	792.066301192067	1588.03850077494
2021-11-14	1693.96136281813	1266.87189201989	999.031418664916	2581.60342327687	1236.46143148399	1322.21799522516	810.486447731417	1719.30544756489
2021-11-21	1543.34278492556	1456.31067961165	950.669521212737	4094.11291046542	1776.32487339953	821.967870162626	930.925867411785	1995.74382150196
2021-11-28	799.937257741297	935.354013734312	442.86959796486	2644.17126177568	1807.42299793384	744.983270078153	682.962356305145	1552.29326238084
2021-12-05	1682.946964611	1243.19204357092	1110.08466466622	5184.9695729881	2369.67708951409	1340.19105361064	1303.57960124634	2620.14151172161
2021-12-12	1270.63690160467	1089.27302865262	875.439902953792	3958.09587025063	3638.48057051375	1744.58486728394	1802.34049215798	2526.38375909412
2021-12-19	1316.81775191886	852.474544162917	1280.2468964424	3579.96849845349	4353.73743480278	1536.99604293165	3566.42375688807	2892.75645821603
2021-12-26	1776.50299757511	982.713710632252	2388.09258437472	2663.21364740575	8467.39734820072	2947.28202424566	11825.734078263	4465.58045966939
2022-01-02	4687.35630689086	2131.18636040729	6911.27338219378	7124.57256645112	15022.8820000323	6303.45112676099	20858.6905542905	9103.10243169589
2022-01-09	10838.6986501789	7163.1541558134	12654.24870464	18487.4361059954	24000.2885905957	14188.2318404711	22322.3837369943	15759.9028682478
2022-01-16	14634.4195166643	12278.0014207909	17570.1460215846	16058.1717677591	23597.2568966311	29067.2282248909	16763.750285158	17186.7938036213
2022-01-23	14568.5985346073	10075.7755150367	14822.0259783992	15247.5102080789	15516.7202176371	21612.0036065937	7550.84314678448	15032.61994443
2022-01-30	18830.507122799	13864.5512668719	14593.202556195	9999.97279659196	8188.75815237335	17524.6305787624	3708.11719180615	10902.31903609
2022-02-06	9606.01497613127	7482.8321098745	8275.70580383071	4681.70652419335	4488.08133279098	7034.05595013075	2445.62868668606	6065.94837148846
2022-02-13	5819.98147192436	4439.97158418186	4201.66373883142	3182.79874102628	2801.31905805025	5210.3896259507	1809.42516390388	3760.89383970985
2022-02-20	-147.035580885428	568.316362775278	356.892891383209	2513.59490316947	2173.13694245727	3050.62710996217	1242.65142423156	2109.66063340276
2022-02-27	1054.33004524794	1089.27302865262	1234.5717710709	2393.89990778045	1786.27627325051	2162.15892377326	891.251705634723	1400.11475705197
2022-03-06	1692.89973407527	639.355908122188	1235.01956641768	1167.02620504297	1078.48295884972	1636.44696599797	498.760890911641	1008.89739594217
2022-03-13	1018.89818595516	568.316362775278	698.112945629137	848.74633094034	827.210112612529	1250.32576168324	772.229220303536	720.583547764905
2022-03-20	965.949452405259	994.553634856737	799.762489348068	780.737810832941	853.332537221345	1140.69010553181	749.558270716643	657.382749121287
2022-03-27	798.875628998442	426.237272081459	765.730042992831	1131.66177458712	1043.6530593713	1024.46432797237	807.652579033056	641.357865975207
2022-04-03	668.162590034411	153.919014918305	972.16369785815	1610.44175614321	1725.32394916327	774.339265441104	799.150972937971	584.15268901058
2022-04-10	1433.72961722578	532.796590101823	2499.14583037602	1485.3060791456	1943.01082090341	599.101946182672	1015.94192836263	757.742388018277
2022-04-17	993.286392533777	816.954771489462	1818.0491079245	2546.23899282102	2838.63680749141	673.390587509323	3073.33060337315	708.217578051989
2022-04-24	1166.72998839772	1373.43121004026	1852.08155427974	3117.51056172317	2800.07513306887	836.945418817193	2243.00707475321	1064.93878861748
2022-05-01	1958.83773416047	1799.66848212171	3084.86214396352	3433.0700950215	3623.55347073729	1033.7504081382	833.15739731831	1167.40359752473
2022-05-08	1322.92211719028	1172.15249822401	2106.87710659723	3977.1382558807	3946.97396589406	1391.11471903616	0	1550.14848714608
2022-05-15	2964.8636716085	2107.50651195832	4532.13670475465	5214.89332183536	4134.80663808127	1673.59128666129	4596.53502874251	1842.97428436124
2022-05-22	2910.45519853718	2237.74567842766	4126.43412057248	5013.58810231746	4017.87768983228	2321.22049048476	2866.45818839276	2435.23995128399
2022-05-29	2826.9846386302	1977.26734548899	4109.41789739486	4553.85050639144	2989.15173023745	2898.15566465868	2920.30169366163	2135.38270344123
2022-06-05	2388.13385705249	1894.38787591759	3631.17246703443	3446.67179904298	2064.91546907789	2859.51358912989	2456.96416147951	2383.16212761496
2022-06-12	2540.47758165219	1645.74946720341	3444.88960277418	3136.55294735324	2179.35656736414	3404.99591112922	2541.98022243035	2243.5049663413
2022-06-19	2333.99079116688	1278.71181624438	3065.15914870522	2750.26455314322	1669.34732500152	3183.02864006854	1564.2955214956	2228.60426226003
2022-06-26	2424.49464149527	1574.7099218565	3326.67163122441	1403.69585501672	1437.97727846629	2870.89652610736	2712.01234433205	2169.01363215788
2022-07-03	2604.44071340921	1775.98863367274	3374.58573332981	2053.85730724345	1481.51465281432	3717.42757606348	1734.3276433973	2441.68037009973
2022-07-10	2435.90715048096	1065.59318020365	3249.20303623157	1945.04367507161	1294.92590560848	3333.70277953348	1756.99859298419	2282.29066735513
2022-07-17	2251.97997078132	1278.71181624438	2815.2893452023	2402.06093019333	1128.23995810461	4402.80020249646	2051.7209376138	2898.22197919779
2022-07-24	2405.51802771674	1195.83234667298	2699.7581457332	2097.38276011219	1644.46882537408	4279.98430352901	2040.38546282035	2607.23325508854
2022-07-31	1344.42009923309	686.715605020128	1563.253555607	2402.06093019333	1516.34455229274	3767.75213954283	1912.86137139408	2825.97900314399
2022-08-07	2478.90311456659	1681.26923987686	2660.35215521661	2600.64580890694	1465.34362805648	3201.30124942711	1289.41025775453	2383.59778508452
2022-08-14	1588.4620064969	1112.95287710159	1777.29973136757	1898.79788139858	1380.75672932317	2354.4706484979	1337.58602562667	2452.21231326247
2022-08-21	1340.57169504024	923.514089509827	1470.55991882366	2622.40853534131	1155.6063076948	1906.34239275326	966.349226141305	1825.22505067131
2022-08-28	1032.43395242656	426.237272081459	1126.65309249705	2018.4928767876	1078.48295884972	1625.0640290205	1018.77579706099	2014.53497725196
2022-09-04	1164.60673091201	899.834241060857	1268.60421742613	1904.23856300717	980.212885321312	1331.2045244179	860.079149952745	1675.42285881277
2022-09-11	844.52566494121	402.557423632489	916.6370748575	2203.47605147973	937.919435954656	956.166706107545	725.470386780569	1515.12223590454
2022-09-18	959.048865576701	627.515983897703	1028.13811620558	2655.05262499286	1056.09230918502	515.527224690189	746.724402018281	1237.65412613033
2022-09-25	995.276946426631	1041.91333175468	1076.50001365776	1887.9165181814	1243.92498137222	947.479727887896	867.163821698649	1231.59148022525
2022-10-02	1044.77538656225	899.834241060857	1160.68553885229	1387.37381019094	1243.92498137222	729.706170450495	682.962356305145	990.749063451448
2022-10-09	846.25081164835	651.195832346673	939.026842196472	1362.89074295228	1268.80348099967	988.518211201409	232.377233265651	917.068113092524
2022-10-16	675.328584048683	532.796590101823	740.653503573183	1112.61938895705	914.284861308584	590.714518936115	620.61724494119	768.429705523305
2022-10-23	640.427539127323	473.596968979399	657.363569072208	1161.58552343438	891.894211643884	552.371994380424	46.7588335229664	795.196744177574
2022-10-30	347.152598913609	224.958560265214	364.505412278459	1139.82279700001	1773.83702343679	557.464360922976	793.483235541248	783.129336926315
2022-11-06	563.194048084616	367.037650959034	539.593392869217	1088.13632171838	609.523240872389	622.167371110705	470.422203928025	886.371017545014
2022-11-13	609.773009177382	544.636514326308	557.505206740395	1177.90756826015	720.232564214517	730.005721423586	624.868047988733	782.590096561894
2022-11-20	639.896724755895	438.077196305944	544.966937030571	1566.91630327447	465.227943033212	726.710660719581	379.738405580454	955.399877302405
2022-11-27	724.561616998587	591.996211224248	724.980666435903	998.365075176618	584.644741244945	901.34887803183	803.401775985513	798.282905133274
2022-12-04	750.306114012823	603.836135448733	757.669726750801	848.74633094034	707.793314400795	1348.5784808572	412.327895611613	1249.8890939468
2022-12-11	859.255763748324	627.515983897703	773.342563888082	1286.72120043199	1049.87268427816	1976.43732045664	617.783376242829	1364.21719087131
2022-12-18	864.696611055457	1207.67227089747	833.794935703305	1164.30586423867	1205.36330694968	1695.75805867005	824.655791223225	1471.99519297376
2022-12-25	836.828856555511	745.915226142553	780.507289436553	1504.34846477567	1319.80440523593	1648.12945394853	1076.87010537741	1432.78906726903
2023-01-01	602.872422348824	651.195832346673	619.748759942736	1033.72950563247	1114.55678330951	1586.42195349172	0	1179.13588364555
2023-01-08	733.585461312855	603.836135448733	737.966731492506	894.992124613372	1386.97635423003	1432.45275332277	1662.06399158908	1534.54098213517
2023-01-15	740.884158919984	497.276817428368	811.405168364333	1011.9667791981	1350.90252977023	1610.98513328521	644.705128877264	1132.29508927845
2023-01-22	609.640305584525	438.077196305944	585.26851824072	2815.55273244632	971.505410451706	806.091668588785	786.398563795344	1075.05640020078
