date	state	King	Snohomish	Pierce	Ann Arbor	Boston	San Diego	DC
2020-01-26	0	0	0	0	0	0	0	0
2020-01-27	0	0	0	0	0	0	0	0
2020-01-28	0	0	0	0	0	0	0	0
2020-01-29	0	0	0	0	0	0	0	0
2020-01-30	0	0	0	0	0	0	0	0
2020-01-31	0	0	0	0	0	0	0	0
2020-02-01	0	0	0	0	0	0	0	0
2020-02-02	0	0	0	0	0	0	0	0
2020-02-03	0	0	0	0	0	0	0	0
2020-02-04	0	0	0	0	0	0	0	0
2020-02-05	0	0	0	0	0	0	0	0
2020-02-06	0	0	0	0	0	0	0	0
2020-02-07	0	0	0	0	0	0	0	0
2020-02-08	0	0	0	0	0	0	0	0
2020-02-09	0	0.0434248001065954	0	0	0	0	0	0
2020-02-10	0	0.316312335246836	0	0	0	0	0	0
2020-02-11	0	0.602578416962881	0	0	0	0	0	0
2020-02-12	0.099516305097595	0.902953418183391	0	0	0	0	0	0
2020-02-13	0.236357073782665	1.21816771183703	0.150629944491601	0	0	0	0	0
2020-02-14	0.381565162280606	1.54895167085246	0.327901502113235	0	0	0	0	0
2020-02-15	0.5356434339733	1.89603566815834	0.516801747064461	0	0	0	0	0
2020-02-16	0.699094752242624	2.26015007668334	0.718032505201581	0	0	0	0	0
2020-02-17	0.872421980470458	2.64202526935611	0.932295602380894	0	0	0	0	0
2020-02-18	1.05612798203868	3.04239161910533	1.1602928644587	0	0	0	0	0
2020-02-19	1.25071562032917	3.46197949885964	1.40272611729131	0	0	0	0	0
2020-02-20	1.45668775872381	3.90151928154772	1.66029718673501	0	0	0	0	0
2020-02-21	1.67454726060448	4.36174134009823	1.93370789864611	0.0526543432497321	0	0	0	0
2020-02-22	1.90479698935306	4.84337604743983	2.22366007888091	0.12478457855867	0	0	0	0
2020-02-23	2.14793980835142	5.34715377650117	2.5308555532957	0.203594434574771	0	0	0	0
2020-02-24	2.40441340721663	5.8736080074283	2.85591536872458	0.289434383212203	0	0	0	0
2020-02-25	2.67439478050653	6.42248464923669	3.19913745591269	0.382725942429572	0	0	0	0
2020-02-26	2.95799574901412	6.99333271815919	3.56073896658297	0.483908391696596	0	0	0	0
2020-02-27	3.25532813353242	7.58570123042866	3.94093705245837	0.593421010482992	0	0	0	0
2020-02-28	3.56650375485444	8.19913920227793	4.33994886526181	0.711703078258477	0.211863392473783	0	0.0251418175980094	0
2020-02-29	3.89163443377321	8.83319564993986	4.75799155671623	0.839193874492767	0.449390996585105	0	0.0786764050561116	0
2020-03-01	4.23083199108172	9.4874195896473	5.19528227854457	0.976332678655581	0.71133576284523	0	0.137841296600928	0
2020-03-02	4.58403928403167	10.1611103683775	5.65178884001964	1.12346278441032	0.99896176550535	0	0.202933622351245	0
2020-03-03	4.95052331570942	10.8525686560856	6.12648168061368	1.28054354219512	1.31299130910192	0	0.274133415656549	0.0586417494868928
2020-03-04	5.32938212566001	11.5598454534708	6.61808189734884	1.4474383166418	1.6540112557427	0.426065448753874	0.351591435674004	0.548921432870942
2020-03-05	5.71971375342846	12.2809917612326	7.12531058724722	1.62401047238219	2.02260846753548	1.4708799161363	0.435458441560773	1.08984657233335
2020-03-06	6.12061623855982	13.0140585800706	7.64688884733097	1.81012337404811	2.41936980658801	2.62135408505784	0.52588519247402	1.68355113122747
2020-03-07	6.53118762059911	13.757096910684	8.18153777462219	2.00564038627137	2.84488213500808	3.88194500393614	0.623022447570906	2.33216907290662
2020-03-08	6.95052593909137	14.5081577537723	8.72797846614302	2.2104248736838	3.29973231490344	5.25710972118886	0.727020966008596	3.03783436072413
2020-03-09	7.37772923358163	15.265292110035	9.28493201891559	2.42434020091722	3.78450720838187	6.75130528523369	0.838031506944252	3.80268095803335
2020-03-10	7.81189554361493	16.0265509801714	9.85111952996202	2.64724973260346	4.29979367755114	8.36898874448829	0.956204829535039	4.62884282818761
2020-03-11	8.2521229087363	16.7899853648811	10.4252620963044	2.87901683337433	4.84617858451901	10.1146171473703	1.08169169293812	5.51845393454023
2020-03-12	8.69750936849077	17.5536462648634	11.006080814965	3.11950486786166	5.42424879139327	11.9926475422974	1.21464285631065	6.47364824044457
2020-03-13	9.14715296242337	18.3155846808177	11.5922967829657	3.36857720069727	6.03459116028167	14.0075369776873	1.35520907880981	7.49655970925394
2020-03-14	9.60015173007915	19.0738516134435	12.1826310973288	3.62609719651297	6.67779255329199	16.1637425019576	1.50354111959274	8.58932230432169
2020-03-15	10.0556037110031	19.8264980634402	12.7758048550765	3.8919282199406	7.35443983253201	18.4657211635261	1.65978973781663	9.75406998900116
2020-03-16	10.5122758049764	20.5711986680909	13.3699743517693	4.16574509167815	8.06479950415953	20.9174432498514	1.82403330858521	10.9925629993799
2020-03-17	10.9676103527239	21.3041226110139	13.9610366771229	4.44646845668839	8.80785665053259	23.5209320045572	1.99606067078859	12.3050666624827
2020-03-18	11.4187185552069	22.021062712411	14.5443241193912	4.73283041600024	9.58227599805928	26.2777239103081	2.17558827926346	13.6914725780685
2020-03-19	11.8627116133865	22.7178117924841	15.1151689668283	5.02356307064266	10.3867222731477	29.1893554497689	2.36233258884652	15.1516723458961
2020-03-20	12.2967007282237	23.3901626714351	15.6689035076882	5.31739852164458	11.2198602022059	32.2573631056042	2.55601005437447	16.6855575657247
2020-03-21	12.7177971006796	24.0339081694658	16.2008600302251	5.61306887003494	12.0803545116419	35.4832833604787	2.75633713068398	18.293019837313
2020-03-22	13.1231119317154	24.6448411067781	16.7063708226929	5.90930621684268	12.966869927864	38.8686526970571	2.96303027261176	19.9739507604202
2020-03-23	13.5100986201819	25.2192932634599	17.1814137199456	6.20487239674901	13.8777824640817	42.4127896693526	3.17573953593072	21.7275086229486
2020-03-24	13.8775793564891	25.7557522591428	17.624548743236	6.49864817904423	14.8103132807116	46.1061411167727	3.3938493801587	23.5499184653753
2020-03-25	14.2247185289368	26.2532446733441	18.0349814604167	6.78954406667092	15.7613948249716	49.9369359500733	3.61667786574972	25.4366720163207
2020-03-26	14.5506805258248	26.7107970855814	18.4119174393404	7.07647056257165	16.72795954408	53.8934030800104	3.84354305315785	27.3832610044052
2020-03-27	14.8546297354527	27.1274360753721	18.7545622478598	7.358338169689	17.7069398852548	57.9637714173399	4.07376300283712	29.3851771582494
2020-03-28	15.1357305461205	27.5021882222337	19.0621214538275	7.63405739096554	18.695268295714	62.1362698728177	4.3066557752416	31.4379122064736
2020-03-29	15.3931473461278	27.8340801056837	19.3338006250962	7.90253872934384	19.6898772226758	66.3991273572	4.54153943082532	33.5369578776985
2020-03-30	15.6260445237744	28.1221383052395	19.5688053295185	8.16269268776648	20.6876991133583	70.7405727812426	4.77773203004233	35.6778059005443
2020-03-31	15.8335864673601	28.3653894004187	19.766341134947	8.41342976917603	21.6856664149795	75.1488350557014	5.01455163334668	37.8559480036317
2020-04-01	16.0149375651847	28.5628599707387	19.9256136092345	8.65366047651507	22.6807115747575	79.6121430913325	5.25131630119242	40.066875915581
2020-04-02	16.1692622055479	28.713576595717	20.0458283202336	8.88229531272618	23.6697670399105	84.1187257988918	5.4873440940336	42.3060813650128
2020-04-03	16.2957247767495	28.816565854871	20.1261908357969	9.09824478075192	24.6497652576564	88.6568120891354	5.72195307232427	44.5690560805475
2020-04-04	16.3934896670892	28.8708543277183	20.165906723777	9.30041938353487	25.6176386752134	93.214630872819	5.95446129651847	46.8512917908056
2020-04-05	16.4617212648669	28.8754685937763	20.1641815520268	9.4877296240176	26.5703197397996	97.7804110606987	6.18418682707024	49.1482802244075
2020-04-06	16.5000320974915	28.8300942955086	20.1208728044401	9.65922026454551	27.5043975529717	102.339170034458	6.4104498011646	51.454527780296
2020-04-07	16.5098272488096	28.7370533271636	20.0384456290769	9.81447310507522	28.4150878336409	106.863079059492	6.63257866291037	53.7605995387028
2020-04-08	16.4929599417765	28.5993266459357	19.9200170900382	9.9532042049662	29.297262955057	111.321097872123	6.84990393314733	56.0560752501816
2020-04-09	16.4512833993481	28.4198952090194	19.7687042514253	10.0751296235779	30.14579529047	115.682186208673	7.06175613271527	58.3305346652866
2020-04-10	16.38665084448	28.2017399736092	19.5876241773395	10.1799654202697	30.9555572131296	119.915303805466	7.26746578245396	60.5735575345715
2020-04-11	16.3009155001278	27.9478418968995	19.3798939318818	10.2674276544012	31.7214210962857	123.989410398822	7.46636340320319	62.7747236085903
2020-04-12	16.1959305892471	27.6611819360847	19.1486305791536	10.3372323853317	32.4382593131882	127.873465725065	7.65777951580274	64.9236126378969
2020-04-13	16.0734088387197	27.3445326048354	18.8967918062515	10.3892799836112	33.1014793931804	131.539891583422	7.84116135338159	67.010546184774
2020-04-14	15.9345009911322	26.9998326427255	18.6266977922545	10.4242080645513	33.70862948998	134.974958024736	8.01642299822556	69.02881305842
2020-04-15	15.7802172929974	26.628812345805	18.3405093392368	10.4428385546542	34.257792913398	138.168397162756	8.18359524490964	70.9724438797618
2020-04-16	15.6115679908277	26.2332020101239	18.0403872492728	10.4459933804221	34.7470529732456	141.10994111123	8.34270888800886	72.8354692697265
2020-04-17	15.4295633311361	25.8147319317322	17.728492324437	10.434494468357	35.1744929793338	143.789321983906	8.49379472209822	74.6119198492414
2020-04-18	15.2352135604351	25.3751324066798	17.4069853668036	10.4091637449612	35.5381962414739	146.196271894533	8.63688354175273	76.2958262392333
2020-04-19	15.0295289252374	24.9161337310168	17.0780271784472	10.3708231367367	35.8362460694769	148.320522956859	8.7720061415474	77.8812190606295
2020-04-20	14.8135196720558	24.4394662007931	16.743778561442	10.3202945701857	36.0667257731539	150.151807284632	8.89919331605724	79.362128934357
2020-04-21	14.5881960474029	23.9468601120586	16.4064003178624	10.2583999718103	36.2277186623162	151.679856991601	9.01847585985727	80.7325864813428
2020-04-22	14.3545682977915	23.4400457608634	16.0680532497829	10.1859612681127	36.3173080467747	152.894404191514	9.12988456752248	81.9866223225142
2020-04-23	14.1136466697343	22.9207534432574	15.7308981592777	10.103800385595	36.3335772363407	153.785180998118	9.2334502336279	83.1182670787982
2020-04-24	13.8664414097438	22.3907134552907	15.3970958484213	10.0127392507594	36.2746095408251	154.341919525164	9.32920365274853	84.1215513711218
2020-04-25	13.6139627643329	21.8516560930131	15.0688071192881	9.91359979010801	36.1384882700393	154.554351886398	9.41717561945939	84.9905058204121
2020-04-26	13.3572209800142	21.3053116524747	14.7481927739523	9.80720393014292	35.9232967337942	154.412210195569	9.49739692833547	85.7191610475962
2020-04-27	13.0971476112145	20.7534011994463	14.4370460377245	9.69426935150826	35.62847259074	153.910852600579	9.5698734652712	86.3029800978625
2020-04-28	12.8343594440166	20.1976088785822	14.1356898288588	9.57509675141589	35.258870894882	153.068141385948	9.63451148143854	86.7431557134437
2020-04-29	12.5693945724175	19.6396096042576	13.8440794888455	9.44988258121961	34.8207010490649	151.907564870349	9.69119231932888	87.042313060834
2020-04-30	12.3027910904141	19.0810782908476	13.5621703591749	9.31882329227324	34.3201724561329	150.452611372454	9.73979732143361	87.2030773065274
2020-05-01	12.0350870920033	18.5236898527273	13.2899177813372	9.18211533593057	33.7634945189305	148.726769210937	9.78020783024409	87.228073617018
2020-05-02	11.766820671182	17.969119204272	13.0272770968227	9.03995516354542	33.1568766403022	146.753526704471	9.81230518825171	87.1199271587998
2020-05-03	11.4985299219473	17.4190412598569	12.7742036471216	8.8925392264716	32.5065282230923	144.556372171728	9.83597073794784	86.8812630983669
2020-05-04	11.2307535931889	16.8749451365112	12.5305268773538	8.74013563299183	31.8181315988272	142.157820628828	9.85113816580072	86.5151850359687
2020-05-05	10.9640330533689	16.3375767618816	12.2955726471574	8.58329911910452	31.0952608137611	139.576493881675	9.85795053418601	86.0267103068751
2020-05-06	10.6989103258422	15.8074962662688	12.0685409198001	8.42265607773702	30.3409628428298	136.830040433616	9.8566032494562	85.4213346801115
2020-05-07	10.4359274339637	15.2852637799735	11.8486316585497	8.25883290181665	29.5582846609694	133.936108788	9.84729171796379	84.7045539247033
2020-05-08	10.1756264010885	14.7714394332967	11.6350448266737	8.09245598427074	28.7502732431159	130.912347448178	9.8302113460613	83.8818638096757
2020-05-09	9.9185492505714	14.2665833565389	11.4269803874401	7.92415171802662	27.9199755642053	127.776404917497	9.80555754010121	82.958760104054
2020-05-10	9.66523800576744	13.7712556800011	11.2236383041163	7.75454649601164	27.0704385991736	124.545929699307	9.77352570643606	81.9407385768636
2020-05-11	9.41623469003156	13.286016533984	11.0242185399703	7.58426671115313	26.2047093229568	121.238570296957	9.73431125141832	80.8332949971299
2020-05-12	9.1720813267187	12.8114260487883	10.8279210582696	7.4139387563784	25.3258347104909	117.871975213795	9.68810958140051	79.641925133878
2020-05-13	8.93331993918381	12.3480443547149	10.633945822282	7.24418902461481	24.4368617367118	114.463792953171	9.63511610273513	78.3721247561333
2020-05-14	8.70049255078186	11.8964315820645	10.4414927952752	7.07564390878968	23.5408373765557	111.031672018434	9.57552622177469	77.0293896329213
2020-05-15	8.47414118486779	11.4571478611379	10.2497619405169	6.90892980183034	22.6408086049585	107.593260912931	9.50953534487169	75.619215533267
2020-05-16	8.25480786479655	11.0307533222358	10.0579532212748	6.74467309666414	21.7398223968561	104.166208140014	9.43733887837863	74.1470982261959
2020-05-17	8.04303461392311	10.6178080956591	9.86526660081668	6.58350018621839	20.8409257271847	100.76816220303	9.35913222864803	72.6185334807333
2020-05-18	7.83931244484727	10.2187504794805	9.67110066631884	6.42600738808133	19.9470772467961	97.4144586663103	9.27527692239559	71.0395192390597
2020-05-19	7.64392832714835	9.83353144286101	9.4756485005925	6.27267071848474	19.0608823102062	94.1111813381185	9.1867989677899	69.4180621359766
2020-05-20	7.45711821965053	9.46198012273348	9.27930181035749	6.12393611832131	18.1848579478468	90.8621010876989	9.09489049336276	67.7626709794405
2020-05-21	7.27911808117797	9.10392565603089	9.08245230233367	5.98024952848372	17.3215211901497	87.6709887842965	9.00074362764597	66.0818545774082
2020-05-22	7.11016387055486	8.75919717968616	8.88549168324091	5.84205688986466	16.4733890675467	84.5416152971563	8.90555049917134	64.3841217378363
2020-05-23	6.95049154660536	8.42762383063224	8.68881165979905	5.7098041433568	15.6429786104696	81.4777514955232	8.81050323647065	62.6779812686813
2020-05-24	6.80033706815366	8.10903474580205	8.49280393872795	5.58393722985283	14.8328068493501	78.4831682486422	8.71679396807571	60.9719419779001
2020-05-25	6.65987548635224	7.80325784588845	8.29791024493612	5.46484089703535	14.0451102533791	75.561105153779	8.62548485802071	59.2734492253731
2020-05-26	6.52903822166679	7.51011618662388	8.10477237608674	5.35265511974668	13.2810030467827	72.7126767202823	8.53711821234933	57.5856945786768
2020-05-27	6.40769578689133	7.22943160750072	7.91408214803166	5.24745867961905	12.5413188925464	69.938466185522	8.45210637260765	55.9108061573118
2020-05-28	6.29571869481986	6.96102594801132	7.7265313766227	5.14933035828469	11.8268914536554	67.2390567868676	8.37086168034175	54.2509120807784
2020-05-29	6.1929774582464	6.70472104764804	7.54281187771172	5.05834893737585	11.138554393095	64.6150317616888	8.29379647709771	52.6081404685771
2020-05-30	6.09934258996495	6.46033874590324	7.36361546715054	4.97459319852474	10.4771413738504	62.066974347355	8.2213231044216	50.9846194402084
2020-05-31	6.01468460276953	6.22770088226929	7.18963396079101	4.89814192336363	9.84348605890692	59.5954677812361	8.1538539038595	49.3824771151726
2020-06-01	5.93887400945414	6.00662929623854	7.02155917448497	4.82907389352472	9.23842211124984	57.2010953007017	8.09180121695749	47.8038416129704
2020-06-02	5.87178132281278	5.79694582730336	6.86008292408425	4.76746789064027	8.66278319386442	54.8844401431213	8.03557738526164	46.2508410531021
2020-06-03	5.81327705563948	5.59847231495611	6.70589702544071	4.71340269634251	8.11740296973594	52.6460855458647	7.98559475031803	44.7256035550682
2020-06-04	5.76323172072824	5.41103059868915	6.55969329440616	4.66695709226367	7.60311510184966	50.4866147463013	7.94226565367274	43.230257238369
2020-06-05	5.72151583087306	5.23444251799483	6.42216354683247	4.62820986003598	7.12075325319087	48.406610981801	7.90600243687184	41.7669302225052
2020-06-06	5.68799989886795	5.06852991236553	6.29399959857146	4.59723978129169	6.67115108674484	46.4066574897333	7.87721744146141	40.3377506269771
2020-06-07	5.66255443750694	4.9131146212936	6.17589326547497	4.57412563766302	6.25514226549683	44.4873375074678	7.85632300898752	38.9448465712852
2020-06-08	5.64506349248943	4.76805507497353	6.06825192253746	4.55887662459628	5.8731241117434	42.6485625542083	7.8437119408241	37.5898369019244
2020-06-09	5.63546524113656	4.63335606640825	5.97034518132384	4.55122359279404	5.52374858502608	40.8875572764953	7.83969887765642	36.2723033733676
2020-06-10	5.63371139367487	4.50905897930287	5.88115821254163	4.5508278067729	5.20523130419773	39.2008746027031	7.84457891999758	34.9913184670825
2020-06-11	5.63975366033088	4.39520519736244	5.79967618689836	4.55735053104949	4.91578788811116	37.5850674612064	7.8586471683607	33.7459546645362
2020-06-12	5.65354375133115	4.29183610429204	5.72488427510155	4.57045303014044	4.65363395561918	36.0366887803796	7.8821987232589	32.5352844471964
2020-06-13	5.6750333769022	4.19899308379674	5.65576764785873	4.58979656856238	4.41698512557464	34.5522914885972	7.91552868520528	31.3583802965305
2020-06-14	5.7041742472706	4.11671751958163	5.59131147587743	4.61504241083192	4.20405701683035	33.1284285142338	7.95893215471296	30.2143146940058
2020-06-15	5.74087746038547	4.04499114189959	5.53063137625202	4.64584636357372	4.01316821519794	31.7621341207091	8.01257242047634	29.1023036904254
2020-06-16	5.78489166508651	3.98355706719485	5.47336475162437	4.6818424018445	3.8430491743242	30.4523679116234	8.07608552391495	28.0221376139343
2020-06-17	5.83592489793597	3.93209875845943	5.41927945102318	4.72265904280904	3.69253331481472	29.1985708256226	8.14897569462962	26.973750362013
2020-06-18	5.89368519549613	3.89029967868539	5.36814332347716	4.76792480363209	3.56045405727509	28.0001838013521	8.23074716222118	25.957075832142
2020-06-19	5.95788059432928	3.85784329086474	5.31972421801502	4.8172682014784	3.4456448223109	26.8566477774576	8.32090415629046	24.972047921802
2020-06-20	6.0282191309977	3.83441305798954	5.27378998366549	4.87031775351274	3.34693903052774	25.7674036925849	8.41895090643827	24.0186005284733
2020-06-21	6.10440884206366	3.81969244305181	5.23010846945726	4.92670197689987	3.2631701025312	24.7318924853794	8.52439164226545	23.0966675496366
2020-06-22	6.18615776408944	3.8133649090436	5.18844752441904	4.98604938880454	3.19317145892687	23.7495550944869	8.63673059337282	22.2061828827724
2020-06-23	6.27317393363732	3.81511391895694	5.14857499757957	5.04798850639153	3.13577652032035	22.819832458553	8.7554719893612	21.3470804253613
2020-06-24	6.36516538726958	3.82462293578387	5.11025873796754	5.11214784682558	3.08981870731722	21.9421655162234	8.88012005983143	20.5192940748837
2020-06-25	6.4618401615485	3.84157542251643	5.07326659461166	5.17815592727145	3.05413144052307	21.1159952061436	9.01017903438432	19.7227577288202
2020-06-26	6.56290629303635	3.86565484214665	5.03736641654065	5.24564126489391	3.02754814054349	20.3407624669593	9.14515314262071	18.9574052846514
2020-06-27	6.66807181829543	3.89654465766657	5.00232605278322	5.31423237685772	3.00890222798408	19.6159082373162	9.28454661414141	18.2231706398577
2020-06-28	6.777044773888	3.93392833206824	4.96791335236808	5.38355778032763	2.99702712345041	18.9408734558599	9.42786367854726	17.5199876919198
2020-06-29	6.88952418236933	3.97748109471018	4.9339901903017	5.4534750489553	2.99082673465852	18.3148891578536	9.5744544901967	16.8475732823908
2020-06-30	7.00517301026663	4.02684524041699	4.90079454550158	5.52475798233998	2.98948691776613	17.736346765031	9.72305290247866	16.2047760291152
2020-07-01	7.12364521010013	4.08165483037973	4.86865842286297	5.59840943656779	2.99226401604139	17.2034277957431	9.87223869353973	15.5902274940098
2020-07-02	7.24459473439002	4.14154392578951	4.83791382728112	5.67543226772487	2.99841437275246	16.7143137683411	10.0205916415264	15.0025592389917
2020-07-03	7.36767553565651	4.2061465878374	4.8088927636513	5.75682933189737	3.00719433116748	16.2671862011763	10.1666915245854	14.440402825978
2020-07-04	7.49254156641981	4.27509687771448	4.78192723686875	5.84360348517142	3.01786023455462	15.8602266125998	10.309118120863	13.9023898168857
2020-07-05	7.61884677920012	4.34802885661184	4.75734925182873	5.93675758363315	3.02966842618204	15.4916165209628	10.4464512085061	13.3871517736317
2020-07-06	7.74622440822376	4.42458853937288	4.73543359280882	6.03707469399503	3.04196472766992	15.1594969872872	10.5774378413982	12.8935100935415
2020-07-07	7.87422481454154	4.5044697554502	4.71622616161595	6.14445872547481	3.0544528740467	14.8618472432785	10.7014941763724	12.4210455155742
2020-07-08	8.00237764091035	4.58737828794876	4.69971563943935	6.25859379791658	3.06692607869283	14.5966060633131	10.8182036459986	11.9695286140971
2020-07-09	8.13021253008709	4.67301991997348	4.68589070746828	6.37916403116442	3.07917755498878	14.3617122217672	10.927149682847	11.5387299634778
2020-07-10	8.25725912482868	4.76110043462929	4.67474004689198	6.5058535450624	3.09100051631501	14.155104493017	11.0279157194876	11.1284201380837
2020-07-11	8.38304706789202	4.85132561502112	4.6662523388997	6.63834645945463	3.10218817605199	13.974721651439	11.1200851884906	10.7383697122821
2020-07-12	8.50710600203402	4.94340124425391	4.66041626468069	6.77632689418516	3.11253374758018	13.8185024714093	11.203241522426	10.3683492604406
2020-07-13	8.62896557001159	5.0370331054326	4.6572205054242	6.91947896909809	3.12183044428005	13.6843857273043	11.2769681538639	10.0181293569267
2020-07-14	8.74815541458162	5.13192698166211	4.65665374231946	7.0674868040375	3.12987147953207	13.5703101935002	11.3408485153744	9.68748057610762
2020-07-15	8.86420517850103	5.22778865604737	4.65870465655574	7.22003451884747	3.13645006671669	13.4742146443734	11.3944660395276	9.37617349235097
2020-07-16	8.97664450452673	5.32432391169332	4.66336192932228	7.37680623337208	3.14135941921438	13.3940378543002	11.4374041588936	9.08397868002414
2020-07-17	9.08500303541561	5.42123853170489	4.67061424180832	7.53748606745542	3.14439275040561	13.3277185976567	11.4692463060425	8.81066671349457
2020-07-18	9.18881041392459	5.51823829918702	4.68045027520311	7.70175814094157	3.14534327367083	13.2731956488194	11.4895759135443	8.55600816712971
2020-07-19	9.28759628281058	5.61502899724463	4.6928587106959	7.8693065736746	3.14400420239053	13.2284077821645	11.4979764139692	8.31977361529701
2020-07-20	9.38082392866826	5.71117484851921	4.70769781796406	8.03961390546436	3.14014104170128	13.1914649715508	11.4943011063746	8.1016836237622
2020-07-21	9.4676912134435	5.80567383379845	4.72430422063742	8.21135635598369	3.1334084637642	13.1611619887669	11.4794827557677	7.9012587238842
2020-07-22	9.54732964291996	5.89738237340658	4.74188413083397	8.38300856487121	3.1234334324965	13.136464805084	11.4547239936429	7.7179694384202
2020-07-23	9.61887072288129	5.98515688766786	4.75964376067165	8.55304517176552	3.10984291181543	13.1163393917731	11.4212274514947	7.55128629012743
2020-07-24	9.68144595911114	6.0678537969065	4.77678932226843	8.71994081630523	3.09226386563821	13.0997517201054	11.3801957608175	7.40067980176308
2020-07-25	9.73418685739316	6.14432952144677	4.79252702774227	8.88217013812895	3.07032325788207	13.0856677613521	11.332831553106	7.26562049608437
2020-07-26	9.77622492351101	6.21344048161288	4.80606308921114	9.03820777687527	3.04364805246424	13.0730534867841	11.2803374598545	7.14557889584852
2020-07-27	9.80688266100639	6.27423252186145	4.81668313345403	9.18673153136859	3.01195874588271	13.0610172269312	11.2237613029576	7.03993749112623
2020-07-28	9.82624656445326	6.32650918317853	4.82399044589406	9.32723183717636	2.97534996495841	13.0492367493563	11.1635316659096	6.9477266412423
2020-07-29	9.83459412618361	6.37026343068251	4.82766772661538	9.45940228905178	2.93400986909306	13.0375321808812	11.0999223226051	6.86788867283502
2020-07-30	9.83220283852945	6.4054882294918	4.82739767570213	9.5829364817481	2.88812661768836	13.0257236483274	11.0332070469384	6.7993659125427
2020-07-31	9.81935019382278	6.43217654472481	4.82286299323847	9.69752801001852	2.83788837014602	13.0136312785164	10.963659612804	6.74110068700364
2020-08-01	9.79631368439561	6.45032134149995	4.81374637930853	9.80287046861628	2.78348328586773	13.0010751982698	10.8915537940964	6.69203532285612
2020-08-02	9.76337080257994	6.45991558493563	4.79973053399648	9.89865745229459	2.7250995242552	12.9878755344093	10.8171633647099	6.65111214673846
2020-08-03	9.72079904070776	6.46095224015025	4.78049815738645	9.98458255580668	2.66292524471013	12.9738524137564	10.740762098539	6.61727348528895
2020-08-04	9.66887589111109	6.45342427226221	4.7557319495626	10.0603393739058	2.59714860663423	12.9588259631326	10.6626237694782	6.58946166514589
2020-08-05	9.60787884612193	6.43732464638993	4.72511461060908	10.1256215013451	2.52795776942919	12.9426163093596	10.5830221514219	6.56661901294759
2020-08-06	9.53808539807229	6.41264632765182	4.68832884061002	10.1801225328778	2.45554089249672	12.9250435792589	10.5022310182644	6.54768785533234
2020-08-07	9.45977303929415	6.37938228116627	4.64505733964959	10.2235360632573	2.38008613523853	12.905927899652	10.4205241439004	6.53161051893843
2020-08-08	9.37321926211954	6.3375254720517	4.59498280781192	10.2555556872366	2.3017816570563	12.8850893973607	10.3381753022241	6.51732933040418
2020-08-09	9.27870155888044	6.28706886542651	4.53778794518117	10.275874999569	2.22081561735176	12.8623481992064	10.25545826713	6.50378661636787
2020-08-10	9.17660799469109	6.22815009345721	4.47335058254775	10.2843682028644	2.13740180295443	12.8373254452903	10.1726087480682	6.49011960200388
2020-08-11	9.06776892579458	6.16148545650271	4.4023290735271	10.2816319311597	2.0518565104052	12.8088463288317	10.0897101967113	6.4762451066308
2020-08-12	8.95312528121625	6.08793592197001	4.32557690244094	10.2684434263482	1.96452166367279	12.7755370563297	10.0068080002875	6.46227484810332
2020-08-13	8.83361798998141	6.00836245726613	4.24394755361097	10.2455799303235	1.87573918672592	12.7360238342833	9.92394754602499	6.4483205442761
2020-08-14	8.71018798111539	5.92362602979807	4.15829451135892	10.213818684979	1.78585100353329	12.6889328691913	9.84117422115194	6.43449391300382
2020-08-15	8.58377618364353	5.83458760697285	4.06947126000649	10.1739369322081	1.69519903806365	12.6328903675527	9.7585334128966	6.42090667214114
2020-08-16	8.45532352659112	5.74210815619747	3.97833128387539	10.1267119139044	1.60412521428568	12.5665225358666	9.67607050848716	6.40767053954274
2020-08-17	8.32568695144508	5.64697415353275	3.88568225436502	10.0728459430942	1.51299071187849	12.4888695833577	9.59384666701618	6.39488516613397
2020-08-18	8.19538744953855	5.54967410965473	3.79214859118549	10.0127416173356	1.42223373336254	12.4006277301543	9.5119861350336	6.38260193512296
2020-08-19	8.06486202466626	5.45062204389327	3.69830890112461	9.94672660531957	1.33231173696869	12.3029071991108	9.43062893095372	6.37086016278849
2020-08-20	7.93454768062291	5.35023197557823	3.60474179097017	9.87512857573719	1.24368218092777	12.1968182130813	9.34991507319083	6.35969916540937
2020-08-21	7.80488142120324	5.24891792403945	3.51202586750998	9.79827519727944	1.15680252347063	12.0834709949201	9.26998458015921	6.34915825926439
2020-08-22	7.67630025020196	5.1470939086068	3.42073973753183	9.71649413863732	1.07213022282811	11.9639757674813	9.19097747027317	6.33927676063236
2020-08-23	7.54924117141378	5.04517394861013	3.33146200782353	9.63011306850182	0.990122737231053	11.8394427536192	9.11303376194698	6.33009398579208
2020-08-24	7.42414118863344	4.9435720633793	3.24477128517288	9.53945965556396	0.911237524910299	11.7109821761879	9.03629347359495	6.32164925102234
2020-08-25	7.30143730565565	4.84270227224415	3.16124617636767	9.44486156851475	0.835932044096693	11.5797042580418	8.96089662363137	6.31398187260195
2020-08-26	7.18156652627512	4.74297859453455	3.08146528819571	9.34664647604517	0.764663753021073	11.446719222035	8.88698323047052	6.3071311668097
2020-08-27	7.06496585428659	4.64481504958035	3.0060072274448	9.24514204684625	0.697890109914284	11.3131372910218	8.81469331252671	6.30113644992439
2020-08-28	6.95207229348476	4.5486256567114	2.93545060090274	9.14067594960898	0.636068573007167	11.1800686878563	8.74416688821421	6.29603703822483
2020-08-29	6.84332284766436	4.45482443525757	2.87037401535733	9.03357585302438	0.579656600530566	11.0486236353928	8.67554397594732	6.29187224798981
2020-08-30	6.73915452062011	4.3638254045487	2.81135607759636	8.92416942578344	0.529111650715323	10.9199123564856	8.60896459414034	6.28868139549813
2020-08-31	6.63995063469945	4.27602877481434	2.75884368986751	8.81277825705321	0.48471768525294	10.7948902081733	8.54431959826922	6.28647039252391
2020-09-01	6.54587978646074	4.19177951988282	2.7127569362579	8.69969961790495	0.446064679677569	10.6738930842333	8.48050319205659	6.28511153282251
2020-09-02	6.45705689101508	4.11140880448214	2.67288419631453	8.58522469988594	0.412569112984022	10.5571020126275	8.41616041628676	6.28444370564462
2020-09-03	6.37359686347357	4.03524779334034	2.63901384958438	8.46964469454349	0.383647464167114	10.4446980213178	8.34993631174403	6.28430580024092
2020-09-04	6.29561461894727	3.96362765118542	2.61093427561445	8.35325079342487	0.358716212221656	10.3368621382661	8.2804759192127	6.28453670586211
2020-09-05	6.2232250725473	3.8968795427454	2.58843385395173	8.23633418807739	0.337191836142461	10.2337753914341	8.20642427947707	6.28497531175886
2020-09-06	6.15654313938473	3.83533463274829	2.57130096414322	8.11918607004833	0.318490814924342	10.1356188087839	8.12642643332144	6.28546050718185
2020-09-07	6.09564146547805	3.77925044017457	2.55936835317962	8.00210784491343	0.302094741490454	10.0425528357268	8.03950538042005	6.28585739779053
2020-09-08	6.04042362047537	3.72858990101451	2.55264623782651	7.88544177436215	0.287745664477326	9.95465558747254	7.94619595600687	6.2861359548793
2020-09-09	5.99075090493218	3.68324230551083	2.55118920229319	7.7695403341124	0.275250746449828	9.87198459668019	7.84741095420582	6.28629236615135
2020-09-10	5.94648461940396	3.64309694390629	2.55505183078896	7.65475599988206	0.264417149972831	9.79459739600899	7.74406316914082	6.28632281930982
2020-09-11	5.90748606444622	3.60804310644359	2.56428870752311	7.54144124738905	0.255052037611206	9.72255151811808	7.63706539493578	6.2862235020579
2020-09-12	5.87361654061445	3.57797008336547	2.57895441670493	7.42994855235125	0.246962571929825	9.65590449566667	7.52733042571461	6.28599060209875
2020-09-13	5.84473734846415	3.55276716491467	2.59910354254373	7.32063039048657	0.239955915493556	9.59471386131393	7.41577105560122	6.28562030713553
2020-09-14	5.8207097885508	3.53232364133391	2.6247906692488	7.21383923751292	0.233839230867273	9.53903714771903	7.30330007871954	6.28510880487143
2020-09-15	5.80139516142991	3.51652880286592	2.65607038102943	7.1099275691482	0.228419680615845	9.48893188754116	7.19083028919348	6.28445228300959
2020-09-16	5.78665476765695	3.50527193975343	2.69299726209493	7.00924786111029	0.223504427304143	9.4444556134395	7.07927448114694	6.2836469292532
2020-09-17	5.77634990778745	3.49844234223918	2.73562589665458	6.91215258911711	0.218900633497039	9.40566585807321	6.96954544870385	6.28268893130541
2020-09-18	5.77034188237688	3.49592930056589	2.78401086891769	6.81899422888654	0.214415461759402	9.37262015410149	6.86255598598812	6.28157447686939
2020-09-19	5.76849199198074	3.49762210497629	2.83820676309355	6.73012525613651	0.209856074656104	9.34537603418351	6.75921888712366	6.28029975364833
2020-09-20	5.77066153715452	3.50341004571312	2.89826816339146	6.6458981465849	0.205029634752017	9.32399103097844	6.66044694623439	6.27886094934537
2020-09-21	5.7767433415467	3.51310947938306	2.96426512578346	6.56674145565279	0.199908524706839	9.3086663994686	6.56694075469852	6.27718565164474
2020-09-22	5.78675632117761	3.5262450280486	3.03632959329261	6.49338805757398	0.195126007559588	9.30017828392876	6.47855209291141	6.2749270481549
2020-09-23	5.8007509151606	3.54226838013622	3.11460898070472	6.42664690628546	0.191480566444111	9.29944655095682	6.39492053852276	6.27166972646536
2020-09-24	5.81877756260897	3.56063122407237	3.19925070280559	6.36732695572421	0.189770684494254	9.3073910671507	6.31568566918222	6.26699827416561
2020-09-25	5.84088670263605	3.58078524828351	3.29040217438102	6.3162371598272	0.190794844843864	9.32493169910829	6.24048706253949	6.26049727884516
2020-09-26	5.86712877435517	3.6021821411961	3.38821081021683	6.27418647253142	0.195351530626787	9.3529883134275	6.16896429624422	6.25175132809353
2020-09-27	5.89755421687964	3.62427359123659	3.49282402509882	6.24198384777385	0.20423922497687	9.39248077670624	6.10075694794609	6.24034500950022
2020-09-28	5.93221751693988	3.64662539898984	3.60436476796446	6.22028178357863	0.218214878773857	9.44412630352231	6.03549959111282	6.22602064751432
2020-09-29	5.97118935173464	3.66925981367425	3.72285812435786	6.20910695431859	0.237869313881077	9.50783150037312	5.97280678248436	6.20915151402327
2020-09-30	6.01454444607977	3.6923131966666	3.8483047139748	6.20832957845372	0.263751819907756	9.58330032173598	5.91228807461868	6.19026861777409
2020-10-01	6.06235752479113	3.71592190934369	3.98070515651106	6.217819874444	0.296411686463124	9.67023672208823	5.85355302007376	6.16990296751381
2020-10-02	6.11470331268454	3.74022231308231	4.12006007166243	6.23744806074941	0.336398203156407	9.76834465590715	5.79621117140759	6.14858557198945
2020-10-03	6.17165653457585	3.76535076925925	4.26637007912467	6.26708435582996	0.384260659596831	9.87732807767007	5.73987208117815	6.12684743994804
2020-10-04	6.23329191528092	3.79144363925131	4.41963579859357	6.30659897814563	0.440548345393623	9.99689094185431	5.68414530194342	6.10521958013659
2020-10-05	6.29968417961559	3.81863728443526	4.5798578497649	6.35586214615639	0.505810550156009	10.1267372029372	5.62864038626138	6.08423300130214
2020-10-06	6.37090805239569	3.8470680661879	4.74703685233444	6.41474407832226	0.58059656349322	10.266570815396	5.57296688669003	6.06441871219171
2020-10-07	6.44703825843709	3.87687234588603	4.92117342599798	6.4831149931032	0.66545567501448	10.416095733708	5.51673435578734	6.04630772155232
2020-10-08	6.52814952255562	3.90818648490643	5.10226819045129	6.56084510895921	0.760937174329017	10.5750159123506	5.45955234611129	6.030431038131
2020-10-09	6.61431656956713	3.9411468446259	5.29032176539015	6.64780464435027	0.867590351046057	10.7430353058011	5.40103041021987	6.01731967067476
2020-10-10	6.70561412428746	3.97588978642122	5.48533477051034	6.74386381773638	0.985964494774824	10.9198578685368	5.34077810067105	6.00750462793064
2020-10-11	6.80211691153246	4.01255167166918	5.68730782550763	6.84889284757753	1.11660889512455	11.105187555035	5.27840497002284	6.00151691864566
2020-10-12	6.9038440474406	4.0512823045285	5.89619493338151	6.96272494518547	1.26001489558119	11.2986420761948	5.21388100059921	6.00003955673455
2020-10-13	7.01059221344093	4.09228526028556	6.11176363034623	7.08504529327909	1.41644205513757	11.4994941686029	5.14861789378824	6.00436357678295
2020-10-14	7.12210248228507	4.13577755700864	6.33373483591975	7.21550206742905	1.58609198666327	11.7069303252677	5.084387780744	6.0159320185442
2020-10-15	7.2381159267247	4.18197621276605	6.56182946962003	7.35374344320598	1.76916630302783	11.9201370391975	5.02296279262058	6.03618792177162
2020-10-16	7.35837361951146	4.23109824562608	6.79576845096503	7.49941759618057	1.96586661710084	12.1383008034009	4.96611506057205	6.06657432621857
2020-10-17	7.48261663339702	4.28336067365703	7.03527269947271	7.65217270192346	2.17639454175185	12.3606081108862	4.91561671575248	6.10853427163839
2020-10-18	7.61058604113303	4.3389805149272	7.28006313466103	7.8116569360053	2.40095168985042	12.5862454546619	4.87323988931597	6.16351079778441
2020-10-19	7.74207561804295	4.39820882232799	7.52994675096413	7.97746444231635	2.63977611476398	12.8146003514904	4.84058892521802	6.23270298960683
2020-10-20	7.87708994973738	4.4614327880432	7.78507484248094	8.14897323802522	2.89325163185142	13.0458644131505	4.81859701861994	6.31633411284321
2020-10-21	8.01568632439876	4.52907363907975	8.0456847782266	8.32550730862012	3.16179849696949	13.2804302751748	4.80802957748446	6.41438347842798
2020-10-22	8.15792203020951	4.60155260244457	8.3120139272162	8.50639063958927	3.44583696597494	13.5186905730963	4.80965200977431	6.52683039729556
2020-10-23	8.30385435535204	4.67929090514456	8.58429965846487	8.69094721642088	3.74578729472453	13.7610379424475	4.82422972345223	6.65365418038036
2020-10-24	8.45354058800878	4.76270977418664	8.86277934098774	8.87850102460315	4.06206973907498	14.0078650187614	4.85252812648096	6.79483413861681
2020-10-25	8.60703801636213	4.85223043657773	9.14769034379991	9.0683760496243	4.39510455488306	14.2595644375707	4.89531262682322	6.95034958293932
2020-10-26	8.76440392859454	4.94827411932474	9.43927003591651	9.25989627697254	4.74531199800553	14.516528834408	4.95334863244177	7.12017982428232
2020-10-27	8.92569561288841	5.05126204943459	9.73775578635266	9.45238569213607	5.11311232429913	14.7791508448063	5.02740155129933	7.30430417358023
2020-10-28	9.09097035742616	5.1616154539142	10.0433849641235	9.64516828060312	5.4989257896206	15.0478231042982	5.11823679135864	7.50270194176746
2020-10-29	9.26028545039021	5.27975555977048	10.3563949382441	9.83756802786189	5.90317264982671	15.3229382484165	5.22661976058243	7.71535243977844
2020-10-30	9.43369817996298	5.40610359401034	10.6770230777296	10.0289089194006	6.32627316077419	15.604888912694	5.35331586693345	7.94223497854758
2020-10-31	9.61126583432689	5.54108078364069	11.0055067515951	10.2185149407074	6.76864757831979	15.8940677326634	5.49909051837441	8.1833288690093
2020-11-01	9.79304570166437	5.68510835566848	11.3420833288558	10.4057100772706	7.23071615832029	16.1908673438576	5.66470912286807	8.43861342209803
2020-11-02	9.97905473195108	5.83849471670346	11.6868851105078	10.5898712409197	7.71280564562287	16.495651227858	5.85096091296208	8.70811404966511
2020-11-03	10.1691485223357	6.00109699176692	12.0396241254713	10.7705870488496	8.21486874103654	16.8086662504415	6.05873041954378	8.99204056722961
2020-11-04	10.3631423317602	6.17265948548299	12.3999073346478	10.9474990445965	8.73676463436077	17.1301301234338	6.2889259980854	9.2906488912275
2020-11-05	10.5608514191665	6.35292650247582	12.7673416989385	11.1202487716966	9.278352515395	17.4602605586606	6.5424560040592	9.60419493809476
2020-11-06	10.7620910434965	6.54164234736955	13.1415341792448	11.2884777736861	9.83949157393872	17.7992752679474	6.82022879293745	9.93293462426739
2020-11-07	10.9666764636922	6.73855132478833	13.522091736468	11.4518275941012	10.4200409997914	18.1473919631199	7.12315272019239	10.2771238661814
2020-11-08	11.1744229386956	6.9433977393563	13.9086213315094	11.6099397764782	11.0198599827525	18.5048283560039	7.45213614129628	10.6370185802727
2020-11-09	11.3851457315731	7.15587368979321	14.3006077819926	11.7625831216364	11.6386543908555	18.8717238497967	7.80802827729986	11.0127932661284
2020-11-10	11.5986601218902	7.37546245120134	14.6970473324299	11.9100354595276	12.2755168050706	19.2479046131832	8.19144181156787	11.4042967559395
2020-11-11	11.8147813933367	7.60159509277859	15.0968140840562	12.0527018773868	12.929386484602	19.63311850622	8.60293029304356	11.8112964650483
2020-11-12	12.0333248296026	7.83370268372284	15.498782138106	12.1909874624487	13.5992026886538	20.027113388964	9.04304727067016	12.233559808797
2020-11-13	12.2541057143778	8.071216293232	15.901825595814	12.3252973019485	14.2839046764302	20.4296371214716	9.51234629339092	12.6708542025276
2020-11-14	12.4769393313524	8.31356699050394	16.3048185584148	12.4560364831209	14.9824317071355	20.8404375637995	10.0113809101491	13.1229470615824
2020-11-15	12.7016409642161	8.56018584473656	16.7066351271432	12.5836100932009	15.6937230399737	21.2592625760045	10.5407046698878	13.5896058013034
2020-11-16	12.928025896659	8.81050392512777	17.1061494032338	12.7084232194235	16.4167179341492	21.6858600181432	11.1008711215504	14.070597837033
2020-11-17	13.155909412371	9.06395230087544	17.5022354879212	12.8308809490235	17.150355648866	22.1199777502722	11.6924338140802	14.5656905841133
2020-11-18	13.3851067950421	9.31996204117748	17.8937674824402	12.9513883692359	17.8935754433284	22.5613636324482	12.3159462964202	15.0746514578863
2020-11-19	13.6154333283622	9.57796421523178	18.2796194880253	13.0703505672956	18.6453165767406	23.0097655247279	12.9719621175139	15.5972478736943
2020-11-20	13.8467042960213	9.8373898922362	18.6586656059113	13.1881726304376	19.4045183083067	23.4649312871679	13.6610348263043	16.1332472468795
2020-11-21	14.0787349817092	10.0976701413887	19.0297799373328	13.3052596458966	20.1701198972309	23.9266087798249	14.3837179717348	16.682416992784
2020-11-22	14.311340669116	10.3582360318871	19.3918365835245	13.4220167009078	20.9410606027175	24.3945458627556	15.1405651027486	17.2445245267499
2020-11-23	14.5444107220562	10.6185007680077	19.7440184320061	13.5390504823428	21.7160127176129	24.8683035800962	15.9319556912268	17.8191906867023
2020-11-24	14.7781308248431	10.8778060943401	20.0867435154377	13.657774075621	22.4925806693333	25.3466957123012	16.7575729008018	18.4054500008968
2020-11-25	15.0127607419143	11.1354758905524	20.4207386527645	13.7798021657985	23.2681019189367	25.8283492239048	17.6169258180437	19.0021904201721
2020-11-26	15.2485602377079	11.3908340363125	20.7467306629316	13.9067494379316	24.0399139274817	26.3118910794411	18.5095235295231	19.6082998953667
2020-11-27	15.4857890766615	11.6432044112884	21.0654463648841	14.0402305770763	24.8053541560265	26.7959482434441	19.4348751218099	20.2226663773192
2020-11-28	15.7247070232131	11.8919108951482	21.3776125775673	14.1818602682889	25.5617600656294	27.2791476804481	20.3924896814745	20.8441778168681
2020-11-29	15.9655738418004	12.1362773675598	21.6839561199263	14.3332531966255	26.3064691173488	27.7601163549871	21.3818762950872	21.471722164852
2020-11-30	16.2087767083951	12.3760078530443	21.9853668563394	14.4961055051401	27.0366184050073	28.2381811434901	22.4023608357088	22.1043314490034
2020-12-01	16.4552124451042	12.6123269555344	22.2833868329179	14.6724391688769	27.7485435534844	28.7154685699655	23.4525363223626	22.7416140046315
2020-12-02	16.7059052855685	12.8468394238158	22.5797211412062	14.8643576208781	28.4383798204241	29.1948050703167	24.5308125605623	23.3833222439391
2020-12-03	16.9618794634289	13.0811500066744	22.8760748727486	15.0739642941859	29.1022624634702	29.6790170804471	25.6355993558216	24.0292085791293
2020-12-04	17.2241592123261	13.3168634528959	23.1741531190897	15.3033626218424	29.7363267402666	30.1709310362598	26.7653065136546	24.6790254224052
2020-12-05	17.493768765901	13.5555845112661	23.4756609717737	15.5546560368896	30.3367079084571	30.6733733736582	27.9183438395748	25.3325251859698
2020-12-06	17.7717323577944	13.7989179305707	23.7823035223452	15.8299479723696	30.8995412256857	31.1891705285457	29.0931211390963	25.9894602820261
2020-12-07	18.0588199928003	14.0481650574149	24.0953914336907	16.1308204979157	31.4214657471063	31.7206208690935	30.2880720983167	26.6493725475301
2020-12-08	18.3547847603253	14.3034136296816	24.4146576540662	16.4567702295258	31.901135717913	32.2679104925448	31.5017259256705	27.3109615184504
2020-12-09	18.6591255209293	14.5644479830731	24.73944070307	16.806772419789	32.3377091808103	32.8306974284108	32.7326357101761	27.9727161555083
2020-12-10	18.971341135172	14.8310524532918	25.0690791003001	17.1798023212941	32.7303441785022	33.4086397062026	33.9793545408518	28.6331254194251
2020-12-11	19.2909304636133	15.1030113760398	25.4029113653548	17.5748351866303	33.0781987536932	34.0013953554314	35.2404355067161	29.2906782709225
2020-12-12	19.6173923668129	15.3801090870196	25.7402760178323	17.9908462683866	33.3804309490874	34.6086224056084	36.5144316967873	29.9438636707216
2020-12-13	19.9502257053308	15.6621299219334	26.0805115773307	18.4268108191519	33.6361988073892	35.2299788862448	37.799896200084	30.5911705795441
2020-12-14	20.2889293397266	15.9488582164836	26.4229565634483	18.8817040915154	33.8446603713029	35.8651228268517	39.0953821056245	31.2310879581114
2020-12-15	20.6330021305603	16.2400783063724	26.7669494957832	19.354501338066	34.0049736835326	36.5137122569403	40.3994425024271	31.8621047671447
2020-12-16	20.9819429383916	16.5355745273022	27.1118288939337	19.8441778113928	34.1162967867827	37.1754052060217	41.7106304795104	32.4827099673657
2020-12-17	21.3352506237804	16.8351312149753	27.4569332774979	20.3497087640847	34.1777877237575	37.8498597036071	43.0274991258927	33.0913925194956
2020-12-18	21.6924240472864	17.1385327050939	27.801601166074	20.8700694487309	34.1886045371612	38.5367337792077	44.3486015305923	33.686641384256
2020-12-19	22.0529620694695	17.4455633333604	28.1451710792602	21.4042351179203	34.1479052696981	39.2356854623348	45.672490782628	34.2669455223683
2020-12-20	22.4163635508894	17.7560074354771	28.4869815366547	21.951181024242	34.0548479640724	39.9463727824992	46.9977199710177	34.8307938945538
2020-12-21	22.7816740138542	18.069097484338	28.8256539778851	22.5091008123702	33.9091548666767	40.6680063326415	48.3224120734311	35.3769945763021
2020-12-22	23.1461256276643	18.381858501604	29.1569415226968	23.0730616953203	33.7128050386559	41.3980069594176	49.6429696221405	35.9056321021753
2020-12-23	23.5064972233681	18.6907636461277	29.4758802108643	23.6373492781928	33.4683417448433	42.1333480729128	50.9553650380696	36.4171101215033
2020-12-24	23.8595676320143	18.9922860767617	29.7775060821625	24.1962491660883	33.1783082500722	42.8710030832125	52.255570742142	36.9118322836163
2020-12-25	24.2021156846513	19.2828989523586	30.056855176366	24.7440469641075	32.8452478191756	43.6079454004016	53.5395591552811	37.3902022378444
2020-12-26	24.5309202123279	19.5590754317711	30.3089635332495	25.2750282773508	32.471703716987	44.3411484345657	54.8033026984104	37.8526236335177
2020-12-27	24.8427600460925	19.8172886738516	30.5288671925878	25.7834787109189	32.0602192083393	45.0675855957897	56.0427737924535	38.2995001199662
2020-12-28	25.1349522316856	20.0546576339608	30.712543692284	26.2645662992089	31.6133335883471	45.7842017176304	57.2541379374449	38.7311621185305
2020-12-29	25.4069666736158	20.2708844534911	30.859736562755	26.7169887938047	31.133570273249	46.48782732753	58.4343329498632	39.1476471385925
2020-12-30	25.6588114910836	20.4663170703428	30.9711308325463	27.1403263755865	30.6234487095647	47.1752643764018	59.5804897252979	39.5489194615445
2020-12-31	25.8904948032897	20.6413034224164	31.0474115302031	27.5341592254347	30.0854883438139	47.8433148151597	60.6897391593387	39.9349433687789
2021-01-01	26.1020247294345	20.7961914476122	31.0892636842708	27.8980675242296	29.5222086225167	48.4887805947169	61.7592121475751	40.305683141688
2021-01-02	26.2934093887187	20.9313290838306	31.0973723232949	28.2316314528515	28.9361289921925	49.1084636659872	62.7860395855967	40.6611030616643
2021-01-03	26.4646569003426	21.0470642689719	31.0724224758206	28.5344311921808	28.3297688993613	49.6991659798841	63.7673523689931	41.0011674100999
2021-01-04	26.615775383507	21.1437449409366	31.0150991703933	28.8060469230978	27.7056477905428	50.2576894873211	64.7002813933538	41.3258404683873
2021-01-05	26.7467729574123	21.221719037625	30.9260874355585	29.0460588264829	27.0662851122568	50.7808361392118	65.5819575542685	41.6350865179189
2021-01-06	26.8576577412591	21.2813344969375	30.8060722998614	29.2540470832165	26.4142003110231	51.2654078864696	66.4095117473267	41.9288698400869
2021-01-07	26.948437854248	21.3229392567744	30.6557387918475	29.4295918741787	25.7519128333614	51.7082066800082	67.180074868118	42.2071547162837
2021-01-08	27.0191214155794	21.3468812550362	30.4757719400621	29.5722733802501	25.0819421257915	52.1060344707412	67.890777812232	42.4699054279016
2021-01-09	27.069716544454	21.3535084296232	30.2668567730506	29.6816717823109	24.4068076348332	52.455693209582	68.5387514752582	42.7170862563331
2021-01-10	27.1002313600723	21.3431687184358	30.0296783193583	29.7573672612414	23.7290288070062	52.7539848474443	69.1211267527863	42.9486614829704
2021-01-11	27.110832993178	21.3162947173144	29.7649695296923	29.799377367689	23.0512256121948	52.9985941266183	69.6352300195559	43.1643742641876
2021-01-12	27.1023246206874	21.2736576538599	29.4736550434064	29.8094691313689	22.3764201137406	53.1907369549011	70.0791695669071	43.3630832562861
2021-01-13	27.0756684310602	21.2161134136129	29.1567074220161	29.7898469517632	21.7077348983497	53.3325120314666	70.4512491653298	43.5434259905488
2021-01-14	27.0318266127559	21.1445178821144	28.8150992270369	29.742715228354	21.0482925527284	53.4260180554887	70.7497725853143	43.7040399982588
2021-01-15	26.9717613542339	21.0597269449052	28.4498030199843	29.6702783606235	20.4012156635826	53.4733537261414	70.9730435973505	43.8435628106992
2021-01-16	26.896434843954	20.9625964875261	28.0617913623737	29.5747407480538	19.7696268176185	53.4766177425985	71.1193659719286	43.960631959153
2021-01-17	26.8068092703755	20.853982395518	27.6520368157208	29.4583067901271	19.1566486015422	53.4379088040338	71.1870434795387	44.0538849749032
2021-01-18	26.7037414019797	20.7347186351206	27.2216805841417	29.3230459724571	18.5648263719417	53.3592559241782	71.1750204133376	44.1219306093119
2021-01-19	26.587666327334	20.6055514953703	26.7725384421562	29.1704881251838	17.9943965649323	53.2424093749904	71.0848031571487	44.1632624940565
2021-01-20	26.4589137150277	20.4672053460022	26.3065948068847	29.002028164579	17.4450183865112	53.089049742986	70.9185386174624	44.1763454808935
2021-01-21	26.3178132336498	20.3204045567515	25.8258340954477	28.8190610069143	16.9163510426755	52.9008576146807	70.6783737007689	44.1596444215796
2021-01-22	26.1646945517894	20.1658734973535	25.3322407249657	28.6229815684612	16.4080537394225	52.6795135765901	70.3664553135585	44.111624167871
2021-01-23	25.9998873380356	20.0043365375434	24.8277991125591	28.4151847654916	15.9197856827493	52.4266982152299	69.9849303623213	44.0307495715245
2021-01-24	25.8237212609777	19.8365180470565	24.3144936753485	28.1970655142771	15.4512060786531	52.1440921171157	69.5359457535477	43.9154854842964
2021-01-25	25.6365259892046	19.6631423956278	23.7943088304543	27.9700187310892	15.0019741331311	51.833375868763	69.0216483937278	43.7642967579432
2021-01-26	25.4386311913056	19.4849339529928	23.269228994997	27.7354393321996	14.5717490521805	51.4962300566878	68.444185189352	43.5756482442214
2021-01-27	25.2303665358696	19.3026170888865	22.7412385860971	27.4947222338801	14.1601900417984	51.1343352674054	67.8057030469104	43.3480047948876
2021-01-28	25.012061691486	19.1169161730444	22.2123220208751	27.2492623524022	13.7669563079821	50.7493720874316	67.1083488728933	43.0798312616982
2021-01-29	24.7840463267437	18.9285555752014	21.6844637164514	27.0004546040377	13.3917070567286	50.343021103282	66.354269573791	42.7695924964097
2021-01-30	24.546650110232	18.738259665093	21.1596480899465	26.7496939050581	13.0341014940353	49.9169629014722	65.5456120560937	42.4157533507786
2021-01-31	24.3002027105398	18.5467528124542	20.6398595584809	26.4983751717351	12.6937988258992	49.472878068518	64.6845232262916	42.0167786765614
2021-02-01	24.0448484697107	18.354533151763	20.1265649417015	26.2476104200722	12.3700144028678	49.0121140357145	63.773255404799	41.5719904120222
2021-02-02	23.7799904236055	18.1611938764677	19.6191606693609	25.9973800649998	12.060188153689	48.5346856134758	62.8144825677264	41.0841388414557
2021-02-03	23.5048462815391	17.9661019447592	19.116525573738	25.7473816211803	11.7613161516611	48.0402744569953	61.810984105108	40.5568313356642
2021-02-04	23.2186337528266	17.7686243148284	18.6175384871119	25.4973126032758	11.4703944700821	47.5285622214667	60.7655394069784	39.9936752654498
2021-02-05	22.920570546783	17.5681279448663	18.1210782417616	25.2468705259488	11.1844191822504	46.9992305620835	59.680927863372	39.3982780016151
2021-02-06	22.6098743727235	17.3639797930637	17.626023669966	24.9957529038613	10.900386361464	46.4519611340393	58.5599288643231	38.774246914962
2021-02-07	22.2857629399632	17.1555468176116	17.1312536040042	24.7436572516759	10.6152920810212	45.8864355925277	57.4053217998663	38.1251893762931
2021-02-08	21.9477535378661	16.9422762820985	16.6359788249574	24.4902905254873	10.3267982647144	45.3027137510857	56.2199958665299	37.4545511116832
2021-02-09	21.5965617759933	16.7239366717024	16.1407379091158	24.2353974471213	10.035230238313	44.7023680566245	55.0072794868189	36.7651312682981
2021-02-10	21.2332028439548	16.5003767769991	15.6464013815721	23.9787321798361	9.74157917808047	44.0873491143989	53.7706108897321	36.0595673485766
2021-02-11	20.8586919313607	16.2714453885643	15.1538397674187	23.7200488868902	9.44683626028043	43.4596075296634	52.5134283042685	35.3404968549569
2021-02-12	20.4740442278212	16.0369912969736	14.6639235917482	23.4591017315419	9.1519926611765	42.8210939076728	51.2391699594269	34.6105572898779
2021-02-13	20.0802749229463	15.7968632928027	14.1775233796531	23.1956448770495	8.85803955703224	42.1737588536818	49.9512740842063	33.8723861557779
2021-02-14	19.6783992063462	15.5509101666273	13.695509656226	22.9294324866714	8.56596812411119	41.519552972945	48.6531789076055	33.1286209550954
2021-02-15	19.2694322676308	15.2989807090231	13.2187529465594	22.6602187236659	8.27676953867698	40.8604268707171	47.3483226586236	32.3818991902692
2021-02-16	18.8543892964104	15.0409237105657	12.7481237757459	22.3877577512913	7.99143497699316	40.1983311522528	46.0401435662592	31.6348583637376
2021-02-17	18.434285482295	14.7765879618309	12.2844926688779	22.111803732806	7.71095561532334	39.5352164228069	44.7320798595116	30.8901359779393
2021-02-18	18.0101360148947	14.5058222533942	11.828730151048	21.8321108314684	7.43632262993108	38.873033287634	43.4275697673794	30.1503695353127
2021-02-19	17.5829560838196	14.2284753758314	11.3817067473488	21.5484332105367	7.16852719707994	38.2137323519887	42.1300515188615	29.4181965382965
2021-02-20	17.1537608786799	13.9443961197181	10.9442929828728	21.2605250332693	6.90856049303355	37.5592642211258	40.842963342957	28.6962544893291
2021-02-21	16.7235655890855	13.65343327563	10.5173593827125	20.9681404629246	6.65741369405544	36.9115795002999	39.5697434686647	27.9871808908492
2021-02-22	16.2934012022755	13.3556579232194	10.1017470114395	20.6711582024394	6.4160932086464	36.2720798867544	38.3134857703199	27.2931493718933
2021-02-23	15.864361896005	13.0520302984445	9.69817909154171	20.3699551134639	6.18566637425582	35.6399714456871	37.0759067036033	26.6144780678909
2021-02-24	15.4375576456577	12.7437329263401	9.30734938498593	20.0650325973271	5.96721576057026	35.0139113342845	35.858378369532	25.9510212408692
2021-02-25	15.0140984266176	12.4319483319412	8.9299516537391	19.7568920553576	5.76182393727633	34.3925567097332	34.6622728691231	25.3026331528557
2021-02-26	14.5950942142685	12.1178590402824	8.56667965976806	19.4460348888844	5.57057347406058	33.7745647292195	33.4889623033936	24.6691680658779
2021-02-27	14.1816549839943	11.8026475763987	8.21822716503975	19.1329624992362	5.39454694060962	33.1585925499301	32.3398187733607	24.0504802419631
2021-02-28	13.774890711179	11.4874964653249	7.88528793152104	18.8181762877419	5.23482690661001	32.5432973290514	31.2162143800415	23.4464239431388
2021-03-01	13.3758089625171	11.1734976114694	7.56836984770091	18.5021564008304	5.09233734245529	31.9275879977592	30.1193976981383	22.8570030119185
2021-03-02	12.9850076699466	10.8613804367347	7.26723730815688	18.1852979653319	4.96736782136696	31.3113805831869	29.0501231970948	22.2828196127607
2021-03-03	12.6029823567161	10.5517837423971	6.98146883398849	17.8679748531765	4.86004931727343	30.694842886457	28.0090218200401	21.7246254906098
2021-03-04	12.2302285460745	10.2453463297328	6.71064294629537	17.5505609362947	4.77051280410316	30.0781427086921	26.9967245101032	21.1831723904106
2021-03-05	11.8672417612702	9.9427070000179	6.45433816617711	17.2334300866168	4.69888925578459	29.461447851015	26.0138622104131	20.6592120571075
2021-03-06	11.514517525552	9.64450455452857	6.21213301473326	16.9169561760729	4.64530964624616	28.8449261145481	25.0610658640988	20.153496235645
2021-03-07	11.1725513621686	9.35137779454104	5.98360601306346	16.6015130765935	4.60990494941632	28.2287453004141	24.1389664142893	19.6667766709679
2021-03-08	10.8418387943687	9.06396552133144	5.76833568226726	16.2874746601088	4.59280613922349	27.6130732097357	23.2481948041136	19.1998051080205
2021-03-09	10.522875345401	8.782906536176	5.56590054344429	15.9752147985491	4.59414418959614	26.9980776436354	22.3893819767008	18.7533332917476
2021-03-10	10.216156538514	8.50883964035086	5.37587911769412	15.6651073638448	4.61405007446269	26.3839264032359	21.5631588751798	18.3281129670937
2021-03-11	9.92217789695662	8.24240363513219	5.19784992611633	15.357526227926	4.6526547677516	25.7707872896598	20.7701564426797	17.9248958790032
2021-03-12	9.64143494397741	7.9842373217962	5.03139148981053	15.0528452627232	4.7100892433913	25.1588281040296	20.0110056223295	17.5444337724209
2021-03-13	9.37442320282507	7.73497950161903	4.87608232987629	14.7514383401666	4.78648447531025	24.5482166474681	19.2863373572581	17.1874783922912
2021-03-14	9.12163819674831	7.4952689758769	4.73150096741324	14.4536793321865	4.88197143743686	23.9391207210979	18.5967825905948	16.8547814835587
2021-03-15	8.88346740998706	7.2656716862974	4.59721991414483	14.1601232559599	4.99647686164649	23.3317439760574	17.9426700867174	16.5467214656983
2021-03-16	8.65986617074633	7.04646213641384	4.47278764429017	13.8720497096503	5.12911051160202	22.7264334635491	17.3231198950007	16.2621834563058
2021-03-17	8.45068176822245	6.83784197021102	4.35774662269227	13.590919436668	5.27877790891323	22.1235720847914	16.7369498860683	15.9996792475073
2021-03-18	8.25576149161166	6.64001283167368	4.2516393141941	13.3181931804232	5.4443845751899	21.5235427410024	16.182977930544	15.7577206314291
2021-03-19	8.0749526301103	6.45317636478661	4.15400818363868	13.0553316843262	5.62483603204179	20.9267283334006	15.6600218990514	15.5348194001972
2021-03-20	7.90810247291464	6.27753421353458	4.06439569586898	12.8037956917871	5.81903780107869	20.3335117632043	15.1668996622144	15.3294873459377
2021-03-21	7.75505830922096	6.11328802190232	3.98234431572802	12.5650459462163	6.02589540391039	19.7442759316318	14.7024290906565	15.1402362607768
2021-03-22	7.61561866518013	5.96054479531652	3.90746353839049	12.3402456668485	6.24434116393009	19.1594743071191	14.2653768516622	14.9655880935472
2021-03-23	7.48938701476127	5.81903298497139	3.83963098035793	12.1293679762167	6.47341461166482	18.5798426269736	13.8543047991586	14.8041054199075
2021-03-24	7.37591806888805	5.68838640350305	3.7787912884636	11.9320884726784	6.71218207942498	18.0061871957202	13.4677235837335	14.6543609722227
2021-03-25	7.27476653848417	5.56823886354762	3.72488910954073	11.748082754591	6.95970989952103	17.4393143178838	13.1041438559746	14.5149274828582
2021-03-26	7.18548713447329	5.45822417774118	3.67786909042259	11.5770264203121	7.21506440426343	16.8800302979895	12.7620762664698	14.3843776841788
2021-03-27	7.10763456777911	5.35797615871988	3.63767587794241	11.4185950681992	7.47731192596259	16.3291414405622	12.4400314658068	14.26128430855
2021-03-28	7.0407635493253	5.26712861911981	3.60425411893345	11.2724642966098	7.74551879692898	15.787454050127	12.1365201045734	14.1442200883366
2021-03-29	6.98442879003555	5.1853153715771	3.57754846022896	11.1383097039014	8.01875134947301	15.2557744312088	11.8500528333575	14.031757755904
2021-03-30	6.93818500083355	5.11217022872786	3.55750354866219	11.0158068884315	8.29607591590515	14.7349088883325	11.5791403027468	13.9224700436171
2021-03-31	6.90158689264296	5.04732700320819	3.54406403106637	10.9046314485576	8.57655882853584	14.2256637260233	11.3222931633291	13.8149296838413
2021-04-01	6.87418917638748	4.99041950765421	3.53717455427476	10.8044589826372	8.8592664196755	13.728845248806	11.0780220656922	13.7077094089415
2021-04-02	6.8555465629908	4.94108155470204	3.53677976512062	10.7149650890277	9.14326502163461	13.2452597612057	10.8448376604238	13.5993819512829
2021-04-03	6.84521376337658	4.89894695698779	3.54282431043718	10.6358253660869	9.42762096672356	12.7757135677473	10.6212505981118	13.4885200432308
2021-04-04	6.84274548846851	4.86364952714758	3.55525283705771	10.566715412172	9.71140058725282	12.3210129729558	10.405771529344	13.3736964171501
2021-04-05	6.84768052960948	4.83485148356486	3.5739161351102	10.5072810800761	9.99384424269546	11.881918876466	10.1969483844231	13.2537676970681
2021-04-06	6.85949399981913	4.81232866761252	3.59828956790171	10.4570492403344	10.274888401175	11.4590105583519	9.99347821251204	13.1287260736608
2021-04-07	6.87764509253634	4.79588532641081	3.62775464203406	10.4155170179174	10.5546435579775	11.0528218937973	9.79409534248867	12.9988476292659
2021-04-08	6.90159300119995	4.78532570707995	3.66169286410907	10.3821815377956	10.8332202083891	10.6638867579858	9.59753410323089	12.8644084462213
2021-04-09	6.93079691924882	4.7804540567402	3.69948574072856	10.3565399249396	11.1107288476959	10.2927390261014	9.40252882361657	12.725684606865
2021-04-10	6.96471604012181	4.78107462251179	3.74051477849434	10.3380893043201	11.3872799711842	9.93991257332769	9.20781383252358	12.5829521935349
2021-04-11	7.00280955725778	4.78699165151496	3.78416148400823	10.3263268009076	11.6629840741399	9.60594127484852	9.01212345882982	12.4364872885688
2021-04-12	7.04454798018509	4.79800962073991	3.82986638244459	10.3206405451137	11.9377540992287	9.29115372766883	8.81448622341201	12.2866419160582
2021-04-13	7.0894470827901	4.81393392665675	3.87730607326799	10.319982689114	12.2107127786341	8.99505741607854	8.61510741514236	12.1340718671078
2021-04-14	7.13703395504869	4.83457019560555	3.92621617451555	10.3231963905254	12.480785291919	8.71695454618868	8.4144865148919	11.9795088745761
2021-04-15	7.18683568693675	4.85972405392637	3.97633230422436	10.3291248069644	12.7468968186465	8.45614732411033	8.21312300353167	11.8236846713213
2021-04-16	7.23837936843015	4.8892011279593	4.02739008043155	10.3366110960477	13.0079725383794	8.21193795595458	8.01151636193274	11.6673309902017
2021-04-17	7.29119208950476	4.92280704404439	4.07912512117423	10.3444984153921	13.2629376306808	7.98362864783248	7.81016607096613	11.5111795640757
2021-04-18	7.34480094013645	4.96034742852172	4.13127304448951	10.3516299226143	13.5107172751136	7.77052160585514	7.60957161150292	11.3559621258015
2021-04-19	7.39873301030111	5.00162790773136	4.18356946841449	10.3568487753308	13.7502366512408	7.57191903613362	7.41023246441413	11.2024104082375
2021-04-20	7.45251538997461	5.04645410801339	4.2357500109863	10.3589981311585	13.9804209386254	7.38712314477897	7.21264811057081	11.051256144242
2021-04-21	7.50567516913283	5.09463165570786	4.28755029024205	10.356921147714	14.2001953168303	7.2154361379023	7.01731803084402	10.9032310666734
2021-04-22	7.55773943775163	5.14596617715485	4.33870592421884	10.349460982614	14.4084849654185	7.05616022161467	6.82474170610478	10.7590669083898
2021-04-23	7.60823528580691	5.20026329869444	4.38895253095378	10.3354607934752	14.604215063953	6.90859760202716	6.63541861722418	10.6194954022496
2021-04-24	7.65668980327453	5.25732864666669	4.438025728484	10.3137637379142	14.7863107919967	6.77205048525083	6.44984824507323	10.4852482811112
2021-04-25	7.70263008013037	5.31696784741167	4.4856611348466	10.2832129735479	14.9536973291126	6.64582107739678	6.268530070523	10.3570572778329
2021-04-26	7.74561457577535	5.37898202838573	4.53161236450627	10.242637327919	15.1053237090545	6.52918630102153	6.09183480780429	10.2354129622494
2021-04-27	7.78532722731058	5.44315432151031	4.57570501763807	10.1908083082752	15.240234382339	6.42132194446346	5.91961810458692	10.1198412521013
2021-04-28	7.8214833412622	5.50926335982314	4.61778269084462	10.1264830917906	15.3574976536736	6.32137851250643	5.75160684190052	10.0096269021056
2021-04-29	7.85379822415639	5.57708777636195	4.65768898072853	10.0484188556388	15.4561818277658	6.22850650993426	5.58752790077465	9.90405466697949
2021-04-30	7.88198718251926	5.64640620416443	4.69526748389244	9.95537277699396	15.535355209323	6.14185644153081	5.42710816223895	9.80240930143994
2021-05-01	7.905765522877	5.71699727626833	4.73036179693898	9.84610203302982	15.5940861030527	6.06057881207992	5.27007450732299	9.70397556020399
2021-05-02	7.92484855175574	5.78863962571137	4.76281551647077	9.71936380092032	15.6314428136624	5.98382412636543	5.11615381705637	9.60803819798871
2021-05-03	7.93896886540666	5.86110837941924	4.79248418087327	9.57402270142079	15.646715688122	5.91081744078487	4.96511648887005	9.51390262686576
2021-05-04	7.94792821898106	5.93416463986967	4.81927109566336	9.40937312961221	15.6400832424512	5.84108201819047	4.81690698580037	9.42095688832523
2021-05-05	7.95154565735524	6.00756600342831	4.84309150814074	9.22481692415706	15.6119460349322	5.77421567304817	4.67151328728507	9.32860968121185
2021-05-06	7.94964022540552	6.08107006646085	4.86386066560511	9.01975592371775	15.5627046238472	5.7098162198239	4.52892337276183	9.23626970437033
2021-05-07	7.94203096800822	6.15443442533299	4.88149381535618	8.79359196695672	15.4927595674785	5.64748147298357	4.38912522166835	9.14334565664537
2021-05-08	7.92853693003964	6.2274166764104	4.89590620469366	8.54572689253643	15.4025114241081	5.58680924699312	4.25210681344238	9.04924623688172
2021-05-09	7.90897715637611	6.29977441605877	4.90701308091725	8.27556253911929	15.2923607520183	5.52739735631846	4.11785612752159	8.95338014392406
2021-05-10	7.88317069189394	6.37126524064378	4.91472969132667	7.98250074536776	15.1627081094912	5.46884361542554	3.98636114334371	8.85515607661712
2021-05-11	7.85093658146944	6.44164674653111	4.91897128322161	7.66594334994427	15.0139540548092	5.41074583878027	3.85760984034644	8.75398273380561
2021-05-12	7.81209386997893	6.51067653008646	4.91965310390178	7.32529219151124	14.8464991462542	5.35270184084858	3.73159019796749	8.64926881433425
2021-05-13	7.76646160229872	6.5781121876755	4.9166904006669	6.95994910873114	14.6607439421086	5.29430943609639	3.60829019564457	8.54042301704775
2021-05-14	7.71385882330512	6.64371131566392	4.90999842081666	6.56931594026638	14.4570890006545	5.23516643898964	3.48769781281538	8.42685404079082
2021-05-15	7.65410457787446	6.7072315104174	4.89949241165077	6.15279452477943	14.2359348801742	5.17487066399424	3.36980102891764	8.30797058440819
2021-05-16	7.58701791088304	6.76843036830162	4.88508762046895	5.70978670093271	13.9976821389497	5.11301992557613	3.25458782338906	8.18318134674457
2021-05-17	7.51248560329658	6.82704552365565	4.86689151797283	5.23987287004731	13.7429319282687	5.04926764738989	3.14205634407418	8.05202133915562
2021-05-18	7.43066538043844	6.88273476271207	4.84578046847188	4.74334768407913	13.4730877714399	4.98348968984482	3.03224541244495	7.91453082304091
2021-05-19	7.34178270372138	6.93513590967682	4.82282305967745	4.22068435764263	13.1897537847775	4.91561752253885	2.92520401838015	7.77087637231092
2021-05-20	7.24606303455815	6.98388678875585	4.79908787930097	3.67235610535237	12.8945340845957	4.84558261506995	2.82098115175856	7.62122456087618
2021-05-21	7.14373183436151	7.02862522415512	4.77564351505379	3.09883614182287	12.5890327872087	4.77331643703605	2.71962580245897	7.46574196264718
2021-05-22	7.03501456454421	7.0689890400806	4.75355855464732	2.50059768166858	12.2748540089305	4.69875045803511	2.62118696036014	7.30459515153441
2021-05-23	6.92013668651903	7.10461606073821	4.73390158579294	1.87811393950412	11.9536018660755	4.62181614766509	2.52571361534088	7.13795070144841
2021-05-24	6.7994792115136	7.13521926955036	4.71758418702307	1.23284529822418	11.6267629685153	4.54248959651581	2.43323835170066	6.9660522139416
2021-05-25	6.6740453500152	7.16081228680522	4.70488990015418	0.570200813844748	11.2953539003531	4.46092537914473	2.34372813142179	6.78945140113423
2021-05-26	6.54499386232599	7.18148389200739	4.69594525782381	0	10.9602737392495	4.37732269110116	2.25713351090726	6.60877700278845
2021-05-27	6.41348350874812	7.19732286466149	4.69087679266945	0	10.622421562865	4.29188072793444	2.17340504656008	6.42465775866642
2021-05-28	6.28067304958376	7.20841798427212	4.68981103732863	0	10.2826964488604	4.2047986851939	2.09249329478324	6.23772240853033
2021-05-29	6.14772124513506	7.21485803034389	4.69287452443885	0	9.94199747489625	4.11627575842887	2.01434881197976	6.04859969214232
2021-05-30	6.0157868557042	7.21673178238142	4.70019378663764	0	9.60122371863335	4.02651114318867	1.93892215455263	5.85791834926459
2021-05-31	5.88602864159333	7.21412801988931	4.7118953565625	0	9.26127425773229	3.93570403502265	1.86616387890485	5.66630711965929
2021-06-01	5.7596053631046	7.20713552237217	4.72810576685095	0	8.92304816985371	3.84405362948011	1.79602454143942	5.47439474308857
2021-06-02	5.63767578054019	7.19584306933461	4.7489515501405	0	8.58744453265832	3.7517591221104	1.72845469855936	5.28280995931464
2021-06-03	5.52139865420225	7.18033944028123	4.77455923906867	0	8.25536242380672	3.65901970846285	1.66340490666765	5.09218150809962
2021-06-04	5.41193274439294	7.16071341471666	4.80505536627297	0	7.92770092095963	3.56603458408679	1.6008257221673	4.90313812920572
2021-06-05	5.31043681141444	7.13705377214549	4.84056646439091	0	7.60535910177767	3.47300294453154	1.54066770146132	4.71630856239509
2021-06-06	5.21806961556888	7.10944929207234	4.88121906606	0	7.28923604392149	3.38012398534643	1.4828814009527	4.53232154742988
2021-06-07	5.13572139563115	7.07794607301423	4.92686529824945	0	6.98019650611574	3.28765481433879	1.42742410713093	4.35176122934302
2021-06-08	5.063208304267	7.04241948953782	4.97625966525513	0	6.67896797134078	3.19608418834791	1.37428002683146	4.1750333742503
2021-06-09	5.00007797261489	7.00270223522217	5.0278822657046	0	6.38624360364099	3.10595877647109	1.32344009697621	4.00249915353827
2021-06-10	4.94587803181328	6.95862700364638	5.08021319822544	0	6.1027165670607	3.01782524780562	1.27489525448711	3.83451973859348
2021-06-11	4.90015611300062	6.91002648838951	5.13173256144522	0	5.82908002564424	2.93223027144877	1.22863643628609	3.67145630080246
2021-06-12	4.86245984731538	6.85673338303063	5.1809204539915	0	5.56602714343599	2.84972051649785	1.18465457929508	3.51367001155177
2021-06-13	4.83233686589601	6.79858038114882	5.22625697449183	0	5.31425108448027	2.77084265205013	1.14294062043601	3.36152204222794
2021-06-14	4.80931133877806	6.73542188755773	5.266498814059	0	5.07427376057562	2.69603926361949	1.10349781170967	3.21534348827189
2021-06-15	4.79281359158538	6.66719915200928	5.30150903374656	0	4.84593207453714	2.62533660238599	1.06637866543236	3.07534514134196
2021-06-16	4.78225048883892	6.59387513548999	5.3314272870933	0	4.62889167693414	2.5586568359463	1.03164800899923	2.94170771715086
2021-06-17	4.77702889505961	6.51541279898635	5.35639322763799	0	4.42281821833591	2.49592213189706	0.999370669805467	2.81461193141133
2021-06-18	4.77655567476839	6.43177510348487	5.3765465089194	0	4.22737734931174	2.43705465783493	0.969611475246214	2.69423849983605
2021-06-19	4.7802376924862	6.34292500997205	5.3920267844763	0	4.04223472043094	2.38197658135656	0.942435252716642	2.58076813813777
2021-06-20	4.78748181273397	6.24882547943441	5.40297370784748	0	3.86705598226278	2.3306100700586	0.917906829611912	2.47438156202919
2021-06-21	4.79769490003266	6.14943947285844	5.40952693257169	0	3.70150678537656	2.28287729153769	0.896091033327185	2.37525948722302
2021-06-22	4.8102838189032	6.04472995123064	5.41182611218772	0	3.54525278034159	2.2387004133905	0.877052691257628	2.28358262943198
2021-06-23	4.82465543386652	5.93465987553752	5.41001090023434	0	3.39795961772714	2.19800160321367	0.8608566307984	2.19953170436878
2021-06-24	4.84021660944356	5.8191922067656	5.40422095025032	0	3.25929294810253	2.16070302860386	0.847567679344668	2.12328742774614
2021-06-25	4.85637421015526	5.69828990590137	5.39459591577443	0	3.12891842203703	2.12672685715771	0.837250664291592	2.05503051527678
2021-06-26	4.87253510052257	5.57191593393132	5.38127545034545	0	3.00650169009994	2.09599525647187	0.829970413034335	1.99494168267341
2021-06-27	4.88810614506642	5.44003325184198	5.36439920750216	0	2.89170840286055	2.06843039414301	0.825791752968062	1.94320164564874
2021-06-28	4.9026569136173	5.30281103574479	5.34416953484745	0	2.78420803801158	2.04397439094331	0.824803151465111	1.89982767494396
2021-06-29	4.91640779724393	5.16124332225109	5.32103955624072	0	2.68368538173943	2.02264918034716	0.827187635806528	1.86418326141417
2021-06-30	4.92974189232457	5.01653036309712	5.29552508960552	0	2.58982904735391	2.00449664900447	0.833151873250535	1.83546845094291
2021-07-01	4.9430422952375	4.86987241001913	5.26814195286538	0	2.50232764816483	1.98955868356519	0.842902531055356	1.81288328941374
2021-07-02	4.95669210236099	4.72246971475343	5.23940596394383	0	2.42086979748202	1.97787717067922	0.856646276479211	1.79562782271023
2021-07-03	4.97107441007329	4.57552252903624	5.2098329407644	0.109082291122118	2.34514410861528	1.96949399699651	0.874589776780326	1.78290209671593
2021-07-04	4.98657231475269	4.43023110460386	5.17993870125064	0.464584026810916	2.27483919487443	1.96445104916697	0.896939699216919	1.7739061573144
2021-07-05	5.00362556961012	4.28771394577499	5.15024540621017	0.803657240360766	2.20964467415106	1.96277438315797	0.923881276471125	1.76796761438206
2021-07-06	5.02290055518724	4.14876256719813	5.12130058798699	1.1267575955185	2.14925418266375	1.96442673220664	0.955514002920717	1.76492433376678
2021-07-07	5.04512030885837	4.01408673610426	5.09365812180921	1.43461732122211	2.09336236121289	1.96935499886753	0.991915938367374	1.7647417453093
2021-07-08	5.07100786799785	3.8843962197243	5.06787188290494	1.72796864640966	2.04166385059885	1.97750608569522	1.03316514261278	1.76738527885035
2021-07-09	5.10128626998	3.76040078528925	5.04449574650228	2.00754380001914	1.99385329162198	1.98882689524426	1.07933967545862	1.77282036423067
2021-07-10	5.13667855217915	3.64281020003004	5.02408358782935	2.27407501098862	1.94962532508267	2.00326433006922	1.13051759670657	1.78101243129099
2021-07-11	5.17790775196964	3.53233423117763	5.00718928211423	2.52829450825612	1.90867459178127	2.02076529272467	1.18677696615832	1.79192690987205
2021-07-12	5.22569690672577	3.42968264596298	4.99436670458504	2.77093452075965	1.87069573251816	2.04127668576516	1.24819584361554	1.80552922981457
2021-07-13	5.2807690538219	3.33556521161704	4.98616973046988	3.00272727743728	1.83538338809371	2.06474541174527	1.31485228887993	1.8217848209593
2021-07-14	5.34384723063234	3.25069169537079	4.98315223499685	3.22440500722699	1.80243219930828	2.09111837321955	1.38682436175315	1.84065911314697
2021-07-15	5.41565447453142	3.17577186445516	4.98586809339407	3.43669993906684	1.77153680696224	2.12034247274256	1.4641901220369	1.86211753621832
2021-07-16	5.49691382289348	3.11151548610111	4.99487118088963	3.64034430189488	1.74239185185596	2.15236461286888	1.54702762953285	1.88612552001407
2021-07-17	5.58834831309283	3.05863232753961	5.01071537271164	3.83607032464909	1.7146919747898	2.18713169615307	1.63541494404269	1.91264849437497
2021-07-18	5.69068098250382	3.01783215600161	5.03395454408821	4.02461023626755	1.68813181656415	2.22459062514968	1.72943012536811	1.94165188914174
2021-07-19	5.80465217634974	2.98975949945864	5.06501845758279	4.20692832396325	1.66250335138604	2.26462232973104	1.82914847606263	1.97311587605423
2021-07-20	5.93107147124985	2.9747979288445	5.10384042510028	4.38491710804923	1.63798788708928	2.30684384904042	1.93463426968722	2.00707959444868
2021-07-21	6.07076575167239	2.97326577583358	5.15022964588094	4.5607011671135	1.61486406491435	2.35080624953889	2.04594902255472	2.04359692556044
2021-07-22	6.22456190208559	2.98548137210026	5.20399531916502	4.73640507974406	1.59341052610171	2.39606059768748	2.16315425097793	2.08272175062485
2021-07-23	6.39328680695769	3.01176304931891	5.26494664419277	4.91415342452895	1.57390591189186	2.44215795994723	2.28631147126968	2.12450795087727
2021-07-24	6.5777673507569	3.05242913916391	5.33289282020444	5.09607078005615	1.55662886352526	2.48864940277917	2.4154821997428	2.16900940755303
2021-07-25	6.77883041795148	3.10779797330964	5.40764304644028	5.2842817249137	1.54185802224241	2.53508599264437	2.55072795271009	2.21628000188749
2021-07-26	6.9971829607906	3.1780535522804	5.48901372392054	5.48066919812406	1.52979390173266	2.58109854303556	2.69208356776118	2.26635843776723
2021-07-27	7.23305220264713	3.26284255200012	5.57685006078534	5.68614958044746	1.52032450548089	2.62663685557237	2.83947716759278	2.31922270968378
2021-07-28	7.48654543467493	3.36167731724266	5.67100446695483	5.90139761307864	1.51325970942088	2.67173047890614	2.99281019617841	2.3748356347799
2021-07-29	7.75776994802779	3.47407019278187	5.7713293523491	6.12708803721226	1.5084093894864	2.71640896168817	3.15198409749157	2.43316003019836
2021-07-30	8.04683303385955	3.5995335233916	5.87767712688829	6.36389559404304	1.50558342161121	2.76070185256982	3.31690031550576	2.49415871308192
2021-07-31	8.35384198332406	3.73757965384572	5.98990020049253	6.61249502476569	1.50459168172909	2.80463870020241	3.48746029419451	2.55779450057336
2021-08-01	8.67890408757513	3.88772092891805	6.10785098308193	6.87356107057489	1.5052440457738	2.84824905323726	3.66356547753131	2.62403020981542
2021-08-02	9.02212663776659	4.04946969338249	6.23138188457662	7.14776847266537	1.50735038967911	2.89156246032572	3.84511730948969	2.69282865795089
2021-08-03	9.38361692505225	4.22233829201284	6.36034531489671	7.43579197223179	1.51072058937879	2.9346084701191	4.03201723404313	2.76415266212251
2021-08-04	9.76348224058598	4.405839069583	6.49459368396234	7.73830631046889	1.51516452080662	2.97741663126875	4.22416669516517	2.83796503947306
2021-08-05	10.1618298755216	4.59948437086679	6.63397940169361	8.05598622857133	1.52049205989636	3.02001649242599	4.42146713682928	2.91422860714531
2021-08-06	10.5787671210128	4.80278654063808	6.77835487801066	8.38950646773384	1.52651308258177	3.06243760224215	4.623820003009	2.99290618228201
2021-08-07	11.0144012682137	5.01525792367073	6.92757252283362	8.73954176915113	1.53303746479663	3.10470950936856	4.83112673767783	3.07396058202594
2021-08-08	11.4688396082778	5.23641086473856	7.0814847460826	9.10676687401787	1.53987508247472	3.14686176245656	5.04328878480927	3.15735462351985
2021-08-09	11.9420327766362	5.46564091485254	7.23992267116459	9.49141966534469	1.54693208760442	3.18894394294959	5.26015543283578	3.24290388016907
2021-08-10	12.4333047858273	5.7018764499718	7.40263227543407	9.89199059340577	1.55449973639267	3.2310857634596	5.48136734802544	3.32983495042906
2021-08-11	12.9418229926671	5.94392905229261	7.5693382497324	10.3065332502912	1.56296556110103	3.27343696939065	5.70651304110533	3.41722718901787
2021-08-12	13.4667547539712	6.19061030401122	7.73976528490094	10.7331012280912	1.57271709399106	3.3161473061468	5.93518102280251	3.50415995065353
2021-08-13	14.0072674265552	6.44073178732386	7.91363807178103	11.1697481188958	1.58414186732433	3.3593665191321	6.16695980384399	3.58971259005408
2021-08-14	14.5625283672349	6.6931050844268	8.09068130121403	11.6145275147951	1.5976274133624	3.40324435375064	6.40143789495687	3.67296446193754
2021-08-15	15.131704932826	6.94654177751626	8.27061966404128	12.0654930078793	1.61356126436683	3.44793055540646	6.63820380686817	3.75299492102195
2021-08-16	15.7140112537325	7.19996940089614	8.45316916953421	12.5207784774107	1.63230542364103	3.49355557960896	6.87690535670469	3.82907005505566
2021-08-17	16.3088485547125	7.45277929730098	8.63801110068455	12.9788389513415	1.6541197786558	3.54017272228888	7.11742758719229	3.90120288390833
2021-08-18	16.9156648341121	7.70447876157291	8.82481805891406	13.4382097447957	1.67923868792376	3.58781598948229	7.35971484745654	3.96959316047993
2021-08-19	17.5339080902777	7.95457508855413	9.01326264564455	13.897426172898	1.70789650995757	3.63651938722526	7.60371148662306	4.03444063767042
2021-08-20	18.1630263215555	8.20257557308676	9.20301746229779	14.3550235507723	1.74032760326987	3.68631692155386	7.84936185381741	4.09594506837979
2021-08-21	18.8024675262919	8.44798751001301	9.39375511029558	14.8095371935432	1.77676632637328	3.73724259850417	8.09661029816519	4.154306205508
2021-08-22	19.4516797028332	8.69031819417503	9.5851481910597	15.259502416335	1.81744703778047	3.78933042411225	8.34540116879203	4.20972380195503
2021-08-23	20.1101108495256	8.92907492041498	9.77686930601194	15.7034545342719	1.86260409600405	3.84261440441417	8.59567881482347	4.26239761062086
2021-08-24	20.7772089647155	9.16376498357503	9.96859105657408	16.1399288624783	1.91247185955668	3.89712854544602	8.84738758538515	4.31252738440545
2021-08-25	21.4524220467491	9.39389567849734	10.1599860441679	16.5674607160784	1.96728468695098	3.95290685324385	9.10047182960262	4.36031287620878
2021-08-26	22.1351980939727	9.61897430002407	10.3507268702152	16.9845854101966	2.02727693669961	4.00998333384373	9.35487589660149	4.40595383893081
2021-08-27	22.8249851047328	9.83850814299742	10.5404861361378	17.3898382599573	2.09268296731521	4.06839199328175	9.61054413550737	4.44965002547154
2021-08-28	23.5212310773754	10.0520045022595	10.7289364433574	17.7817545804847	2.16373713731041	4.12816683759397	9.86742089544582	4.49160118873092
2021-08-29	24.2233840102471	10.2589706726525	10.9157503932959	18.1588696869031	2.24067380519785	4.18934187281646	10.1254505255425	4.53200708160893
2021-08-30	24.9308747713419	10.4589902396011	11.1006631930149	18.5201622951178	2.32380063730181	4.25196903844116	10.3845727716685	4.57111109338716
2021-08-31	25.6430657072465	10.6519519508597	11.2836604721357	18.8663847241581	2.41371853119313	4.3161720077835	10.6447089666777	4.60933115887366
2021-09-01	26.3593020341953	10.8378208447655	11.4647904659194	19.198732693834	2.51110169225429	4.3820923876148	10.9057758401696	4.64712884925813
2021-09-02	27.0789289684225	11.0165619596552	11.6441014096272	19.5184019239559	2.61662432586776	4.44987178470634	11.1676901217434	4.68496573573022
2021-09-03	27.8012917261629	11.1881403338659	11.8216415385203	19.8265881343337	2.73096063741602	4.51965180582943	11.4303685409986	4.72330338947962
2021-09-04	28.5257355236507	11.3525210057347	11.9974590878597	20.1244870447778	2.85478483228155	4.59157405775537	11.6937278275347	4.76260338169599
2021-09-05	29.2516055771204	11.5096690135983	12.1716022929067	20.4132943750982	2.98877111584682	4.66578014725546	11.957684710951	4.80332728356902
2021-09-06	29.9783311557277	11.6596385686325	12.3441227982238	20.6940808569801	3.13337533536916	4.74235373092185	12.222133119929	4.8458497004425
2021-09-07	30.705677740313	11.8028405733666	12.5150858855784	20.9674172696078	3.2881799056052	4.82114666462998	12.486875779478	4.89019737427663
2021-09-08	31.433494864638	11.9397751031687	12.6845602460396	21.2337494040407	3.45254888318645	4.90195285407617	12.7516926136895	4.93631008118577
2021-09-09	32.1616320624642	12.0709422334068	12.8526145706762	21.493523051338	3.6258463247444	4.98456620495669	13.016363546655	4.98412759728423
2021-09-10	32.8899388675533	12.1968420394489	13.0193175505571	21.7471840025591	3.80743628691053	5.06878062296785	13.2806685024658	5.03358969868635
2021-09-11	33.618264813667	12.3179745966631	13.1847378767513	21.9951780487632	3.99668282631635	5.15439001380595	13.5443874052134	5.08463616150647
2021-09-12	34.3464594345668	12.4348399804172	13.3489442403275	22.2379509810097	4.19294999959334	5.24118828316727	13.8073001789891	5.13720676185891
2021-09-13	35.0743722640144	12.5479382660795	13.5120053323548	22.4759485903578	4.395601863373	5.32896933674812	14.0691867478845	5.19124127585802
2021-09-14	35.8018528357714	12.6577695290178	13.6739898439019	22.7096166678669	4.60400247428681	5.41752708024479	14.3298270359909	5.24667947961812
2021-09-15	36.5287506835996	12.7648338446002	13.8349664660379	22.9394010045962	4.81751588896626	5.50665541935357	14.5890009673998	5.30346114925355
2021-09-16	37.2549153412604	12.8696312881947	13.9950038898316	23.1657473916051	5.03550616404287	5.59614825977077	14.8464884662027	5.36152606087863
2021-09-17	37.9801963425156	12.9726619351694	14.154170806352	23.3891016199528	5.2573373561481	5.68579950719267	15.1020694564908	5.42081399060771
2021-09-18	38.7044432211268	13.0744258608921	14.3125359066678	23.6099094806987	5.48237352191347	5.77540306731558	15.3555238623556	5.48126471455511
2021-09-19	39.4275055108555	13.1754231407311	14.470167881848	23.828616764902	5.70997871797044	5.86475284583579	15.6066316078887	5.54281800883517
