date	state	King	Snohomish	Pierce	Ann Arbor	Boston	San Diego	DC
2020-01-26	0	0	0	0	0	0	0	0
2020-01-27	0	0	0	0	0	0	0	0
2020-01-28	0	0	0	0	0	0	0	0
2020-01-29	0	0	0	0	0	0	0	0
2020-01-30	0	0	0	0	0	0	0	0
2020-01-31	0	0	0	0	0	0	0	0
2020-02-01	0	0	0	0	0	0	0	0
2020-02-02	0	0	0	0	0	0	0	0
2020-02-03	0	0	0	0	0	0	0	0
2020-02-04	0	0	0	0	0	0	0	0
2020-02-05	0	0	0	0	0	0	0	0
2020-02-06	0	0	0	0	0	0	0	0
2020-02-07	0	0	0	0	0	0	0	0
2020-02-08	0	0	0	0	0	0	0	0
2020-02-09	0	0	0.152614606237414	0	0	0	0	0
2020-02-10	0	1.14333418964289	4.80399193388841	0	0	0	0	0
2020-02-11	0	4.85913731449978	9.68576343237369	0	0	0	0	0
2020-02-12	1.90691709081068	8.77214929695944	14.8108735999834	0	0	0	0	0
2020-02-13	4.33878365209833	12.8939701513389	20.1922669350078	0	0	0	0	0
2020-02-14	6.91861815153976	17.2361998919554	25.8428879357371	0.0755659127532647	0	0	0	0
2020-02-15	9.65529693527359	21.8104385331258	31.7756811004613	1.86764915046802	0	0	0	0
2020-02-16	12.5576963494384	26.6282860891673	38.0035909274707	3.79462137163591	2.22394562012975	0	0	0
2020-02-17	15.6346927401729	31.701342574397	44.5395619150555	5.86488830963524	6.38796582327977	0	0	0
2020-02-18	18.8951624536156	37.0412080031318	51.3965385615058	8.08685569784427	10.8890773080798	0	0	0
2020-02-19	22.3479818359052	42.659482389689	58.5874653651118	10.4689292696413	15.7468207821406	0	0	0
2020-02-20	26.0020272331802	48.5677657483856	66.1252868241637	13.0195147584046	20.9807369530731	5.587073387322	0.813170593069769	0
2020-02-21	29.8661749915794	54.7776580935386	74.0229474369517	15.7470178975124	26.6103665284881	23.7420289941331	1.9363850012212	0
2020-02-22	33.9493014572412	61.3007594394652	82.293391701766	18.6598444203431	32.6552502159965	43.5977157689198	3.16301746556156	0
2020-02-23	38.2602829763044	68.1486698004824	90.9495641168966	21.7664000602749	39.134928723209	65.2423060170926	4.49844756545602	0
2020-02-24	42.806723312299	75.3303142400325	100.00070447136	25.0746093500043	46.0687681491422	88.7681202199418	5.94824635310192	0
2020-02-25	47.591135898321	82.8439180180586	109.441233717075	28.5904720195004	53.4754361584346	114.284071562274	7.51875077202505	7.38553315514571
2020-02-26	52.614761584858	90.6850314436289	119.261868096688	32.3195065980505	61.3734258071307	141.903221404775	9.21648923858337	15.5683356013419
2020-02-27	57.8788412223974	98.8492048258117	129.453323852845	36.267231614942	69.7812301512747	171.738631108131	11.0479901691348	24.5628025002804
2020-02-28	63.3846156614266	107.331988473675	140.00631722819	40.4391655994622	78.7173422469109	203.903362033028	13.0197819800373	34.4192182994127
2020-02-29	69.1333257524333	116.128932696288	150.911564465369	44.8408270808985	88.2002551500838	238.510475540153	15.1383930876488	45.1878674461904
2020-03-01	75.1262123459048	125.235587802718	162.159781807029	49.4777345885381	98.2484619168374	275.67303299019	17.4103519083272	56.9190343880649
2020-03-02	81.3608468395171	134.64257229319	173.734972698748	54.3522719319596	108.872698443258	315.478874033965	19.8406614268889	69.6559980643649
2020-03-03	87.8201228196993	144.320777432557	185.594289397842	59.4542840419066	120.052671985597	357.914951482856	22.4282229019836	83.4140153819264
2020-03-04	94.4832644200688	154.236162676826	197.688171364561	64.770481129414	131.760332640148	402.942996438381	25.1704121607197	98.2013377394626
2020-03-05	101.329495774243	164.354687482007	209.967058059154	70.2875734055164	143.967630503205	450.524740002055	28.0646050302055	114.026216535687
2020-03-06	108.33804101584	174.642311304108	222.38138894187	75.9922710812489	156.646515671061	500.621913275397	31.108177337549	130.896903169311
2020-03-07	115.488124278477	185.064993599137	234.88160347296	81.8712843676461	169.768938240009	553.196247359923	34.2985049098587	148.82164903905
2020-03-08	122.758969695771	195.588693823103	247.418141112673	87.9113234757429	183.306848306344	608.209473357149	37.6329635742427	167.808705543616
2020-03-09	130.12980140134	206.179371432015	259.941441321259	94.0990986165741	197.232195966358	665.623322368595	41.1089291578092	187.866324081723
2020-03-10	137.579843528802	216.802985881882	272.401943558966	100.421320001174	211.516931316346	725.399525495775	44.7237774876667	209.002756052083
2020-03-11	145.088320211774	227.425496628711	284.750087286045	106.864697840579	226.1330044526	787.499813840208	48.4748843909231	231.226252853409
2020-03-12	152.634455583873	238.012863128512	296.936311962745	113.415942345822	241.052365471414	851.885918503409	52.3596256946869	254.545065884415
2020-03-13	160.197473778717	248.531044837292	308.911057049316	120.061763727939	256.246964469082	918.519570586897	56.3753772260662	278.967446543813
2020-03-14	167.756598929923	258.946001211062	320.624762006007	126.788872197965	271.688751541897	987.362501192188	60.5195148121693	304.501646230318
2020-03-15	175.29105517111	269.223691705828	332.027866293068	133.583977966933	287.349676786153	1058.3764414208	64.7894142801045	331.155916342641
2020-03-16	182.776098344387	279.32762611978	343.066387410752	140.427948465143	303.184773514181	1131.4842450399	69.1795744026319	358.926146809971
2020-03-17	190.171111125836	289.211515619822	353.668655019326	147.278279999939	319.081407902459	1206.45325647928	73.6729857351195	387.758781683393
2020-03-18	197.431507900033	298.826621715038	363.758576819061	154.086626097933	334.910029343507	1283.01194283437	78.2497617785872	417.587903544467
2020-03-19	204.512703051553	308.124205914513	373.260060510228	160.804640285733	350.541087229841	1360.88877120061	82.8900160340547	448.347594974752
2020-03-20	211.370110964971	317.055529727331	382.097013793098	167.383976089949	365.845030953979	1439.81220867345	87.5738620025422	479.971938555808
2020-03-21	217.959146024861	325.571854662577	390.193344367942	173.77628703719	380.692309908438	1519.51072234831	92.2814131850693	512.395016869195
2020-03-22	224.2352226158	333.624442229334	397.47295993503	179.933226654066	394.953373485735	1599.71277932063	96.992783082656	545.550912496473
2020-03-23	230.160401974576	341.171381718022	403.875015512655	185.811757964986	408.515138604214	1680.13841527908	101.690246298791	579.367324548007
2020-03-24	235.723332746841	348.198073544402	409.399655391192	191.390081985558	421.330392285525	1760.47394028517	106.364721846835	613.74641824939
2020-03-25	240.919310430462	354.696745905567	414.062271179036	196.651709229194	433.368389077141	1840.39723299366	111.009289842618	648.583975355018
2020-03-26	245.743630523302	360.659626998612	417.878254484585	201.5801502093	444.598383526538	1919.58617205928	115.617030401971	683.775777619289
2020-03-27	250.19158852323	366.078945020633	420.862996916234	206.158915439288	454.989630181191	1997.71863613678	120.181023640724	719.217606796601
2020-03-28	254.25847992811	370.946928168724	423.031890082381	210.371515432565	464.511383588575	2074.4725038809	124.694349674706	754.805244641351
2020-03-29	257.939600235809	375.25580463998	424.40032559142	214.201460702542	473.132898296165	2149.52565394639	129.150088619748	790.434472907938
2020-03-30	261.230244944192	378.997802631496	424.983695051749	217.632261762627	480.823428851436	2222.55596498798	133.541320591679	826.001073350758
2020-03-31	264.125709551126	382.165150340367	424.797390071764	220.64742912623	487.552229801862	2293.24131566043	137.86112570633	861.400827724209
2020-04-01	266.621289554476	384.750075963688	423.85680225986	223.23047330676	493.28855569492	2361.25958461848	142.10258407953	896.529517782689
2020-04-02	268.712280452108	386.744807698552	422.177323224435	225.364904817625	498.001661078083	2426.28865051686	146.25877582711	931.282925280596
2020-04-03	270.393977741889	388.141573742056	419.774344573885	227.034234172236	501.660800498828	2488.00639201033	150.322781064899	965.556831972327
2020-04-04	271.661676921684	388.932602291294	416.663257916605	228.221971884001	504.235228504628	2546.09068775362	154.287679908729	999.247019612278
2020-04-05	272.510673489358	389.110121543361	412.859454860993	228.911628466329	505.694199642959	2600.21941640149	158.146552474427	1032.24926995485
2020-04-06	272.942772136319	388.673863201553	408.386550207113	229.096886764347	506.023457067177	2650.0849139193	161.894902699446	1064.46795750279
2020-04-07	272.985814328131	387.653572993975	403.301051521711	228.812118950042	505.274698354166	2695.43734551495	165.537929807713	1095.84182775224
2020-04-08	272.6741507239	386.086500154932	397.6676895632	228.10186952712	503.516109686687	2736.04133370696	169.08325684478	1126.3182189477
2020-04-09	272.042131982731	384.009893918729	391.551195089995	227.010682999287	500.815877247506	2771.66150101387	172.538506856196	1155.84446933368
2020-04-10	271.124108763729	381.461003519674	385.016298860508	225.583103870246	497.242187219385	2802.0624699542	175.91130288751	1184.36791715466
2020-04-11	269.954431725999	378.47707819207	378.127731633154	223.863676643704	492.863225785088	2827.00886304647	179.209267984272	1211.83590065515
2020-04-12	268.567451528648	375.095367170224	370.950224166346	221.896945823366	487.74717912738	2846.26530280921	182.440025192033	1238.19575807964
2020-04-13	266.994774342052	371.350628414518	363.541731958957	219.722819131308	481.958634568355	2859.6642514199	185.609767572685	1263.39707750377
2020-04-14	265.257028381682	367.267654789638	355.933109471689	217.362657163094	475.547783987431	2867.30952969177	188.718968253492	1287.39844632779
2020-04-15	263.372097374279	362.868747886344	348.148435905703	214.83318373266	468.561220403357	2869.37279809703	191.766670378061	1310.16070178307
2020-04-16	261.357865046586	358.176209295399	340.21179046216	212.151122653942	461.045536834885	2866.02571710786	194.751917090001	1331.644681101
2020-04-17	259.232215125343	353.212340607565	332.147252342221	209.333197740874	453.047326300762	2857.43994719646	197.673751532918	1351.81122151295
2020-04-18	257.013031337295	347.999443413603	323.978900747045	206.396132807393	444.613181819739	2843.78714883503	200.531216850419	1370.62116025032
2020-04-19	254.718197409182	342.559819304276	315.730814877795	203.356651667434	435.789696410565	2825.23898249575	203.323356186113	1388.03533454447
2020-04-20	252.365597067746	336.915769870343	307.42707393563	200.231478134932	426.62346309199	2801.96710865083	206.049212683606	1404.01458162679
2020-04-21	249.97311403973	331.089596702569	299.091757121711	197.037336023823	417.161074882763	2774.14318777244	208.707829486506	1418.51973872867
2020-04-22	247.558632051875	325.103601391714	290.748943637199	193.790949148043	407.449124801633	2741.93888033279	211.298249738419	1431.51164308148
2020-04-23	245.140034830924	318.980085528539	282.422712683255	190.509041321527	397.53420586735	2705.52584680407	213.819516582955	1442.95113191661
2020-04-24	242.735206103619	312.741350703808	274.13714346104	187.20833635821	387.462911098665	2665.07574765848	216.270673163719	1452.79904246544
2020-04-25	240.362029596701	306.40969850828	265.916315171714	183.905558072029	377.281833514325	2620.7602433682	218.650762624319	1461.01621195935
2020-04-26	238.038389036913	300.007430532719	257.784307016437	180.617430276919	367.037566133082	2572.75099440542	220.958828108363	1467.56347762972
2020-04-27	235.781639399614	293.556534654954	249.76331425766	177.359119515393	356.773607016645	2521.25272971509	223.194791384591	1472.4076946743
2020-04-28	233.607020654627	287.077743901087	241.867996402987	174.139563244276	346.521074398568	2466.60245213304	225.36208872228	1475.53979015635
2020-04-29	231.529244020393	280.591477584288	234.11112902131	170.966141648971	336.307991555368	2409.17023296786	227.46503501584	1476.95670910549
2020-04-30	229.563020715353	274.118155017726	226.505487681524	167.846234914881	326.162381763558	2349.32614352814	229.50794515968	1476.65539655133
2020-05-01	227.723061957948	267.678195514572	219.063847952521	164.787223227409	316.112268299656	2287.44025512247	231.49513404821	1474.6327975235
2020-05-02	226.024078966618	261.292018387995	211.798985403194	161.796486771957	306.185674440174	2223.88263905942	233.43091657584	1470.88585705163
2020-05-03	224.480782959804	254.980042951166	204.723675602436	158.881405733929	296.41062346163	2159.02336664759	235.31960763698	1465.41152016533
2020-05-04	223.107627074919	248.762794891865	197.850456788648	156.050006881726	286.812318968644	2093.20166383906	237.168359947677	1458.21894360553
2020-05-05	221.918032125262	242.661225396319	191.190917878255	153.312903315744	277.404685878257	2026.63337515991	238.995677510523	1449.36613095841
2020-05-06	220.925160843105	236.696392025366	184.756410457189	150.681354719379	268.198829435618	1959.50349977971	240.82290214975	1438.92329752146
2020-05-07	220.142175960719	230.889352339842	178.558286111383	148.166620776023	259.205854885873	1891.99703686805	242.671375689588	1426.96065859214
2020-05-08	219.582240210376	225.261163900585	172.60789642677	145.779961169074	250.436867474171	1824.29898559451	244.562439954267	1413.54842946796
2020-05-09	219.258516324348	219.832884268433	166.916592989282	143.532635581925	241.902972445658	1756.59434512866	246.517436768018	1398.75682544638
2020-05-10	219.184167034906	214.625571004224	161.495727384852	141.435903697971	233.615275045482	1689.06811464008	248.557707955071	1382.6560618249
2020-05-11	219.372355074322	209.660281668793	156.356651199411	139.501025200607	225.584880518791	1621.90529329836	250.704595339657	1365.316353901
2020-05-12	219.836243174867	204.95807382298	151.510716018893	137.739259773227	217.822894110732	1555.29088027306	252.979440746005	1346.80791697215
2020-05-13	220.588994068812	200.540005027622	146.96927342923	136.161867099227	210.340421066452	1489.40987473378	255.403585998347	1327.20096633585
2020-05-14	221.643770488431	196.427132843555	142.743675016354	134.780106862002	203.148566631099	1424.44727585008	257.998372920912	1306.56571728957
2020-05-15	223.013735165993	192.640514831618	138.845272366198	133.605238744946	196.258436049821	1360.58808279155	260.785143337931	1284.97238513081
2020-05-16	224.712050833771	189.201208552647	135.285417064695	132.648522431454	189.681134567765	1298.01729472777	263.785239073635	1262.49118515704
2020-05-17	226.751880224035	186.130271567481	132.075460697777	131.92121760492	183.427767430078	1236.91991082831	267.020001952254	1239.19233266574
2020-05-18	229.142207404141	183.445481650522	129.225344527838	131.432321542806	177.508589948495	1177.4579538174	270.512874743272	1215.14829703958
2020-05-19	231.875301781771	181.151497430434	126.739368523121	131.181781898834	171.9304577011	1119.7015406379	274.295703997185	1190.44056400199
2020-05-20	234.939254099688	179.249697749444	124.62042232833	131.167283920793	166.699376332564	1063.69781178729	278.402437209745	1165.15287336155
2020-05-21	238.322155100659	177.741461449782	122.87139558817	131.386512856471	161.821351487558	1009.49390776306	282.867021876702	1139.36896492687
2020-05-22	242.012095527448	176.628167373676	121.495177947345	131.837153953657	157.302388810753	957.136969062719	287.723405493807	1113.17257850655
2020-05-23	245.997166122819	175.911194363355	120.494659050559	132.516892460139	153.14849394682	906.674136183753	293.00553555681	1086.64745390918
2020-05-24	250.265457629538	175.591921261047	119.872728542517	133.423413623706	149.36567254043	858.15254962366	298.747359561462	1059.87733094336
2020-05-25	254.80699049228	175.671407080334	119.631418873451	134.557426584096	145.960351960691	811.608623852899	304.978657376879	1032.94390433958
2020-05-26	259.619503963358	176.149431520206	119.769333715706	135.931736048841	142.940646474458	767.035869233801	311.712538365642	1005.9206885158
2020-05-27	264.702666996997	177.025454451007	120.284219547154	137.562170617422	140.315092073022	724.417070101662	318.957944263693	978.879152811873
2020-05-28	270.056148547421	178.29893574308	121.173822845668	139.464558889322	138.092224747676	683.735010791777	326.72381680698	951.890766567659
2020-05-29	275.679617568854	179.969335266769	122.435890089119	141.654729464022	136.280580489711	644.972475639445	335.019097731446	925.026999123005
2020-05-30	281.57274301552	182.036112892417	124.068167755381	144.148510941003	134.888695290417	608.112248979961	343.852728773037	898.359319817764
2020-05-31	287.735193841644	184.498728490368	126.068402322325	146.961731919748	133.925105141088	573.13711514862	353.233651667698	871.959197991788
2020-06-01	294.166639001449	187.356641930964	128.434340267825	150.110220999737	133.398346033015	540.029858480721	363.170808151375	845.898102984928
2020-06-02	300.86674744916	190.609313084551	131.163728069752	153.609806780451	133.316953957489	508.773263311558	373.673139960011	820.247504137035
2020-06-03	307.835188139001	194.256201821469	134.25431220598	157.476317861374	133.689464905803	479.350113976428	384.749588829552	795.078870787962
2020-06-04	315.071630025196	198.296768012064	137.70383915438	161.725582841986	134.524414869247	451.743194810628	396.409096495944	770.463672277559
2020-06-05	322.57574206197	202.730471526679	141.510055392825	166.373430321769	135.830339839113	425.935290149454	408.660604695131	746.47337794568
2020-06-06	330.347193203546	207.556772235657	145.670707399188	171.435688900204	137.615775806693	401.909184328203	421.513055163058	723.179457132177
2020-06-07	338.385652404148	212.775130009341	150.183541651341	176.928187176773	139.889258763279	379.647661682169	434.975389635671	700.6533791769
2020-06-08	346.689759770777	218.382446632594	155.044462067886	182.864107608825	142.656016104028	359.126869887646	449.048927724869	678.962663976266
2020-06-09	355.254040021537	224.36539154835	160.242002330348	189.246048085175	145.908040839557	340.296409984899	463.704500546375	658.15903365295
2020-06-10	364.071989027305	230.708076114062	165.762853560981	196.073960352507	149.634017384351	323.099246355192	478.905317091866	638.290260886194
2020-06-11	373.137102658962	237.394611687183	171.593706882039	203.347796157504	153.822630152892	307.478343379787	494.614586353018	619.404118355237
2020-06-12	382.442876787387	244.409109625167	177.721253415778	211.067507246848	158.462563559663	293.376665439946	510.79551732151	601.548378739319
2020-06-13	391.982807283459	251.735681285467	184.132184284451	219.233045367224	163.54250201915	280.737176916931	527.411318989018	584.770814717681
2020-06-14	401.750390018057	259.358438025536	190.813190610312	227.844362265314	169.051129945833	269.502842192005	544.425200347218	569.119198969564
2020-06-15	411.736037050166	267.258902825905	197.749111474673	236.897269076448	174.973774307515	259.617829024095	561.794871288337	554.631005516607
2020-06-16	421.917825191199	275.408245159419	204.917377795066	246.37101449054	181.282332285259	251.031118682785	579.456045306785	541.302513750057
2020-06-17	432.270747440672	283.775046122004	212.293568448081	256.240706586152	187.945343613449	243.692895815326	597.338936797524	529.119704403557
2020-06-18	442.769796798105	292.327886809581	219.853262310308	266.481453441845	194.931348026468	237.553345068967	615.373760155513	518.068558210753
2020-06-19	453.389966263013	301.035348318076	227.572038258336	277.068363136179	202.208885258696	232.562651090959	633.490729775712	508.13505590529
2020-06-20	464.106248834915	309.866011743411	235.425475168755	287.976543747716	209.746495044517	228.670998528552	651.620060053082	499.305178220815
2020-06-21	474.893637513329	318.78845818151	243.389151918153	299.181103355017	217.512717118312	225.828572028994	669.691965382581	491.564905890971
2020-06-22	485.727125297773	327.771268728297	251.438647383122	310.657150036643	225.476091214465	223.985556239537	687.636660159171	484.900219649404
2020-06-23	496.581705187763	336.783024479696	259.549540440249	322.379791871155	233.605157067356	223.092135807429	705.384358777812	479.29710022976
2020-06-24	507.432370182818	345.79230653163	267.697409966125	334.324136937114	241.86845441137	223.098495379922	722.865275633461	474.741528365683
2020-06-25	518.254113282456	354.767695980024	275.857834837339	346.465293313082	250.234522980887	223.954819604263	740.009625121081	471.21948479082
2020-06-26	529.021927486194	363.6777739208	284.006393930481	358.778369077619	258.67190251029	225.611293127705	756.747621635632	468.716950238814
2020-06-27	539.710805793551	372.491121449883	292.11866612214	371.238472309288	267.149132733961	228.018100597496	773.009479572073	467.219905443312
2020-06-28	550.295741204043	381.176319663197	300.170230288905	383.820711086647	275.634753386284	231.125426660886	788.725413325363	466.714331137959
2020-06-29	560.748063353559	389.703955844224	308.136177355874	396.496311140554	284.090874513408	234.884054747382	803.827199266609	467.176085862645
2020-06-30	571.024448423476	398.052642026685	315.989646442174	409.220968811044	292.453887408566	239.247163415518	818.25286167149	468.540539382242
2020-07-01	581.077909231539	406.202996431863	323.70328871544	421.946498090446	300.653753676756	244.168530006083	831.941986791835	470.732939267868
2020-07-02	590.861458595495	414.135637281037	331.249755343306	434.62471297109	308.620434922979	249.601931859869	844.834160879471	473.678533090641
2020-07-03	600.328109333092	421.83118279549	338.601697493408	447.207427445306	316.283892752234	255.501146317665	856.868970186223	477.302568421677
2020-07-04	609.430874262074	429.270251196501	345.731766333381	459.646455505423	323.574088769523	261.819950720263	867.986000963918	481.530292832095
2020-07-05	618.122766200189	436.433460705351	352.612613030858	471.893611143771	330.420984579843	268.512122408451	878.124839464383	486.286953893012
2020-07-06	626.362010387889	443.302743819944	359.218866949307	483.901248460602	336.766929068915	275.535675603617	887.238634263596	491.50074500748
2020-07-07	634.127681756443	449.865290144665	365.533070235515	495.623881987855	342.603820245334	282.86557204953	895.334783234139	497.111642906291
2020-07-08	641.404067659829	456.10960356052	371.539743232102	507.016566365388	347.935943398414	290.481010370555	902.434246572745	503.062570152171
2020-07-09	648.175455452021	462.024187948518	377.223406281688	518.034356233063	352.76758381747	298.361189191056	908.557984476147	509.296449307847
2020-07-10	654.426132486995	467.597547189664	382.568579726891	528.632306230739	357.103026791817	306.4853071354	913.726957141078	515.756202936044
2020-07-11	660.140386118728	472.818185164967	387.559783910333	538.765470998276	360.946557610769	314.832562827952	917.962124764272	522.38475359949
2020-07-12	665.302503701194	477.674605755433	392.181539174631	548.388905175535	364.30246156364	323.382154893076	921.284447542462	529.12502386091
2020-07-13	669.89677258837	482.15531284207	396.418365862406	557.457663402375	367.175023939745	332.113281955138	923.714885672382	535.919936283031
2020-07-14	673.907480134231	486.248810305883	400.254784316277	565.926800318656	369.568530028399	341.005142638502	925.274399350763	542.71241342858
2020-07-15	677.318913692753	489.943602027882	403.675314878864	573.751370564239	371.487265118916	350.036935567535	925.98394877434	549.445377860282
2020-07-16	680.115360617912	493.228191889072	406.664477892786	580.886428778983	372.93551450061	359.1878593666	925.864494139846	556.061752140864
2020-07-17	682.281108263683	496.091083770461	409.206793700662	587.287029602749	373.917563462796	368.437112660065	924.936995644014	562.504458833053
2020-07-18	683.800443984042	498.520781553055	411.286782645113	592.908227675397	374.43769729479	377.763894072293	923.222413483577	568.716420499574
2020-07-19	684.657655132965	500.505789117863	412.888965068757	597.705077636786	374.500201285904	387.147402227649	920.741707855268	574.640559703155
2020-07-20	684.843455990078	502.039862802498	414.002678610289	601.641035006364	374.116428372521	396.565313201927	917.520507949921	580.226411095447
2020-07-21	684.374268537602	503.137768771008	414.636530092704	604.713158821923	373.326002079292	405.989212876634	913.603118934767	585.449957683809
2020-07-22	683.272941683412	503.819525644047	414.803943635073	606.926909000841	372.175613577936	415.389164584704	909.038514971139	590.293794564524
2020-07-23	681.562324335381	504.105152042269	414.518343356466	608.287745460497	370.711954040171	424.735231659072	903.875670220367	594.740516833878
2020-07-24	679.26526540138	504.014666586329	413.793153375953	608.801128118271	368.981714637715	433.997477432672	898.163558843786	598.772719588152
2020-07-25	676.404613789283	503.568087896882	412.641797812604	608.472516891542	367.031586542287	443.145965238439	891.951155002725	602.372997923633
2020-07-26	673.003218406963	502.785434594581	411.077700785489	607.307371697688	364.908260925605	452.150758409307	885.287432858519	605.523946936603
2020-07-27	669.084746069176	501.684568976613	409.115524074487	605.316952157295	362.653521863266	460.984229487128	878.218952468319	608.211818017738
2020-07-28	664.676135218213	500.274728046293	406.774880102702	602.535716703781	360.289525046381	469.627987849413	870.782617472572	610.437487735272
2020-07-29	659.80514220325	498.562992483466	404.076618954047	599.003923473766	357.83351906994	478.065952082591	863.012917407543	612.205488951834
2020-07-30	654.49952337346	496.556442967979	401.041590712437	594.761830603876	355.302752528933	486.282040773089	854.944341809497	613.52035453005
2020-07-31	648.787035078019	494.262160179676	397.690645461782	589.849696230734	352.71447401835	494.260172507337	846.611380214704	614.386617332545
2020-08-01	642.695433666102	491.687224798405	394.044633285997	584.307778490961	350.08593213318	501.984265871762	838.048522159427	614.808810221948
2020-08-02	636.252475486883	488.838717504011	390.124404268994	578.176335521183	347.434375468413	509.438239452793	829.290257179935	614.791466060883
2020-08-03	629.485916889537	485.72371897634	385.950808494686	571.495625458021	344.777052619039	516.606011836857	820.371074812492	614.339117711978
2020-08-04	622.423514223238	482.349309895237	381.544696046986	564.305906438099	342.131212180048	523.471501610383	811.325464593367	613.456298037859
2020-08-05	615.093023837163	478.722570940551	376.926917009807	556.647436598041	339.514102746429	530.0186273598	802.187916058825	612.147539901153
2020-08-06	607.522202080485	474.850582792125	372.118321467061	548.560474074469	336.942972913172	536.231307671535	792.992918745132	610.417376164487
2020-08-07	599.738805302379	470.740426129807	367.139759502663	540.085277004007	334.435071275267	542.093461132016	783.774962188555	608.270339690487
2020-08-08	591.77058985202	466.399181633441	362.012081200524	531.262103523277	332.007646427703	547.589006327673	774.56853592536	605.710963341779
2020-08-09	583.645312078582	461.833929982875	356.756136644557	522.131211768904	329.677946965471	552.701861844932	765.408129491815	602.74377998099
2020-08-10	575.391173313502	457.051508437794	351.391615359431	512.734673252724	327.467036846263	557.419790281995	756.326111714386	599.377911132581
2020-08-11	567.038154817252	452.057780577248	345.93356463283	503.121812987421	325.411241478584	561.745930284153	747.346368580343	595.640832968345
2020-08-12	558.616682832567	446.858366560128	340.395871193195	493.343769360895	323.550701633641	565.68726450847	738.490665367158	591.564610321911
2020-08-13	550.157183602182	441.458886545323	334.792421768966	483.451680761043	321.925558082643	569.250775612009	729.780767352303	587.181308026908
2020-08-14	541.690083368831	435.864960691724	329.137103088584	473.496685575766	320.575951596797	572.443446251834	721.238439813248	582.522990916963
2020-08-15	533.245808375249	430.08220915822	323.443801880488	463.529922192961	319.54202294731	575.272259085009	712.885448027464	577.621723825706
2020-08-16	524.854784864168	424.116252103702	317.726404873119	453.602529000526	318.863912905391	577.744196768597	704.743557272424	572.509571586762
2020-08-17	516.545864195563	417.976890676052	312.000233414077	443.762050095488	318.577076369084	579.871184526704	696.829357185488	567.217641662006
2020-08-18	508.341598198356	411.690649979121	306.286347327608	434.041652411381	318.698224743786	581.684917851604	689.138734843582	561.773212026283
2020-08-19	500.26296381871	405.28823610575	300.607241057118	424.470908590864	319.23938356173	583.222034802614	681.662401683519	556.202603282683
2020-08-20	492.330938002788	398.800355148783	294.985409046011	415.079391276599	320.21257835515	584.519173439049	674.391069142115	550.532136034297
2020-08-21	484.56649769675	392.257713201061	289.443345737694	405.896673111247	321.629834656279	585.612971820225	667.315448656184	544.788130884213
2020-08-22	476.990619846759	385.691016355427	284.003545575573	396.952326737467	323.50317799735	586.540068005459	660.426251662541	538.996908435522
2020-08-23	469.624281398977	379.130970704723	278.688503003052	388.275924797922	325.844633910598	587.337100054066	653.714189598	533.184789291315
2020-08-24	462.488459299566	372.608282341793	273.520712463539	379.897039935272	328.666227928255	588.040706025364	647.169973899378	527.37809405468
2020-08-25	455.604130494688	366.153657359478	268.522668400438	371.845244792177	331.979985582555	588.687523978667	640.784316003487	521.603143328709
2020-08-26	448.992271930504	359.79780185062	263.716865257155	364.150112011299	335.797932405731	589.314191973292	634.547927347143	515.88625771649
2020-08-27	442.673860553177	353.571421908063	259.125797477096	356.841214235298	340.132093930018	589.957348068555	628.451519367161	510.253757821115
2020-08-28	436.66987330887	347.505223624648	254.771959503666	349.948124106835	344.994495687648	590.653630323772	622.485803500355	504.731964245672
2020-08-29	431.001287143743	341.629913093218	250.677845780271	343.50041426857	350.397163210855	591.43967679826	616.641491183541	499.347197593252
2020-08-30	425.689079003959	335.976196406616	246.865950750318	337.527657363165	356.352122031872	592.352125551334	610.909293853532	494.125778466945
2020-08-31	420.75290523801	330.574625081842	243.35919162811	332.056685280805	362.87360757885	593.42505579815	605.279740210245	489.091352937043
2020-09-01	416.207139803709	325.455132332537	240.18217671155	327.10336690177	369.984694863611	594.682311377222	599.742628005996	484.256868942644
2020-09-02	412.064836061201	320.6474967965	237.359937069437	322.680830353868	377.710668793894	596.145177282902	594.287572256206	479.632599890048
2020-09-03	408.339047370628	316.181497111529	234.917503770573	318.802203764904	386.076814277435	597.834938509545	588.904187976293	475.228819185557
2020-09-04	405.042827092134	312.086911915423	232.879907883758	315.480615262684	395.108416221975	599.772880051502	583.582090181676	471.055800235471
2020-09-05	402.189228585863	308.39351984598	231.272180477792	312.729192975013	404.830759535251	601.980286903129	578.310893887772	467.123816446089
2020-09-06	399.791305211958	305.131099541	230.119352621477	310.561065029698	415.269129125003	604.478444058777	573.080214110002	463.443141223713
2020-09-07	397.860349904685	302.32720578878	229.44451549834	308.987281266516	426.445468241099	607.290314088907	567.883238869508	460.023856195032
2020-09-08	396.400613894795	300.000497979613	229.263000750814	308.010578373132	438.368353501932	610.445569868408	562.727448210326	456.875275868293
2020-09-09	395.414587987162	298.167411654292	229.58820013606	307.631614749181	451.043019868026	613.975561848278	557.623895182217	454.006522972129
2020-09-10	394.904762986659	296.844382353607	230.433505411238	307.851048794299	464.474702299902	617.911640479514	552.583632834942	451.426720235177
2020-09-11	394.87362969816	296.047845618351	231.812308333509	308.669538908123	478.668635758086	622.285156213111	547.617714218262	449.144990386071
2020-09-12	395.323678926537	295.794236989316	233.738000660033	310.087743490288	493.6300552031	627.127459500068	542.737192381937	447.170456153447
2020-09-13	396.257401476665	296.099992007294	236.223974147971	312.106320940429	509.364195595468	632.469900791381	537.953120375728	445.512240265939
2020-09-14	397.677288153417	296.981546213076	239.283620554484	314.725929658184	525.876291895712	638.343830538046	533.276551249395	444.179465452184
2020-09-15	399.585829761666	298.455335147455	242.93033163673	317.947228043187	543.171579064355	644.780599191061	528.7185380527	443.181254440815
2020-09-16	401.985517106286	300.537794351223	247.177499151873	321.770874495075	561.255292061922	651.811557201422	524.290133835403	442.526729960468
2020-09-17	404.87884099215	303.245359365171	252.03851485707	326.197527413484	580.132665848936	659.468055020127	520.002391647264	442.225014739778
2020-09-18	408.268292224132	306.594465730091	257.526770509484	331.227845198049	599.808935385919	667.781443098172	515.866364538045	442.285231507381
2020-09-19	412.156361607105	310.601548986775	263.655657866274	336.862486248407	620.289335633396	676.783071886553	511.893105557506	442.716502991911
2020-09-20	416.545539945942	315.283044676015	270.438568684601	343.102108964193	641.579101551888	686.504291836269	508.093667755407	443.527951922003
2020-09-21	421.441319667217	320.653703166852	277.888178632119	349.948263048738	663.68568373088	696.976606437836	504.482675787046	444.731266686509
2020-09-22	426.861199684304	326.721534141325	286.014299018452	357.406063420151	686.625395275694	708.232131339864	501.089040729863	446.348398315145
2020-09-23	432.825680532278	333.492862109718	294.826025063718	365.481516300235	710.416764920613	720.303135230479	497.945245266837	448.403863497845
2020-09-24	439.355262746213	340.97401158232	304.332451988036	374.180627910796	735.078321399919	733.221886797812	495.083772080944	450.922178924539
2020-09-25	446.470446861184	349.171307069417	314.542675011522	383.509404473634	760.628593447893	747.020654729989	492.537103855161	453.927861285162
2020-09-26	454.191733412265	358.091073081296	325.465789354296	393.473852210556	787.086109798821	761.731707715141	490.337723272466	457.445427269645
2020-09-27	462.539622934531	367.739634128243	337.110890236475	404.079977343364	814.469399186982	777.387314441395	488.518113015836	461.499393567922
2020-09-28	471.535927506525	378.125763048606	349.485632310362	415.335064655561	842.790988352079	794.019041435412	487.115643148216	466.112680388026
2020-09-29	481.207705380668	389.268025992971	362.591907957003	427.251513177449	872.039396055484	811.655646577979	486.187233252424	471.3018220104
2020-09-30	491.58332635285	401.187437439984	376.430168989628	439.843000501027	902.197139063986	830.325185588411	485.794690291244	477.081756233588
2020-10-01	502.691160218961	413.905011868293	391.00086722147	453.123204218297	933.246734144379	850.055714186027	485.999821227462	483.467420856134
2020-10-02	514.55957677489	427.441763756545	406.30445446576	467.105801921259	965.170698063453	870.875288090145	486.864433023861	490.473753676581
2020-10-03	527.216945816529	441.818707583385	422.341382535727	481.804471201913	997.951547587998	892.811963020083	488.450332643228	498.115692493474
2020-10-04	540.691637139767	457.056857827461	439.112103244603	497.23288965226	1031.57179948481	915.893794695157	490.819327048346	506.408175105356
2020-10-05	555.012020540493	473.17722896742	456.617068405619	513.404734864299	1066.01397052067	940.148838834684	494.033223202002	515.366139310772
2020-10-06	570.206465814597	490.200835481908	474.856729832007	530.333684430032	1101.26057746237	965.605151157984	498.15382806698	525.004522908264
2020-10-07	586.303342757971	508.148691849572	493.831539336998	548.03341594146	1137.29413707671	992.290787384372	503.242948606064	535.338263696379
2020-10-08	603.331021166504	527.041812549059	513.541948733821	566.517606990581	1174.09716613048	1020.23380323317	509.362391782041	546.382299473658
2020-10-09	621.317870836085	546.901212059016	533.988409835709	585.799935169397	1211.65218139047	1049.46225442369	516.573964557694	558.151568038646
2020-10-10	640.292261562604	567.747904858088	555.171374455892	605.894078069908	1249.94169962346	1080.00419667525	524.939473895808	570.661007189887
2020-10-11	660.282563141953	589.602905424924	577.091294407602	626.813713284115	1288.94823759625	1111.88768570717	534.52072675917	583.925554725925
2020-10-12	681.318113351911	612.485619536384	599.752384593155	648.575093464884	1328.6526009911	1145.1289042371	545.383756243565	597.964643454301
2020-10-13	703.432121897823	636.409018162186	623.17391227121	671.204771508544	1369.0287511521	1179.69654297602	557.611499976793	612.815686218547
2020-10-14	726.658766466926	661.384463570262	647.378907789512	694.731875372289	1410.04893833883	1215.54741963326	571.291121719652	628.520590871192
2020-10-15	751.032224746455	687.423318028544	672.390401495805	719.185533013314	1451.68541281085	1252.63835191812	586.509785232943	645.121265264764
2020-10-16	776.586674423647	714.536943804967	698.231423737834	744.594872388815	1493.91042482774	1290.92615753992	603.354654277466	662.659617251793
2020-10-17	803.356293185736	742.73670316746	724.925004863345	770.989021455985	1536.69622464905	1330.36765420799	621.912892614021	681.177554684808
2020-10-18	831.37525871996	772.033958383958	752.49417522008	798.39710817202	1580.01506253436	1370.91965963163	642.271664003408	700.716985416337
2020-10-19	860.662326226324	802.424782466039	780.949295912284	826.836018518894	1623.83288530104	1412.54456777259	664.516189715105	721.310039800368
2020-10-20	891.17456095591	833.844091399876	810.250051070189	856.273670577694	1668.09042599768	1455.22707760232	688.723921053298	742.949738196716
2020-10-21	922.853605672572	866.211511915291	840.343455580529	886.665740454292	1712.72211423066	1498.95746434468	714.970366830852	765.619323466658
2020-10-22	955.641103140163	899.446670742103	871.176524330034	917.967904254555	1757.6623796064	1543.72600322357	743.33103586063	789.302038471467
2020-10-23	989.478696122534	933.469194610131	902.696272205438	950.135838084353	1802.84565173127	1589.52296946283	773.881436955497	813.981126072418
2020-10-24	1024.30802738354	968.198710249198	934.849714093472	983.125218049554	1848.20636021167	1636.33863828636	806.697078928317	839.639829130788
2020-10-25	1060.07073968703	1003.55484438912	967.583864880867	1016.89172025603	1893.67893465399	1684.16328491802	841.853470591953	866.261390507847
2020-10-26	1096.70847579686	1039.45722375972	1000.84573945436	1051.39102080964	1939.19780466464	1732.98718458169	879.42612075927	893.829053064875
2020-10-27	1134.16287847689	1075.82547509082	1034.58235270067	1086.57879581626	1984.69739984999	1782.80061250124	919.490538243133	922.326059663144
2020-10-28	1172.37559049096	1112.57922511225	1068.74071950655	1122.41072138176	2030.11214981646	1833.59384390054	962.122231856405	951.735653163928
2020-10-29	1211.28825460293	1149.6381005538	1103.26785475871	1158.84247361201	2075.37648417041	1885.35715400347	1007.39671041195	982.041076428504
2020-10-30	1250.84251357664	1186.92172814532	1138.1107733439	1195.82972861287	2120.42483251826	1938.0808180339	1055.38948272263	1013.22557231815
2020-10-31	1290.98001017596	1224.34973461662	1173.21649014884	1233.32816249022	2165.1916244664	1991.7551112157	1106.17605760132	1045.27238369412
2020-11-01	1331.64238716474	1261.84174669752	1208.53202006026	1271.29345134991	2209.61128962121	2046.37030877275	1159.83194386086	1078.16475341772
2020-11-02	1372.75904595189	1299.31137888241	1244.00080945594	1309.66882294988	2253.59290762151	2101.91903090837	1216.41986133093	1111.87658862318
2020-11-03	1414.21042252661	1336.64819672397	1279.55203067775	1348.3477116562	2296.94415823572	2158.4032777437	1275.95137390831	1146.34445353661
2020-11-04	1455.86471152314	1373.73575353946	1315.11128755861	1387.211103487	2339.44737126471	2215.82739437933	1338.42525650658	1181.49557665711
2020-11-05	1497.59010757574	1410.45760264613	1350.60418393145	1426.13998446041	2380.88487650932	2274.19572591583	1403.84028403933	1217.25718648376
2020-11-06	1539.25480531867	1446.69729736123	1385.95632362917	1465.01534059458	2421.0390037704	2333.51261745381	1472.19523142014	1253.55651151565
2020-11-07	1580.72699938617	1482.33839100201	1421.0933104847	1503.71815790762	2459.6920828488	2393.78241409385	1543.48887356258	1290.32078025187
2020-11-08	1621.8748844125	1517.26443688573	1455.94074833096	1542.12942241767	2496.62644354538	2455.00946093654	1617.71998538026	1327.47722119151
2020-11-09	1662.57396857459	1551.36649639561	1490.42573818455	1580.13726183811	2531.64926145912	2517.19615193182	1694.86969982561	1364.9537642731
2020-11-10	1702.72901422006	1584.56566317879	1524.48136979686	1617.65837066333	2564.66709538162	2580.33707642713	1774.84858200656	1402.68114519297
2020-11-11	1742.25209723923	1616.79053894838	1558.04223010296	1654.61658508295	2595.61134990262	2644.42487261926	1857.54955506991	1440.5908010869
2020-11-12	1781.0552935224	1647.96972541749	1591.04290603792	1690.93574128662	2624.41342961183	2709.45217870499	1942.86554216245	1478.61416909067
2020-11-13	1819.05067895988	1678.03182429922	1623.41798453683	1726.53967546396	2651.00473909901	2775.41163288112	2030.68946643097	1516.68268634004
2020-11-14	1856.15032944197	1706.90543730668	1655.10205253475	1761.35222380461	2675.31668295389	2842.29587334444	2120.91425102228	1554.72778997081
2020-11-15	1892.26632085897	1734.51916615299	1686.02969696676	1795.29722249821	2697.2806657662	2910.09753829174	2213.43281908316	1592.68091711874
2020-11-16	1927.31072910119	1760.80161255125	1716.13550476793	1828.29850773439	2716.82809212568	2978.80926591981	2308.13809376042	1630.47350491961
2020-11-17	1961.19563005893	1785.68137821458	1745.35406287335	1860.27991570277	2733.89036662206	3048.42369442544	2404.92299820085	1668.0369905092
2020-11-18	1993.83309962251	1809.08706485607	1773.61995821807	1891.16528259301	2748.39889384507	3118.93346200542	2503.68045555123	1705.30281102328
2020-11-19	2025.13521368223	1830.94727418885	1800.86777773718	1920.87844459472	2760.28507838446	3190.33120685654	2604.30338895837	1742.20240359764
2020-11-20	2055.01404812839	1851.19060792601	1827.03210836576	1949.34323789755	2769.48032482995	3262.60956717559	2706.68472156907	1778.66720536804
2020-11-21	2083.38167885129	1869.74566778068	1852.04753703887	1976.48349869112	2775.91603777129	3335.76118115937	2810.71737653011	1814.62865347027
2020-11-22	2110.15018174125	1886.54105546595	1875.84865069159	2002.22306316508	2779.5236217982	3409.77868700467	2916.29427698829	1850.0181850401
2020-11-23	2135.24651050897	1901.52606492355	1898.37697592293	2026.49600415703	2780.27030805554	3484.6072386173	3023.30115293013	1884.77041288871
2020-11-24	2158.65713014682	1914.73275900964	1919.60179798763	2049.27734109646	2778.26663390862	3560.00205273923	3131.59496170109	1918.83265252893
2020-11-25	2180.38338346756	1926.21389280899	1939.49934180439	2070.55233006086	2773.65896327789	3635.67086182146	3241.0254674863	1952.15539514898
2020-11-26	2200.42661328396	1936.02222140638	1958.04583229188	2090.30622712768	2766.59366008378	3711.32139831497	3351.44243447094	1984.68913193708
2020-11-27	2218.78816240877	1944.21049988657	1975.21749436879	2108.52428837441	2757.21708824672	3786.66139467075	3462.69562684017	2016.38435408145
2020-11-28	2235.46937365477	1950.83148333434	1990.99055295379	2125.19176987851	2745.67561168714	3861.3985833398	3574.63480877916	2047.19155277033
2020-11-29	2250.47158983473	1955.93792683446	2005.34123296557	2140.29392771745	2732.11559432549	3935.24069677312	3687.10974447308	2077.06121919193
2020-11-30	2263.79379660885	1959.57250032705	2018.24242864186	2153.81723326996	2716.67360639896	4007.91095919474	3799.94699483302	2105.94825160572
2020-12-01	2275.42555102719	1961.73753317369	2029.6537114966	2165.75301911971	2699.44704341174	4079.19456192092	3912.88030767387	2133.8251765561
2020-12-02	2285.35405298722	1962.42526959128	2039.53132236277	2176.09383315163	2680.52350718481	4148.89218804096	4025.62022753644	2160.6689276587
2020-12-03	2293.56650238644	1961.62795379673	2047.83150207335	2184.83222325065	2659.99059953912	4216.80452064416	4137.87729896156	2186.45643852918
2020-12-04	2300.05009912234	1959.33783000698	2054.51049146133	2191.9607373017	2637.93592229564	4282.73224281983	4249.36206649006	2211.16464278316
2020-12-05	2304.79204309241	1955.54714243892	2059.5245313597	2197.47192318971	2614.44707727533	4346.47603765726	4359.78507466273	2234.77047403628
2020-12-06	2307.77953419414	1950.24813530947	2062.82986260143	2201.3583287996	2589.61166629914	4407.83658824576	4468.85686802042	2257.25086590419
2020-12-07	2309.02483277751	1943.4589061906	2064.40757955637	2203.63795250125	2563.52987563717	4466.64677666038	4576.29103017066	2278.59340507752
2020-12-08	2308.64044100251	1935.30096607445	2064.33819074175	2204.43059460438	2536.35222935594	4522.86828091923	4681.81330098789	2298.82829054693
2020-12-09	2306.76392148161	1925.92167930822	2062.72705821165	2203.88150590364	2508.24183597109	4576.49497802613	4785.15245941332	2317.99637437805
2020-12-10	2303.5328368273	1915.46841023909	2059.67954402018	2202.13593719369	2479.36180399829	4627.52074498494	4886.03728438809	2336.13850863655
2020-12-11	2299.08474965204	1904.08852321426	2055.30101022142	2199.3391392692	2449.87524195317	4675.93945879951	4984.19655485339	2353.29554538808
2020-12-12	2293.55722256831	1891.92938258092	2049.69681886945	2195.63636292482	2419.94525835138	4721.74499647367	5079.35904975039	2369.50833669827
2020-12-13	2287.08781818859	1879.13835268627	2042.97233201837	2191.17285895521	2389.73496170858	4764.93123501127	5171.25354802026	2384.81773463279
2020-12-14	2279.81409912536	1865.86279787748	2035.23291172226	2186.09387815505	2359.40746054041	4805.49205141616	5259.60882860419	2399.26459125729
2020-12-15	2271.8736279911	1852.25008250177	2026.58392003522	2180.54467131898	2329.12586336252	4843.42132269219	5344.15367044334	2412.88975863741
2020-12-16	2263.40396739828	1838.44757090632	2017.13071901133	2174.67048924166	2299.05327869056	4878.7129258432	5424.61685247888	2425.7340888388
2020-12-17	2254.54267995937	1824.60262743831	2006.97867070469	2168.61658271777	2269.35281504018	4911.36073787303	5500.727153652	2437.83843392712
2020-12-18	2245.42732828686	1810.86261644495	1996.23313716938	2162.52820254195	2240.18758092702	4941.35863578553	5572.21335290386	2449.24364596801
2020-12-19	2236.19547499322	1797.37490227343	1984.99948045948	2156.55059950888	2211.72068486674	4968.70049658455	5638.80422917565	2459.99057702714
2020-12-20	2226.98468269093	1784.28684927093	1973.3830626291	2150.8290244132	2184.11523537498	4993.38019727393	5700.22856140853	2470.12007917013
2020-12-21	2217.89364425069	1771.70556877521	1961.45884085698	2145.47049241317	2157.50126764188	5015.36838264216	5756.21644358209	2479.6510623686
2020-12-22	2208.86557357612	1759.57716008619	1949.18015282052	2140.42907612129	2131.87652355561	5034.54276861631	5806.50322982956	2488.51466821791
2020-12-23	2199.80481482906	1747.80746949439	1936.46993132179	2135.62061251368	2107.20567167879	5050.75783890808	5850.82558932259	2496.62009621937
2020-12-24	2190.61571217136	1736.30234329027	1923.25110916285	2130.96093856643	2083.45338057408	5063.86807722919	5888.92019123281	2503.8765458743
2020-12-25	2181.20260976485	1724.96762776434	1909.44661914576	2126.36589125565	2060.58431880412	5073.72796729133	5920.52370473186	2510.193216684
2020-12-26	2171.46985177139	1713.7091692071	1894.97939407259	2121.75130755743	2038.56315493155	5080.19199280623	5945.37279899139	2515.47930814981
2020-12-27	2161.3217823528	1702.43281390902	1879.77236674541	2117.03302444789	2017.35455751903	5083.11463748558	5963.20414318304	2519.64401977302
2020-12-28	2150.66775692159	1691.04695203539	1863.75995965884	2112.12735262948	1996.92127057528	5082.36895087812	5973.80983332525	2522.60450608463
2020-12-29	2139.43717589278	1679.47014925059	1846.92255407782	2106.95249771017	1977.21833989345	5077.90224588061	5977.20367282366	2524.30974173434
2020-12-30	2127.56445093206	1667.62351509381	1829.25202095984	2101.42713902429	1958.19888671278	5069.68040122684	5973.45489193071	2524.71665640153
2020-12-31	2114.98399370511	1655.42815910422	1810.74023126241	2095.46995590615	1939.81603227249	5057.6692956506	5962.63272089886	2523.78217976559
2021-01-01	2101.63021587761	1642.80519082099	1791.37905594301	2088.99962769008	1922.02289781182	5041.83480788568	5944.80638998053	2521.4632415059
2021-01-02	2087.43752911525	1629.6757197833	1771.16036595916	2081.93483371041	1904.77260457	5022.14281666587	5920.04512942818	2517.71677130183
2021-01-03	2072.3403450837	1615.96085553032	1750.07603226835	2074.19425330146	1888.01827378626	4998.55920072496	5888.41816949425	2512.49969883277
2021-01-04	2056.27307544865	1601.58170760123	1728.11792582807	2065.69656579757	1871.71302669985	4971.04983879673	5849.99474043118	2505.7689537781
2021-01-05	2039.17013187577	1586.4593855352	1705.27791759583	2056.36045053305	1855.80998454999	4939.58060961496	5804.84407249141	2497.4814658172
2021-01-06	2020.96592603076	1570.51499887141	1681.54787852912	2046.10458684223	1840.26226857591	4904.11739191346	5753.03539592739	2487.59416462945
2021-01-07	2001.59486957929	1553.66965714904	1656.91967958545	2034.84765405944	1825.02300001686	4864.62606442601	5694.63794099156	2476.06397989423
2021-01-08	1980.99137418704	1535.84446990725	1631.3851917223	2022.50833151901	1810.04530011205	4821.07250588639	5629.72093793636	2462.84784129092
2021-01-09	1959.08985151969	1516.96054668523	1604.93628589719	2009.00529855525	1795.28229010074	4773.4225950284	5558.35361701424	2447.90267849892
2021-01-10	1935.82471324293	1496.93899702215	1577.5648330676	1994.2572345025	1780.68709122214	4721.64221058582	5480.60520847764	2431.18542119758
2021-01-11	1911.16101005285	1475.73320350415	1549.28764041269	1978.20910725885	1766.21482799766	4665.75518557116	5396.62152028574	2412.67768216871
2021-01-12	1885.18634876713	1453.42564090529	1520.22125999812	1960.91103897747	1751.82863807733	4606.01717011179	5306.85467122464	2392.45980660368
2021-01-13	1858.01897523388	1430.1310570466	1490.50718011122	1942.4394403753	1737.49366239336	4542.74176861384	5211.83335778722	2370.63682279631
2021-01-14	1829.77713530121	1405.96419974908	1460.28688903933	1922.8707221693	1723.17504187795	4476.2425854834	5112.0862764663	2347.31375904037
2021-01-15	1800.57907481721	1381.03981683378	1429.70187506976	1902.28129507639	1708.83791746329	4406.83322512657	5008.14212375475	2322.59564362967
2021-01-16	1770.54303962999	1355.4726561217	1398.89362648983	1880.74756981352	1694.44743008159	4334.82729194946	4900.52959614542	2296.58750485801
2021-01-17	1739.78727558766	1329.37746543388	1368.00363158688	1858.34595709764	1679.96872066504	4260.53839035817	4789.77739013114	2269.39437101916
2021-01-18	1708.42316502141	1302.86142291746	1337.15721311391	1835.15215743016	1665.36917392658	4184.26745392439	4676.3809081869	2241.12038826512
2021-01-19	1676.53463619484	1276.00142802409	1306.41503168674	1811.23903045041	1650.62514970196	4106.26473288214	4560.70237671611	2211.86617418055
2021-01-20	1644.19875385464	1248.86681053154	1275.82158238685	1786.6787255822	1635.71525160769	4026.76780663102	4443.07072810427	2181.73146420831
2021-01-21	1611.49258274752	1221.52690021758	1245.42136029575	1761.54339224933	1620.61808326026	3946.01425457065	4323.81489473694	2150.81599379124
2021-01-22	1578.49318762016	1194.05102685997	1215.25886049493	1735.90517987562	1605.31224827616	3864.24165610062	4203.26380899963	2119.2194983722
2021-01-23	1545.27763321926	1166.5085202365	1185.37857806588	1709.83623788486	1589.77635027189	3781.68759062054	4081.74640327787	2087.04171339404
2021-01-24	1511.92298429153	1138.96871012493	1155.8250080901	1683.40871570088	1573.98899286393	3698.58963753002	3959.59160995719	2054.38237429961
2021-01-25	1478.50630558364	1111.50092630303	1126.6426456491	1656.69476274746	1557.92877966879	3615.18537622866	3837.12836142311	2021.34121653176
2021-01-26	1445.1046618423	1084.17449854858	1097.87598582435	1629.76652844842	1541.57431430295	3531.71238611608	3714.68559006116	1988.01797553335
2021-01-27	1411.79511781421	1057.05875663933	1069.56952369737	1602.69616222757	1524.9042003829	3448.40824659186	3592.59222825686	1954.51238674723
2021-01-28	1378.65473824606	1030.22303035307	1041.76775434964	1575.55581350872	1507.89704152515	3365.51053705563	3471.17720839576	1920.92418561624
2021-01-29	1345.76058788454	1003.73664946757	1014.51517286267	1548.41763171566	1490.53144134618	3283.25683690698	3350.76946286337	1887.35310758325
2021-01-30	1313.18973147635	977.668943760583	987.856274317943	1521.35376627221	1472.78600346248	3201.88472554552	3231.6979240452	1853.89888809109
2021-01-31	1281.01923376819	952.089243009896	961.835553796964	1494.43636660217	1454.63933149056	3121.63178237086	3114.29152432681	1820.66126258263
2021-02-01	1249.32291441042	927.061946193493	936.490981801624	1467.73680188197	1436.09677693369	3042.72586301164	2998.84648918118	1787.74506971204
2021-02-02	1218.16161266815	902.631729090252	911.834430515423	1441.32332029857	1417.27068284234	2965.35592801267	2885.52821643123	1755.27556097882
2021-02-03	1187.59292271013	878.838336679264	887.871247542255	1415.26338979151	1398.30014015376	2889.70121414778	2774.46939698735	1723.38309109376
2021-02-04	1157.67443870514	855.72151393962	864.606780486011	1389.62447830037	1379.32423980522	2815.94095819081	2665.80272175989	1692.19801476768
2021-02-05	1128.46375482194	833.321005850419	842.046376950593	1364.47405376472	1360.48207273397	2744.25439691561	2559.66088165927	1661.8506867114
2021-02-06	1100.0184652293	811.676557390751	820.195384539891	1339.87958412412	1341.91272987727	2674.82076709602	2456.17656759586	1632.47146163572
2021-02-07	1072.39616409599	790.827913539711	799.059150857804	1315.90853731813	1323.75530217237	2607.81930550588	2355.48247048004	1604.19069425147
2021-02-08	1045.64829732892	770.812396174358	778.64344965478	1292.62344427189	1306.14420878861	2543.40161707719	2257.69138444498	1577.11588484542
2021-02-09	1019.80171778757	751.657634763607	758.95575926748	1270.06708785282	1289.19518182367	2481.6087793746	2162.83651651494	1551.26311600826
2021-02-10	994.87713006958	733.38883567434	740.003984179124	1248.27731391389	1273.01928160729	2422.45423812092	2070.93117693695	1526.62561590665
2021-02-11	970.895238772562	716.031205273438	721.796028872927	1227.29196830807	1257.72756846922	2365.95143903895	1981.98867595806	1503.19661270726
2021-02-12	947.876748494152	699.609949927783	704.339797832107	1207.14889688837	1243.43110273922	2312.1138278515	1896.02232382532	1480.96933457673
2021-02-13	925.842363831975	684.150276004255	687.64319553988	1187.88594550774	1230.24094474703	2260.95485028139	1813.04543078576	1459.93700968173
2021-02-14	904.812789383659	669.677389869736	671.714126479462	1169.54096001918	1218.26815482241	2212.48795205142	1733.07130708642	1440.09286618891
2021-02-15	884.808729746832	656.216497891107	656.560495134072	1152.15178627567	1207.62379329511	2166.72657888439	1656.11326297434	1421.43013226494
2021-02-16	865.850889519121	643.792806435248	642.190205986925	1135.75627013017	1198.41892049487	2123.68417650311	1582.18460869656	1403.94203607648
2021-02-17	847.959973298155	632.431521869042	628.61116352124	1120.39225743568	1190.76459675146	2083.3741906304	1511.29865450013	1387.62180579018
2021-02-18	831.15668568156	622.157850559369	615.831272220232	1106.09759404518	1184.77188239461	2045.81006698906	1443.46871063208	1372.46266957271
2021-02-19	815.461731266963	612.99699887311	603.858436567117	1092.91012581164	1180.55183775409	2011.0052513019	1378.70808733945	1358.45785559071
2021-02-20	800.895814651993	604.974173177148	592.700561045114	1080.86769858804	1178.21552315964	1978.97318929172	1317.0300948693	1345.60059201086
2021-02-21	787.479640434277	598.114579838361	582.365550137439	1070.00815822737	1177.87399894101	1949.72732668134	1258.44804346864	1333.88410699981
2021-02-22	775.230390279155	592.438848354536	572.866637979424	1060.3650188795	1179.63739231359	1923.2657604094	1202.95416630359	1323.28718521896
2021-02-23	764.151154122815	587.949300747065	564.238377314866	1051.95446788187	1183.61209803536	1899.52519227788	1150.45638821643	1313.73083730863
2021-02-24	754.24149896916	584.643682168244	556.520650539674	1044.78836086882	1189.9035777499	1878.4269753046	1100.84155696852	1305.12163040392
2021-02-25	745.500991822091	582.519737770369	549.753340049761	1038.87855347468	1198.61729310082	1859.8924625074	1053.99652032121	1297.36613163988
2021-02-26	737.92919968551	581.575212705737	543.976328241036	1034.2369013338	1209.85870573172	1843.84300690408	1009.80812603585	1290.37090815159
2021-02-27	731.525689563319	581.807852126643	539.229497509413	1030.8752600805	1223.7332772862	1830.19996151248	968.163221873797	1284.04252707413
2021-02-28	726.290028459417	583.215401185383	535.552730250801	1028.80548534913	1240.34646940787	1818.8846793504	928.948655596399	1278.28755554257
2021-03-01	722.21723899137	585.789038286107	532.977031763873	1028.03248211191	1259.76982878134	1809.8112617403	892.055689914473	1273.02110389939
2021-03-02	719.284166231379	589.493674840374	531.49789895835	1028.53335269269	1281.93924225531	1802.86480322301	857.393247336723	1268.19245531666
2021-03-03	717.46311086531	594.287655511596	531.101951646715	1030.27824875317	1306.75668171947	1797.92314664402	824.874665321311	1263.75943617389
2021-03-04	716.726373579028	600.129324963186	531.77580964145	1033.2373219551	1334.12411906354	1794.86413484879	794.41328132641	1259.67987285055
2021-03-05	717.046255058398	606.977027858556	533.506092755037	1037.3807239602	1363.94352617721	1793.56561068279	765.922432810184	1255.91159172615
2021-03-06	718.395055989284	614.789108861118	536.27942079996	1042.6786064302	1396.11687495021	1793.90541699148	739.3154572308	1252.41241918017
2021-03-07	720.745077057551	623.523912634285	540.0824135887	1049.10112102682	1430.54613727222	1795.76139662034	714.505692046428	1249.14018159209
2021-03-08	724.068618949065	633.13978384147	544.90169093374	1056.6184194118	1467.13328503296	1799.01139241484	691.406474715233	1246.05270534142
2021-03-09	728.337982349689	643.595067146083	550.723872647562	1065.20065324685	1505.78029012213	1803.53324722043	669.931142695385	1243.10781680763
2021-03-10	733.525467945289	654.848107211538	557.53557854265	1074.8179741937	1546.38912442943	1809.2048038826	649.99303344505	1240.26334237023
2021-03-11	739.60337642173	666.857248701249	565.323428431485	1085.44053391409	1588.86175984459	1815.9039052468	631.505484422394	1237.47710840869
2021-03-12	746.544008464876	679.580836278624	574.07404212655	1097.03848406974	1633.10016825728	1823.50839415852	614.381833085587	1234.7069413025
2021-03-13	754.319664760592	692.97721460708	583.774039440328	1109.58197632238	1679.00632155724	1831.89611346321	598.535416892795	1231.91066743117
2021-03-14	762.902645994743	707.004728350026	594.410040185299	1123.04116233373	1726.48219163415	1840.94490600634	583.879573302186	1229.04611317417
2021-03-15	772.260351236047	721.615419872993	605.958700883407	1137.37904158344	1775.3855143456	1850.51266436885	570.331079780873	1226.07397198934
2021-03-16	782.340573084635	736.736122349977	618.356824894425	1152.53000482281	1825.39708142065	1860.37748007353	557.820473831746	1222.9664056479
2021-03-17	793.08620252349	752.287366657091	631.531252287582	1168.42129062108	1876.15344855623	1870.29749437865	546.281732966644	1219.69844299938
2021-03-18	804.440130535596	768.189683670449	645.408823132113	1184.98013754747	1927.29117144927	1880.03084854246	535.648834697402	1216.24511289335
2021-03-19	816.345248103937	784.363604266162	659.916377497248	1202.13378417121	1978.4468057967	1889.33568382322	525.855756535859	1212.58144417937
2021-03-20	828.744446211498	800.729659320345	674.980755452218	1219.80946906152	2029.25690729546	1897.9701414792	516.83647599385	1208.68246570697
2021-03-21	841.580615841262	817.208379709113	690.528797066257	1237.93443078762	2079.35803164249	1905.69236276865	508.524970583213	1204.52320632573
2021-03-22	854.797338361902	833.725572438299	706.487886455015	1256.43940403106	2128.40328671431	1912.28787915538	500.857190826968	1200.07879896967
2021-03-23	868.340956684858	850.228149032635	722.787583919834	1275.26910792264	2176.1119891059	1917.65178292531	493.776979292872	1195.32479291077
2021-03-24	882.158504107257	866.668297146571	739.357993808472	1294.37175770545	2222.22000759184	1921.70655656992	487.230151559866	1190.23684150548
2021-03-25	896.197013926226	882.998204434562	756.129220468689	1313.69556862261	2266.46321094672	1924.37468258067	481.162523206889	1184.79059811027
2021-03-26	910.403519438894	899.17005855106	773.031368248247	1333.18875591722	2308.57746794512	1925.57864344904	475.519909812883	1178.96171608158
2021-03-27	924.725053942389	915.136047150516	789.994541494904	1352.79953483239	2348.29864736161	1925.2409216665	470.248126956788	1172.72584877588
2021-03-28	939.108650733839	930.848357887386	806.948844556422	1372.47612061124	2385.36261797078	1923.28399972451	465.292990217545	1166.05864954963
2021-03-29	953.501343110372	946.259178416119	823.824381780558	1392.16672849686	2419.50524854721	1919.63036011456	460.600315174093	1158.93577175927
2021-03-30	967.850164369115	961.320696391169	840.551257515075	1411.81957373237	2450.46240786547	1914.2024853281	456.115917405374	1151.33286876127
2021-03-31	982.102147807198	975.985099466989	857.059576107733	1431.38287156087	2477.96996470016	1906.92285785661	451.785612490328	1143.22559391209
2021-04-01	996.204326721747	990.204575298031	873.27944190629	1450.80483722547	2501.76378782585	1897.71396019156	447.555216007896	1134.58960056818
2021-04-02	1010.10373440989	1003.93131153875	889.140959258508	1470.03368596929	2521.57974601712	1886.49827482442	443.370543537017	1125.40054208599
2021-04-03	1023.74740416876	1017.11749584359	904.574232512146	1489.01763303541	2537.15370804856	1873.19828424666	439.177410656633	1115.63407182199
2021-04-04	1037.08236929548	1029.71531586702	919.509366014964	1507.70489366697	2548.22154269474	1857.73647094975	434.921632945684	1105.26584313263
2021-04-05	1050.05499620585	1041.6766272565	933.879434184365	1526.04059488073	2554.56669530897	1840.06952396817	430.557429445028	1094.27690364395
2021-04-06	1062.60898379034	1052.95195763166	947.629391716313	1543.95751078816	2556.16291755944	1820.29095850851	426.072633043195	1082.66987806027
2021-04-07	1074.68736405809	1063.49150260514	960.707163376415	1561.38532727443	2553.03153769306	1798.52849632033	421.463480090632	1070.45278535548
2021-04-08	1086.23316901826	1073.24545778956	973.060673930277	1578.25373022466	2545.19388395675	1774.90985915323	416.726206937787	1057.63364450351
2021-04-09	1097.18943067999	1082.16401879757	984.637848143505	1594.49240552402	2532.67128459743	1749.5627687568	411.857049935107	1044.22047447824
2021-04-10	1107.49918105241	1090.19738124181	995.386610781708	1610.03103905765	2515.485067862	1722.61494688061	406.852245433039	1030.22129425357
2021-04-11	1117.10545214468	1097.29574073491	1005.25488661049	1624.79931671069	2493.65656199738	1694.19411527426	401.708029782031	1015.64412280342
2021-04-12	1125.9577784962	1103.41508886387	1014.19735794675	1638.73071702411	2467.25064991813	1664.4232902299	396.424025144329	1000.50156978685
2021-04-13	1134.03170476739	1108.53460111306	1022.19573731255	1651.77388916214	2436.50643320937	1633.40666621004	391.013396929381	984.824607603618
2021-04-14	1141.30927814894	1112.63924894119	1029.23849478123	1663.88127494484	2401.70656812387	1601.24373221973	385.492696358431	968.648799338652
2021-04-15	1147.77254583154	1115.71400380698	1035.31410042616	1675.00531619224	2363.1337109144	1568.03397726404	379.878474652726	952.00970807688
2021-04-16	1153.40355500588	1117.74383716916	1040.41102432067	1685.09845472441	2321.07051783371	1533.87689034804	374.187283033511	934.94289690323
2021-04-17	1158.18435286265	1118.71372048643	1044.51773653812	1694.11313236139	2275.79964513458	1498.8719604768	368.435672722031	917.483928902629
2021-04-18	1162.09698659253	1118.60862521752	1047.62270715186	1702.00179092322	2227.60374906978	1463.11867665538	362.640194939534	899.668367160004
2021-04-19	1165.12350338621	1117.41352282115	1049.71440623523	1708.71687222997	2176.76548589206	1426.71652788886	356.817400907264	881.531774760284
2021-04-20	1167.24595043437	1115.11338475603	1050.7813038616	1714.21081810167	2123.5675118542	1389.7650031823	350.983841846467	863.109714788394
2021-04-21	1168.44637492771	1111.69318248089	1050.81187010431	1718.43607035838	2068.29248320896	1352.36359154076	345.156068978389	844.437750329265
2021-04-22	1168.70682405692	1107.13788745444	1049.7945750367	1721.34507082015	2011.2230562091	1314.61178196932	339.350633524276	825.551444467821
2021-04-23	1168.00934501267	1101.4324711354	1047.71788873214	1722.89026130703	1952.6418871074	1276.60906347305	333.584086705374	806.486360288992
2021-04-24	1166.33598498566	1094.56190498249	1044.57028126397	1723.02408363906	1892.83163215662	1238.454925057	327.872979742928	787.278060877703
2021-04-25	1163.66879116658	1086.51116045442	1040.34022270554	1721.6989796363	1832.07494760953	1200.24885572625	322.233863858185	767.962109318885
2021-04-26	1159.99514454975	1077.27292448746	1035.02159540873	1718.8711900551	1770.63952366329	1162.08396820801	316.674154741596	748.570735507915
2021-04-27	1155.32376134413	1066.87074592802	1028.62993083958	1714.512151397	1708.73318629267	1124.02787011801	311.164725960442	729.122836581978
2021-04-28	1149.66869156228	1055.33588910006	1021.18617274264	1708.59709909985	1646.54879541684	1086.14179279417	305.667315551211	709.633976488712
2021-04-29	1143.0439852168	1042.69961832753	1012.71126486248	1701.10126860149	1584.27921095498	1048.48696757435	300.14366155039	690.119719175753
2021-04-30	1135.46369232028	1028.99319793439	1003.22615094365	1691.99989533979	1522.11729282625	1011.12462579645	294.555501994466	670.59562859074
2021-05-01	1126.9418628853	1014.24789224459	992.751774730716	1681.26821475257	1460.25590094983	974.115998798353	288.864574919927	651.077268681309
2021-05-02	1117.49254692444	998.494965582091	981.309079968242	1668.88146227769	1398.88789524488	937.522317917953	283.03261836326	631.580203395095
2021-05-03	1107.13550461111	981.773546646936	968.926224063896	1654.83097315333	1338.18609269601	901.39903926743	277.030364551104	612.121689540482
2021-05-04	1095.91333676207	964.154221643536	955.660219077782	1639.17248181896	1278.24313854951	865.778518056128	270.864522470705	592.72575536882
2021-05-05	1083.87435435486	945.715441152398	941.575290733119	1621.9778225144	1219.13163511714	830.687334267693	264.550795299462	573.418121992209
2021-05-06	1071.06686836707	926.535655754023	926.735664753118	1603.31882947944	1160.92418471063	796.152067885764	258.104886214772	554.224510522744
2021-05-07	1057.53918977625	906.693316028913	911.205566860995	1583.2673369539	1103.69338964172	762.199298893978	251.542498394034	535.170642072522
2021-05-08	1043.33962955997	886.266872557572	895.049222779967	1561.8951791776	1047.51185222214	728.85560727598	244.879335014646	516.282237753642
2021-05-09	1028.5164986958	865.334775920502	878.330858233246	1539.27419039033	992.452174763635	696.147573015407	238.131099254005	497.585018678197
2021-05-10	1013.1181081613	843.975476698209	861.114698944049	1515.4762048319	938.586959577946	664.101776095905	231.31349428951	479.104705958288
2021-05-11	997.192768934049	822.267425471193	843.46497063559	1490.57305674213	885.988808976807	632.744796501111	224.442223298559	460.86702070601
2021-05-12	980.788791991603	800.289072819957	825.445899031083	1464.63658036081	834.730325271954	602.103214214664	217.53298945855	442.897684033459
2021-05-13	963.954488311532	778.118869325007	807.121709853745	1437.73860992777	784.884110775133	572.20360922021	210.601495946882	425.222417052734
2021-05-14	946.738168871402	755.835265566841	788.55662882679	1409.9509796828	736.522767798073	543.072561501384	203.663445940951	407.86694087593
2021-05-15	929.188144648781	733.516712125968	769.814881673433	1381.34552386572	689.71889865252	514.736651041831	196.734542618156	390.856976615146
2021-05-16	911.352726621235	711.241659582887	750.960694116889	1351.99407671634	644.545105650209	487.22245782519	189.830489155896	374.218245382477
2021-05-17	893.273909455114	689.082081582072	732.053543844898	1321.95820910633	601.06123283738	460.552793988538	182.970016245614	357.972930032853
2021-05-18	874.968422571913	667.084044023885	713.133916403305	1291.25843843487	559.276091198298	434.7354002827	176.183964634937	342.129060392539
2021-05-19	856.446679081911	645.287135872655	694.237549302478	1259.90501873303	519.185733451719	409.774249611937	169.506202585537	326.69112803063
2021-05-20	837.719092095388	623.730946092715	675.40018005279	1227.90820403185	480.786212316414	385.673314880512	162.970598359089	311.663624516224
2021-05-21	818.796074722621	602.455063648395	656.657546164609	1195.27824836239	444.073580511142	362.436568992685	156.611020217263	297.051041418418
2021-05-22	799.688040073888	581.499077504025	638.045385148303	1162.02540575571	409.043890754665	340.067984852716	150.461336421733	282.857870306305
2021-05-23	780.405401259471	560.902576623937	619.599434514246	1128.15993024285	375.69319576575	318.571535364869	144.555415234171	269.088602748986
2021-05-24	760.966780507312	540.703352361892	601.357398925127	1093.71170514066	344.01305180175	297.950376468401	138.927638519512	255.748051518422
2021-05-25	741.423636516019	520.932005629381	583.364851652934	1058.78913090922	313.9770292744	278.204396242566	133.614442555735	242.842314198043
2021-05-26	721.835637101865	501.617339727322	565.669333121977	1023.52023729437	285.554202134022	259.332665801612	128.652777224082	230.377809574148
2021-05-27	702.262450081121	482.788157956635	548.318383756563	988.033054041964	258.713644330937	241.334256259787	124.079592405793	218.360956433031
2021-05-28	682.763743270062	464.473263618241	531.359543981002	952.455610897861	233.424429815474	224.208238731344	119.93183798211	206.798173560992
2021-05-29	663.399184484959	446.701460013059	514.840354219603	916.915937607914	209.655632537953	207.953684330529	116.246463834275	195.695879744326
2021-05-30	644.228441542085	429.501550442011	498.808354896676	881.542063917982	187.376326448702	192.569664171594	113.060419843528	185.060493769331
2021-05-31	625.311182257714	412.902338206015	483.31108643653	846.462019573918	166.555585498043	178.055249368787	110.410655891111	174.898434422303
2021-06-01	606.707074448115	396.932626605991	468.396089263472	811.803834321576	147.162483636298	164.409511036358	108.334121858264	165.21612048954
2021-06-02	588.475785929565	381.621218942861	454.110903801814	777.695537906815	129.166094813794	151.631520288557	106.86776762623	156.019970757339
2021-06-03	570.676984518333	366.996918517542	440.503070475863	744.265160075486	112.535492980854	139.720348239632	106.04854307625	147.316404011996
2021-06-04	553.370338030696	353.088528630957	427.62012970993	711.640730573448	97.2397520878023	128.675066003835	105.913398089563	139.111839039809
2021-06-05	536.615514282923	339.924852584024	415.509621928323	679.950279146555	83.2479460849631	118.494744695414	106.499282547413	131.412694627074
2021-06-06	520.472181091286	327.534693677663	404.219087555351	649.321835540661	70.5291489226592	109.178455428617	107.84314633104	124.225389560089
2021-06-07	504.998304439085	315.943754180789	393.793954210322	619.874297300804	59.0494518824419	100.725945071981	109.985948821236	117.559195953996
2021-06-08	490.245042977711	305.165332234289	384.271198292541	591.690033168728	48.7630155707606	93.1396635111743	112.984687396996	111.434799239313
2021-06-09	476.261853525581	295.209624947048	375.685683396309	564.842279685368	39.6210179252933	86.4227363861546	116.900368936865	105.875738175407
2021-06-10	463.098192901111	286.086829427945	368.072273115929	539.40427339165	31.5746368837157	80.5782893368764	121.79400031939	100.905551521642
2021-06-11	450.803517922717	277.807142785864	361.465831045703	515.4492508285	24.5750503837039	75.6094480032951	127.726588423116	96.5477780373829
2021-06-12	439.427285408818	270.380762129688	355.901220779935	493.05044853685	18.5734363629354	71.519338025367	134.759140126588	92.8259564819946
2021-06-13	429.018952177829	263.817884568297	351.413305912925	472.281103057627	13.5209727590859	68.311085043047	142.952662308353	89.7636256148415
2021-06-14	419.628464294333	258.131561320657	348.035504869417	453.210150223328	9.37406243631133	65.9885684579349	152.365619569923	87.3836988500985
2021-06-15	411.307724807579	253.346260046053	345.795455395904	435.889323032705	6.11000796468216	64.5586827182042	163.046307404681	85.7065882211774
2021-06-16	404.10912601298	249.489302513856	344.71935006932	420.366053776081	3.71133684074784	64.0290760336726	175.040479028977	84.7520804162998
2021-06-17	398.085060205951	246.588010493434	344.833381466599	406.687774743779	2.16057656105829	64.4073966141578	188.39388765916	84.5399621236875
2021-06-18	393.287919681908	244.669705754155	346.163742164675	394.901918226117	1.4402546221629	65.7012926694775	203.152286511581	85.0900200315622
2021-06-19	389.770096736264	243.761710065388	348.736624740481	385.055916513419	1.53289852061138	67.9184124094492	219.361428802587	86.4220408281453
2021-06-20	387.583983664433	243.891345196502	352.578221770952	377.197201896006	2.42103575295326	71.0664040438904	237.06706774853	88.5558112016585
2021-06-21	386.781972761831	245.085932916866	357.71472583302	371.373206664198	4.08719381573827	75.1529157826191	256.31495656576	91.5111178403237
2021-06-22	387.416456323871	247.372794995848	364.172329503619	367.631363108318	6.5139002055158	80.1855958354525	277.150848470626	95.3077474323621
2021-06-23	389.539826645969	250.779253202818	371.977225359684	366.019103518686	9.68368241883577	86.1720924122087	299.620496679478	99.9654866659959
2021-06-24	393.204476023538	255.332629307143	381.155605978147	366.583860185624	13.5790679522474	93.1200537227047	323.769654408665	105.504122229446
2021-06-25	398.462796751993	261.060245078192	391.733663935943	369.373065399454	18.1825843023004	101.037127976758	349.644074874537	111.943440810935
2021-06-26	405.367181126748	267.989422285335	403.737591810005	374.434151450496	23.4767589655448	109.930963384188	377.289511293445	119.303229098683
2021-06-27	413.970021443219	276.14748269794	417.193582177266	381.814550629072	29.4441194385295	119.80920815481	406.751716881737	127.603273780913
2021-06-28	424.319786917779	285.560994019239	432.122987683972	391.556332426303	36.0706094083292	130.678670560716	438.066674616432	136.863203409055
2021-06-29	436.449254450641	296.253507687917	448.527801253599	403.680115136499	43.355837324114	142.542799123086	471.231286517213	147.10201398737
2021-06-30	450.387277862979	308.247821076521	466.40517587894	418.201154254774	51.3028278255799	155.404202425374	506.232684364436	158.338543383327
2021-07-01	466.162710975967	321.566731557601	485.752264552784	435.134705276239	59.9146055524228	169.265489051037	543.057999938456	170.591629464399
2021-07-02	483.804407610775	336.233036503703	506.56622026792	454.496023696004	69.1941951443369	184.129267583525	581.694365019621	183.880110098052
2021-07-03	503.34122158858	352.269533287378	528.844196017139	476.300365009183	79.1446212410188	199.998146606295	622.128911388291	198.222823151759
2021-07-04	524.802006730553	369.69901928117	552.583344793229	500.562984710885	89.7689084821627	216.874734702799	664.348770824814	213.638606492988
2021-07-05	548.20669637004	388.536161694084	577.771845587736	527.289269312093	101.068077292393	234.754187498318	708.32240272175	230.140330757551
2021-07-06	573.539541889087	408.763107080936	604.361981387224	556.44512938728	113.035131236049	253.601848785439	753.94357692048	247.716997654626
2021-07-07	600.775874181906	430.353871832994	632.297061177009	587.986606526782	125.661069662397	273.37560939857	801.087390874585	266.35164166173
2021-07-08	629.891024142717	453.28247234153	661.520393942413	621.869742320946	138.936891920704	294.033360172128	849.628942037652	286.027297256383
2021-07-09	660.860322665734	477.522924997811	691.975288668749	658.050578360108	152.853597360237	315.532991940519	899.443327863258	306.726998916101
2021-07-10	693.659100645172	503.049246193108	723.60505434134	696.485156234611	167.402185330263	337.832395538157	950.405645804992	328.433781118405
2021-07-11	728.262688975253	529.835452318693	756.352999945504	737.129517534799	182.57365518005	360.889461799455	1002.39099331644	351.130678340814
2021-07-12	764.646418550186	557.855559765833	790.162434466556	779.939703851008	198.359006258863	384.662081558823	1055.27446785118	374.800725060844
2021-07-13	802.785620264194	587.0835849258	824.976666889819	824.871756773586	214.749237915972	409.108145650673	1108.9311668628	399.426955756016
2021-07-14	842.655625011487	617.49354418986	860.739006200606	871.881717892866	231.735349500641	434.185544909416	1163.23618780488	424.992404903846
2021-07-15	884.231763686285	649.059453949286	897.392761384238	920.925628799193	249.308340362139	459.852170169464	1218.064628131	451.480106981853
2021-07-16	927.489367182806	681.755330595349	934.881241426036	971.959531082913	267.459209849733	486.065912265231	1273.29158529476	478.873096467559
2021-07-17	972.40376639526	715.555190519314	973.147755311314	1024.93946633436	286.178957312688	512.784662031124	1328.79215674972	507.154407838478
2021-07-18	1018.95029221787	750.433050112457	1012.13561202539	1079.82147614388	305.458582100275	539.966310301559	1384.44143994949	536.307075572133
2021-07-19	1067.09198066198	786.348835278851	1051.79241118091	1136.54643337897	325.285747252495	567.563803557151	1440.1016664827	566.309193290136
2021-07-20	1116.74268820743	823.206109973817	1092.08291489982	1194.99453601579	345.634770572308	595.510310863341	1495.5836044783	597.119091190504
2021-07-21	1167.80397645122	860.894347665483	1132.97617593138	1255.03081330765	366.476633553414	623.734056931781	1550.6851562003	628.690158615352
2021-07-22	1220.17740699031	899.303021821972	1174.44124702486	1316.52029450786	387.782317689505	652.163266474114	1605.20422391271	660.975784906789
2021-07-23	1273.7645414217	938.321605911415	1216.44718092953	1379.32800886975	409.522804474282	680.726164201992	1658.93870987953	693.929359406931
2021-07-24	1328.46694134235	977.839573401935	1258.96303039465	1443.31898564661	431.66907540144	709.35097482706	1711.68651636477	727.504271457888
2021-07-25	1384.18616834926	1017.74639776166	1301.95784816949	1508.35825409177	454.192111964675	737.965923060965	1763.24554563244	761.653910401773
2021-07-26	1440.8129027248	1057.92657583345	1345.38551844042	1574.30015576689	477.061225347241	766.50426046196	1813.43122655794	796.326068891406
2021-07-27	1498.19429949299	1098.2446979591	1389.13925114218	1640.95628146704	500.239045490599	794.91934597469	1862.1290944622	831.446152822402
2021-07-28	1556.16663236325	1138.56037785512	1433.09708764659	1708.12753429563	523.68653202577	823.169565390411	1909.24221127755	866.933971401089
2021-07-29	1614.566175045	1178.73322923804	1477.13706932551	1775.61481735607	547.364644583769	851.213304500369	1954.6736389363	902.709333833786
2021-07-30	1673.22920124765	1218.62286582437	1521.13723755076	1843.21903375179	571.234342795617	879.008949095818	1998.32643937078	938.692049326819
2021-07-31	1731.99198468063	1258.08890133064	1564.97563369419	1910.74108658621	595.256586292332	906.51488496801	2040.10367451332	974.801927086514
2021-08-01	1790.69079905335	1296.99094947338	1608.53029912763	1977.98187896273	619.392334704931	933.689497908193	2079.90840629624	1010.95877631919
2021-08-02	1849.16191807523	1335.18862396909	1651.67927522292	2044.74231398477	643.602547664435	960.491173707621	2117.64369665186	1047.08240623117
2021-08-03	1907.2416154557	1372.54153853431	1694.30060335189	2110.82329475575	667.848184801858	986.878298157543	2153.21260751251	1083.09262602879
2021-08-04	1964.76616490416	1408.90930688555	1736.27232488638	2176.0257243791	692.090205748223	1012.80925704921	2186.5182008105	1118.90924491835
2021-08-05	2021.57184013004	1444.15154273933	1777.47248119824	2240.1505059582	716.289570134543	1038.24243617387	2217.46353847816	1154.45207210619
2021-08-06	2077.49491484276	1478.12785981218	1817.77911365929	2302.9985425965	740.40723759184	1063.13622132279	2245.95168244782	1189.64091679863
2021-08-07	2132.37166275174	1510.69787182062	1857.07026364137	2364.37073739741	764.404167751132	1087.4489982872	2271.88569465179	1224.395588202
2021-08-08	2186.0383575664	1541.72119248116	1895.22397251633	2424.06799346433	788.241320243436	1111.13915285836	2295.16863702241	1258.63589552261
2021-08-09	2238.34606931537	1571.08140270554	1932.12826737621	2481.91039807199	811.885741989652	1134.17444441554	2315.71815815032	1292.29169233554
2021-08-10	2289.20505330422	1598.75795218627	1967.71111819391	2537.79477518027	835.328829070198	1156.56012669014	2333.51025325953	1325.33300969086
2021-08-11	2338.54036115774	1624.75425781107	2001.91048066257	2591.63713292037	858.568064855376	1178.31082700156	2348.53550423239	1357.7399230074
2021-08-12	2386.27704450069	1649.07373646769	2034.66431047531	2643.35347942349	881.600932715489	1199.4411726692	2360.78449295122	1389.49250770398
2021-08-13	2432.34015495787	1671.71980504383	2065.91056332525	2692.85982282081	904.424916020833	1219.96579101249	2370.24780129837	1420.57083919941
2021-08-14	2476.65474415406	1692.69588042722	2095.5871949055	2740.07217124352	927.037498141713	1239.89930935082	2376.91601115617	1450.95499291252
2021-08-15	2519.14586371403	1712.00537950559	2123.6321609092	2784.90653282282	949.436162448426	1259.2563550036	2380.77970440697	1480.62504426214
2021-08-16	2559.75140945691	1729.65727328563	2149.99997635692	2827.29550143286	971.617140860955	1278.05163600599	2381.8466842314	1509.56842296093
2021-08-17	2598.46065397915	1745.68274924992	2174.71139357907	2867.23801391962	993.571659498008	1296.30018325602	2380.19363900329	1537.80197589691
2021-08-18	2635.27571407152	1760.11854900001	2197.80372423353	2904.74959287202	1015.28969302797	1314.01710836748	2375.91447839478	1565.34990425198
2021-08-19	2670.19870652481	1773.00141413746	2219.31427997815	2939.845760879	1036.76121611923	1331.21752295415	2369.10311207799	1592.236409208
2021-08-20	2703.2317481298	1784.3680862638	2239.28037247081	2972.5420405295	1057.97620344017	1347.91653862981	2359.85344972505	1618.48569194684
2021-08-21	2734.37695567726	1794.25530698059	2257.73931336937	3002.85395441245	1078.92462965918	1364.12926700825	2348.2594010081	1644.1219536504
2021-08-22	2763.63644595799	1802.69981788937	2274.7284143317	3030.79702511679	1099.59646944465	1379.87081970325	2334.41487559926	1669.16939550054
2021-08-23	2791.01233576275	1809.73836059171	2290.28498701567	3056.38677523145	1119.98169746497	1395.15630832858	2318.41378317067	1693.65221867913
2021-08-24	2816.50674188235	1815.40767668914	2304.44634307915	3079.63872734537	1140.07028838852	1410.00084449803	2300.35003339446	1717.59462436806
2021-08-25	2840.12178110754	1819.74450778321	2317.24979417999	3100.56840404747	1159.85221688369	1424.41953982539	2280.31753594275	1741.0208137492
2021-08-26	2861.85957022912	1822.78559547548	2328.73265197608	3119.1913279267	1179.31745761886	1438.42750592442	2258.41020048768	1763.95498800443
2021-08-27	2881.72222603787	1824.5676813675	2338.93222812528	3135.52302157199	1198.45598526243	1452.03985440893	2234.72193670138	1786.42134831562
2021-08-28	2899.71186532457	1825.1275070608	2347.88583428545	3149.57900757227	1217.25777448278	1465.27169689267	2209.34665425597	1808.44409586465
2021-08-29	2915.83060487999	1824.50181415695	2355.63078211446	3161.37480851649	1235.7127999483	1478.13814498945	2182.3782628236	1830.0474318334
2021-08-30	2930.09724063602	1822.73383367128	2362.21058539948	3170.94884930097	1253.81567364621	1490.65281711941	2153.9228822033	1851.25630123242
2021-08-31	2942.59728508886	1819.89275427426	2367.69356644488	3178.43116405173	1271.57955683912	1502.82335892824	2124.13547270182	1872.09862438699
2021-09-01	2953.43292987581	1816.05425405016	2372.15424968432	3183.97468920218	1289.02224810847	1514.65592286798	2093.18320475278	1892.60306545107
2021-09-02	2962.70636663419	1811.29401108324	2375.66715955147	3187.73236118573	1306.16154603569	1526.15666139068	2061.23324878985	1912.79828857863
2021-09-03	2970.51978700129	1805.68770345776	2378.30682047999	3189.85711643579	1323.01524920223	1537.33172694841	2028.45277524667	1932.71295792361
2021-09-04	2976.97538261441	1799.311009258	2380.14775690355	3190.50189138577	1339.60115618953	1548.1872719932	1995.00895455689	1952.37573763999
2021-09-05	2982.17534511086	1792.2396065682	2381.26449325581	3189.81962246909	1355.93706557902	1558.72944897712	1961.06895715415	1971.81529188172
2021-09-06	2986.2183353131	1784.5437436697	2381.72604421732	3187.95387879295	1372.04078093831	1568.96532978101	1926.77798313099	1991.05461796386
2021-09-07	2989.18889078428	1776.27194963212	2381.57938545614	3185.0107601597	1387.93012577959	1578.90566400088	1892.19335121542	2010.09404584585
2021-09-08	2991.16801827269	1767.46732372214	2380.86598288721	3181.0869990455	1403.62292860124	1588.56212066156	1857.35040979436	2028.92823864823
2021-09-09	2992.23672452664	1758.17296520645	2379.62730242545	3176.27932792648	1419.13701790163	1597.94636878786	1822.28450725471	2047.55185949152
2021-09-10	2992.47601629442	1748.43197335173	2377.90480998582	3170.6844792788	1434.49022217911	1607.0700774046	1787.03099198339	2065.95957149627
2021-09-11	2991.96690032434	1738.28744742467	2375.73997148325	3164.3991855786	1449.70036993204	1615.94491553658	1751.62521236729	2084.14603778302
2021-09-12	2990.79038336471	1727.78248669194	2373.17425283267	3157.52017930203	1464.78528965881	1624.58255220862	1716.10251679333	2102.1059214723
2021-09-13	2989.02747216381	1716.96019042023	2370.24911994903	3150.14419292524	1479.76280985776	1632.99465644554	1680.4982536484	2119.83388568465
2021-09-14	2986.75917346996	1705.86365787623	2367.00603874726	3142.36795892436	1494.65075902726	1641.19289727215	1644.84777131943	2137.3245935406
2021-09-15	2984.06649403145	1694.53598832663	2363.4864751423	3134.28820977556	1509.46696566568	1649.18894371327	1609.18641819331	2154.5727081607
2021-09-16	2981.03044059659	1683.0202810381	2359.73189504909	3126.00167795497	1524.22925827138	1656.99446479371	1573.54954265695	2171.57289266547
2021-09-17	2977.73201991367	1671.35963527733	2355.78376438257	3117.60509593874	1538.95546534273	1664.62112953828	1537.97249309726	2188.31981017545
2021-09-18	2974.25223873101	1659.597150311	2351.68354905767	3109.19519620302	1553.66341537808	1672.0806069718	1502.49061790115	2204.80812381119
2021-09-19	2970.6721037969	1647.77592540581	2347.47271498933	3100.86871122396	1568.37093687581	1679.38456611908	1467.13926545552	2221.03249669321
