date	state	King	Snohomish	Pierce	Ann Arbor	Boston	San Diego	DC
2020-01-26	0	0	0	0	0	0	0	0
2020-02-02	0	0	0	0	0	0	0	0
2020-02-09	0	0	0	0	0	0	0	0
2020-02-16	0	0	0	0	0	0	0	0
2020-02-23	0.131321608852547	0.443895592205549	0	0	0	0	0	0
2020-03-01	1.96982413278821	6.21453829087768	1.21642218608097	0	0	0	0	0
2020-03-08	3.02039700360859	8.43401625190542	3.6492665582429	0	0	0	0	0
2020-03-15	7.2226884868901	17.7558236882219	7.2985331164858	1.10499679550929	0	1.24392498137222	0	0
2020-03-22	12.3442312321394	27.521526716744	15.8134884190526	4.41998718203717	8.16102241288789	2.48784996274445	1.79730583854802	5.6677373967232
2020-03-29	27.5775378590349	41.282290075116	42.5747765128339	9.94497115958364	13.6017040214798	28.6102745715611	3.2950607040047	24.0878839360736
2020-04-05	19.5669197190295	37.2872297452661	19.4627549772955	13.2599615461115	27.2034080429596	65.9280240127278	8.08787627346607	36.8402930787008
2020-04-12	15.6272714534531	23.9703619790996	24.3284437216194	11.0499679550929	29.9237488472556	135.587822969572	7.78832530037474	62.3451113639552
2020-04-19	14.8393418003378	27.0776311245385	12.1642218608097	16.5749519326394	57.1271568902152	252.516771218561	12.2815898967448	104.853141839379
2020-04-26	10.8996935347614	18.1997192804275	7.2985331164858	3.31499038652788	54.4068160859192	221.418646684256	6.88967238110073	106.27007618856
2020-05-03	11.8189447967293	15.5363457271942	9.73137748864774	9.94497115958364	29.9237488472556	166.685947503878	10.4842840581968	100.602338791837
2020-05-10	9.4551558373834	10.6534942129332	9.73137748864774	11.0499679550929	19.0423856300717	93.2943736029167	11.9820389236534	90.6837983475712
2020-05-17	6.69740205147991	9.32180743631652	15.8134884190526	3.31499038652788	21.7627264343677	60.9523240872389	11.9820389236534	73.6805861574016
2020-05-24	5.51550757180698	7.99012065969987	10.9477996747287	4.41998718203717	10.8813632171838	51.0009242362612	5.99101946182672	49.592702221328
2020-05-31	5.51550757180698	5.32674710646658	4.86568874432387	5.52498397754646	2.72034080429596	68.4158739754723	8.08787627346607	29.7556213327968
2020-06-07	6.30343722492227	6.65843388308323	1.21642218608097	2.20999359101859	0	24.8784996274445	6.88967238110073	39.6741617770624
2020-06-14	4.7275779186917	2.21947796102774	6.08211093040484	4.41998718203717	5.44068160859192	37.3177494411667	5.69146848873539	28.338686983616
2020-06-21	5.90947239836463	3.99506032984994	8.51495530256677	5.52498397754646	2.72034080429596	38.5616744225389	6.59012140800939	24.0878839360736
2020-06-28	6.17211561606972	3.10726914543884	4.86568874432387	9.94497115958364	5.44068160859192	4.97569992548889	8.08787627346607	12.7524091426272
2020-07-05	8.53590457541557	6.21453829087768	4.86568874432387	3.31499038652788	5.44068160859192	12.4392498137222	10.4842840581968	15.5862778409888
2020-07-12	6.30343722492227	2.66337355323329	3.6492665582429	2.20999359101859	2.72034080429596	21.1467246833278	16.7748544931148	14.169343491808
2020-07-19	9.71779905508849	4.43895592205549	1.21642218608097	7.73497756856505	2.72034080429596	13.6831747950945	13.7793447622015	4.2508030475424
2020-07-26	12.6068744498445	7.99012065969987	8.51495530256677	7.73497756856505	5.44068160859192	13.6831747950945	11.0833860043794	5.6677373967232
2020-08-02	12.0815880144343	10.2095986207276	2.43284437216193	17.6799487281487	2.72034080429596	19.9027997019556	7.4887743272834	7.084671745904
2020-08-09	10.5057287082038	7.10232947528878	10.9477996747287	8.83997436407434	2.72034080429596	3.73177494411667	10.7838350312881	9.9185404442656
2020-08-16	7.09136687803755	5.77064269867213	3.6492665582429	12.1549647506022	2.72034080429596	21.1467246833278	11.3829369774708	9.9185404442656
2020-08-23	7.09136687803755	3.55116473764439	1.21642218608097	6.62998077305576	0	17.4149497392111	5.69146848873539	1.4169343491808
2020-08-30	5.64682918065953	4.88285151426103	1.21642218608097	11.0499679550929	-2.72034080429596	3.73177494411667	7.4887743272834	8.5016060950848
2020-09-06	4.7275779186917	1.77558236882219	2.43284437216193	6.62998077305576	0	7.46354988823334	8.98652919274008	7.084671745904
2020-09-13	6.17211561606972	3.10726914543884	3.6492665582429	8.83997436407434	2.72034080429596	14.9270997764667	18.5721603316628	4.2508030475424
2020-09-20	6.30343722492227	2.66337355323329	2.43284437216193	7.73497756856505	2.72034080429596	7.46354988823334	-6.29057043491806	7.084671745904
2020-09-27	6.30343722492227	4.43895592205549	3.6492665582429	2.20999359101859	0	9.95139985097779	6.88967238110073	7.084671745904
2020-10-04	5.90947239836463	6.65843388308323	3.6492665582429	6.62998077305576	0	3.73177494411667	8.08787627346607	9.9185404442656
2020-10-11	5.64682918065953	2.21947796102774	4.86568874432387	5.52498397754646	0	13.6831747950945	13.1802428160188	7.084671745904
2020-10-18	8.66722618426812	6.21453829087768	9.73137748864774	6.62998077305576	2.72034080429596	14.9270997764667	-0.299550973091336	1.4169343491808
2020-10-25	8.92986940197321	4.43895592205549	8.51495530256677	8.83997436407434	5.44068160859192	16.1710247578389	6.88967238110073	5.6677373967232
2020-11-01	8.66722618426812	3.10726914543884	9.73137748864774	12.1549647506022	2.72034080429596	14.9270997764667	5.09236654255271	11.3354747934464
2020-11-08	10.7683719259089	4.88285151426103	8.51495530256677	14.3649583416208	10.8813632171838	14.9270997764667	5.39191751564405	5.6677373967232
2020-11-15	13.3948041029598	9.32180743631652	19.4627549772955	13.2599615461115	10.8813632171838	23.6345746460722	11.9820389236534	17.0032121901696
2020-11-22	15.6272714534531	9.76570302852207	25.5448659077003	18.784945523658	16.3220448257758	18.6588747205834	9.28608016583142	11.3354747934464
2020-11-29	20.0922061544397	20.4191972414552	26.7612880937813	14.3649583416208	24.4830672386637	42.2934493666556	17.3739564392975	24.0878839360736
2020-12-06	9.71779905508849	10.6534942129332	13.3806440468906	7.73497756856505	32.6440896515515	28.6102745715611	28.7568934167683	25.5048182852544
2020-12-13	21.4054222429652	8.87791184411097	25.5448659077003	9.94497115958364	48.9661344773273	19.9027997019556	38.6420755287824	24.0878839360736
2020-12-20	10.5057287082038	8.87791184411097	10.9477996747287	11.0499679550929	40.8051120644394	38.5616744225389	36.545218717143	45.3418991737856
2020-12-27	36.1134424344505	32.8482738232106	52.3061540014816	36.4648942518067	27.2034080429596	42.2934493666556	56.9146848873539	42.508030475424
2021-01-03	31.2545429069062	24.4142575713052	35.2762433963481	43.0948750248624	40.8051120644394	47.2691492921445	69.49582575719	29.7556213327968
2021-01-10	26.9209298147722	20.8630928336608	27.9777102798623	30.9399102742602	13.6017040214798	78.3672738264501	72.191784515012	48.1757678721472
2021-01-17	27.7088594678875	22.638675202483	34.0598212102671	29.8349134787509	16.3220448257758	51.0009242362612	83.5747214924828	32.5894900311584
2021-01-24	22.4559951137856	17.3119280960164	23.1120215355384	27.6249198877323	2.72034080429596	52.2448492176334	77.583702030656	55.2604396180512
2021-01-31	21.5367438518177	15.5363457271942	7.2985331164858	18.784945523658	10.8813632171838	38.5616744225389	62.6061533760892	53.8435052688704
2021-02-07	29.8100052095282	15.0924501349886	26.7612880937813	25.4149262967137	21.7627264343677	62.1962490686112	59.0115416989932	45.3418991737856
2021-02-14	19.1729548924719	20.4191972414552	12.1642218608097	22.0999359101859	13.6017040214798	32.3420495156778	53.6196241833492	21.254015237712
2021-02-21	17.5970955862413	16.4241369116053	10.9477996747287	26.519923092223	2.72034080429596	31.0981245343056	24.8627307665809	22.6709495868928
2021-02-28	11.031015143614	9.32180743631652	2.43284437216193	13.2599615461115	5.44068160859192	31.0981245343056	34.1488109324123	28.338686983616
2021-03-07	10.8996935347614	10.6534942129332	6.08211093040484	23.2049327056952	0	36.0738244597945	17.6735074123888	14.169343491808
2021-03-14	6.69740205147991	4.43895592205549	4.86568874432387	14.3649583416208	2.72034080429596	19.9027997019556	14.0788957352928	12.7524091426272
2021-03-21	5.77815078951208	3.99506032984994	4.86568874432387	6.62998077305576	5.44068160859192	22.3906496647	14.6779976814755	9.9185404442656
2021-03-28	7.87929653115283	5.32674710646658	4.86568874432387	11.0499679550929	8.16102241288789	17.4149497392111	8.38742724655741	19.8370808885312
2021-04-04	5.77815078951208	5.32674710646658	0	8.83997436407434	13.6017040214798	8.70747486960556	13.4797937891101	15.5862778409888
2021-04-11	7.61665331344774	5.32674710646658	6.08211093040484	9.94497115958364	8.16102241288789	7.46354988823334	18.2726093585715	19.8370808885312
2021-04-18	7.2226884868901	4.43895592205549	3.6492665582429	6.62998077305576	10.8813632171838	3.73177494411667	4.1937136232787	5.6677373967232
2021-04-25	8.53590457541557	4.88285151426103	4.86568874432387	14.3649583416208	19.0423856300717	9.95139985097779	5.39191751564405	8.5016060950848
2021-05-02	8.53590457541557	7.54622506749432	6.08211093040484	6.62998077305576	16.3220448257758	3.73177494411667	5.69146848873539	7.084671745904
2021-05-09	7.48533170459519	3.55116473764439	3.6492665582429	14.3649583416208	21.7627264343677	9.95139985097779	3.59461167709603	11.3354747934464
2021-05-16	10.6370503170563	8.43401625190542	9.73137748864774	9.94497115958364	13.6017040214798	3.73177494411667	4.1937136232787	9.9185404442656
2021-05-23	8.27326135771048	7.99012065969987	3.6492665582429	18.784945523658	13.6017040214798	6.21962490686112	1.49775486545668	9.9185404442656
2021-05-30	9.32383422853085	7.10232947528878	0	11.0499679550929	5.44068160859192	4.97569992548889	2.39640778473069	5.6677373967232
2021-06-06	-2.75775378590349	9.32180743631652	1.21642218608097	-45.304868615881	8.16102241288789	3.73177494411667	1.79730583854802	2.8338686983616
2021-06-13	0.656608044262736	-1.77558236882219	10.9477996747287	-32.0449070697695	2.72034080429596	1.24392498137222	0.299550973091336	4.2508030475424
2021-06-20	10.7683719259089	18.643614872633	6.08211093040484	8.83997436407434	0	1.24392498137222	2.69595875782202	0
2021-06-27	4.85889952754425	2.21947796102774	6.08211093040484	5.52498397754646	5.44068160859192	2.48784996274445	0	0
2021-07-04	7.61665331344774	4.43895592205549	7.2985331164858	8.83997436407434	2.72034080429596	3.73177494411667	1.19820389236534	2.8338686983616
2021-07-11	5.90947239836463	4.88285151426103	2.43284437216193	6.62998077305576	0	-1.24392498137222	0.599101946182672	4.2508030475424
2021-07-18	4.7275779186917	-0.443895592205549	3.6492665582429	5.52498397754646	5.44068160859192	2.48784996274445	2.09685681163935	0
2021-07-25	5.77815078951208	0.887791184411097	4.86568874432387	3.31499038652788	0	4.97569992548889	1.49775486545668	4.2508030475424
2021-08-01	6.04079400721717	2.66337355323329	6.08211093040484	2.20999359101859	0	1.24392498137222	3.89416265018737	0
2021-08-08	9.32383422853085	3.55116473764439	7.2985331164858	2.20999359101859	5.44068160859192	4.97569992548889	3.89416265018737	1.4169343491808
2021-08-15	15.364628235748	7.99012065969987	6.08211093040484	8.83997436407434	0	2.48784996274445	7.18922335419207	7.084671745904
2021-08-22	19.8295629367346	11.0973898051387	12.1642218608097	20.9949391146766	2.72034080429596	3.73177494411667	9.58563113892276	5.6677373967232
2021-08-29	24.1631760288687	10.6534942129332	10.9477996747287	26.519923092223	2.72034080429596	4.97569992548889	10.1847330851054	4.2508030475424
2021-09-05	29.8100052095282	14.2046589505776	12.1642218608097	16.5749519326394	0	2.48784996274445	8.38742724655741	4.2508030475424
2021-09-12	37.1640153052709	12.8729721739609	14.5970662329716	25.4149262967137	0	6.21962490686112	19.1712622778455	2.8338686983616
2021-09-19	38.4772313937963	10.6534942129332	13.3806440468906	19.8899423191673	10.8813632171838	6.21962490686112	13.4797937891101	7.084671745904
2021-09-26	35.5881559990403	12.8729721739609	14.5970662329716	27.6249198877323	10.8813632171838	11.19532483235	8.98652919274008	5.6677373967232
2021-10-03	33.7496534751046	12.8729721739609	17.0299106051335	22.0999359101859	5.44068160859192	11.19532483235	9.58563113892276	8.5016060950848
2021-10-10	27.7088594678875	9.32180743631652	20.6791771633764	23.2049327056952	5.44068160859192	8.70747486960556	14.9775486545668	1.4169343491808
2021-10-17	28.4967891210028	16.4241369116053	15.8134884190526	19.8899423191673	10.8813632171838	7.46354988823334	5.99101946182672	4.2508030475424
2021-10-24	23.2439247669009	11.0973898051387	17.0299106051335	14.3649583416208	13.6017040214798	7.46354988823334	8.98652919274008	5.6677373967232
2021-10-31	22.324673504933	12.8729721739609	9.73137748864774	23.2049327056952	2.72034080429596	4.97569992548889	9.88518211201409	4.2508030475424
