date	state	King	Snohomish	Pierce	Ann Arbor	Boston	San Diego	DC
2020-01-26	0	0	0	0	0	0	0	0
2020-01-27	0	0	0	0	0	0	0	0
2020-01-28	0	0	0	0	0	0	0	0
2020-01-29	0	0	0	0	0	0	0	0
2020-01-30	0	0	0	0	0	0	0	0
2020-01-31	0	0	0	0	0	0	0	0
2020-02-01	0	0	0	0	0	0	0	0
2020-02-02	0	0	0	0	0	0	0	0
2020-02-03	0	0	0	0	0	0	0	0
2020-02-04	0	0	0	0	0	0	0	0
2020-02-05	0	0	0	0	0	0	0	0
2020-02-06	0	0	0	0	0	0	0	0
2020-02-07	0	0	0	0	0	0	0	0
2020-02-08	0	0	0	0	0	0	0	0
2020-02-09	0	0.190168455017835	3.99867993634991	0	0	0	0	0
2020-02-10	0	4.16920027313344	9.16891560161229	0	0	0	0	0
2020-02-11	1.72778297651674	8.30738290670663	14.5307557740649	0	0	0	0	0
2020-02-12	4.30627286569636	12.6171110196497	20.0987408859265	0	0	0	0	0
2020-02-13	7.00893856390869	17.110779275875	25.887411369416	0.560779953151161	0	0	0	0
2020-02-14	9.84439440027667	21.8007823392948	31.9113076567521	2.48170265368599	0.223214548343633	0	0	0
2020-02-15	12.8212547039232	26.6995148738213	38.1849701801535	4.51733058275169	4.36462258297846	0	0	0
2020-02-16	15.9481338039713	31.8193715433671	44.7229393718392	6.67488193824833	8.77677502375948	0	0	0
2020-02-17	19.2336980070613	37.1724759193047	51.5392760806239	8.96192696221512	13.4768590866843	0	0	0
2020-02-18	22.6868215299035	42.7698672028492	58.6461228217067	11.3874440732477	18.4856861583159	0	0.460232162170444	0
2020-02-19	26.3164305667258	48.6223135026761	66.0551425268828	13.960763734081	23.8249736678583	17.4091049289126	1.57282564025063	0
2020-02-20	30.1314513117559	54.7405829274606	73.7779981279471	16.6912164074498	29.5164390445156	36.4793493967668	2.77730824000286	0
2020-02-21	34.1408099592218	61.1354435858783	81.8263525566949	19.5881325560888	35.581799717492	57.1353156348308	4.08014325269145	0
2020-02-22	38.353432703351	67.8176635866046	90.2118687449212	22.6608426427328	42.0427731159918	79.4807943269281	5.48779396958066	0
2020-02-23	42.7782457383716	74.7980110383149	98.9462096244212	25.9186771301168	48.9210766692188	103.619576156882	7.00672368193478	3.54132813917289
2020-02-24	47.4214792387855	82.0829510894645	108.035219934249	29.3689128514515	56.2344575734318	129.644189024009	8.64264605503775	11.2467098697075
2020-02-25	52.2785793001918	89.6617370476276	117.461471642493	33.010612121852	63.9847820931063	157.602109689596	10.398276250252	19.6696980968028
2020-02-26	57.3422959984637	97.5193192601584	127.201718524502	36.8407836269094	72.1699462597724	187.529552130422	12.2755798029598	28.8369782764695
2020-02-27	62.6053794094747	105.640648074411	137.232714355624	40.856436052215	80.78784610496	219.462730323266	14.2765222485432	38.7752358647183
2020-02-28	68.060579609098	114.01067383774	147.531212911207	45.0545780833597	89.8363776601992	253.437858244907	16.4030691223843	49.5111563175599
2020-02-29	73.7006466732069	122.614346897498	158.073967966598	49.4322184059348	99.3134369570201	289.491149872125	18.6571859598652	61.0714250910051
2020-03-01	79.5183306776747	131.436617601041	168.837733297147	53.9863657055313	109.216920026953	327.6588191817	21.0408382963682	73.4827276410644
2020-03-02	85.5063816983748	140.462436295722	179.7992626782	58.7140286677404	119.544722901527	367.97708015041	23.5559916672752	86.7717494237488
2020-03-03	91.6575498111805	149.676753328896	190.935309885107	63.6122159781532	130.294741612272	410.482146755034	26.2046116079686	100.965175895069
2020-03-04	97.9645850919649	159.064519047916	202.222628693214	68.6779363223608	141.46487219072	455.210232972352	28.9886636538303	116.089692511035
2020-03-05	104.420237616602	168.610683800136	213.637972877871	73.9081983859545	153.053010668399	502.197552779144	31.9101133402425	132.171984727659
2020-03-06	111.017257460964	178.300197932912	225.158096214425	79.3000108545252	165.05705307684	551.480320152187	34.9709262025874	149.23873800095
2020-03-07	117.748394700925	188.118011793596	236.759752478223	84.8503824136641	177.474895447572	603.094749068263	38.1730677762471	167.31663778692
2020-03-08	124.606399412358	198.049075729543	248.419695444615	90.5563217489624	190.304433812126	657.077053504149	41.5185035966038	186.43236954158
2020-03-09	131.580035063925	208.072946695352	260.107395676197	96.4119722251771	203.535107626255	713.441193130245	45.0076845024663	206.607413209713
2020-03-10	138.642118695448	218.147608074601	271.763190884559	102.400015923729	217.122530042598	772.112110391419	48.6350025463512	227.842426691199
2020-03-11	145.761480739535	228.225649858113	283.320135568541	108.500269605206	231.013857638021	832.99249342616	52.3933350842018	250.132862374693
2020-03-12	152.906951628796	238.259662036711	294.711284226983	114.692550030193	245.156246989387	895.985030372958	56.2755594719614	273.474172648847
2020-03-13	160.04736179584	248.202234601217	305.869691358724	120.956673959279	259.496854673559	960.992409370301	60.2745530655733	297.861809902316
2020-03-14	167.151541673277	258.005957542455	316.728411462603	127.27245815305	273.982837267402	1027.91731855668	64.3831932209808	323.291226523752
2020-03-15	174.188321693717	267.623420851247	327.220499037461	133.619719372093	288.561351347779	1096.66244607058	68.5943572941273	349.75787490181
2020-03-16	181.127945040164	277.011152833751	337.284893952418	139.976280441209	303.175574545384	1167.1044641689	72.8996513322227	377.245298594489
2020-03-17	187.946305897206	286.141435057466	346.884077557724	146.31198844206	317.752768706228	1239.01598158224	77.2855961475437	405.689405837174
2020-03-18	194.620711199827	294.990487405225	355.986416573912	152.594696520521	332.216216730155	1312.14359115957	81.7374412436337	435.014196034596
2020-03-19	201.12846788301	303.534529759862	364.560277721513	158.792257822468	346.489201517006	1386.2338857499	86.2404361240361	465.143668591487
2020-03-20	207.446882881739	311.74978200421	372.574027721059	164.872525493776	360.495005966623	1461.03345820222	90.7798302922941	496.001822912577
2020-03-21	213.553263130997	319.612464021103	379.996033293082	170.803352680322	374.156912978849	1536.28890136553	95.3408732519512	527.512658402598
2020-03-22	219.424915565767	327.098795693374	386.794661158114	176.55259252798	387.398205453526	1611.74680808882	99.9088145065506	559.600174466281
2020-03-23	225.039147121033	334.184996903857	392.938278036687	182.088098182627	400.142166290496	1687.15377122109	104.468903559636	592.188370508356
2020-03-24	230.373264731778	340.847287535385	398.395250649333	187.377722790139	412.312078389601	1762.25638361133	109.00638991475	625.201245933556
2020-03-25	235.404575332985	347.061887470792	403.133945716584	192.38931949639	423.831224650683	1836.80123810853	113.506523075437	658.562800146611
2020-03-26	240.110385859639	352.805016592911	407.122729958971	197.090741447256	434.622887973584	1910.53492756169	117.95455254524	692.197032552252
2020-03-27	244.468003246723	358.052894784576	410.329970097027	201.449841788614	444.610351258147	1983.20404481982	122.335727827701	726.027942555211
2020-03-28	248.454734429219	362.781741928621	412.724032851283	205.434473666338	453.716897404214	2054.55518273189	126.635298426366	759.979529560218
2020-03-29	252.047886342111	366.967777907878	414.273284942272	209.012490226305	461.865809311626	2124.33493414691	130.838513844776	793.975792972006
2020-03-30	255.230301029772	370.591676546541	414.959620934784	212.158110296056	468.995534882555	2192.27280917568	134.934070122796	827.936327864274
2020-03-31	258.006960974122	373.651927434238	414.81904677065	214.871015429793	475.105182028479	2258.02998697622	138.92444944557	861.763111986605
2020-04-01	260.388383766474	376.151474101958	413.901096235958	217.157252863386	480.209023663207	2321.25056396835	142.815580534565	895.353718757548
2020-04-02	262.385086998138	378.093260080688	412.255303116797	219.022869832702	484.321332700547	2381.57863657189	146.613392111246	928.605721595655
2020-04-03	264.007588260425	379.480228901416	409.931201199256	220.47391357361	487.456382054308	2438.65830120669	150.323812897078	961.416693919477
2020-04-04	265.266405144645	380.31532409513	406.978324269424	221.516431321979	489.628444638297	2492.13365429255	153.952771613528	993.684209147566
2020-04-05	266.172055242108	380.601489192818	403.44620611339	222.156470313677	490.851793366323	2541.64879224931	157.506196982059	1025.30584069847
2020-04-06	266.736836473695	380.345380560239	399.381964417865	222.403006346229	491.145482668493	2586.89881409573	160.989042623466	1056.1880646483
2020-04-07	266.980168078556	379.568505902236	394.823052472043	222.276729463786	490.54769304012	2627.78282924639	164.402361755845	1086.27296770335
2020-04-08	266.92324962541	378.296085758424	389.804507465744	221.801258272156	489.101386492814	2664.2509497148	167.74623249662	1115.5115392275
2020-04-09	266.587280682976	376.553340668415	384.361366588784	221.000211377147	486.849525038189	2696.25328751447	171.020732963216	1143.8547685846
2020-04-10	265.993460819976	374.365491171825	378.528667030981	219.897207384565	483.835070687855	2723.73995465892	174.225941273057	1171.25364513853
2020-04-11	265.162989605126	371.757757808267	372.341445982152	218.51586490022	480.100985453424	2746.66106316165	177.361935543567	1197.65915825313
2020-04-12	264.117066607148	368.755361117354	365.834740632115	216.879802529917	475.690231346508	2764.96672503619	180.428793892171	1223.02229729227
2020-04-13	262.876891394759	365.383521638703	359.043588170687	215.012638879465	470.645770378719	2778.60705229604	183.426594436292	1247.29405161982
2020-04-14	261.46366353668	361.667459911925	352.003025787686	212.937992554672	465.010564561669	2787.53215695471	186.355415293355	1270.42541059964
2020-04-15	259.898582601631	357.632396476636	344.748090672929	210.679482161345	458.827575906968	2791.69215102573	189.215334580785	1292.36736359558
2020-04-16	258.202848158329	353.303551872448	337.313820016234	208.260726305292	452.13976642623	2791.03714652261	192.006430416004	1313.07089997152
2020-04-17	256.397659775495	348.706146638977	329.735251007418	205.70534359232	444.990098131065	2785.51725545885	194.728780916438	1332.48700909131
2020-04-18	254.504217021848	343.865401315837	322.047420836298	203.036952628238	437.421533033086	2775.08258984798	197.382464199511	1350.56668031882
2020-04-19	252.543719466108	338.80653644264	314.285366692693	200.279172018851	429.477033143904	2759.6832617035	199.967558382647	1367.26090301791
2020-04-20	250.536235823267	333.553887935104	306.480941116529	197.453406099432	421.198327908083	2739.32352388228	202.484832502545	1382.52603572953
2020-04-21	248.497311393416	328.128253213346	298.653258048173	194.572202123101	412.622216501993	2714.22419261461	204.937819273004	1396.33991370299
2020-04-22	246.44136062292	322.549545073589	290.8182467781	191.645893072441	403.784265534955	2684.66022497412	207.330742327098	1408.6857413647
2020-04-23	244.382797958143	316.837676312053	282.991836596787	188.684811930036	394.720041616291	2650.90657803446	209.667825297902	1419.54672314107
2020-04-24	242.33603784545	311.012559724959	275.189956794709	185.69929167847	385.465111355323	2613.23820886926	211.953291818488	1428.90606345849
2020-04-25	240.315494731204	305.094108108529	267.428536662343	182.699665300326	376.055041361372	2571.93007455216	214.191365521932	1436.74696674336
2020-04-26	238.33558306177	299.102234258983	259.723505490164	179.696265778189	366.525398243761	2527.25713215679	216.386270041307	1443.0526374221
2020-04-27	236.410717283513	293.056850972541	252.090792568648	176.699426094641	356.91174861181	2479.49433875681	218.542229009687	1447.8062799211
2020-04-28	234.555311842797	286.977871045426	244.546327188271	173.719479232266	347.249659074842	2428.91665142583	220.663466060146	1450.99109866677
2020-04-29	232.783781185986	280.885207273859	237.106038639509	170.766758173649	337.574696242178	2375.79902723751	222.754204825758	1452.59029808552
2020-04-30	231.110539759445	274.798772454059	229.785856212838	167.851595901371	327.92242672314	2320.41642326548	224.818668939597	1452.58708260373
2020-05-01	229.550002009538	268.738479382248	222.601709198735	164.984325398018	318.328417127049	2263.04379658339	226.861082034737	1450.96465664783
2020-05-02	228.11658238263	262.724240854647	215.569526887674	162.175279646173	308.828234063228	2203.95610426485	228.885667744252	1447.7062246442
2020-05-03	226.824695325084	256.775969667478	208.705238570132	159.434791628419	299.457444140998	2143.42830338353	230.896649701217	1442.79499101926
2020-05-04	225.689332194413	250.914213055839	202.024679308037	156.773901553046	290.247613119306	2081.72760746358	232.901289988003	1436.22861502246
2020-05-05	224.72779199271	245.162056010347	195.543307249124	154.20647853116	281.214303355598	2019.09025583131	234.919004484182	1428.06257519549
2020-05-06	223.957950633217	239.543217960496	189.276486312579	151.747098899576	272.369076356947	1955.74474426357	236.972247518623	1418.36680490308
2020-05-07	223.397684029176	234.081418335781	183.23958041759	149.410338995107	263.723493630424	1891.91956853718	239.083473420195	1407.21123750996
2020-05-08	223.064868093828	228.800376565697	177.447953483343	147.210775154565	255.289116683102	1827.84322442899	241.275136517767	1394.66580638088
2020-05-09	222.977378740415	223.723812079738	171.916969429025	145.162983714765	247.077507022053	1763.74420771583	243.56969114021	1380.80044488057
2020-05-10	223.153091882177	218.875444307399	166.661992173824	143.281541012519	239.100226154349	1699.85101417455	245.989591616392	1365.68508637377
2020-05-11	223.607113239904	214.276891066094	161.696767576587	141.579344644769	231.368335621204	1636.37115128179	248.557197524516	1349.38938478404
2020-05-12	224.343467764575	209.941363724918	157.028569254813	140.062577248971	223.890897100409	1573.42817331349	251.294489440118	1331.98187627025
2020-05-13	225.363410214717	205.879972040883	152.663052765661	138.735742722708	216.676472303898	1511.12464624538	254.223353188068	1313.53081755008
2020-05-14	226.668195348857	202.103825771006	148.60587366629	137.603344963567	209.733622943602	1449.56313605321	257.365674593236	1294.10446534124
2020-05-15	228.25907792552	198.624034672298	144.862687513859	136.669887869129	203.070910731455	1388.84620871272	260.743339480491	1273.77107636141
2020-05-16	230.137312703234	195.451708501774	141.439149865528	135.93987533698	196.69689737939	1329.07643019964	264.378233674704	1252.59890732828
2020-05-17	232.304154440527	192.597957016448	138.340916278455	135.417811264705	190.62014459934	1270.35636648974	268.292243000742	1230.65621495956
2020-05-18	234.760857895923	190.073889973333	135.573642309802	135.108199549886	184.849214103238	1212.78858355874	272.507253283477	1208.01125597292
2020-05-19	237.508677827951	187.890617129445	133.142983516726	135.015544090109	179.392667603018	1156.47564738239	277.045150347778	1184.73228708606
2020-05-20	240.548868995137	186.059248241795	131.054595456387	135.144348782958	174.259066810612	1101.52012393643	281.927820018515	1160.88756501668
2020-05-21	243.882686156008	184.5908930674	129.314133685944	135.499117526017	169.456973437954	1048.0245791966	287.177148120556	1136.54534648247
2020-05-22	247.51138406909	183.496661363271	127.927253762558	136.084354216869	164.994949196976	996.091579138653	292.815020478772	1111.77388820111
2020-05-23	251.436217492911	182.787662886424	126.899611243386	136.904562753101	160.881555799612	945.823689738321	298.863322918033	1086.64144689031
2020-05-24	255.658441185996	182.475007393872	126.236861685589	137.964247032294	157.125354957794	897.32347697135	305.343941263207	1061.21627926775
2020-05-25	260.178254829313	182.567442921988	125.94379936666	139.269761202039	153.735610346016	850.675397710963	312.278202790694	1035.56937591255
2020-05-26	264.991637793586	183.064270624585	126.021773445429	140.834860409937	150.724393489007	805.891472420311	319.685200583002	1009.78266284955
2020-05-27	270.093514371979	183.962429934833	126.471271801063	142.675150053596	148.104477874056	762.965612460024	327.583469174171	983.94079996503
2020-05-28	275.478808857657	185.258860285904	127.292782312724	144.806235530622	145.888636988453	721.891729190737	335.991543098238	958.128447145243
2020-05-29	281.142445543784	186.950501110969	128.486792859579	147.243722238623	144.089644319486	682.66373397308	344.927956889242	932.430264276459
2020-05-30	287.079348723525	189.0342918432	130.053791320792	150.003215575205	142.720273354446	645.275538167685	354.411245081221	906.930911244947
2020-05-31	293.284442690043	191.507171915767	131.994265575528	153.100320937975	141.793297580622	609.721053135185	364.459942208214	881.715047936973
2020-06-01	299.752697046023	194.36539022434	134.307145543553	156.548683057657	141.318528863908	575.990098019577	375.086884971527	856.861384878122
2020-06-02	306.479262632226	197.602433514572	136.985129307043	160.354103997448	141.293932584621	544.056123098326	386.282118741533	832.424835151247
2020-06-03	313.459335598933	201.211097994616	140.019356988772	164.52042515366	141.714512501685	513.888486432259	398.029991055875	808.454362478518
2020-06-04	320.688112096425	205.184179872625	143.400968711518	169.051487922608	142.575272374021	485.456546082207	410.314849452197	784.998930582105
2020-06-05	328.160788274982	209.514475356749	147.121104598055	173.951133700605	143.871215960554	458.729660109	423.121041468141	762.107503184179
2020-06-06	335.872560284886	214.19478065514	151.170904771161	179.223203883963	145.597347020205	433.677186573466	436.432914641347	739.829044006911
2020-06-07	343.818624276417	219.217891975952	155.541509353611	184.871539868997	147.748669311898	410.268483536436	450.23481650946	718.212516772469
2020-06-08	351.994176399857	224.576605527335	160.224058468181	190.89998305202	150.320186594555	388.472909058739	464.511094610122	697.306885203026
2020-06-09	360.394412805486	230.263717517442	165.209692237646	197.312374829346	153.306902627098	368.259821201204	479.246096480974	677.16111302075
2020-06-10	369.014529643585	236.272024154424	170.489550784785	204.112556597288	156.703821168452	349.598578024661	494.42416965966	657.824163947813
2020-06-11	377.849723064435	242.594321646434	176.054774232371	211.304369752159	160.505945977538	332.458537589939	510.029661683821	639.345001706384
2020-06-12	386.895189218317	249.223406201622	181.896502703182	218.891655690272	164.708280813279	316.809057957869	526.0469200911	621.772590018634
2020-06-13	396.146124255511	256.152074028143	188.005876319992	226.878255807942	169.305829434598	302.619497189278	542.460292419139	605.155892606734
2020-06-14	405.5977243263	263.373121334146	194.37403520558	235.268011501482	174.293595600418	289.859213344998	559.254126205581	589.543873192852
2020-06-15	415.24247565988	270.874551010278	200.989335224033	244.060762898056	179.663281513692	278.493635254662	576.401218087199	574.978459012977
2020-06-16	425.062024801121	278.625192677153	207.828995204698	253.240345048234	185.393383153499	268.472474823122	593.828161097294	561.473431358357
2020-06-17	435.03530837381	286.58908263788	214.867449718232	262.786591733438	191.459094942947	259.741514724036	611.449997368294	549.03553503406
2020-06-18	445.141263001732	294.730257195568	222.079133335296	272.679336735087	197.835611305145	252.246537631061	629.18176903263	537.671514845151
2020-06-19	455.358825308673	303.012752653326	229.438480626547	282.898413834604	204.498126663201	245.933326217853	646.938518222733	527.388115596696
2020-06-20	465.666931918421	311.400605314261	236.919926162645	293.423656813409	211.421835440224	240.74766315807	664.635287071034	518.192082093762
2020-06-21	476.044519454761	319.857851481482	244.497904514247	304.234899452922	218.581932059323	236.635331125369	682.187117709962	510.090159141415
2020-06-22	486.468907434593	328.350922368305	252.147443508042	315.309787321893	225.950882253962	233.543578715821	699.51560130556	503.080993625284
2020-06-23	496.910946947275	336.855828828874	259.845943994826	326.617213138375	233.490236999027	231.425518215157	716.568525158318	497.130840753255
2020-06-24	507.339871975278	345.350976627538	267.571400081425	338.123881407749	241.158818579758	230.235727831522	733.300225602337	492.197857813777
2020-06-25	517.724916501072	353.814771528648	275.301805874662	349.796496635398	248.915449281396	229.928785773061	749.66503897172	488.240202095299
2020-06-26	528.035314507128	362.225619296554	283.015155481364	361.601763326701	256.718951389182	230.459270247919	765.617301600566	485.216030886269
2020-06-27	538.240299975918	370.561925695607	290.689443008355	373.50638598704	264.528147188357	231.781759464242	781.111349822978	483.083501475136
2020-06-28	548.309106889912	378.802096490158	298.302662562461	385.477069121797	272.301858964162	233.850831630174	796.101519973059	481.80077115035
2020-06-29	558.210969231582	386.924537444555	305.832808250506	397.480517236353	279.998909001836	236.621064953861	810.542148384908	481.325997200359
2020-06-30	567.915120983397	394.907654323151	313.257874179316	409.483434836088	287.578119586622	240.047037643447	824.387571392627	481.617336913611
2020-07-01	577.39079612783	402.729852890295	320.555854455715	421.452526426385	294.998313003759	244.083327907078	837.592125330319	482.632947578557
2020-07-02	586.607228647351	410.369538910338	327.704743186529	433.354496512624	302.218311538489	248.684513952899	850.110146532085	484.330986483644
2020-07-03	595.533652524432	417.80511814763	334.682534478582	445.156049600186	309.196937476053	253.805173989055	861.895971332026	486.669610917322
2020-07-04	604.139301741542	425.014996366522	341.4672224387	456.823890194454	315.893013101691	259.399886223691	872.903936064245	489.606978168039
2020-07-05	612.393410281154	431.977579331363	348.036801173708	468.324722800807	322.265360700644	265.423228864953	883.088377062841	493.101245524245
2020-07-06	620.264800416141	438.671464343049	354.368622666041	479.621208651776	328.275445510938	271.833180061081	892.409093879006	497.105931502409
2020-07-07	627.720647580994	445.076014848649	360.437470400578	490.65983588848	333.895304581745	278.601317720707	900.847738932284	501.55599953109
2020-07-08	634.727715500606	451.170785831779	366.217485737808	501.383049379187	339.099617915018	285.702619692557	908.391427859307	506.381774266867
2020-07-09	641.25276789987	456.935332276053	371.68281003822	511.733293992166	343.863065512714	293.112063825357	915.027276296706	511.513580366318
2020-07-10	647.26256850368	462.349209165084	376.807584662302	521.653014595684	348.160327376789	300.804627967836	920.742399881114	516.881742486022
2020-07-11	652.723881036929	467.391971482489	381.565950970545	531.08465605801	351.966083509198	308.755289968719	925.523914249164	522.416585282559
2020-07-12	657.60346922451	472.043174211881	385.932050323437	539.970663247412	355.255013911896	316.939027676732	929.358935037488	528.048433412508
2020-07-13	661.874836501565	476.28666777972	389.884571845005	548.260683722015	358.010783128515	325.330701210802	932.242416529489	533.713666832086
2020-07-14	665.538445144224	480.123484383849	393.420395713433	555.933175799377	360.252993869382	333.904699770634	934.200667595648	539.372886696056
2020-07-15	668.601497138864	483.558951664957	396.540949870442	562.973800486913	362.010233386499	342.635294826134	935.267835753218	544.992749458823
2020-07-16	671.071194471863	486.598397263733	399.247662257754	569.368218792037	363.311088931871	351.496757847209	935.478068519453	550.539911574789
2020-07-17	672.9547391296	489.247148820866	401.541960817089	575.102091722165	364.184147757499	360.463360303762	934.865513411605	555.981029498357
2020-07-18	674.259333098451	491.510533977044	403.425273490171	580.161080284711	364.657997115387	369.5093736657	933.464317946926	561.282759683928
2020-07-19	674.992178364794	493.393880372956	404.899028218719	584.53084548709	364.761224257537	378.609069402926	931.308629642669	566.411758585907
2020-07-20	675.160476915008	494.90251564929	405.964652944456	588.197048336718	364.522416435951	387.736718985347	928.432596016087	571.334682658696
2020-07-21	674.77143073547	496.041767446736	406.623575609103	591.145349841009	363.970160902634	396.866593882868	924.870364584433	576.018188356696
2020-07-22	673.832241812558	496.816963405982	406.877224154382	593.361411007378	363.133044909587	405.972965565394	920.656082864959	580.428932134312
2020-07-23	672.350112132648	497.233431167717	406.727026522014	594.830892843241	362.039655708814	415.030105502829	915.823898374917	584.533570445946
2020-07-24	670.33224368212	497.29649837263	406.174410653721	595.539456356011	360.718580552317	424.012285165079	910.407958631561	588.298759745999
2020-07-25	667.785838447351	497.011492661408	405.220804491224	595.472762553104	359.198406692099	432.89377602205	904.442411152143	591.691156488876
2020-07-26	664.718098414719	496.383741674742	403.867635976245	594.616472441935	357.507721380164	441.648849543646	897.961403453916	594.677417128979
2020-07-27	661.139596264912	495.419263607222	402.119569036017	592.965213685443	355.673482595139	450.25342318936	891.000767629783	597.230657550786
2020-07-28	657.074387455869	494.126838869047	399.994211539826	590.549480568662	353.716131222167	458.689998377035	883.603074075257	599.349831359078
2020-07-29	652.549898139837	492.515938424318	397.512407342468	587.40873403215	351.654478873013	466.942722514101	875.8125777615	601.040351588714
2020-07-30	647.593554469065	490.596033237138	394.695000298742	583.582435016467	349.507337159444	474.995743007988	867.673533659674	602.30763127455
2020-07-31	642.2327825958	488.376594271609	391.562834263444	579.11004446217	347.293517693227	482.833207266127	859.230196740942	603.157083451444
2020-08-01	636.495008672293	485.86709249183	388.136753091372	574.031023309818	345.031832086128	490.439262695946	850.526821976466	603.594121154253
2020-08-02	630.407658850791	483.076998861904	384.437600637323	568.38483249997	342.741091949915	497.798056704878	841.60766433741	603.624157417834
2020-08-03	623.998159283543	480.015784345934	380.486220756095	562.210932973184	340.440108896355	504.893736700352	832.516978794936	603.252605277046
2020-08-04	617.293936122797	476.692919908019	376.303457302484	555.548785670018	338.147694537214	511.710450089797	823.299020320206	602.484877766744
2020-08-05	610.322415520802	473.117876512262	371.910154131287	548.43785153103	335.882660484259	518.232344280645	813.998043884383	601.326387921787
2020-08-06	603.111023629805	469.300125122764	367.327155097303	540.91759149678	333.663818349257	524.443566680325	804.65830445863	599.782548777032
2020-08-07	595.687186602056	465.249136703627	362.575304055329	533.027466507826	331.509979743974	530.328264696268	795.32405701411	597.858773367336
2020-08-08	588.078330589804	460.974382218952	357.675444860161	524.806937504725	329.439956280178	535.870585735904	786.039556521985	595.560474727557
2020-08-09	580.311881745295	456.485332632841	352.648421366597	516.295465428037	327.472559569635	541.054677206663	776.849057953417	592.893065892551
2020-08-10	572.415362646861	451.79102933706	347.513944185655	507.533442679474	325.629587710559	545.868632728419	767.792223592862	589.865411424084
2020-08-11	564.416681577153	446.89879543403	342.287190953228	498.564987505358	323.944784746947	550.316330770829	758.890344977944	586.500181991551
2020-08-12	556.343843244903	441.815524453838	336.982206061433	489.435149613167	322.454881209247	554.40559601599	750.160120959581	582.823499791254
2020-08-13	548.224852358847	436.548109926571	331.613033902385	480.188978710378	321.196607627901	558.144253146003	741.618250388689	578.861487019496
2020-08-14	540.087713627715	431.103445382314	326.193718868198	470.871524504469	320.206694533357	561.540126842967	733.281432116185	574.640265872578
2020-08-15	531.960431760242	425.488424351153	320.738305350988	461.527836702915	319.521872456057	564.601041788981	725.166364992987	570.185958546803
2020-08-16	523.87101146516	419.709940363176	315.260837742869	452.202965013195	319.178871926449	567.334822666146	717.28974787001	565.524687238475
2020-08-17	515.846359217396	413.77863533701	309.776752897275	442.939359728304	319.210641697849	569.753595670862	709.663311987404	560.682345361761
2020-08-18	507.908988556647	407.720144745458	304.307057512909	433.769073483317	319.635003415068	571.886693056737	702.278918142244	555.683911202297
2020-08-19	500.080314788806	401.563852449864	298.874150749793	424.721559498826	320.465996945788	573.767748591683	695.123459520834	550.554134263584
2020-08-20	492.381753219763	395.339142311571	293.50043176795	415.826270995426	321.717662157692	575.430396043611	688.18382930948	545.317764049123
2020-08-21	484.83471915541	389.075398191924	288.208299727401	407.11266119371	323.404038918463	576.90826918043	681.44692069449	539.999550062416
2020-08-22	477.460627901638	382.802003952266	283.020153788167	398.610183314271	325.539167095783	578.235001770052	674.899626862168	534.624241806965
2020-08-23	470.280894764339	376.548343453943	277.958393110271	390.348290577702	328.137086557335	579.444227580387	668.52884099882	529.216588786271
2020-08-24	463.316935049403	370.343800558298	273.045416853736	382.356436204597	331.211837170802	580.569580379346	662.321456290753	523.801340503835
2020-08-25	456.590164062721	364.217759126675	268.303624178581	374.664073415549	334.777458803866	581.644693934839	656.264365924272	518.403246463159
2020-08-26	450.121997110186	358.199603020418	263.75541424483	367.300655431151	338.847991324211	582.703202014777	650.344463085683	513.047056167744
2020-08-27	443.933849497689	352.318716100872	259.423186212505	360.295635471998	343.437474599518	583.778738387071	644.548640961291	507.757519121091
2020-08-28	438.04713653112	346.604482229381	255.329339241627	353.678466758682	348.559948497471	584.904936819631	638.863792737404	502.559384826704
2020-08-29	432.483273516371	341.086285267288	251.496272492217	347.478602511796	354.229452885752	586.115431080368	633.276811600326	497.477402788081
2020-08-30	427.263675759334	335.793509075938	247.946385124299	341.725495951935	360.460027632044	587.443854937193	627.774590736365	492.536322508726
2020-08-31	422.408621258637	330.755492049708	244.702419610631	336.446194421728	367.267391020869	588.922129993613	622.345200777465	487.758828699853
2020-09-01	417.933838783857	326.001390715103	241.788491674923	331.658121751947	374.673975004105	590.575329195526	616.981422138133	483.159346903532
2020-09-02	413.85391979731	321.56031613166	239.22906035362	327.376295895405	382.703889950469	592.426813324428	611.677212678517	478.750237869547
2020-09-03	410.183455761309	317.461379358917	237.048584683169	323.61573480491	391.381246228678	594.499943161812	606.426530258765	474.54386234768
2020-09-04	406.93703813817	313.733691456414	235.271523700017	320.391456433273	400.730154207449	596.818079489176	601.223332739024	470.552581087717
2020-09-05	404.129258390208	310.406363483685	233.92233644061	317.718478733303	410.7747242555	599.404583088012	596.06157797944	466.788754839439
2020-09-06	401.774707979736	307.508506500271	233.025481941395	315.611819657812	421.539066741547	602.282814739818	590.935223840162	463.264744352631
2020-09-07	399.886435748305	305.067218602204	232.60364415537	314.084563708935	433.044192778426	605.477466475455	585.841727316964	459.992722420475
2020-09-08	398.471320054403	303.101546031499	232.672406701751	313.14206158611	445.29871645544	609.018555323263	580.792541948129	456.984110009745
2020-09-09	397.53469663575	301.628522066667	233.245578116302	312.787730538103	458.308152606013	612.937429560949	575.802620407569	454.250140130615
2020-09-10	397.081901230069	300.665179986219	234.336966934791	313.024987813678	472.078016063564	617.265437466221	570.886915369196	451.802045793257
2020-09-11	397.118269575083	300.228553068665	235.960381692984	313.857250661601	486.613821661516	622.033927316786	566.060379506919	449.651060007845
2020-09-12	397.649137408513	300.335674592515	238.129630926648	315.287936330635	501.921084233292	627.274247390351	561.33796549465	447.808415784551
2020-09-13	398.679840468081	301.003577836281	240.858523171548	317.320462069546	518.005318612313	633.017745964623	556.734626006301	446.285346133549
2020-09-14	400.21571449151	302.249296078473	244.160866963453	319.958245127099	534.872039632001	639.295771317311	552.265313715783	445.093084065013
2020-09-15	402.262095216522	304.089862597602	248.050470838127	323.204702752058	552.526762125777	646.13967172612	547.944981297006	444.242862589114
2020-09-16	404.824318380838	306.542310672178	252.541143331338	327.063252193189	570.975000927065	653.58079546876	543.788581423882	443.745914716027
2020-09-17	407.907719722181	309.623673580712	257.646692978852	331.537310699255	590.222270869284	661.650490822936	539.811066770322	443.613473455924
2020-09-18	411.517634978273	313.350984601715	263.380928316436	336.630295519022	610.274086785859	670.380106066356	536.027390010237	443.856771818978
2020-09-19	415.659399886835	317.741277013697	269.757657879856	342.345623901254	631.135963510208	679.800989476728	532.452503817538	444.487042815363
2020-09-20	420.338350185591	322.811584095168	276.790690204878	348.686713094717	652.813415875756	689.944489331759	529.101360866137	445.515519455251
2020-09-21	425.562203053941	328.577365755349	284.493051200245	355.657517604386	675.313402411804	700.842068051368	525.99277518375	446.955497863612
2020-09-22	431.348201438005	335.047788426296	292.874636266596	363.264140960077	698.64865643117	712.525644624317	523.161006213321	448.828526624601
2020-09-23	437.715969725579	342.230445170773	301.944558177548	371.513223947821	722.833354942552	725.027252181581	520.644174751597	451.158217437167
2020-09-24	444.685132304462	350.132929051545	311.711929706716	380.411407353645	747.881674954648	738.378923854134	518.480401595328	453.968182000261
2020-09-25	452.275313562453	358.762833131378	322.185863627717	389.965331963578	773.807793476157	752.612692772951	516.707807541261	457.282032012833
2020-09-26	460.506137887348	368.127750473037	333.375472714165	400.181638563647	800.625887515776	767.760592069005	515.364513386146	461.123379173834
2020-09-27	469.397229666947	378.235274139285	345.289869739676	411.066967939882	828.350134082204	783.854654873272	514.488639926731	465.515835182214
2020-09-28	478.968758516959	389.094327412735	357.936511824389	422.62853266206	856.988980489767	800.925873765916	514.122877760983	470.481432035201
2020-09-29	489.243074964751	400.719154455382	371.316233474537	434.875832434959	886.527955275307	819.00107912387	514.328196691741	476.035882923132
2020-09-30	500.243074765598	413.125329649069	385.428213542874	447.818938747106	916.946857281294	838.106060773261	515.170136323062	482.19332133462
2020-10-01	511.991653674779	426.328427375637	400.271630882155	461.467923087027	948.225485350197	858.266608540209	516.714236259006	488.967880758279
2020-10-02	524.511707447571	440.34402201693	415.845664345136	475.83285694325	980.343638324486	879.508512250843	519.026036103629	496.373694682724
2020-10-03	537.826131839251	455.187687954787	432.14949278457	490.9238118043	1013.28111504663	901.857561731283	522.171075460989	504.424896596566
2020-10-04	551.957822605097	470.874999571052	449.182295053214	506.750859158707	1047.0177143591	925.339546807656	526.214893935143	513.135619988422
2020-10-05	566.929675500386	487.421531247567	466.943250003822	523.324070494995	1081.53323510437	949.980257306084	531.22303113015	522.519998346905
2020-10-06	582.764586280397	504.842857366174	485.431536489151	540.653517301694	1116.8074761249	975.805483052694	537.261026650068	532.592165160628
2020-10-07	599.485450700405	523.154552308714	504.646333361953	558.749271067328	1152.82023626317	1002.84101387361	544.394420098953	543.366253918206
2020-10-08	617.115164515688	542.37219045703	524.586819474985	577.621403280424	1189.55131436164	1031.11263959495	552.688751080863	554.856398108251
2020-10-09	635.676623481526	562.511346192964	545.252173681002	597.279985429512	1226.98050926278	1060.64615004285	562.209559199857	567.076731219379
2020-10-10	655.192723353193	583.587593898358	566.641574832758	617.735089003116	1265.08761980907	1091.46733504342	573.022384059992	580.041386740202
2020-10-11	675.686359885969	605.616507955055	588.75420178301	638.996785489765	1303.85244484298	1123.6019844228	585.192765265325	593.764498159336
2020-10-12	697.180998105577	628.61197464834	611.592012701058	661.077180147179	1343.25358949796	1157.06610492785	598.788916909871	608.263515394088
2020-10-13	719.702380119532	652.581127877284	635.168083022395	683.996513309863	1383.26488407143	1191.83657098842	613.889751047469	623.569154076549
2020-10-14	743.276817305791	677.529413444399	659.498267499056	707.777059081512	1423.85896515179	1227.88047395511	630.576854221914	639.715446267502
2020-10-15	767.930621042316	703.462277152201	684.598420883082	732.441091565826	1465.00846932746	1265.1649051785	648.931812977003	656.736424027733
2020-10-16	793.690102707066	730.385164803202	710.484397926509	758.010884866501	1506.68603318684	1303.6569560092	669.03621385653	674.666119418026
2020-10-17	820.581573678001	758.303522199918	737.172053381376	784.508713087236	1548.86429331833	1343.3237177978	690.971643404292	693.538564499166
2020-10-18	848.631345333082	787.22279514486	764.67724199972	811.956850331727	1591.51588631034	1384.13228189489	714.819688164083	713.387791331937
2020-10-19	877.851505268226	817.134628235	793.004464150663	840.36597812996	1634.60569839348	1426.05286661716	740.661113208542	734.239221976256
2020-10-20	908.197245951187	847.975461245135	822.112802671665	869.70040771707	1678.06761436718	1469.06819814567	768.57339772567	756.083838488563
2020-10-21	939.609536067677	879.667932744514	851.949986017268	899.912857754476	1721.82776867304	1513.16412962755	798.63319943231	778.90401292443
2020-10-22	972.029344303408	912.134681302393	882.463742642016	930.956046903599	1765.8122957527	1558.32651420994	830.917176045306	802.682117339431
2020-10-23	1005.39763934409	945.29834548802	913.601801000451	962.78269382586	1809.94733004778	1604.54120504	865.501985281501	827.400523789135
2020-10-24	1039.65538987544	979.08156387065	945.311889547116	995.345517182681	1854.1590059999	1651.79405526487	902.464284857739	853.041604329117
2020-10-25	1074.74356458316	1013.40697501953	977.541736736554	1028.59723563548	1898.37345805068	1700.07091803169	941.880732490861	879.587731014946
2020-10-26	1110.60313215297	1048.19721750392	1010.23907102331	1062.49056784568	1942.51682064175	1749.35764648761	983.827985897713	907.021275902198
2020-10-27	1147.17506127058	1083.37492989307	1043.35162086192	1096.97823247471	1986.51522821473	1799.64009377976	1028.38270279514	935.324611046441
2020-10-28	1184.4003206217	1118.86275075623	1076.82711470694	1132.01294818397	2030.29481521124	1850.90411305529	1075.62154089998	964.48010850325
2020-10-29	1222.21987889205	1154.58331866265	1110.6132810129	1167.5474336349	2073.78171607291	1903.13555746135	1125.62115792907	994.470140328197
2020-10-30	1260.57470476732	1190.45927218158	1144.65784823435	1203.53440748891	2116.90206524136	1956.32028014508	1178.45821159927	1025.27707857685
2020-10-31	1299.40576693325	1226.41324988229	1178.90854482583	1239.92658840743	2159.58199715821	2010.44413425362	1234.20935962742	1056.88329530479
2020-11-01	1338.65403407553	1262.367890334	1213.31309924188	1276.67669505187	2201.74764626508	2065.49297293412	1292.95125973036	1089.27116256758
2020-11-02	1378.25336461114	1298.24385526164	1247.81739687982	1313.73050376606	2243.3143781576	2121.45467920598	1354.73822620692	1122.41506007694
2020-11-03	1418.10917588207	1333.95389901265	1282.35995090803	1351.00602162339	2284.15448304744	2178.32525557763	1419.53519968392	1156.25739816915
2020-11-04	1458.11977496156	1369.40879909015	1316.87743143766	1388.41431337968	2324.12948230026	2236.10273442977	1487.28477737018	1190.73259483664
2020-11-05	1498.18346892286	1404.51933299726	1351.30650857986	1425.86644379072	2363.10089728174	2294.78514814307	1557.9295564745	1225.77506807184
2020-11-06	1538.19856483922	1439.19627823707	1385.58385244578	1463.27347761231	2400.93024935753	2354.37052909824	1631.41213420569	1261.31923586717
2020-11-07	1578.06336978389	1473.3504123127	1419.64613314659	1500.54647960025	2437.4790598933	2414.85690967596	1707.67510777256	1297.29951621506
2020-11-08	1617.6761908301	1506.89251272726	1453.43002079342	1537.59651451036	2472.60885025473	2476.24232225693	1786.66107438392	1333.65032710793
2020-11-09	1656.93533505112	1539.73335698386	1486.87218549744	1574.33464709842	2506.18114180748	2538.52479922184	1868.31263124859	1370.30608653822
2020-11-10	1695.73910952017	1571.78372258561	1519.90929736979	1610.67194212025	2538.05745591722	2601.70237295137	1952.57237557537	1407.20121249835
2020-11-11	1733.98582131053	1602.95438703562	1552.47802652162	1646.51946433163	2568.09931394962	2665.77307582622	2039.38290457307	1444.27012298075
2020-11-12	1771.57377749542	1633.15612783699	1584.51504306409	1681.78827848839	2596.16823727035	2730.73494022707	2128.6868154505	1481.44723597784
2020-11-13	1808.4012851481	1662.29972249285	1615.95701710835	1716.3894493463	2622.12574724506	2796.58599853463	2220.42670541648	1518.66696948204
2020-11-14	1844.36665134181	1690.29594850629	1646.74061876555	1750.23404166119	2645.83336523944	2863.32428312957	2314.54517167981	1555.8637414858
2020-11-15	1879.3681831498	1717.05558338043	1676.80251814684	1783.23312018885	2667.15261261915	2930.9478263926	2410.98481144929	1592.97196998153
2020-11-16	1913.31064180986	1742.49824940766	1706.08026403262	1815.30300588163	2685.96889802348	2999.4442891592	2509.67645697251	1629.92598620664
2020-11-17	1946.12460521793	1766.57894803755	1734.51491988023	1846.38104447813	2702.26317918623	3068.75984608407	2610.503880652	1666.65977437844
2020-11-18	1977.74710543448	1789.26152550894	1762.04842781625	1876.40983791348	2716.04030111484	3138.83030027671	2713.33908992909	1703.10723195922
2020-11-19	2008.11517452	1810.50982806067	1788.62272996727	1905.33198812281	2727.30510881674	3209.59145484664	2818.05409224509	1739.20225641126
2020-11-20	2037.16584453497	1830.28770193158	1814.17976845987	1933.09009704128	2736.06244729934	3280.97911290335	2924.52089504131	1774.87874519687
2020-11-21	2064.83614753987	1848.55899336053	1838.66148542063	1959.62676660402	2742.3171615701	3352.92907755635	3032.61150575905	1810.07059577833
2020-11-22	2091.06311559517	1865.28754858637	1862.00982297614	1984.88459874616	2746.07409663642	3425.37715191513	3142.19793183964	1844.71170561792
2020-11-23	2115.79153031125	1880.44484361986	1884.17036365591	2008.81217972977	2747.35253303393	3498.23534323098	3253.13747252602	1878.74064895632
2020-11-24	2138.99717149798	1894.03287355957	1905.10325160119	2031.38203312455	2746.22949341097	3571.32047532229	3365.22859426769	1912.11470714768
2020-11-25	2160.66356851513	1906.06126327599	1924.77227135615	2052.57266682714	2742.79643594406	3644.42557614922	3478.25505531577	1944.79583832454
2020-11-26	2180.77425072247	1916.53963763961	1943.14120746496	2072.36258873418	2737.14481880974	3717.34367367192	3592.00061392139	1976.74600061942
2020-11-27	2199.31274747977	1925.47762152092	1960.17384447181	2090.73030674228	2729.36610018453	3789.86779585057	3706.24902833569	2007.92715216486
2020-11-28	2216.26258814679	1932.88483979041	1975.83396692086	2107.65432874808	2719.55173824496	3861.79097064532	3820.7840568098	2038.30125109338
2020-11-29	2231.60730208329	1938.77091731857	1990.08535935629	2123.11316264821	2707.79319116755	3932.90622601634	3935.38945759485	2067.83025553754
2020-11-30	2245.33041864905	1943.14547897591	2002.89180632227	2137.0853163393	2694.18191712884	4003.00658992379	4049.84898894197	2096.47612362985
2020-12-01	2257.41546720383	1946.0181496329	2014.21709236299	2149.54929771798	2678.80937430535	4071.88509032784	4163.94640910228	2124.20081350285
2020-12-02	2267.84597710739	1947.39855416003	2024.0250020226	2160.48361468089	2661.7670208736	4139.33475518865	4277.46547632692	2150.96628328907
2020-12-03	2276.60547771951	1947.29631742781	2032.2793198453	2169.86677512464	2643.14631501013	4205.14861246638	4390.18994886703	2176.73449112104
2020-12-04	2283.67749839995	1945.72106430672	2038.94383037525	2177.67728694588	2623.03871489147	4269.11969012118	4501.90358497372	2201.4673951313
2020-12-05	2289.04556850848	1942.68241966726	2043.98231815663	2183.89365804123	2601.53567869414	4331.04101611324	4612.39014289813	2225.12695345238
2020-12-06	2292.69321740486	1938.19000837991	2047.35856773361	2188.49439630733	2578.72866459466	4390.7056184027	4721.4333808914	2247.67512421681
2020-12-07	2294.63370956542	1932.27879914243	2049.06339021955	2191.49160013925	2554.72169781406	4447.93723473881	4828.79838574605	2269.08899850715
2020-12-08	2294.99924993276	1925.0851359616	2049.1957030045	2193.03172992594	2529.66907175132	4502.68244202711	4934.17555842026	2289.4061992061
2020-12-09	2293.95177856604	1916.77070667147	2047.8814500477	2193.29483655475	2503.73764684993	4554.91852696222	5037.23662841358	2308.67948214639
2020-12-10	2291.65323552441	1907.49719910609	2045.24657530838	2192.46097091308	2477.09428355335	4604.62277623876	5137.65332522559	2326.96160316072
2020-12-11	2288.26556086704	1897.42630109949	2041.41702274578	2190.71018388829	2449.90584230508	4651.77247655134	5235.09737835585	2344.30531808184
2020-12-12	2283.95069465308	1886.71970048573	2036.51873631913	2188.22252636779	2422.33918354857	4696.34491459459	5329.24051730393	2360.76338274245
2020-12-13	2278.87057694169	1875.53908509885	2030.67765998767	2185.17804923893	2394.56116772732	4738.31737706312	5419.75447156939	2376.38855297529
2020-12-14	2273.16539206843	1864.02574463642	2024.0024613534	2181.73231439881	2366.72245258191	4777.66511827333	5506.33158233513	2391.22230521383
2020-12-15	2266.88830147442	1852.23937625012	2016.53270258939	2177.94292778326	2338.90888504135	4814.35526302873	5588.74663751728	2405.26099829458
2020-12-16	2260.07071087719	1840.21927895514	2008.29066951146	2173.84300633784	2311.19010933174	4848.35290375464	5666.79503671529	2418.48971165479
2020-12-17	2252.74402599426	1828.00475176668	1999.29864793544	2169.4656670081	2283.63576967923	4879.62313287634	5740.27217952861	2430.89352473173
2020-12-18	2244.93965254317	1815.63509369994	1989.57892367717	2164.84402673959	2256.31551030991	4908.13104281914	5808.97346555671	2442.45751696264
2020-12-19	2236.68899624142	1803.14960377013	1979.15378255247	2160.01120247785	2229.29897544991	4933.84172600833	5872.69429439903	2453.1667677848
2020-12-20	2228.02346280655	1790.58758099243	1968.04551037718	2155.00031116842	2202.65580932533	4956.72027486921	5931.23006565503	2463.00635663545
2020-12-21	2218.97445795607	1777.98832438205	1956.27639296713	2149.84446975687	2176.45565616231	4976.73178182709	5984.37617892417	2471.96136295186
2020-12-22	2209.57338740753	1765.39113295419	1943.86871613814	2144.57679518874	2150.76816018696	4993.84133930725	6031.92803380589	2480.01686617128
2020-12-23	2199.85165687843	1752.83530572405	1930.84476570605	2139.23040440957	2125.66296562539	5008.014039735	6073.68102989965	2487.15794573097
2020-12-24	2189.84067208631	1740.36014170681	1917.22682748669	2133.83841436491	2101.20971670372	5019.21497553563	6109.4305668049	2493.3696810682
2020-12-25	2179.57183874868	1728.00493991769	1903.03718729588	2128.43394200031	2077.47805764807	5027.40923913446	6138.9720441211	2498.63715162021
2020-12-26	2169.07656258307	1715.80899937188	1888.29813094946	2123.05010426132	2054.53763268455	5032.56192295676	6162.10086144771	2502.94543682427
2020-12-27	2158.38624930701	1703.81161908459	1873.03194426326	2117.72001809349	2032.45808603929	5034.63811942784	6178.61241838417	2506.27961611764
2020-12-28	2147.49770777628	1692.01366140311	1857.24066552597	2112.44174398852	2011.28163880687	5033.57815693477	6188.31998322986	2508.61045858782
2020-12-29	2136.26935939965	1680.26224200325	1840.84534291777	2107.07311662271	1990.9408195558	5029.22330771167	6191.10829908379	2509.85149192333
2020-12-30	2124.52502872418	1668.36603989289	1823.7467770917	2101.43691421852	1971.34073372305	5021.39007995442	6186.87997774492	2509.90193346294
2020-12-31	2112.08854029691	1656.13373407994	1805.84576870079	2095.35591499841	1952.38648674562	5009.8949818589	6175.53763101217	2508.6610005454
2021-01-01	2098.78371866488	1643.3740035723	1787.04311839808	2088.65289718483	1933.98318406047	4994.55452162101	6156.98387068449	2506.02791050948
2021-01-02	2084.43438837513	1629.89552737787	1767.2396268366	2081.15063900025	1916.03593110458	4975.18520743662	6131.12130856082	2501.90188069395
2021-01-03	2068.8643739747	1615.50698450454	1746.33609466941	2072.67191866711	1898.44983331495	4951.60354750162	6097.85255644009	2496.18212843757
2021-01-04	2051.93649593432	1600.05722360247	1724.26408296776	2063.07403278925	1881.14267708699	4923.68443700971	6057.15040253185	2488.7917805785
2021-01-05	2033.6695584194	1583.5557718908	1701.07819447591	2052.3523514959	1864.08297264996	4891.5363191458	6009.26834068801	2479.74960195244
2021-01-06	2014.12136151903	1566.05232623096	1676.86379235631	2040.53676329767	1847.25191119158	4855.32602409262	5954.53004117112	2469.0982668945
2021-01-07	1993.34970532232	1547.59658348432	1651.70623977144	2027.65715670518	1830.63068389954	4815.2203820329	5893.25917424368	2456.88044973977
2021-01-08	1971.41238991834	1528.23824051232	1625.69089988378	2013.74342022903	1814.20048196156	4771.38622314935	5825.77941016824	2443.13882482336
2021-01-09	1948.36721539621	1508.02699417633	1598.90313585579	1998.82544237982	1797.94249656534	4723.99037762472	5752.41441920731	2427.91606648037
2021-01-10	1924.27198184501	1487.01254133778	1571.42831084995	1982.93311166817	1781.83791889859	4673.19967564171	5673.48787162343	2411.2548490459
2021-01-11	1899.18448935383	1465.24457885806	1543.35178802873	1966.09631660469	1765.86794014901	4619.18094738306	5589.32343767912	2393.19784685504
2021-01-12	1873.16253801178	1442.77280359858	1514.7589305546	1948.34494569998	1750.01375150432	4562.10102303149	5500.24478763689	2373.7877342429
2021-01-13	1846.26392790794	1419.64691242075	1485.73510159004	1929.70888746465	1734.25654415222	4502.12673276973	5406.57559175929	2353.06718554458
2021-01-14	1818.5464591314	1395.91660218596	1456.36566429751	1910.2180304093	1718.57750928042	4439.4249067805	5308.63952030885	2331.07887509518
2021-01-15	1790.06793177127	1371.63156975562	1426.73598183949	1889.90226304455	1702.95783807663	4374.16237524654	5206.76024354807	2307.8654772298
2021-01-16	1760.88614591664	1346.84151199114	1396.93141737845	1868.79147388101	1687.37872172855	4306.50596835055	5101.26143173949	2283.46966628353
2021-01-17	1731.0589016566	1321.59612575391	1367.03733407687	1846.91555142928	1671.82135142388	4236.62251627528	4992.46675514564	2257.93411659149
2021-01-18	1700.64688040693	1295.94821594987	1337.13273247974	1824.31088554321	1656.26732607322	4164.69053949367	4880.7030035178	2231.31112539287
2021-01-19	1669.72228889016	1269.96301966303	1307.27116266218	1801.03987144965	1640.69987547858	4090.93531963951	4766.3094445623	2203.69148154331
2021-01-20	1638.36021515548	1243.70888202192	1277.49981208183	1777.17140571867	1625.10263716486	4015.59382863685	4649.6284654742	2175.17559680254
2021-01-21	1606.63574725212	1217.25414815507	1247.86586819633	1752.77438492037	1609.45924865697	3938.90303840969	4531.00245344857	2145.86388293031
2021-01-22	1574.62397322928	1190.66716319102	1218.41651846332	1727.91770562482	1593.7533474798	3861.09992088208	4410.77379568051	2115.85675168634
2021-01-23	1542.39998113616	1164.01627225831	1189.19895034045	1702.67026440212	1577.96857115826	3782.42144797803	4289.28487936508	2085.25461483039
2021-01-24	1510.03885902198	1137.36982048546	1160.26035128535	1677.10095782234	1562.08855721724	3703.10459162157	4166.87809169736	2054.15788412218
2021-01-25	1477.61569493594	1110.79615300101	1131.64790875567	1651.27868245557	1546.09694318164	3623.38632373673	4043.89581987242	2022.66697132145
2021-01-26	1445.20557692726	1084.36361493349	1103.40881020906	1625.27233487189	1529.97736657636	3543.50361624753	3920.68045108536	1990.88228818795
2021-01-27	1412.88359304514	1058.14055141145	1075.59024310314	1599.15081164139	1513.7134649263	3463.69344107801	3797.57437253123	1958.9042464814
2021-01-28	1380.72483133879	1032.19530756341	1048.23939489558	1572.98300933416	1497.28887575636	3384.19277015217	3674.91997140511	1926.83325796155
2021-01-29	1348.80437985741	1006.5962285179	1021.40345304399	1546.83782452027	1480.68723659143	3305.23857539406	3553.05963490208	1894.76973438813
2021-01-30	1317.19732665023	981.411659403458	995.129605006039	1520.78415376981	1463.89218495642	3227.06782872769	3432.33575021722	1862.81408752088
2021-01-31	1285.97875976643	956.709945348625	969.465038239355	1494.89089365286	1446.88735837623	3149.9175020771	3313.09070454561	1831.06672911954
2021-02-01	1255.22001424838	932.554046888298	944.450390577466	1469.22576694905	1429.67977742619	3074.01128006426	3195.63170261424	1799.62954472053
2021-02-02	1224.97741311096	908.985386182861	920.100101357419	1443.8518012761	1412.36999488339	2999.51969810302	3080.12521927775	1768.61031496696
2021-02-03	1195.30352636218	886.040000799065	896.422060292143	1418.83085046129	1395.08194657534	2926.60000430516	2966.70254692271	1738.11829427864
2021-02-04	1166.25092401009	863.753928303664	873.424157094572	1394.22476833189	1377.93956832958	2855.4094467825	2855.49497793571	1708.26273707538
2021-02-05	1137.87217606269	842.163206263409	851.114281477636	1370.09540871516	1361.06679597361	2786.10527364681	2746.6338047033	1679.15289777697
2021-02-06	1110.21985252802	821.303872245053	829.500323154264	1346.50462543837	1344.58756533498	2718.8447330099	2640.25031961207	1650.89803080321
2021-02-07	1083.34652341411	801.211963815345	808.590171837386	1323.51427232879	1328.62581224119	2653.78507298356	2536.47581504856	1623.6073905739
2021-02-08	1057.29954917447	781.921466711551	788.391971990029	1301.18192169781	1313.30049792507	2591.06058734816	2435.42348631869	1597.37165108627
2021-02-09	1032.10545204466	763.458159352973	768.914887075593	1279.54801979333	1298.71068524061	2530.71375255829	2337.13414040564	1572.20716464719
2021-02-10	1007.78554470575	745.845768329425	750.168335307575	1258.64873134734	1284.95046244712	2472.76409073715	2241.63048721195	1548.11170314096
2021-02-11	984.361139838769	729.10802023072	732.161734899471	1238.52022109184	1272.11391780389	2417.23112400789	2148.93523664013	1525.08303845188
2021-02-12	961.853550124787	713.268641646671	714.904504064776	1219.19865375886	1260.29513957023	2364.1343744937	2059.07109859269	1503.11894246425
2021-02-13	940.28408824486	698.351359167093	698.406061016988	1200.72019408039	1249.58821600541	2313.49336431775	1972.06078297217	1482.21718706236
2021-02-14	919.67406688004	684.379899381799	682.675823969603	1183.12100678844	1240.08723536876	2265.32761560321	1887.92699968108	1462.37554413051
2021-02-15	900.044798711384	671.377988880602	667.723211136115	1166.43725661501	1231.88628591955	2219.65665047326	1806.69245862195	1443.591785553
2021-02-16	881.417596419945	659.369354253315	653.557640730022	1150.70510829212	1225.0794559171	2176.49999105106	1728.3798696973	1425.86368321413
2021-02-17	863.813772686782	648.377722089753	640.18853096482	1135.96072655178	1219.76083362069	2135.87715945981	1653.01194280965	1409.18900899819
2021-02-18	847.254640192948	638.426818979729	627.625300054004	1122.24027612598	1216.02450728963	2097.80767782266	1580.61138786152	1393.56553478947
2021-02-19	831.7615116195	629.540371513057	615.877366211071	1109.57992174674	1213.96456518321	2062.3110682628	1511.20091475544	1378.99103247229
2021-02-20	817.355699647491	621.74210627955	604.954147649518	1098.01582814606	1213.67509556072	2029.40685290339	1444.80323339392	1365.46327393093
2021-02-21	804.058516957978	615.055749869021	594.865062582838	1087.58416005594	1215.25018668148	1999.11455386762	1381.44105367948	1352.98003104969
2021-02-22	791.887614328336	609.500481906505	585.623263630805	1078.31682127377	1218.78189994087	1971.43836396287	1321.11982099339	1341.52613782904
2021-02-23	780.845994921221	605.077294157913	577.256841038285	1070.22867185833	1224.35418927869	1946.3211587334	1263.77592263184	1331.03467673416
2021-02-24	770.932999995608	601.782631424375	569.79761945642	1063.33031093382	1232.04898177083	1923.69048440769	1209.32848136978	1321.42579234636
2021-02-25	762.14797081047	599.612938507025	563.277423536351	1057.63233762439	1241.9482044932	1903.47388721423	1157.69661998213	1312.619629247
2021-02-26	754.490248624784	598.564660206993	557.72807792922	1053.14535105422	1254.13378452167	1885.59891338147	1108.79946124384	1304.5363320174
2021-02-27	747.959174697525	598.634241325411	553.18140728617	1049.87995034747	1268.68764893216	1869.99310913792	1062.55612792985	1297.09604523891
2021-02-28	742.554090287668	599.81812666341	549.669236258342	1047.84673462833	1285.69172480054	1856.58402071203	1018.88574281509	1290.21891349286
2021-03-01	738.269983964628	602.106777582417	547.215556106131	1047.04980157713	1305.19834197421	1845.29229226313	977.706516284455	1283.83180428569
2021-03-02	735.084433539586	605.466721685035	545.813024526938	1047.46724309896	1327.14144138647	1836.01095967382	938.933009162612	1277.88847682422
2021-03-03	732.970664134163	609.85850313416	545.446465827419	1049.07064965506	1351.42536674212	1828.62615675757	902.478869884203	1272.34941324037
2021-03-04	731.901900869979	615.242666092691	546.100704314229	1051.8316117067	1377.95446174594	1823.02401732782	868.257746883855	1267.17509566605
2021-03-05	731.851368868656	621.579754723526	547.760564294023	1055.72171971512	1406.63307010275	1819.09067519803	836.183288596198	1262.3260062332
2021-03-06	732.792293251815	628.830313189563	550.410870073456	1060.71256414159	1437.36553551732	1816.71226418164	806.169143455862	1257.76262707371
2021-03-07	734.697899141076	636.954885653697	554.036445959183	1066.77573544735	1470.05620169446	1815.77491809211	778.12895989748	1253.44544031953
2021-03-08	737.54141165806	645.914016278827	558.622116257858	1073.88282409367	1504.60941233896	1816.1647707429	751.976386355682	1249.33492810256
2021-03-09	741.296055924389	655.668249227852	564.152705276137	1082.00542054179	1540.92951115561	1817.76795594745	727.625071265096	1245.39157255472
2021-03-10	745.935057061683	666.178128663668	570.613037320676	1091.11511525298	1578.92084184921	1820.47060751921	704.988663060356	1241.57585580794
2021-03-11	751.431640191563	677.404198749174	577.987936698128	1101.18349868848	1618.48774812455	1824.15885927164	683.980810176088	1237.84825999413
2021-03-12	757.759030435651	689.307003647265	586.262227715148	1112.18216130956	1659.53457368644	1828.71884501819	664.515161046927	1234.16926724522
2021-03-13	764.890452915566	701.847087520841	595.420734678393	1124.08269357746	1701.96566223965	1834.0366985723	646.505364107501	1230.49935969311
2021-03-14	772.79913275293	714.984994532799	605.448281894516	1136.85668595345	1745.68535748899	1839.99855374744	629.865067792442	1226.79901946974
2021-03-15	781.45368528549	728.675565936382	616.320944636644	1150.46913726365	1790.56020970183	1846.47357509771	614.508530841107	1223.03091629707
2021-03-16	790.804286715497	742.85083134621	627.979802043786	1164.85867979369	1836.30559539581	1853.26305013984	600.352453211783	1219.16647025724
2021-03-17	800.796503461324	757.43711746725	640.357184221423	1179.95735419409	1882.59909765118	1860.15129713124	587.314145167479	1215.17928902246
2021-03-18	811.37590194135	772.360751004469	653.385421275034	1195.69720111537	1929.11829954816	1866.9226343293	575.310916971207	1211.04298026494
2021-03-19	822.48804857395	787.548058662834	666.996843310101	1212.01026120802	1975.54078416698	1873.36137999141	564.260078885978	1206.73115165685
2021-03-20	834.0785097775	802.925367147312	681.123780432106	1228.82857512256	2021.54413458787	1879.25185237497	554.078941174805	1202.21741087042
2021-03-21	846.092851970376	818.419003162867	695.698562746526	1246.08418350951	2066.80593389106	1884.37836973737	544.6848141007	1197.47536557782
2021-03-22	858.477182734429	833.959731471852	710.653927555663	1263.71174393983	2111.01905728577	1888.54913226899	535.999787758339	1192.47919501895
2021-03-23	871.179774305413	849.496069066156	725.924240949096	1281.6563816663	2153.93754849711	1891.66786789213	527.965071569055	1187.2053647044
2021-03-24	884.149440082556	864.980970995055	741.444276213226	1299.86583886217	2195.33074337919	1893.66218646208	520.526654785848	1181.63091171245
2021-03-25	897.334993465086	880.367392307822	757.148806634451	1318.28785770067	2234.96797778613	1894.4596978341	513.630526661717	1175.73287312136
2021-03-26	910.685247852233	895.608288053732	772.97260549917	1336.87018035505	2272.61858757203	1893.9880118635	507.222676449659	1169.48828600942
2021-03-27	924.149016643224	910.65661328206	788.850446093783	1355.56054899855	2308.051908591	1892.17473840554	501.249093402674	1162.8741874549
2021-03-28	937.675113237289	925.465323042079	804.71710170469	1374.30670580441	2341.03727669714	1888.94748731551	495.65576677376	1155.86761453607
2021-03-29	951.212351033657	939.987372383066	820.507345618291	1393.05639294588	2371.34402774457	1884.23386844869	490.388685815916	1148.44560433122
2021-03-30	964.709543431555	954.175716354294	836.155951120982	1411.75735259618	2398.74149758739	1877.96149166036	485.39383978214	1140.58519391862
2021-03-31	978.115503830212	967.983310005037	851.597691499166	1430.35732692857	2422.9990220797	1870.0579668058	480.617217925431	1132.26342037654
2021-04-01	991.379045628857	981.36310838457	866.76734003924	1448.80405811628	2443.88593707562	1860.45090374031	476.004809498787	1123.45732078325
2021-04-02	1004.44898222672	994.268066542168	881.599670027606	1467.04528833255	2461.17157842926	1849.06791231914	471.502603755208	1114.14393221704
2021-04-03	1017.27412702303	1006.65113952711	896.02945475066	1485.02875975064	2474.62528199471	1835.8366023976	467.056589947691	1104.30029175618
2021-04-04	1029.80329341701	1018.46528238866	909.991467494804	1502.70221454377	2484.01638362609	1820.68458383096	462.612757329236	1093.90343647895
2021-04-05	1041.98515080028	1029.66384781676	923.423444635597	1520.01141905987	2489.15452538855	1803.56872752574	458.126951675752	1082.93535728419
2021-04-06	1053.76779253403	1040.20177906405	936.274974905241	1536.89423634562	2490.01057419139	1784.56294859342	453.594444854785	1071.39786035308
2021-04-07	1065.09916797182	1050.0344170238	948.4986101251	1553.28655362238	2486.59570315498	1763.7704231967	449.020365256793	1059.29770568734
2021-04-08	1075.92722646723	1059.1171025893	960.046902116534	1569.12425811149	2478.92108539966	1741.29432749831	444.409841272237	1046.64165328873
2021-04-09	1086.19991737384	1067.40517665385	970.872402700907	1584.34323703432	2466.99789404578	1717.23783766095	439.768001291572	1033.43646315897
2021-04-10	1095.8651900452	1074.85398011073	980.927663699582	1598.87937761223	2450.83730221371	1691.70412984734	435.099973705257	1019.68889529982
2021-04-11	1104.8709938349	1081.41885385322	990.165236933921	1612.66856706657	2430.45048302378	1664.79638022019	430.410886903749	1005.40570971301
2021-04-12	1113.17061068495	1087.05984706728	998.543140024324	1625.64919745642	2405.88862178629	1636.61554303231	425.704186916749	990.59763874655
2021-04-13	1120.73865289109	1091.75584210944	1006.04125378734	1637.76968019169	2377.36295257119	1607.25368489693	420.976590330919	975.291304133554
2021-04-14	1127.55506533753	1095.4904296289	1012.64492483854	1648.98093152004	2345.12472163839	1576.80065051737	416.223131372164	959.517299953402
2021-04-15	1133.59979290846	1098.24720027487	1018.33949979353	1659.2338676891	2309.42517524779	1545.34628459694	411.438844266387	943.306220285474
2021-04-16	1138.85278048807	1100.00974469653	1023.11032526788	1668.47940494652	2270.51555965927	1512.98043183897	406.618763239494	926.688659209152
2021-04-17	1143.29397296055	1100.76165354309	1026.94274787717	1676.66845953994	2228.64712113274	1479.79293694679	401.75792251739	909.695210803818
2021-04-18	1146.9033152101	1100.48651746375	1029.82211423699	1683.75194771699	2184.07110592809	1445.8736446237	396.851356325977	892.356469148852
2021-04-19	1149.66075212092	1099.16792710769	1031.73377096293	1689.68078572533	2137.03876030521	1411.31239957304	391.894098891161	874.703028323636
2021-04-20	1151.54622857719	1096.78947312413	1032.66306467056	1694.40588981259	2087.80133052401	1376.19904649813	386.881184438845	856.765482407549
2021-04-21	1152.53968946311	1093.33474616225	1032.59534197548	1697.87817622641	2036.61006284438	1340.62343010228	381.807647194936	838.574425479976
2021-04-22	1152.62107966288	1088.78733687126	1031.51594949326	1700.04856121444	1983.71620352621	1304.67539508882	376.668521385336	820.160451620297
2021-04-23	1151.77034406068	1083.13083590035	1029.41023383949	1700.86796102432	1929.37099882941	1268.44478616107	371.458841235951	801.554154907892
2021-04-24	1149.96742754071	1076.34883389872	1026.26354162975	1700.28729190368	1873.82569501386	1232.02144802235	366.173640972683	782.786129422142
2021-04-25	1147.19227498717	1068.42492151557	1022.06121947963	1698.25747010018	1817.33153833946	1195.49522537599	360.807954821439	763.886969242431
2021-04-26	1143.43259745059	1059.35326361087	1016.79724871996	1694.73985398657	1760.1207223517	1158.9489954176	355.35645291233	744.88550013344
2021-04-27	1138.70717064691	1049.17032188776	1010.50014954252	1689.73757043614	1702.34922973833	1122.43776531203	349.812348992292	725.803474601066
2021-04-28	1133.04253645842	1037.92313226013	1003.20707685437	1683.2641884473	1644.15399047272	1086.00957471644	344.16849271247	706.660876836505
2021-04-29	1126.46523676739	1025.65873064189	994.955185562546	1675.33327701843	1585.67193452822	1049.71246328796	338.417733724009	687.477691030953
2021-04-30	1119.00181345612	1012.42415294694	985.781630574089	1665.95840514796	1527.03999187818	1013.59447068375	332.552921678054	668.27390137561
2021-05-01	1110.67880840687	998.266435089188	975.723566796043	1655.15314183429	1468.39509249596	977.70363656095	326.566906225749	649.069492061673
2021-05-02	1101.52276350194	983.232612982536	964.818149135448	1642.93105607581	1409.8741663549	942.088000576714	320.452537018239	629.884447280337
2021-05-03	1091.56022062361	967.369722540888	953.102532499345	1629.30571687094	1351.61414342836	906.795602388184	314.202663706667	610.7387512228
2021-05-04	1080.81772165416	950.724799678149	940.613871794779	1614.29069321807	1293.7519536897	871.874481652513	307.810135942179	591.652388080261
2021-05-05	1069.32180847587	933.344880308224	927.38932192879	1597.89955411563	1236.42452711226	837.372678026848	301.267803375919	572.645342043916
2021-05-06	1057.09902297103	915.277000345016	913.46603780842	1580.145868562	1179.76879366941	803.338231168335	294.568515659031	553.737597304962
2021-05-07	1044.17590702191	896.568195702429	898.881174340711	1561.04320555559	1123.92168333449	769.819180734123	287.705122442661	534.949138054598
2021-05-08	1030.57900251081	877.265502294367	883.671886432704	1540.60513409481	1069.02012608084	736.863566381358	280.670473377951	516.299948484019
2021-05-09	1016.33485132	857.415956034736	867.875328991442	1518.84522317807	1015.20105188184	704.51942776719	273.457418116048	497.810012784424
2021-05-10	1001.47343132529	837.073147318437	851.533957421622	1495.78868783346	962.584988116538	672.829649500464	266.067183892759	479.500809201855
2021-05-11	986.038464376531	816.316884464371	834.711429118562	1471.50732720789	911.226851786785	641.816495996811	258.534508282537	461.399792201739
2021-05-12	970.077108317112	795.233530272433	817.476701975235	1446.08458647795	861.165157300147	611.497076623556	250.902506444502	443.535910304346
2021-05-13	953.636520990411	773.909447542525	799.898733884615	1419.60391082025	812.438419064193	581.888500748034	243.214293537771	425.93811202995
2021-05-14	936.763860239809	752.430999074544	782.046482739676	1392.14874541138	765.085151486482	553.00787773757	235.512984721463	408.635345898821
2021-05-15	919.506283908687	730.884547668387	763.98890643339	1363.80253542795	719.143868974579	524.872316959493	227.841695154695	391.656560431232
2021-05-16	901.910949840423	709.356456123953	745.794962858732	1334.64872604654	674.653085936045	497.498927781131	220.243539996585	375.030704147454
2021-05-17	884.02328496269	687.924718664065	727.529141172753	1304.76762172994	631.645259929041	470.903422633057	212.760154385143	358.78295549773
2021-05-18	865.88179254033	666.633855203263	709.238055588832	1274.2269640856	590.128621114133	445.09592619883	205.427253373943	342.923412652196
2021-05-19	847.523244922476	645.520017079008	690.963851584422	1243.09135400713	550.105342802476	420.085166225251	198.279071995452	327.458403710959
2021-05-20	828.98441445826	624.619355628762	672.748674636978	1211.42539238817	511.57759830523	395.87987045912	191.349845282137	312.394256774124
2021-05-21	810.302073496814	603.968022189988	654.634670223955	1179.29368012232	474.547560933552	372.488766647239	184.673808266463	297.737299941798
2021-05-22	791.512994387273	583.60216810015	636.66398382281	1146.76081810323	439.017403998606	349.920582536412	178.285195980897	283.493861314089
2021-05-23	772.653949478769	563.557944696712	618.878760910997	1113.8914072245	404.989300811548	328.184045873438	172.218243457906	269.670268991103
2021-05-24	753.761711120434	543.871503317134	601.321146965972	1080.75004837977	372.465424683539	307.287884405121	166.507185729955	256.272851072947
2021-05-25	734.873051661403	524.578995298881	584.033287465189	1047.40134246265	341.447948925737	287.24082587826	161.186257829511	243.307935659728
2021-05-26	716.024743450805	505.716571979415	567.057327886103	1013.90989036677	311.939046849299	268.051598039657	156.289694789041	230.78185085155
2021-05-27	697.253558837777	487.320384696199	550.435413706171	980.340292985755	283.940891765389	249.728928636117	151.851731641011	218.700924748523
2021-05-28	678.596270171451	469.426584786698	534.209690402848	946.757151213224	257.455656985165	232.281545414439	147.906603417887	207.071485450753
2021-05-29	660.089649800958	452.071323588372	518.422303453588	913.2250659428	232.485515819784	215.718176121425	144.488545152135	195.899861058346
2021-05-30	641.770470075431	435.290752438684	503.115398335846	879.808638068106	209.032641580406	200.047548503876	141.631791876222	185.192379671408
2021-05-31	623.680498122574	419.119016758299	488.332241256264	846.585755750818	187.091237733035	185.276401270498	139.372467439074	174.956560583946
2021-06-01	605.881480184358	403.582238300671	474.12058133822	813.687456224809	166.623628363043	171.403516977607	137.754250955451	165.204687865559
2021-06-02	588.440157281326	388.704532902458	460.529288434277	781.258063992004	147.584167710644	158.425689143422	136.822710356575	155.950236779745
2021-06-03	571.42327043402	374.510016400314	447.607232396998	749.441903554328	129.927210016054	146.339711286163	136.623413573665	147.206682590003
2021-06-04	554.89756066298	361.022804630894	435.403283078946	718.383299413704	113.607109519487	135.142376924048	137.201928537942	138.987500559831
2021-06-05	538.92976898875	348.267013430858	423.966310332687	688.22657607206	98.5782204611619	124.830479575298	138.603823180626	131.306165952728
2021-06-06	523.586636431871	336.266758636859	413.345184010783	659.116058031321	84.7948970812918	115.400812758131	140.874665432938	124.176154032191
2021-06-07	508.931825691793	325.045160430599	403.585647277597	631.181911721891	72.2142802281642	106.851533548502	144.060455442552	117.611988973738
2021-06-08	495.016686183587	314.621356373962	394.720936544693	604.497671288097	60.8046571823531	99.1862532533051	148.208922222962	111.632390600953
2021-06-09	481.889489001239	305.013488373881	386.781161535437	579.122712802752	50.5371018325066	92.4099467371693	153.368227004116	106.257127649441
2021-06-10	469.598505238727	296.239698337287	379.796431973193	555.116412338664	41.3826880672704	86.5275888647234	159.58653101596	101.505968854806
2021-06-11	458.192005990035	288.318128171109	373.796857581326	532.538145968641	33.3124897752911	81.5441545005965	166.911995488443	97.3986829526512
2021-06-12	447.718262349142	281.266919782279	368.8125480832	511.447289765495	26.2975808452151	77.4646185094175	175.392781651512	93.9550386785806
2021-06-13	438.22554541003	275.104215077727	364.87361320218	491.903219802031	20.3090351656887	74.2939557558152	185.077050735116	91.1948047681979
2021-06-14	429.762126266682	269.848155964385	362.010162661631	473.965312151062	15.3179266253592	72.0371411044191	196.0129639692	89.1377499571071
2021-06-15	422.376276013078	265.516884349183	360.252306184916	457.692942885397	11.2953291128728	70.699149419858	208.248682583713	87.8036429809119
2021-06-16	416.116265743199	262.128542139053	359.630153495401	443.145488077844	8.21231651687587	70.2849555667607	221.832367808603	87.212252575216
2021-06-17	411.030366551027	259.701271240925	360.173814316451	430.382323801212	6.03996272601496	70.7995344097565	236.812180873818	87.3833474756233
2021-06-18	407.166849530544	258.25321356173	361.913398371429	419.462826128312	4.74934162893689	72.2478608134742	253.236283009304	88.3366964177375
2021-06-19	404.57398577573	257.802511008399	364.879015383701	410.446371131953	4.31152711428802	74.6349096425428	271.15283544501	90.0920681371624
2021-06-20	403.300046380568	258.367305487863	369.100775076631	403.392334884943	4.69759307071488	77.9656557615913	290.609999410882	92.6692313695019
2021-06-21	403.395267740537	259.969146028593	374.608897899519	398.358277352928	5.88169395151652	82.2462458853218	311.656382860095	96.0888058647957
2021-06-22	404.917747457117	262.643210145221	381.43404720541	395.39449407289	7.85030646860218	87.4875141287287	334.342380638723	100.374815430829
2021-06-23	407.927548433285	266.428082473918	389.60699707328	394.549464474652	10.5929878985331	93.7014664568785	358.718834316063	105.552134889822
2021-06-24	412.484733572018	271.362347650856	399.158521582109	395.871667988033	14.0992955178711	100.900108834839	384.836585461416	111.645639063995
2021-06-25	418.649365776294	277.484590312208	410.119394810877	399.409584042852	18.3587866031775	109.095447227676	412.746475644081	118.68020277557
2021-06-26	426.481507949092	284.833395094145	422.520390838562	405.21169206893	23.3610184310145	118.299487600459	442.499346433359	126.680700846768
2021-06-27	436.041222993388	293.447346632839	436.392283744143	413.326471496085	29.0955482779427	128.524235918253	474.146039398545	135.672008099808
2021-06-28	447.378331174183	303.357336007579	451.755532815835	423.791873364396	35.5524692149547	139.776681544688	507.719682153442	145.675073863919
2021-06-29	460.50168220457	314.56348007012	468.58933817881	436.60373515497	42.7240174907642	152.043747437646	543.182546489845	156.695145496359
2021-06-30	475.409883159667	327.058202115334	486.862585167472	451.747365959173	50.6029651485155	165.30733995357	580.479190244053	168.733544861395
2021-07-01	492.10154111459	340.833925438095	506.544159116231	469.208074868371	59.1820842313536	179.549365448904	619.554171252366	181.791593823292
2021-07-02	510.575263144454	355.883073333274	527.60294535949	488.971170973927	68.4541467824216	194.751730280089	660.352047351076	195.870614246314
2021-07-03	530.829656324376	372.198069095743	550.007829231657	511.021963367207	78.4119248448642	210.896340803571	702.817376376483	210.971927994728
2021-07-04	552.863327729472	389.771336020375	573.727696067139	535.345761139577	89.0481904618259	227.965103375792	746.894716164884	227.096856932799
2021-07-05	576.674884434861	408.595297402044	598.731431200345	561.927873382404	100.355715676452	245.939924353198	792.52862455258	244.246722924795
2021-07-06	602.262933515656	428.662376535619	624.987919965678	590.75360918705	112.327272531884	264.802710092229	839.663659375862	262.422847834978
2021-07-07	629.626082046975	449.964996715974	652.466047697546	621.808277644882	124.955633071269	284.53536694933	888.24437847103	281.626553527615
2021-07-08	658.762937103933	472.495581237981	681.134699730356	655.077187847264	138.23356933775	305.119801280944	938.215339674382	301.859161866971
2021-07-09	689.672105761651	496.246553396515	710.962761398518	690.545648885565	152.153853374472	326.537919443517	989.521100822219	323.121994717315
2021-07-10	722.352195095239	521.210336486444	741.919118036432	728.198969851146	166.709257224579	348.771627793488	1042.10621975083	345.416373942908
2021-07-11	756.801812179817	547.379353802643	773.972654978509	768.022459835373	181.892552931214	371.802832687304	1095.91525429652	368.743621408017
2021-07-12	793.016449978889	574.743364029711	807.09088812113	809.996763090939	197.695789824132	395.607408016433	1150.87578270428	393.101831861435
2021-07-13	830.979145009517	603.281467411158	841.235855608572	854.083864515842	214.10812637952	420.137097812448	1206.84746485388	418.476191590056
2021-07-14	870.669819677154	632.970099580225	876.368226147091	900.241084169409	231.117998360177	445.33761364195	1263.67298103382	444.848659765305
2021-07-15	912.068396387245	663.785696170144	912.448668442936	948.425742110959	248.713841528899	471.154667071537	1321.19501153255	472.2011955586
2021-07-16	955.154797545242	695.704692814156	949.437851202361	998.595158399819	266.884091648482	497.533969667807	1379.25623663855	500.515758141363
2021-07-17	999.908945556596	728.703525145499	987.29644313162	1050.70665309531	285.617184481725	524.421232997362	1437.6993366403	529.774306685018
2021-07-18	1046.31076282676	762.758628797412	1025.98511293697	1104.71754625677	304.901555791427	551.762168626801	1496.36699182629	559.958800360987
2021-07-19	1094.32102378945	797.828600240477	1065.45655961024	1160.56423643439	324.721979828606	579.501510715049	1555.09426796632	591.043053312344
2021-07-20	1143.82391099148	833.800679294671	1105.63160328566	1218.09943614189	345.048584797187	607.58008379035	1613.68577275565	622.968299568782
2021-07-21	1194.68445900793	870.544266617318	1146.42309438302	1277.15493638388	365.847837389319	635.937734973276	1671.9384993709	655.667628131651
2021-07-22	1246.76770241389	907.928762865742	1187.74388332212	1337.56252816497	387.08620429715	664.514311384396	1729.64944098865	689.074128002298
2021-07-23	1299.93867578445	945.823568697269	1229.50682052278	1399.15400248976	408.73015221283	693.249660144285	1786.61559078552	723.120888182073
2021-07-24	1354.06241369467	984.098084769217	1271.62475640477	1461.76115036285	430.746147828503	722.083628373508	1842.63394193811	757.740997672318
2021-07-25	1409.00395071966	1022.62171173891	1314.01054138792	1525.21576278883	453.10065783632	750.956063192639	1897.50148762302	792.867545474386
2021-07-26	1464.62832143448	1061.26385026368	1356.57702589201	1589.34963077233	475.76014892843	779.806811722249	1951.01522101685	828.433620589622
2021-07-27	1520.80056041423	1099.89390100084	1399.23706033686	1653.99454531794	498.69108779698	808.57572108291	2002.97213529622	864.372312019378
2021-07-28	1577.38570223398	1138.38126460772	1441.90349514226	1718.98229743026	521.859941134118	837.20263839519	2053.16922363771	900.616708764997
2021-07-29	1634.24878146883	1176.59534174164	1484.48918072802	1784.1446781139	545.233175631993	865.627410779662	2101.40347921794	937.099899827827
2021-07-30	1691.25483269384	1214.40553305992	1526.90696751393	1849.31347837346	568.777257982752	893.789885356896	2147.47189521351	973.754974209219
2021-07-31	1748.26889048412	1251.68123921989	1569.0697059198	1914.32048921354	592.458654878545	921.629909247463	2191.17146480102	1010.51502091052
2021-08-01	1805.15598941473	1288.29186087888	1610.89024636544	1978.99750163876	616.243833011521	949.087329571936	2232.29918115708	1047.31312893308
2021-08-02	1861.78378107792	1324.11793516099	1652.28115466672	2043.18196983245	640.101110551365	976.107972927583	2270.68280058601	1084.08201734182
2021-08-03	1918.03038513447	1359.08454505746	1693.15385822387	2106.73400069302	664.00621157792	1002.66158381848	2306.27313190304	1120.75292545601
2021-08-04	1973.77653826236	1393.12791002633	1733.41949983322	2169.51936429759	687.93671164857	1028.72388622541	2339.05174705113	1157.25672265849
2021-08-05	2028.90297713953	1426.18424952565	1772.98922229109	2231.40383072332	711.870186320698	1054.27060412915	2369.00021797322	1193.52427833212
2021-08-06	2083.29043844392	1458.18978301342	1811.77416839377	2292.25317004733	735.784211151683	1079.27746151046	2396.10011661227	1229.48646185972
2021-08-07	2136.81965885349	1489.08072994769	1849.6854809376	2351.93315234676	759.656361698909	1103.72018235014	2420.33301491122	1265.07414262415
2021-08-08	2189.3713750462	1518.7933097865	1886.63430271889	2410.30954769876	783.464213519758	1127.57449062896	2441.68048481303	1300.21819000825
2021-08-09	2240.82632369999	1547.26374198787	1922.53177653395	2467.24812618046	807.185342171613	1150.81611032768	2460.12409826066	1334.84947339487
2021-08-10	2291.06524149282	1574.42824600984	1957.2890451791	2522.614657869	830.797323211857	1173.4207654271	2475.64542719704	1368.89886216686
2021-08-11	2339.96886510264	1600.22304131044	1990.81725145065	2576.27491284152	854.27773219787	1195.36417990799	2488.22604356513	1402.29722570704
2021-08-12	2387.41793120739	1624.5843473477	2023.02753814493	2628.09466117516	877.604144687034	1216.62207775112	2497.84751930789	1434.97543339828
2021-08-13	2433.29317648503	1647.44838357966	2053.83104805825	2677.93967294706	900.754136236732	1237.17018293727	2504.49142636826	1466.86435462341
2021-08-14	2477.47533761352	1668.75136946435	2083.13892398693	2725.67571823436	923.705282404349	1256.98421944722	2508.13933668921	1497.89485876528
2021-08-15	2519.8451512708	1688.4295244598	2110.86230872727	2771.16856711419	946.435158747262	1276.03991126175	2508.77282221366	1527.99781520673
2021-08-16	2560.2979091531	1706.43636145193	2136.92824525128	2814.30390439207	968.92472877976	1294.31668091515	2506.39258750778	1557.11315528796
2021-08-17	2598.78712302978	1722.79456703826	2161.32737723366	2855.04707378704	991.168507843742	1311.80874515578	2501.07586763041	1585.21705817853
2021-08-18	2635.28085968844	1737.54412124417	2184.06624852482	2893.3833337465	1013.16439923801	1328.51401928555	2492.91903026362	1612.29476500535
2021-08-19	2669.74718591672	1750.72500409506	2205.15140297513	2929.29794271786	1034.91030626137	1344.43041860635	2482.01844308945	1638.33151689535
2021-08-20	2702.15416850223	1762.37719561633	2224.58938443499	2962.77615914852	1056.40413221262	1359.55585842005	2468.47047378996	1663.31255497544
2021-08-21	2732.46987423261	1772.54067583338	2242.38673675479	2993.8032414859	1077.64378039057	1373.88825402856	2452.3714900472	1687.22312037253
2021-08-22	2760.66236989547	1781.25542477159	2258.55000378492	3022.36444817741	1098.62715409402	1387.42552073375	2433.81785954323	1710.04845421354
2021-08-23	2786.70914681347	1788.56286868277	2273.0926238177	3048.45631663687	1119.35216046026	1400.16456488285	2412.91492500708	1731.77363303739
2021-08-24	2810.62539444935	1794.5102187243	2286.05561291314	3072.12050014381	1139.81672198059	1412.09825700433	2389.80392935579	1752.38307503108
2021-08-25	2832.4357268009	1799.14613228	2297.48688157321	3093.40993094418	1160.01876498477	1423.21845867198	2364.63509055338	1771.86103379361
2021-08-26	2852.16475786591	1802.51926673364	2307.43434029985	3112.37754128392	1179.95621580258	1433.51703145962	2337.55862656386	1790.19176292398
2021-08-27	2869.83710164216	1804.67827946903	2315.94589959502	3129.07626340898	1199.62700076381	1442.98583694103	2308.72475535125	1807.3595160212
2021-08-28	2885.47737212742	1805.67182786996	2323.06946996067	3143.55902956529	1219.02904619822	1451.61673669002	2278.28369487958	1823.34854668427
2021-08-29	2899.11018331948	1805.54856932023	2328.85296189874	3155.87877199882	1238.1602784356	1459.4015922804	2246.38566311286	1838.1431085122
2021-08-30	2910.76014921613	1804.35716120363	2333.34428591119	3166.08842295551	1257.01862380573	1466.33226528594	2213.18087801512	1851.72745510398
2021-08-31	2920.45188381514	1802.14626090396	2336.59135249998	3174.24091468129	1275.60200863837	1472.40061728047	2178.81955755037	1864.08584005864
2021-09-01	2928.21000111431	1798.96452580502	2338.64207216704	3180.38917942213	1293.90835926331	1477.59850983777	2143.45191968263	1875.20251697516
2021-09-02	2934.05911511139	1794.86061329059	2339.54435541434	3184.58614942396	1311.93560201033	1481.91780453165	2107.22818237592	1885.06173945256
2021-09-03	2938.0238398042	1789.88318074448	2339.34611274382	3186.88475693273	1329.68166320919	1485.35036293591	2070.29856359427	1893.64776108983
2021-09-04	2940.12878919049	1784.08088555048	2338.09525465744	3187.33793419438	1347.14446918969	1487.88804662434	2032.81328130168	1900.94483548599
2021-09-05	2940.39857726807	1777.50238509238	2335.83969165714	3185.99861345487	1364.3219462816	1489.52271717074	1994.92255346219	1906.93721624003
2021-09-06	2938.86635680533	1770.1973974641	2332.62551158113	3182.93072583514	1381.21614920011	1490.24442616378	1956.77646175441	1911.59838303316
2021-09-07	2935.59943565324	1762.21988359999	2328.49151161258	3178.24219795616	1397.8456462021	1490.03598525156	1918.52454271534	1914.85871987537
2021-09-08	2930.67366043339	1753.62486514454	2323.4746662709	3172.0519553139	1414.23313392989	1488.87839609704	1880.31619659661	1916.63783685883
2021-09-09	2924.16487776734	1744.46736374221	2317.61195007552	3164.47892340434	1430.40130902578	1486.75266036317	1842.30082364981	1916.85534407575
2021-09-10	2916.14893427671	1734.80240103747	2310.94033754586	3155.64202772345	1446.37286813207	1483.63977971293	1804.62782412654	1915.43085161831
2021-09-11	2906.70167658306	1724.68499867481	2303.49680320133	3145.66019376719	1462.17050789107	1479.52075580928	1767.44659827843	1912.28396957869
2021-09-12	2895.89895130798	1714.1701782987	2295.31832156135	3134.65234703154	1477.81692494507	1474.37659031517	1730.90654635708	1907.33430804907
2021-09-13	2883.81336346107	1703.30890473862	2286.44470057715	3122.72033921444	1493.33084120001	1468.20251694265	1695.13577643149	1900.525027059
2021-09-14	2870.5045516039	1692.13591556411	2276.92708192713	3109.89772682163	1508.71507961632	1461.05069760003	1660.17722784021	1891.89348638736
2021-09-15	2856.02891268606	1680.68189152971	2266.81944072149	3096.20099256084	1523.96848841803	1452.98752624473	1626.05254773922	1881.5005957504
2021-09-16	2840.44284365713	1668.97751338997	2256.17575207046	3081.64661913978	1539.08991582919	1444.07939683413	1592.78338328447	1869.40726486437
2021-09-17	2823.80274146671	1657.05346189943	2245.04999108424	3066.25108926617	1554.07821007386	1434.39270332564	1560.39138163192	1855.6744034455
2021-09-18	2806.16500306437	1644.94041781264	2233.49613287303	3050.03088564773	1568.93221937607	1423.99383967667	1528.89818993752	1840.36292121004
2021-09-19	2787.58602539969	1632.66906188413	2221.56815254705	3033.00249099216	1583.65079195987	1412.9491998446	1498.32545535724	1823.53372787422
2021-09-20	2768.12220542228	1620.27007486846	2209.32002521651	3015.18238800719	1598.23277604931	1401.32517778684	1468.69482504703	1805.24773315429
2021-09-21	2747.8299400817	1607.77413752018	2196.80572599161	2996.58705940054	1612.67701986844	1389.18816746079	1440.02794616285	1785.5658467665
2021-09-22	2726.76562632754	1595.21193059382	2184.07922998257	2977.23298787992	1626.98237164129	1376.60456282385	1412.34646586066	1764.54897842708
2021-09-23	2704.98566110939	1582.61413484393	2171.19451229959	2957.13665615304	1641.14767959193	1363.64075783342	1385.67203129642	1742.25803785228
2021-09-24	2682.54644137683	1570.01143102505	2158.20554805288	2936.31454692762	1655.17179194438	1350.36314644689	1360.02628962609	1718.75393475834
2021-09-25	2659.50436407945	1557.43449989174	2145.16631235265	2914.78314291138	1669.05355692271	1336.83812262168	1335.43088800563	1694.09757886149
2021-09-26	2635.91582616683	1544.91402219853	2132.13078030911	2892.55892681204	1682.79182275095	1323.13208031517	1311.90747359098	1668.34987987799
2021-09-27	2611.83515324933	1532.47413593612	2119.1527217887	2869.65889067194	1696.37795385836	1309.30833443149	1289.47014849475	1641.57888147797
2021-09-28	2587.30838558039	1520.11280803981	2106.28508568276	2846.10206387197	1709.77337949499	1295.41788366163	1268.10283465605	1613.8811631471
2021-09-29	2562.37949207425	1507.82146268107	2093.58061563888	2821.90798512762	1722.93204511612	1281.50864764331	1247.78190897062	1585.36043832496
2021-09-30	2537.09244164511	1495.59152403134	2081.09205530463	2797.09619315441	1735.80789617702	1267.62854601423	1228.48374833421	1556.12042045112
2021-10-01	2511.4912032072	1483.41441626208	2068.8721483276	2771.68622666784	1748.35487813294	1253.82549841211	1210.18472964257	1526.26482296516
2021-10-02	2485.61974567474	1471.28156354475	2056.97363835535	2745.69762438343	1760.52693643917	1240.14742447467	1192.86122979144	1495.89735930664
2021-10-03	2459.52203796196	1459.18439005081	2045.44926903547	2719.14992501668	1772.27801655096	1226.64224383961	1176.48962567657	1465.12174291515
2021-10-04	2433.23592626085	1447.11511284861	2034.33683060682	2692.06021982388	1783.57827231394	1213.35107856009	1161.04508667276	1434.03515384716
2021-10-05	2406.77476587454	1435.06912059419	2023.61429967342	2664.43581022439	1794.46269113521	1200.28786035106	1146.49795207099	1402.70863862683
2021-10-06	2380.14578938395	1423.04259484048	2013.24469943057	2636.28155017834	1804.98246881223	1187.45972334289	1132.81735364131	1371.20671039523
2021-10-07	2353.35622936998	1411.03171714043	2003.19105307357	2607.60229364588	1815.18880114246	1174.87380166598	1119.97242315376	1339.59388229344
2021-10-08	2326.41331841356	1399.03266904697	1993.41638379773	2578.40289458714	1825.13288392334	1162.53722945072	1107.93229237838	1307.93466746251
2021-10-09	2299.32428909559	1387.04163211304	1983.88371479834	2548.68820696226	1834.86591295234	1150.45714082748	1096.66609308521	1276.29357904352
2021-10-10	2272.09637399699	1375.05478789158	1974.55606927071	2518.46308473138	1844.43908402691	1138.64066992666	1086.1429570443	1244.73513017755
2021-10-11	2244.73680569866	1363.06831793552	1965.39647041014	2487.73238185463	1853.90359294452	1127.09495087863	1076.33201602567	1213.32383400565
2021-10-12	2217.25281678153	1351.07840379782	1956.36794141193	2456.50095229215	1863.31063550261	1115.8271178138	1067.20240179938	1182.1242036689
2021-10-13	2189.6516398265	1339.0812270314	1947.43350547139	2424.77365000409	1872.71140749865	1104.84430486253	1058.72324613546	1151.20075230837
2021-10-14	2161.94050741449	1327.0729691892	1938.55618578382	2392.55532895057	1882.15710473009	1094.15364615523	1050.86368080396	1120.61799306513
2021-10-15	2134.1266521264	1315.04981182417	1929.69900554451	2359.85084309173	1891.69892299439	1083.76227582227	1043.59283757492	1090.44043908025
2021-10-16	2106.21730654316	1303.00793648924	1920.82498794878	2326.66504638772	1901.388058089	1073.67732799403	1036.87984821837	1060.7326034948
2021-10-17	2078.21970324567	1290.94352473735	1911.89715619192	2293.00279279867	1911.27570581139	1063.90593680092	1030.69384450436	1031.55899944984
2021-10-18	2050.14040983733	1278.85363824761	1902.88365960433	2258.87406894014	1921.40375914953	1054.45035297249	1025.00212383666	1002.96483014635
2021-10-19	2021.98333401155	1266.73885920378	1893.77315205675	2224.30939204939	1931.77689985349	1045.29329363502	1019.76464615397	974.918059024893
2021-10-20	1993.75171848419	1254.60064991579	1884.55941355503	2189.34441201911	1942.39050686386	1036.41259251398	1014.93953702872	947.36733958594
2021-10-21	1965.44880597115	1242.44047269357	1875.236224105	2154.01477874197	1953.23995912123	1027.78608333483	1010.48492203333	920.261325329961
2021-10-22	1937.0778391883	1230.25978984706	1865.79736371251	2118.35614211066	1964.32063556619	1019.39159982303	1006.35892674022	893.548669757422
2021-10-23	1908.64206085153	1218.06006368618	1856.23661238339	2082.40415201786	1975.62791513932	1011.20697570404	1002.51967672184	867.17802636879
2021-10-24	1880.14471367672	1205.84275652087	1846.54775012348	2046.19445835625	1987.15717678122	1003.21004470333	998.925297550604	841.098048664536
2021-10-25	1851.58904037974	1193.60933066106	1836.72455693863	2009.76271101852	1998.90379943247	995.378640546345	995.533914798941	815.257390145124
2021-10-26	1822.97828367649	1181.36124841669	1826.76081283467	1973.14455989736	2010.86316203367	987.690596958564	992.303654039282	789.604704311027
2021-10-27	1794.31568628285	1169.09997209767	1816.65029781745	1936.37565488543	2023.03064352541	980.123747665442	989.192640844053	764.088644662711
2021-10-28	1765.6044909147	1156.82696401395	1806.38679189279	1899.49164587544	2035.40162284826	972.655926392441	986.159000785682	738.657864700645
2021-10-29	1736.84794028791	1144.54368647545	1795.96407506654	1862.52818276005	2047.97147894283	965.264966865023	983.160859436597	713.261017925294
2021-10-30	1708.04927711838	1132.25160179211	1785.37592734455	1825.52091543195	2060.73559074971	957.928702808651	980.156342369225	687.846757837131
2021-10-31	1679.21174412198	1119.95217227386	1774.61612873265	1788.50549378383	2073.68933720947	950.624967948785	977.103575155996	662.363737936622
