date	state	King	Snohomish	Pierce	Ann Arbor	Boston	San Diego	DC
2020-01-26	0	0	0	0	0	0	0	0
2020-01-27	0	0	0	0	0	0	0	0
2020-01-28	0	0	0	0	0	0	0	0
2020-01-29	0	0	0	0	0	0	0	0
2020-01-30	0	0	0	0	0	0	0	0
2020-01-31	0	0	0	0	0	0	0	0
2020-02-01	0	0	0	0	0	0	0	0
2020-02-02	0	0	0	0	0	0	0	0
2020-02-03	0	0	0	0	0	0	0	0
2020-02-04	0	0	0	0	0	0	0	0
2020-02-05	0	0	0	0	0	0	0	0
2020-02-06	0	0	0	0	0	0	0	0
2020-02-07	0	0	0	0	0	0	0	0
2020-02-08	0	0	0	0	0	0	0	0
2020-02-09	0	0.227060759664518	0	0	0	0	0	0
2020-02-10	0	0.531138024590937	0	0	0	0	0	0
2020-02-11	0.0848589023071327	0.846592503717997	0	0	0	0	0	0
2020-02-12	0.231196809176494	1.17430050383433	0.165690120184787	0	0	0	0	0
2020-02-13	0.384663814971398	1.51513833172857	0.354344285844481	0	0	0	0	0
2020-02-14	0.545757738833424	1.86998229418935	0.552876857736286	0	0	0	0	0
2020-02-15	0.714976399904151	2.23970869800529	0.761937511414635	0	0	0	0	0
2020-02-16	0.892817617325158	2.62519384996505	0.982175922433957	0	0	0	0	0
2020-02-17	1.0797758961806	3.0272558523446	1.21425296167382	0	0	0	0	0
2020-02-18	1.27633248532494	3.4464799893694	1.4588742813143	0	0	0	0	0
2020-02-19	1.48296531955522	3.88339334075226	1.71675672886062	0.0304163652362873	0	0	0	0
2020-02-20	1.70015233366846	4.338522986206	1.988617151818	0.0992483372437249	0	0	0	0
2020-02-21	1.92837146246171	4.81239600544344	2.27517239769165	0.173974712558165	0	0	0	0
2020-02-22	2.16810064073201	5.30553947817739	2.5771393139868	0.254988463020463	0	0	0	0
2020-02-23	2.41981780327639	5.81848048412066	2.89523474820866	0.342682560471475	0	0	0	0
2020-02-24	2.68387193351855	6.35150398767292	3.22998702948406	0.43740898281962	0	0	0	0
2020-02-25	2.96009620938881	6.90392649198126	3.58117041342625	0.539355732243561	0	0	0	0
2020-02-26	3.24819485744415	7.47482238487964	3.94837063727012	0.648669816989523	0.175143027600053	0	0.00432028782835922	0
2020-02-27	3.54787210424154	8.06326605420198	4.33117343825054	0.765498245303732	0.397385988347608	0	0.0536639527710707	0
2020-02-28	3.85883217633798	8.66833188778224	4.72916455360236	0.889988025432414	0.640089607952397	0	0.107743887059234	0
2020-02-29	4.18077930029043	9.28909427345437	5.14192972056048	1.02228616562179	0.904117325979469	0	0.166771720167288	0
2020-03-01	4.51341770265589	9.92462759905231	5.56905467635975	1.1625396741181	1.19033258199388	0	0.230959081569669	0
2020-03-02	4.85645160999132	10.57400625241	6.01012515823505	1.31089555916755	1.49959881556067	0.331792902964537	0.300517600740817	0.356297234874799
2020-03-03	5.20958524885371	11.2363046213614	6.46472690342126	1.46750082901637	1.83277946624491	1.29449828966912	0.375658907155168	0.851890336007807
2020-03-04	5.57252284580003	11.9105970937404	6.93244564915324	1.6325024919108	2.19073797361164	2.34993497637528	0.456594630287161	1.39431485789786
2020-03-05	5.94496862738728	12.5959580573811	7.41286713266586	1.80604755609705	2.57433777722591	3.50224610603709	0.543536399611235	1.98564126057546
2020-03-06	6.32662682017242	13.2914619001172	7.905577091194	1.98828302982135	2.98444231665278	4.75557482160864	0.636695844601827	2.6279400040711
2020-03-07	6.71720165071244	13.9961830097829	8.41016126197253	2.17935592132992	3.4219150314573	6.11406426604403	0.736284594733374	3.32328154841527
2020-03-08	7.11639734556431	14.7091957742119	8.92620538223632	2.379413238869	3.88761936120452	7.58185758229735	0.842514279480317	4.07373635363848
2020-03-09	7.52374148714073	15.4292768561847	9.45303870086201	2.58851427568518	4.38231972064032	9.16319079927427	0.955575329411766	4.88138033542936
2020-03-10	7.93805508127719	16.1540120182667	9.98896451329338	2.80636746502659	4.90638442523392	10.8626714896868	1.07557337947553	5.7483112321091
2020-03-11	8.35798248966491	16.8806892979699	10.532029626616	3.03259352514173	5.46008276563537	12.6850001121987	1.2025928657141	6.67663223765704
2020-03-12	8.7821680739951	17.6065967328061	11.0802808479153	3.2668131742791	6.04368403249471	14.6348771254735	1.33671822416996	7.66844654605252
2020-03-13	9.20925619595897	18.3290223602872	11.6317649842769	3.50864713068719	6.65745751646199	16.7170029881749	1.4780338908856	8.72585735127488
2020-03-14	9.63789121724772	19.0452542179251	12.1845288427863	3.75771611261452	7.30167250818726	18.9360781589665	1.62662430190349	9.85096784730346
2020-03-15	10.0667174995526	19.7525803432317	12.7366192305291	4.01364083830957	7.97659829832057	21.2968030965119	1.78257389326613	11.0458812281176
2020-03-16	10.4942980396191	20.4483247136505	13.2859451187963	4.27593098533134	8.68214081667109	23.8023733925562	1.9458869021294	12.3120013294958
2020-03-17	10.9188703744104	21.1299550663516	13.829864135701	4.54365206848076	9.41675254968462	26.4499651711695	2.11624677010277	13.6479345544138
2020-03-18	11.338590675944	21.7949750784367	14.3655960735619	4.81575856186925	10.178522622966	29.2352496895033	2.29325673990912	15.0515879476464
2020-03-19	11.7516151162373	22.4408884270075	14.8903607246975	5.09120493960823	10.9655401621203	32.1538982047092	2.47652005427133	16.5208685539685
2020-03-20	12.1560998673078	23.0651987891658	15.4013778814266	5.36894567580911	11.7758942927523	35.2015819739387	2.66563995591225	18.0536834181549
2020-03-21	12.550201101173	23.6654098420132	15.8958673360677	5.64793524458333	12.6076741404669	38.3739722543432	2.86021968755478	19.6479395849804
2020-03-22	12.9320749898503	24.2390252626516	16.3710488809395	5.92712812004229	13.458968830869	41.6667403030744	3.05986249192177	21.30154409922
2020-03-23	13.2998777053572	24.7835487281825	16.8241423083605	6.20547877629742	14.3278674895636	45.0755573772837	3.26417161173611	23.0124040056485
2020-03-24	13.6517654197112	25.2964839157078	17.2523674106495	6.48194168746014	15.2124592421556	48.5960947341226	3.47275028972067	24.7784263490407
2020-03-25	13.9858943049298	25.7753345023291	17.6529439801251	6.75547132764186	16.1108332142499	52.2240236307427	3.68520176859832	26.5975181741716
2020-03-26	14.3004205330304	26.2176041651481	18.0230918091058	7.02502217095401	17.0210785314513	55.9550153242955	3.90112929109193	28.4675865258159
2020-03-27	14.5935002760306	26.6207965812667	18.3600306899103	7.289548691508	17.9412843193649	59.7847410719324	4.12013609992438	30.3865384487485
2020-03-28	14.8632897059477	26.9824154277864	18.6609804148573	7.54800536341526	18.8695397035955	63.7088721308051	4.34182543781853	32.3522809877444
2020-03-29	15.1079449947992	27.2999643818091	18.9231607762653	7.79934666078721	19.803933809748	67.7230797580651	4.56580054749727	34.3627211875783
2020-03-30	15.3259859026036	27.5714652353775	19.1444382033333	8.04253671987737	20.7423048348197	71.8210331399449	4.79159098998167	36.4151705480307
2020-03-31	15.5173865413823	27.7970122402986	19.3252656727819	8.27657832550771	21.6814872613779	75.9883931790021	5.01843159948556	38.5045583889047
2020-04-01	15.682484611158	27.9772177633207	19.4667427982117	8.50048392464231	22.6180646433821	80.2088187068754	5.24548352852101	40.625218485009
2020-04-02	15.8216178119531	28.1126941711919	19.5699691932235	8.71326596424525	23.5486205347918	84.4659685552035	5.47190792960004	42.7714846111524
2020-04-03	15.9351238437901	28.2040538306602	19.6360444714182	8.9139368912806	24.4697384895666	88.7435015556249	5.69686595523472	44.9376905421434
2020-04-04	16.0233404066915	28.2519091084739	19.6660682463966	9.10150915271245	25.3780020616661	93.0250765397783	5.91951875793708	47.1181700527909
2020-04-05	16.0866052006798	28.2568723713811	19.6611401317593	9.27499519550487	26.2699948050498	97.2943523393025	6.13902749021918	49.3072569179035
2020-04-06	16.1253737082155	28.2197475820574	19.6225266012906	9.43359665480489	27.1422270877933	101.534219073279	6.35463944089914	51.4988610151506
2020-04-07	16.140572541511	28.1421050868887	19.5521615695077	9.57727191849131	27.990916534436	105.724492010562	6.56594644401941	53.6851966336447
2020-04-08	16.133246095217	28.0257068281883	19.4521458111114	9.70616856262592	28.8122075836331	109.844217707449	6.77262646992854	55.8580541653589
2020-04-09	16.1044387639837	27.8723147482696	19.3245801008024	9.82043416327048	29.6022446740398	113.872442720238	6.97435748897505	58.0092240022663
2020-04-10	16.0551949424617	27.6836907894458	19.1715652132813	9.92021629648674	30.3571722443117	117.788213605224	7.1708174715075	60.13049653634
2020-04-11	15.9865590253015	27.4615968940305	18.9952019232489	10.0056625383365	31.0731347331038	121.570576918707	7.36168438787442	62.2136621595533
2020-04-12	15.8995754071536	27.2077950043368	18.7975910054057	10.0769204648814	31.7462765790717	125.198579216982	7.54663620842434	64.2505112638792
2020-04-13	15.7952884826684	26.9240470626782	18.5808332344526	10.1341376521834	32.3727422208704	128.651267056348	7.72535090350582	66.2328342412909
2020-04-14	15.6747426464963	26.612115011368	18.3470293850901	10.1774616763042	32.9486760971555	131.907686993101	7.89750644346737	68.1524214837614
2020-04-15	15.538982293288	26.2737607927195	18.098280232019	10.2070401133055	33.470222646582	134.946885583539	8.06278079865755	70.0010633832641
2020-04-16	15.3890518176937	25.9107463490461	17.8366865499399	10.223020539249	33.9335263078055	137.747909383959	8.22085193942489	71.7705503317719
2020-04-17	15.2259956143641	25.5248336226612	17.5643491135536	10.2255505301967	34.3347315194811	140.289804950659	8.37139783611793	73.4526727212581
2020-04-18	15.0508580779496	25.1177845558781	17.2833686975607	10.2147776622102	34.6699827202642	142.551618839935	8.5140964590852	75.0392209436957
2020-04-19	14.8646836031007	24.6913610910101	16.9958460766619	10.1908495113512	34.93542434881	144.512397608085	8.64862577867525	76.5219853910579
2020-04-20	14.6684667283518	24.2472889329661	16.7037016587431	10.1540103125376	35.1281875605532	146.155867113616	8.77473741805456	77.8939745678519
2020-04-21	14.4630025677738	23.7871488370377	16.4081343844312	10.1048909361109	35.2493503780448	147.484470423876	8.89247761166139	79.1530694287213
2020-04-22	14.2490363793213	23.3124853211118	16.1101628275382	10.0442189112688	35.3009775406154	148.505329908421	9.00196624675196	80.2983690408435
2020-04-23	14.0273134209493	22.8248429030754	15.8108055618762	9.97272176720865	35.2851337875954	149.225567936809	9.10332321058245	81.3289724713961
2020-04-24	13.7985789506123	22.3257661008155	15.5110811612573	9.89112703312818	35.2038838583153	149.652306878597	9.19666839040909	82.2439787875568
2020-04-25	13.5635782262653	21.8167994322192	15.2120081994936	9.80016223822492	35.0592924921055	149.792669103342	9.28212167348807	83.0424870565031
2020-04-26	13.3230565058631	21.2994874151734	14.9146052503971	9.70055491169644	34.8534244282964	149.653776980601	9.35980294707562	83.7235963454125
2020-04-27	13.0777590473602	20.7753745675652	14.61989088778	9.5930325827403	34.5883444062184	149.242752879933	9.42983209842792	84.2864057214626
2020-04-28	12.8284311087117	20.2460054072815	14.3288836854542	9.47832278055408	34.2661171652021	148.566719170893	9.4923290148012	84.730014251831
2020-04-29	12.5758179478721	19.7129244522094	14.0426022172319	9.35715303433535	33.8888074445779	147.632798223039	9.54741358345166	85.0535210036953
2020-04-30	12.3206648227964	19.1776762202359	13.7620650569251	9.23025087328168	33.4584799836761	146.448112405929	9.5952056916355	85.2560250442329
2020-05-01	12.0637169914393	18.641805229248	13.4882907783459	9.09834382659063	32.9771995218273	145.019784089119	9.63582522660894	85.3366254406216
2020-05-02	11.8057197117555	18.1068559971327	13.2222979553065	8.96215942345978	32.4470307983618	143.354935642166	9.66939207562817	85.2944212600389
2020-05-03	11.5474182416999	17.5743730417771	12.9651051616188	8.8224251930867	31.8700385526102	141.460689434629	9.69602612594941	85.1285115696622
2020-05-04	11.2895212298231	17.0457907222435	12.7173819989802	8.67977323020829	31.2486976217128	139.346914228011	9.71579169136644	84.8390031891561
2020-05-05	11.0325908870597	16.5221027622965	12.4784021806291	8.53445389171877	30.58712323405	137.0344643516	9.72853079182337	84.4300339481316
2020-05-06	10.7771528149399	16.0041927268759	12.2470904476894	8.38662210005171	29.8898407158122	134.546940526634	9.73402987380185	83.9067494286869
2020-05-07	10.5237326149943	15.4929441809216	12.0223715412846	8.23643277764066	29.1613753931895	131.907943474348	9.73207538378359	83.27429521292
2020-05-08	10.2728558887532	14.9892406893735	11.8031702025384	8.08404084691918	28.4062525923725	129.141073915978	9.72245376825025	82.5378168829289
2020-05-09	10.025048237747	14.4939658171716	11.5884111725747	7.92960123032083	27.6289976395513	126.26993257276	9.70495147368351	81.7024600208117
2020-05-10	9.78083526350614	14.0080031292556	11.377019192517	7.77326885027916	26.8341358609163	123.318120165931	9.67935494656504	80.7733702086663
2020-05-11	9.54071946730191	13.5321202322618	11.1680678107135	7.61527743707547	26.0257971951485	120.306815118874	9.64560066152592	79.7558402868358
2020-05-12	9.30511094936944	13.0666208996116	10.9612258044093	7.45617595238197	25.2065300308914	117.247506663571	9.60422520579478	78.6557521286431
2020-05-13	9.07439670968476	12.6116929464228	10.756310758074	7.29659216571859	24.3784873692792	114.14926173415	9.55591519474962	77.4791348656563
2020-05-14	8.84896374822391	12.1675241878131	10.5531402561772	7.13715384660527	23.543822211446	111.02114726474	9.50135724376847	76.2320176294433
2020-05-15	8.62919906496294	11.7343024389003	10.3515318831884	6.97848876456194	22.7046875585259	107.872230189469	9.44123796822936	74.9204295515719
2020-05-16	8.41548965987789	11.3122155148021	10.1513032235771	6.82122468910854	21.8632364116532	104.711577442468	9.37624398351029	73.5503997636102
2020-05-17	8.20822253294479	10.9014512306362	9.95227186181298	6.665989389765	21.021621771962	101.548255957864	9.30706190498929	72.1279573971262
2020-05-18	8.00778468413969	10.5021974015204	9.75425538236546	6.51341063605128	20.1819966405864	98.3913326697862	9.23437834804437	70.6591315836877
2020-05-19	7.81456311343862	10.1146418425725	9.55707136970415	6.36411619748729	19.3465140186606	95.2498745123643	9.15887992805355	69.1499514548627
2020-05-20	7.62894482081764	9.73897236891014	9.36053740829857	6.21873384359299	18.5173269073188	92.1329484197266	9.08125326039487	67.6064461422192
2020-05-21	7.45131680625277	9.37537679565111	9.1644710826183	6.0778913438883	17.6965883076952	89.0496213260023	9.00218496044631	66.0346447773252
2020-05-22	7.28206606972006	9.02404293791314	8.96868997713287	5.94221646789316	16.8864512209238	86.0089601653201	8.92236164358592	64.4405764917485
2020-05-23	7.12157961119556	8.68515861081398	8.77301167631183	5.81233698512751	16.0890686481389	83.020031871809	8.84246992519171	62.8302704170572
2020-05-24	6.97024443065529	8.35891162947139	8.57725376462474	5.6888806651113	15.3065935904745	80.0919033795978	8.7631964206417	61.2097556848192
2020-05-25	6.82836247241668	8.04542831485285	8.38146504201209	5.57236973956804	14.5411370603698	77.2321039264936	8.68520815104026	59.5847707930191
2020-05-26	6.69589545816263	7.74458901132493	8.18661917029823	5.46290428903569	13.7946421154829	74.4420119650158	8.60909376039723	57.9598917053088
2020-05-27	6.57272005391742	7.45621256910395	7.99392102677843	5.36047885625581	13.0690098247768	71.7214682513618	8.53542229844881	56.3394037517566
2020-05-28	6.45871292570534	7.18011783840624	7.80457548874799	5.26508798396993	12.3661412572147	69.0703135417292	8.46476281493119	54.7275922624312
2020-05-29	6.35375073955064	6.91612366944811	7.61978743350221	5.17672621491961	11.6879374817595	66.4883885923155	8.39768435958056	53.1287425674008
2020-05-30	6.25771016147763	6.66404891244587	7.44076173833636	5.09538809184639	11.0362995673744	63.9755341593181	8.33475598213313	51.547139996734
2020-05-31	6.17046785751057	6.42371241761586	7.26870328054573	5.02106815749182	10.4131285830223	61.5315909989346	8.27654673232507	49.9870698804992
2020-06-01	6.09190401291492	6.19494739439288	7.10458935954411	4.95375602927651	9.81992358818523	59.1563946470283	8.22357413623703	48.4521663355424
2020-06-02	6.02191288992073	5.97764448908569	6.94848696321916	4.89342162333731	9.25657560442006	56.8497597581262	8.17614962532737	46.9434586258194
2020-06-03	5.96039226999925	5.77170870722153	6.80023550157707	4.84002993049016	8.72257364380263	54.6114957664209	8.13453310739888	45.4613248020633
2020-06-04	5.90723993462171	5.57704505432765	6.65967438462398	4.79354594155095	8.21740671840877	52.441412106105	8.09898449025436	44.0061429150074
2020-06-05	5.86235366525935	5.39355853593129	6.52664302236609	4.75393464733563	7.74056384031428	50.3393182113714	8.0697636816966	42.5782910153849
2020-06-06	5.8256312433834	5.22115415755972	6.40098082480954	4.72116103866009	7.29153402159496	48.3050235164127	8.04713058952841	41.178147153929
2020-06-07	5.79697045046509	5.05973692474016	6.2825272019605	4.69519010634027	6.86980627432664	46.3383374554217	8.03134512155259	39.8060893813729
2020-06-08	5.77626906797566	4.90921184299987	6.17112156382515	4.67598684119209	6.47486961058511	44.4390694625911	8.02266718557192	38.46249574845
2020-06-09	5.76342487738636	4.76948391786609	6.06660332040965	4.66351623403145	6.10621304244619	42.6070289721135	8.02135668938921	37.1477443058933
2020-06-10	5.7583356601684	4.64045815486607	5.96881188172016	4.65774327567429	5.76332558198569	40.8420254181817	8.02767354080725	35.8622131044362
2020-06-11	5.76089919779302	4.52203955952706	5.87758665776285	4.65863295693652	5.44569624127941	39.1438682349885	8.04187764762884	34.6062801948118
2020-06-12	5.77101327173146	4.4141331373763	5.7927670585439	4.66615026863405	5.15281403240318	37.5123668567265	8.06422891765678	33.3803236277534
2020-06-13	5.78857566345496	4.31664389394103	5.71419249406946	4.68026020158282	4.88416796743278	35.9473307175884	8.09498725869387	32.1847214539941
2020-06-14	5.81348415443475	4.22947683474852	5.6417023743457	4.70092774659874	4.63924705844403	34.4485692517669	8.13441257854289	31.0198517242673
2020-06-15	5.84561775932518	4.15251699610282	5.5750453959739	4.72801534576517	4.41739653552816	33.0155711853788	8.18267654248066	29.8860540804404
2020-06-16	5.88478042551303	4.08556953741535	5.51360740193578	4.76097524623531	4.21738650083798	31.6465424122362	8.23959784567997	28.7835145289183
2020-06-17	5.93075733356823	4.02841964887434	5.45668352180816	4.79915714642977	4.03784327454174	30.3393681180754	8.3049069407876	27.7123806672398
2020-06-18	5.98333366406067	3.98085252066802	5.4035688851679	4.84191074476918	3.87739317680768	29.0919334886325	8.37833428045037	26.6728000929442
2020-06-19	6.04229459756027	3.94265334298462	5.35355862159179	4.88858573967418	3.73466252780404	27.9021237096438	8.45961031731507	25.6649204035705
2020-06-20	6.10742531463693	3.91360730601238	5.30594786065669	4.9385318295654	3.60827764769905	26.7678239668454	8.54846550402848	24.6888891966576
2020-06-21	6.17851099586055	3.89349959993953	5.26003173193943	4.99109871286346	3.49686485666096	25.6869194459736	8.64463029323742	23.7448540697448
2020-06-22	6.25531080684453	3.88208476046599	5.21523547133319	5.04577181008336	3.39913101905978	24.6575475081024	8.74775295520367	22.8328498628033
2020-06-23	6.33747985337612	3.87899470533845	5.17150473999664	5.10257943011754	3.31410517607267	23.678854215658	8.85715303064895	21.9524603855343
2020-06-24	6.42464722628606	3.88383069781529	5.12891530540482	5.16168560395283	3.24089691307858	22.7502378064041	8.97206787790997	21.103156690071
2020-06-25	6.51644201640508	3.89619400115487	5.08754293503276	5.22325436257604	3.17861581545646	21.8710965181047	9.09173485532346	20.2844098285468
2020-06-26	6.61249331456391	3.91568587861558	5.04746339635548	5.28744973697399	3.12637146858524	21.0408285885238	9.21539132122612	19.4956908530951
2020-06-27	6.7124302115933	3.94190759345578	5.00875245684803	5.35443575813348	3.08327345784386	20.2588322554253	9.34227463395468	18.7364708158492
2020-06-28	6.81588179832398	3.97446040893386	4.97148588398543	5.42437645704134	3.04843136861128	19.5245057565731	9.47162215184583	18.0062207689425
2020-06-29	6.92247716558668	4.01294558830819	4.93573944524271	5.49743586468438	3.02095478626644	18.8372473297311	9.60267123323631	17.3044117645083
2020-06-30	7.03184540421215	4.05696439483714	4.90158890809491	5.57377801204942	2.99995329618827	18.1964552126634	9.73465923646282	16.63051485468
2020-07-01	7.1436156050311	4.10611809177909	4.86911004001705	5.65356693012327	2.98453648375572	17.6015276431337	9.86682351986208	15.9840010915911
2020-07-02	7.25741685887429	4.16000794239242	4.83837860848418	5.73696664989274	2.97381393434775	17.0518628589061	9.9984014417708	15.3643415273747
2020-07-03	7.37287825657244	4.21823520993549	4.80947038097131	5.82414120234466	2.96689523334328	16.5468590977444	10.1286303605257	14.7710072141644
2020-07-04	7.48962888895629	4.28040115766668	4.78246112495349	5.91525461846583	2.96288996612126	16.0859145974126	10.2567476344635	14.2034692040933
2020-07-05	7.60729784685658	4.34610704884438	4.75742660790574	6.01047092924308	2.96090771806064	15.6684275956746	10.3819906219209	13.661198549295
2020-07-06	7.72552973139442	4.41501133168607	4.73446188745087	6.10998636893383	2.96018216583278	15.2933554216409	10.5035405725138	13.1436435846019
2020-07-07	7.84403118485242	4.48700119424571	4.7137391818028	6.21412598487801	2.96044335127873	14.9578917698079	10.6203543009748	12.6501617756431
2020-07-08	7.96252435980359	4.56202100953638	4.69544999932323	6.32324702768614	2.96154540753197	14.6587894260185	10.7313325133158	12.1800878707469
2020-07-09	8.08073140882093	4.64001515057117	4.67978584837385	6.43770674796876	2.96334246772596	14.3928011761157	10.8353759155486	11.7327566182416
2020-07-10	8.19837448447742	4.72092799036315	4.66693823731636	6.5578623963364	2.96568866499419	14.1566798059424	10.9313852136848	11.3075027664553
2020-07-11	8.31517573934608	4.8047039019254	4.65709867451245	6.68407122339959	2.96843813247012	13.9471781013415	11.0182611137365	10.9036610637164
2020-07-12	8.43085732599989	4.891287258271	4.65045866832382	6.81669047976886	2.97144500328722	13.7610488481561	11.0949043217154	10.5205662583531
2020-07-13	8.54508149812096	4.98051481543383	4.64711173668058	6.95586127194161	2.97453370283376	13.5953727442332	11.1604754149355	10.1576056544977
2020-07-14	8.65727091382773	5.07179286153088	4.64675943578656	7.10086012996265	2.97740982551712	13.4485421354376	11.2151744559201	9.81437677949838
2020-07-15	8.76678833234778	5.16442006769996	4.649005331414	7.25074743976363	2.97974925799946	13.3192772796379	11.2594613784948	9.4905297165074
2020-07-16	8.87299651290867	5.25769510507887	4.65345298933514	7.40458358727624	2.98122788694297	13.206298434703	11.2937961164849	9.18571454867696
2020-07-17	8.97525821473796	5.35091664480539	4.65970597532223	7.56142895843214	2.9815215990098	13.1083258585018	11.318638603716	8.89958135915932
2020-07-18	9.07293619706322	5.44338335801734	4.6673678551475	7.72034393916299	2.98030628086213	13.0240798089031	11.3344487740137	8.6317802311067
2020-07-19	9.165393219112	5.53439391585251	4.67604219458321	7.88038891540046	2.97725781916213	12.9522805437757	11.3416865612033	8.38196124767132
2020-07-20	9.25199204011187	5.62324698944869	4.6853325594016	8.04062427307622	2.97205210057196	12.8916483209885	11.3408118991105	8.14977449200541
2020-07-21	9.33209541929037	5.70924124994368	4.6948425153749	8.20011039812194	2.96436501175381	12.8409033984103	11.3322847215607	7.93487004726121
2020-07-22	9.40506611587509	5.79167536847529	4.70417562827537	8.35790767646929	2.95387243936983	12.7987660339098	11.3165649623794	7.73689799659093
2020-07-23	9.47026688909358	5.8698480161813	4.71293546387525	8.51307649404992	2.9402502700822	12.7639564853561	11.2941125553921	7.55550842314682
2020-07-24	9.52706049817341	5.94305786419951	4.72072558794677	8.66467723679551	2.92317439055308	12.7351950106178	11.2653874344243	7.39035141008109
2020-07-25	9.57480970234212	6.01060358366774	4.72714956626219	8.81177029063773	2.90232068744466	12.7112018675638	11.2308495333016	7.24107704054598
2020-07-26	9.61287726082729	6.07178384572376	4.73181096459375	8.95341604150823	2.87736504741909	12.690697314063	11.1909587858494	7.10733539769372
2020-07-27	9.64076987820735	6.12600344764869	4.73432721716552	9.08877517147224	2.84806089862426	12.6725639490692	11.1461529523552	6.98866063901996
2020-07-28	9.65857004046426	6.17309169129688	4.73437123200892	9.21740954712904	2.81447183515095	12.6563337358764	11.0967810989547	6.88412321939412
2020-07-29	9.66650417893086	6.21298400466598	4.73162978560719	9.33898133121152	2.77673899257561	12.6417009788637	11.0431701182455	6.79267766802904
2020-07-30	9.66479872493997	6.24561581575365	4.72578965444358	9.45315268645249	2.73500350647474	12.62835998241	10.9856469028253	6.71327851413756
2020-07-31	9.65368010982444	6.27092255255755	4.71653761500134	9.55958577558481	2.68940651242481	12.6160050508945	10.9245383452916	6.64488028693252
2020-08-01	9.63337476491708	6.28883964307533	4.70356044376371	9.65794276134134	2.64008914600231	12.6043304886962	10.8601713382421	6.58643751562677
2020-08-02	9.60410912155074	6.29930251530466	4.68654491721394	9.74788580645492	2.5871925427837	12.5930306001941	10.7928727742745	6.53690472943316
2020-08-03	9.56610961105825	6.30224659724318	4.66517781183527	9.82907707365839	2.53085783834547	12.5817996897672	10.7229695459864	6.49523645756451
2020-08-04	9.51960266477244	6.29760731688857	4.63914590411095	9.90117872568462	2.47122616826411	12.5703320617945	10.6507885459755	6.46038722923369
2020-08-05	9.46481471402615	6.28532010223846	4.60813597052424	9.96385292526644	2.40843866811607	12.5583220206552	10.5766566668393	6.43131157365352
2020-08-06	9.4019721901522	6.26532038129054	4.57183478755837	10.0167618351367	2.34263647347786	12.5454638707282	10.5009008011755	6.40696402003685
2020-08-07	9.33130152448344	6.23754358204244	4.52992913169658	10.0595676180283	2.27396071992593	12.5314519163926	10.4238478415818	6.38629909759652
2020-08-08	9.2530291483527	6.20192513249182	4.48210577942214	10.091932436674	2.20255254303678	12.5159804620274	10.3458246806557	6.36827133554539
2020-08-09	9.1673814930928	6.15840046063635	4.42805150721828	10.1135184538067	2.12855307838688	12.4987438120116	10.267158210995	6.35183526309628
2020-08-10	9.07468538878287	6.10704361032066	4.36763183930619	10.1241577695133	2.0521312747004	12.4792956378936	10.1881217450468	6.33612746637559
2020-08-11	8.97566926048717	6.04848308877723	4.30142729085882	10.124362233297	1.97356733329224	12.4566270798989	10.1087742746569	6.32101275916387
2020-08-12	8.87116193201627	5.98348601908555	4.23019712478708	10.1148136320152	1.893169268625	12.4295886454221	10.0291212115206	6.30653801215521
2020-08-13	8.7619922271807	5.91281952432509	4.15470060400186	10.0961937525251	1.81124509516126	12.397030841858	9.9491679673331	6.29275009604371
2020-08-14	8.64898896979103	5.83725072757531	4.07569699141404	10.0691843816841	1.72810282736362	12.3578041766014	9.86891995378978	6.27969588152347
2020-08-15	8.53298098365781	5.75754675191571	3.99394554993454	10.0344673063494	1.64405047969466	12.310759157047	9.78838258258592	6.26742223928858
2020-08-16	8.41479709259158	5.67447472042573	3.91020554247423	9.99272431337836	1.55939606661698	12.2547462905896	9.70756126541681	6.25597604003314
2020-08-17	8.29519594005815	5.58873643636045	3.82519441100053	9.94457468943337	1.47446331013141	12.1889620108765	9.62648219981581	6.24539368059675
2020-08-18	8.17465544814423	5.50077242367731	3.73946231370685	9.89038772039726	1.3896387623917	12.1139864565659	9.54525472666849	6.23566966240107
2020-08-19	8.05358335859179	5.41095788650933	3.65351758784313	9.83047019195797	1.30532468308984	12.0307456925685	9.46400897269847	6.22678801301324
2020-08-20	7.93238741314279	5.31966802898954	3.56786857065928	9.76512888980344	1.22192333191782	11.9401657837952	9.38287506462938	6.21873276000044
2020-08-21	7.81147535353919	5.22727805525097	3.48302359940523	9.69467059962159	1.13983696856765	11.8431727951566	9.30198312918485	6.21148793092982
2020-08-22	7.69125492152297	5.13416316942665	3.39949101133091	9.61940210710037	1.05946785273131	11.7406927915636	9.2214632930885	6.20503755336853
2020-08-23	7.57213385883607	5.04069857564961	3.31777914368623	9.53963019792769	0.981218244100782	11.6336518379269	9.14144568306395	6.19936565488374
2020-08-24	7.45451990722047	4.94725947805286	3.23839633372114	9.45566165779152	0.905490402368072	11.5229759991573	9.06206042583483	6.1944562630426
2020-08-25	7.33882080841812	4.85422108076945	3.16185091868554	9.36780327237978	0.832686587225166	11.4095913401656	8.98343764812476	6.19029340541228
2020-08-26	7.22544430417099	4.76195858793241	3.08865123582938	9.27636182738039	0.763209058364059	11.2944239258626	8.90570747665737	6.18686110955993
2020-08-27	7.11479813622104	4.67084720367474	3.01930562240257	9.18164410848131	0.697460075476739	11.1783998211589	8.82900003815629	6.18414340305272
2020-08-28	7.00729004631023	4.5812621321295	2.95432241565503	9.08395690137047	0.635841898255203	11.0624450909655	8.75344545934514	6.18212431345779
2020-08-29	6.90332777618053	4.4935785774297	2.8942099528367	8.98360699173579	0.578756786391437	10.9474858001929	8.67917386694753	6.18078786834231
2020-08-30	6.8033190675739	4.40817174370838	2.83947657119751	8.88090116526522	0.526606999577438	10.8344480137522	8.60631538768711	6.18011809527344
2020-08-31	6.70762652123812	4.3254058472439	2.79052455924481	8.77614624338923	0.479653982671239	10.7241403211542	8.53479531781853	6.1800786197599
2020-09-01	6.61643217394415	4.245601152896	2.7473320105158	8.6696491905085	0.437595921195047	10.6169014103111	8.46371963172059	6.18055145907665
2020-09-02	6.52987292146883	4.16906693766977	2.70977096980509	8.56171700676621	0.399990185837117	10.5129524937353	8.39198947330313	6.18139822844021
2020-09-03	6.44808565958893	4.09611247857027	2.67771348190731	8.45265669230558	0.366394147285699	10.4125147839392	8.31850598647597	6.18248054306709
2020-09-04	6.37120728408127	4.02704705260259	2.65103159161709	8.34277524726981	0.336365176229046	10.3158094934351	8.24217031514896	6.18366001817383
2020-09-05	6.29937469072265	3.96217993677182	2.62959734372906	8.23237967180211	0.309460643355409	10.2230578347355	8.16188360323192	6.18479826897695
2020-09-06	6.23272477528986	3.90182040808302	2.61328278303783	8.12177696604569	0.285237919353041	10.1344810203528	8.07654699463471	6.18575691069296
2020-09-07	6.17135636183308	3.8462142651044	2.60199319154991	8.01127988235102	0.263309577622481	10.0502806618954	7.98537239159513	6.18642273235319
2020-09-08	6.11521598749593	3.79535339265658	2.59576680011934	7.90122418189767	0.243509002413428	9.97057996735603	7.88881472966295	6.18678321824815
2020-09-09	6.06421211769544	3.74916619712331	2.594675076812	7.79195137807248	0.225724780687864	9.89548254382334	7.78763970271593	6.18685102648316
2020-09-10	6.01825321784861	3.70758108488835	2.59878948969382	7.68380298426228	0.209845499407775	9.82509199838612	7.68261300463181	6.18663881516354
2020-09-11	5.97724775337244	3.67052646233544	2.60818150683069	7.57712051385391	0.195759745535146	9.75951193813307	7.57450032928835	6.1861592423946
2020-09-12	5.94110418968394	3.63793073584832	2.62292259628852	7.4722454802342	0.183356106031961	9.69884597015295	7.46406737056328	6.18542496628167
2020-09-13	5.90973099220012	3.60972231181074	2.64308422613321	7.36951939679	0.172523167860206	9.64319770153447	7.35207982233438	6.18444864493006
2020-09-14	5.88303662633799	3.58582959660645	2.66873786443068	7.26928377690814	0.163149517981864	9.59267073936637	7.23930337847939	6.18324293644508
2020-09-15	5.86092955751455	3.56618099661919	2.69995497924682	7.17188013397545	0.155123743358922	9.54736869073738	7.12650373287606	6.18182049893206
2020-09-16	5.84331825114681	3.55070491823272	2.73680703864754	7.07764998137878	0.148334430953363	9.50739516273623	7.01444657940213	6.18019399049632
2020-09-17	5.83011117265178	3.53932976783077	2.77936551069875	6.98693483250497	0.142670167727173	9.47285376245167	6.90389761193537	6.17837606924315
2020-09-18	5.82121678744647	3.53198395179711	2.82770186346636	6.90007620074084	0.138019540642336	9.4438480969724	6.79562252435352	6.1763793932779
2020-09-19	5.81654356094788	3.52859587651546	2.88188756501625	6.81741559947324	0.134271136660838	9.42048177338718	6.69038701053433	6.17421662070587
2020-09-20	5.81599995857302	3.52909394836959	2.94199408341436	6.739294542089	0.131313542744662	9.40285839878473	6.58895676435556	6.17190040963238
2020-09-21	5.81951732056552	3.53334505039402	3.00810299124898	6.66611382730455	0.129173315543069	9.39119519138907	6.49192714044421	6.16939251348518
2020-09-22	5.82711848647551	3.54096997222642	3.08033627919812	6.59851139515464	0.128428890454415	9.38616381396539	6.39921213642436	6.16645106698176
2020-09-23	5.83884917067971	3.55152798015524	3.15882604246216	6.53718447100361	0.12979667256433	9.38854954041417	6.31055541066933	6.16278330016206
2020-09-24	5.85475508755489	3.56457834046894	3.24370437624152	6.48283028021581	0.133993066958447	9.39913764463588	6.22570062155245	6.15809644306601
2020-09-25	5.87488195147778	3.57968031945596	3.33510337573659	6.43614604815558	0.141734478722396	9.41871340053101	6.14439142744704	6.15209772573352
2020-09-26	5.89927547682513	3.59639318340477	3.43315513614777	6.39782900018725	0.153737312941808	9.44806208200003	6.06637148672644	6.14449437820453
2020-09-27	5.92798137797369	3.61427619860381	3.53799175267547	6.36857636167518	0.170717974702315	9.48796896294342	5.99138445776398	6.13499363051897
2020-09-28	5.96104780651561	3.63298286946832	3.64972470127257	6.34895116546758	0.193359187232256	9.53905139969809	5.91917724634661	6.12343568896793
2020-09-29	5.99853266290484	3.65254365292061	3.76838298090188	6.33897967434821	0.222208946330809	9.6012550783467	5.84950974791577	6.1101926648471
2020-09-30	6.0404962848107	3.6730832440098	3.89397497127872	6.3385539585847	0.257781565939863	9.67435776740835	5.78214510532653	6.09576964570338
2020-10-01	6.08699900990255	3.69472633778497	4.02650905211837	6.34756608844467	0.300591360001302	9.75813723540214	5.71684646143397	6.08067171908361
2020-10-02	6.13810117584973	3.71759762929523	4.16599360313615	6.36590813419577	0.351152642457016	9.85237125084715	5.65337695909317	6.06540397253468
2020-10-03	6.19386312032159	3.74182181358969	4.31243700404735	6.39347216610561	0.409979727248889	9.95683758226249	5.59149974115918	6.05047149360345
2020-10-04	6.25434518098748	3.76752358571743	4.46584763456728	6.43015025444185	0.477586928318811	10.0713139981672	5.53097795048709	6.03637936983679
2020-10-05	6.31960769551674	3.79482764072757	4.62623387441123	6.4758344694721	0.554488559608666	10.1955782670805	5.47157472993196	6.02363268878157
2020-10-06	6.38971100157871	3.8238586736692	4.79360410329452	6.530416881464	0.641198935060345	10.3294081575214	5.41305322234887	6.01273653798465
2020-10-07	6.46471543684275	3.85474137959142	4.96796670093244	6.59378956068517	0.738232368615729	10.472581438009	5.35517657059289	6.00419600499291
2020-10-08	6.54468133897821	3.88760045354333	5.14933004704029	6.66584457740326	0.846103174216708	10.6248758770624	5.29770791751909	5.99851617735322
2020-10-09	6.62966904565442	3.92256059057404	5.33770252133338	6.7464740018859	0.965325665805174	10.7860692432007	5.24041040598254	5.99620214261243
2020-10-10	6.71973889454074	3.95974648573264	5.533092503527	6.8355699044007	1.09641415732301	10.9559393049429	5.18304717883831	5.99775898831744
2020-10-11	6.81495122330651	3.99928283406823	5.73550837333647	6.93302435521532	1.2398829627121	11.1342638308083	5.12538137894148	6.00369180201509
2020-10-12	6.91532003338059	4.04130369166857	5.94490956876914	7.03869995478792	1.3961929024246	11.3207426724466	5.06747075392707	6.01462379629072
2020-10-13	7.02067398122995	4.08598055877594	6.16105976100071	7.15234142433883	1.56559082295378	11.514764014031	5.01055147054993	6.03165068388348
2020-10-14	7.13079538708104	4.13349429667132	6.3836736794989	7.27366401527892	1.74827007730315	11.7156381228651	4.95615430034488	6.05598630257096
2020-10-15	7.24546657116033	4.18402576663564	6.61246605373147	7.40238297901907	1.94442401847624	11.9226752662528	4.90581001484669	6.08884449013079
2020-10-16	7.36446985369429	4.23775582994986	6.84715161316615	7.53821356697014	2.15424599947657	12.1351857114979	4.86104938559019	6.13143908434055
2020-10-17	7.4875875549094	4.29486534789493	7.08744508727071	7.68087103054301	2.37792937330768	12.3524797259043	4.82340318411018	6.18498392297786
2020-10-18	7.6146019950321	4.3555351817518	7.33306120551287	7.83007062114855	2.61566749297307	12.5738675767757	4.79440218194146	6.25069284382032
2020-10-19	7.74533896985758	4.41997869855206	7.58380347731038	7.98547021426388	2.86768039137122	12.7988364165939	4.77545638742098	6.32959412116582
2020-10-20	7.87979817745575	4.4885392883299	7.83983053188097	8.14649818163119	3.1342948209803	13.027580938553	4.76749275609431	6.42197377539341
2020-10-21	8.01802279146524	4.56159284687012	8.10138977839234	8.31252551905886	3.4158642141734	13.2604727210247	4.77131748030913	6.52793226340242
2020-10-22	8.16005598552467	4.63951526995756	8.36872862601225	8.48292322235533	3.71274200332365	13.4978833423812	4.78773675241316	6.64757004209217
2020-10-23	8.30594093327266	4.72268245337702	8.64209448390838	8.65706228732902	4.02528162080412	13.7401843809942	4.81755676475409	6.78098756836199
2020-10-24	8.45572080834783	4.81147029291334	8.92173476124849	8.83431370978834	4.35383649898794	13.9877474152358	4.86158370967964	6.92828529911123
2020-10-25	8.60943878438879	4.90625468435132	9.20789686720026	9.01404848554171	4.6987600702482	14.2409440234778	4.9206237795375	7.0895636912392
2020-10-26	8.76713803503419	5.00741152347579	9.50082821093144	9.19563761039756	5.06040576695802	14.5001457840923	4.99548316667538	7.26492320164524
2020-10-27	8.92886173392263	5.11531670607157	9.80077620160973	9.37845208016428	5.43912702149048	14.7657242754512	5.08696806344097	7.45446428722867
2020-10-28	9.09465305469273	5.23034612792348	10.1079882484029	9.56186289065031	5.8352772662187	15.0380510759263	5.19588466218199	7.65828740488882
2020-10-29	9.26455517098312	5.35287568481635	10.4227117604786	9.74524103766408	6.2492099335158	15.3174977638898	5.32303915524614	7.87649301152505
2020-10-30	9.43861125643241	5.48328127253497	10.7451941470046	9.92795751701398	6.68127845575485	15.6044359177134	5.46923773498111	8.10918156403665
2020-10-31	9.61686448467923	5.6219387868642	11.0756828171486	10.1093833245084	7.13183626530898	15.8992371157692	5.63528659373463	8.35645351932298
2020-11-01	9.7993580293622	5.76922412358882	11.4144251800783	10.2888894559559	7.60123679455128	16.202272936429	5.82199192385437	8.61840933428334
2020-11-02	9.98610120786748	5.92539505741139	11.7615119599498	10.4659511828347	8.08968635784736	16.5138534492984	6.03012871941467	8.89512314842211
2020-11-03	10.1769679125713	6.09023687870525	12.1164071408724	10.6404608793028	8.59680279753276	16.834042688917	6.2603471813963	9.18656383166371
2020-11-04	10.3717981795976	6.26341675676148	12.4784180219438	10.8124151951884	9.12205683793555	17.162843181058	6.51326631250668	9.4926739365376
2020-11-05	10.57043204507	6.44460186087113	12.8468519022617	10.9818107803194	9.66491920338376	17.5002574514945	6.78950511545318	9.81339601557323
2020-11-06	10.7727095451125	6.63345936032528	13.2210160809238	11.1486442845239	10.2248606182055	17.8462880259998	7.08968259294321	10.1486726213
2020-11-07	10.9784707158487	6.829656424415	13.6002178570277	11.3129123576298	10.8013518067287	18.2009374303469	7.41441774768417	10.4984463062475
2020-11-08	11.1875555934026	7.03286022243134	13.983764529671	11.4746116494651	11.3938634932815	18.564208190309	7.76432958238346	10.8626596229451
2020-11-09	11.399804213898	7.24273792366539	14.3709633979516	11.6337388098578	12.001866402192	18.9361028316595	8.14003709974848	11.2412551239222
2020-11-10	11.6150566134586	7.45895669740819	14.761121760967	11.7902904886361	12.6248312577882	19.3166238801713	8.54215930248661	11.6341753617083
2020-11-11	11.8331528282082	7.68118371295083	15.153546917815	11.9442633356277	13.2622287843981	19.7057738616177	8.97131519330527	12.0413628888329
2020-11-12	12.0539328942708	7.90908613958436	15.5475461675932	12.0956540006609	13.9135297063498	20.1035553017718	9.42812377491184	12.4627602578254
2020-11-13	12.27723684777	8.14233114659987	15.9424268093992	12.2444591335635	14.5782047479714	20.5099707264069	9.91320405001374	12.8983100212153
2020-11-14	12.5029047248296	8.3805859032884	16.3374961423309	12.3906753841636	15.2557246335908	20.9250226612961	10.4271750213183	13.347954731532
2020-11-15	12.7307765615736	8.62351757894102	16.7320614654857	12.5342994022892	15.9455600875362	21.3487136322125	10.970655691533	13.811636941305
2020-11-16	12.9606763278003	8.87070655428856	17.1253578978072	12.6754258478063	16.6470212549393	21.7809120922734	11.5442694483373	14.2892554241791
2020-11-17	13.1923637280066	9.12138605582071	17.5163318376216	12.8145414207327	17.3587759641468	22.2209502039715	12.1486572192986	14.7805338382604
2020-11-18	13.4255824003638	9.37470252146697	17.9038575031008	12.9522308311244	18.079331464309	22.6680260571437	12.7844643169567	15.2851520627705
2020-11-19	13.6600759830435	9.62980238915678	18.2868091124169	13.0890787890373	18.8071950045764	23.1213377416269	13.4523360538509	15.8027899769309
2020-11-20	13.8955881142171	9.88583209681962	18.6640608837418	13.2256700045271	19.5408738340992	23.5800833472578	14.1529177425211	16.3331274599632
2020-11-21	14.1318624320559	10.1419380823849	19.0344870352474	13.3625891876498	20.2788752020279	24.0434609638733	14.8868546955066	16.8758443910887
2020-11-22	14.3686425747316	10.3972667837822	19.3969617851058	13.5004210484613	21.0197063575128	24.5106686813102	15.6547922253471	17.4306206495292
2020-11-23	14.6057904983147	10.6511358728583	19.7506827419227	13.63987051864	21.7617072990969	24.9810798884787	16.4570901692824	17.997058174981
2020-11-24	14.8436414304728	10.9035479571294	20.0961410760389	13.782123416355	22.5025490228945	25.4547691705823	17.2929664633529	18.5744471490406
2020-11-25	15.082648916773	11.1546768780292	20.434151348229	13.928485781398	23.239735274412	25.9319864118978	18.1613535682994	19.1619998137796
2020-11-26	15.3232665027821	11.4046964769914	20.7655281192676	14.0802636535605	23.9707697991563	26.412981496702	19.0611839448623	19.7589284112693
2020-11-27	15.5659477340669	11.6537805954495	21.0910859499294	14.2387630726344	24.6931563426341	26.8980043092718	19.9913900537825	20.3644451835813
2020-11-28	15.8111461561944	11.9021030748372	21.4116394009889	14.4052900784111	25.4043986503521	27.3873047338839	20.9509043558006	20.9777623727869
2020-11-29	16.0593153147315	12.1498377565882	21.7280030332207	14.5811507106825	26.1020004678171	27.8811326548153	21.9386593116572	21.5980922209578
2020-11-30	16.310908755245	12.3971584821361	22.0409914073994	14.76765100924	26.7834655405357	28.3797379563426	22.953587382093	22.2246469701652
2020-12-01	16.5663800233019	12.6442390929145	22.3514190842997	14.9660970138755	27.4462976140147	28.8833705227428	23.9946210278486	22.8566388624807
2020-12-02	16.826182664469	12.891253430357	22.6601006246961	15.1777947643806	28.0880004337608	29.3922802382927	25.0606927096647	23.4932801399757
2020-12-03	17.0907702243132	13.1383753358973	22.9678505893633	15.4040503005468	28.7060777452807	29.906716987269	26.150734888282	24.1337830447217
2020-12-04	17.3605962484015	13.3857786509691	23.2754835390758	15.646169662166	29.2980332940813	30.4269306539487	27.2636800244411	24.7773598187902
2020-12-05	17.6361142823007	13.633637217006	23.5838140346082	15.9054588890296	29.8613708256691	30.9531711226085	28.3984605788827	25.4232227042526
2020-12-06	17.9177778715778	13.8821248754415	23.8936566367352	16.1832240209295	30.3935940855509	31.4856882775253	29.5540090123475	26.0705839431804
2020-12-07	18.2059712768825	14.131567787489	24.205746222685	16.4805961896453	30.892185575213	32.0249590998839	30.7292103594488	26.7186049267425
2020-12-08	18.5008016191964	14.3829013934802	24.520498935501	16.798006894909	31.3545428200594	32.5723689585013	31.9227599502921	27.3662436424981
2020-12-09	18.8023067345843	14.6372134535262	24.8382512346798	17.1357127284407	31.7780421014738	33.1295303191026	33.1333056888551	28.0124072271036
2020-12-10	19.1105244591105	14.8955917277383	25.1593395797186	17.4939702819605	32.1600597008399	33.6980556474127	34.3594954791159	28.6560028172156
2020-12-11	19.4254926288397	15.1591239762278	25.4841004301142	17.8730361471884	32.4979718995412	34.2795574091568	35.5999772250526	29.2959375494907
2020-12-12	19.7472490798365	15.428897959106	25.8128702453634	18.2731669158446	32.7891549789614	34.8756480700599	36.8533988306431	29.9311185605855
2020-12-13	20.0758316481654	15.7060014364841	26.1459854849634	18.6946191796492	33.0309852204841	35.4879400958469	38.1184081998654	30.5604529871564
2020-12-14	20.411021293244	15.9910509382704	26.4833343406532	19.1371367188372	33.2214969391345	36.1174566545362	39.3934705883773	31.182872594307
2020-12-15	20.7515714679012	16.2827780735612	26.8230119331419	19.598412067704	33.3613565845046	36.762863723319	40.6763206585561	31.7974076609281
2020-12-16	21.0959787483193	16.5794432212499	27.1626651153806	20.0756249490602	33.4518886398277	37.4222379816798	41.9645104244588	32.4031130943573
2020-12-17	21.4427397106803	16.8793067602297	27.4999407403207	20.5659550857162	33.4944175883374	38.0936561091028	43.2555919001422	32.9990438019325
2020-12-18	21.7903509311663	17.180629069394	27.8324856609134	21.0665822004824	33.4902679132671	38.7751947850727	44.5471170996633	33.5842546909912
2020-12-19	22.1373089859592	17.4816705276361	28.1579467301099	21.5746860161693	33.4407640978502	39.4649306890739	45.8366380370791	34.1578006688713
2020-12-20	22.4821104512412	17.7806915138494	28.4739708008615	22.0874462555875	33.3472306253203	40.1609405005908	47.1217067264467	34.7187366429104
2020-12-21	22.8232519031944	18.0759524069271	28.7782047261195	22.6020426415472	33.2109919789108	40.8613008991078	48.3998751818229	35.2661175204462
2020-12-22	23.1592299180008	18.3657135857626	29.0682953588351	23.1156548968591	33.0333726418552	41.5640885641094	49.6686954172648	35.7989982088165
2020-12-23	23.4885410718424	18.6482354292493	29.3418895519595	23.6254627443335	32.815697097387	42.2673801750801	50.9257194468292	36.316433615359
2020-12-24	23.8096819409013	18.9217783162804	29.5966341584442	24.128645906781	32.5592898287395	42.9692524115043	52.1684992845733	36.8174786474112
2020-12-25	24.1211491013597	19.1846026257494	29.8301760312402	24.6223841070119	32.2654753191464	43.6677819528665	53.394586944554	37.3011882123112
2020-12-26	24.4214391293995	19.4349687365494	30.040162023299	25.1038570678368	31.935578051841	44.3610454786511	54.6015344408282	37.7666172173964
2020-12-27	24.7090486012028	19.6711370275739	30.2242389875716	25.5702445120661	31.5709225100568	45.0471196683425	55.7868937874528	38.2128205700045
2020-12-28	24.9825551071896	19.8915819563269	30.3803583696014	26.0188009976954	31.1729206816909	45.72376069244	56.9479987675229	38.6392020121445
2020-12-29	25.2408602947314	20.0956342947556	30.5076899852991	26.4470804234607	30.743334573295	46.3874426855024	58.0813102402848	39.0465606245098
2020-12-30	25.4829468254377	20.2828388934177	30.6057082431678	26.8527115232831	30.2840136960843	47.0343192731031	59.1830708340225	39.4360443224646
2020-12-31	25.7077973609179	20.4527406028713	30.67388755171	27.2333230310837	29.796807561274	47.6605440808156	60.2495231770203	39.8088010213736
2021-01-01	25.9143945627815	20.6048842736742	30.7117023194288	27.5865436807835	29.2835656800795	48.2622707342135	61.2769098975626	40.1659786366012
2021-01-02	26.1017210926379	20.7388147563843	30.7186269548269	27.9100022063039	28.7461375637159	48.8356528588704	62.2614736239335	40.5087250835119
2021-01-03	26.2687596120966	20.8540769015594	30.6941358664071	28.2013273415657	28.1863727233984	49.3768440803596	63.1994569844173	40.8381882774702
2021-01-04	26.4147516364812	20.9503914344274	30.6379398964894	28.4587277028782	27.6062724207995	49.8825607354891	64.0874244111336	41.1551687336948
2021-01-05	26.5399740959722	21.0281825788962	30.5506956226616	28.6827314361023	27.0084449194194	50.3517700060043	64.9232275515447	41.4590773668221
2021-01-06	26.6449627744643	21.0880504335437	30.433296056329	28.8744465694873	26.3956502332154	50.784001784885	65.7050398569481	41.7489776913426
2021-01-07	26.7302534558521	21.1305950969477	30.2866342088964	29.0349811312821	25.7706483761448	51.1787859651109	66.4310347786418	42.0239332217469
2021-01-08	26.7963819240303	21.1564166676861	30.111603091769	29.1654431497358	25.1361993621652	51.5356524396618	67.0993857679232	42.2830074725256
2021-01-09	26.8438839628935	21.1661152443368	29.9090957163518	29.2669406530975	24.4950632052336	51.8541311015176	67.70826627609	42.5252639581693
2021-01-10	26.8732953563366	21.1602909254777	29.6800050940499	29.3405816696163	23.8499999193077	52.1337518436579	68.2558497544399	42.7497661931686
2021-01-11	26.8851518882541	21.1395438096865	29.4252242362684	29.3874742275412	23.2037695183445	52.3740445590625	68.7403096542707	42.9555776920141
2021-01-12	26.8799893425406	21.1044739955413	29.1456461544121	29.4087263551214	22.5591320163015	52.5745391407113	69.15981942688	43.1417619691963
2021-01-13	26.858343503091	21.0556815816197	28.8421638598863	29.4054460806058	21.9188474271361	52.7347654815839	69.5125525235655	43.3073825392059
2021-01-14	26.8207501537998	20.9937666664998	28.515670364096	29.3787414322435	21.2856757648056	52.8542534746601	69.7966823956249	43.4515029165334
2021-01-15	26.7677450785617	20.9193293487594	28.1670586784462	29.3297204382837	20.6623770432674	52.9325330129198	70.0103824943558	43.5731866156695
2021-01-16	26.6998640612714	20.8329697269764	27.797221814342	29.2594911269754	20.0517112764786	52.9691339893427	70.1518262710559	43.6714971511047
2021-01-17	26.6176428858235	20.7352878997286	27.4070527831883	29.1691615265676	19.4564384783968	52.9635862969086	70.2191871770229	43.7454980373296
2021-01-18	26.521584595868	20.6268909177837	26.9975828129114	29.0598700031832	18.8788251804365	52.9158176606366	70.2112675015942	43.7942102992685
2021-01-19	26.4120612740751	20.5084136406688	26.5703959975212	28.9328762744398	18.319163983841	52.8273471337038	70.1293848862657	43.8164850035809
2021-01-20	26.2894122628706	20.3804978801009	26.1272146475488	28.7894703958287	17.7772540073111	52.7000916013263	69.9754858105732	43.8111307273599
2021-01-21	26.15397690468	20.2437854477968	25.6697610735252	28.6309424228413	17.2528943695472	52.5359679487206	69.7515167540522	43.7769560476985
2021-01-22	26.0060945419289	20.0989181554734	25.1997575859817	28.4585824109689	16.7458841892501	52.336893061103	69.4594241962384	43.7127695416899
2021-01-23	25.8461045170429	19.9465378148478	24.7189264954491	28.2736804157029	16.2560225851203	52.1047838236899	69.1011546166675	43.6173797864272
2021-01-24	25.6743461724475	19.7872862376367	24.2289901124587	28.0775264925345	15.7831086758585	51.8415571216975	68.6786544948751	43.4895953590035
2021-01-25	25.4911588505684	19.6218052355571	23.7316707475413	27.8714106969552	15.3269415801653	51.5491298403422	68.193870310397	43.328224836512
2021-01-26	25.2968818938311	19.4507366203259	23.2286907112283	27.6566230844563	14.8873204167413	51.2294188648404	67.6487485427686	43.1320767960458
2021-01-27	25.0918546446613	19.27472220366	22.7217723140505	27.4344537105292	14.4640443042871	50.8843410804084	67.0452356715258	42.899959814698
2021-01-28	24.8764164454845	19.0944037972764	22.2126378665391	27.2061926306651	14.0569123615033	50.5158133722626	66.3852781762041	42.6306824695617
2021-01-29	24.6509066387263	18.910423212892	21.7030096792251	26.9731299003554	13.6657237070906	50.1257526256192	65.6708225363392	42.3230533377301
2021-01-30	24.4156645668123	18.7234222622236	21.1946100626396	26.7365555750915	13.2902774597496	49.7160757256946	64.9038152314669	41.9758809962962
2021-01-31	24.1710295721681	18.5340427569882	20.6891613273137	26.4977597103647	12.9303727381809	49.2886995577051	64.0862027411226	41.5879740223532
2021-02-01	23.9171905903647	18.3427417805056	20.1879748114136	26.2577841602249	12.5854484675012	48.8451580644574	63.2200454585628	41.1588586072328
2021-02-02	23.6537349295544	18.1492375025073	19.690717963646	26.0166779729561	12.2535027984918	48.3854534191184	62.307859431926	40.6909313992204
2021-02-03	23.3800994910351	17.9530633643278	19.1966472603526	25.7742419954008	11.9321736883499	47.9092048524456	61.3522746230714	40.1873066608403
2021-02-04	23.0957211761045	17.7537528073016	18.7050191778755	25.5302770744014	11.6190990942729	47.4160315951962	60.3559209938586	39.6510986546167
2021-02-05	22.8000368860605	17.5508392727629	18.2150901925563	25.2845840568005	11.3119169734581	46.9055528781276	59.3214285061466	39.0854216430735
2021-02-06	22.4924835222008	17.3438562020464	17.726116780737	25.0369637894405	11.0082652831029	46.3773879319971	58.2514271217947	38.493389888735
2021-02-07	22.1724979858232	17.1323370364864	17.2373554187594	24.7872171191641	10.7057819804045	45.831155987562	57.1485468026622	37.8781176541253
2021-02-08	21.8397665716327	16.9158825691802	16.7483213885468	24.535158460721	10.4026380838494	45.2668335279969	56.0155091545735	37.2425920327876
2021-02-09	21.4949731479622	16.6943630002764	16.2595651943489	24.2806565004904	10.0991368570811	44.6858260461445	54.8554023592131	36.589291442342
2021-02-10	21.1390509765521	16.4677158816866	15.7718961459969	24.0235934927589	9.79611462503197	44.0898962872649	53.6714062422309	35.9205671314275
2021-02-11	20.7729333191425	16.2358787653222	15.2861235533219	23.7638516918129	9.49440771263456	43.4808069966181	52.4667006292764	35.2387703486834
2021-02-12	20.3975534374737	15.9987892030946	14.8030567261552	23.5013133519389	9.19485244482135	42.8603209194642	51.2444653459994	34.5462523427486
2021-02-13	20.0138445932858	15.7563847469155	14.3235049743279	23.2358607274235	8.89828514652489	42.2302008010633	50.0078802180497	33.8453643622623
2021-02-14	19.6227400483191	15.5086029486962	13.8482776076713	22.9673760725531	8.60554214267769	41.5922093866753	48.7601250710769	33.1384576558638
2021-02-15	19.2251730643138	15.2553813603483	13.3781839360164	22.6957416416144	8.31745975821225	40.9481094215602	47.5043797307307	32.427883472192
2021-02-16	18.82207690301	14.9966575337832	12.9140332691944	22.4208396888937	8.03487431806106	40.2996636509781	46.2438240226608	31.7159930598861
2021-02-17	18.4143848261481	14.7323690209125	12.4566349170367	22.1425524686777	7.75862214715668	39.6486348201891	44.981637772517	31.0051376675852
2021-02-18	18.0030300954681	14.4624533736475	12.0067981893743	21.8607622352528	7.4895395704316	38.9967856744532	43.7210008059489	30.2976685439286
2021-02-19	17.5889459727104	14.1868481438998	11.5653323960384	21.5753512429056	7.22846291281833	38.3458789590303	42.4650929486063	29.5959369375552
2021-02-20	17.173065719615	13.9054908835809	11.1330468468603	21.2862017459224	6.97622849924938	37.6976774191806	41.2170940261389	28.9022940971042
2021-02-21	16.7563225979223	13.6183191446022	10.710750851671	20.99319599859	6.73367265465725	37.0539438001639	39.9801838641962	28.2190912712147
2021-02-22	16.3396641155107	13.3254534001605	10.2992224025725	20.6963151419946	6.50164295199608	36.4159821810284	38.757252982563	27.5482993391862
2021-02-23	15.9240947648124	13.0277458085929	9.89911422075003	20.395935864422	6.28103195630636	35.783261975973	37.5500346775622	26.8903677029592
2021-02-24	15.5106332843974	12.7262314495221	9.51104770965927	20.0925337409581	6.07274348065018	35.1547939329849	36.3599729396521	26.2453653951344
2021-02-25	15.1002984128362	12.4219454025703	9.13564427275606	19.7865843466883	5.87768133808965	34.5295888000511	35.1885117592904	25.6133614483127
2021-02-26	14.6941088886991	12.1159227473601	8.7735253134963	19.4785632566985	5.69674934168689	33.9066573251586	34.0370951269353	24.9944248950949
2021-02-27	14.2930834505564	11.8091985635139	8.42531223533578	19.1689460460742	5.53085130450398	33.2850102562945	32.9071670330447	24.3886247680818
2021-02-28	13.8982408369784	11.5028079306543	8.09162644173034	18.8582082899013	5.38089103960304	32.6636583414459	31.8001714680766	23.7960300998741
2021-03-01	13.5105082526522	11.1977098016074	7.7729291737335	18.5468058199681	5.24763473605902	32.0418149644316	30.7174209048674	23.2168118125005
2021-03-02	13.130446766732	10.8945586220145	7.46904102278943	18.2351154948738	5.13129808699835	31.419504052399	29.6597017457676	22.6515483857006
2021-03-03	12.758525914489	10.5939327107209	7.17962241794006	17.9234944299203	5.03195916156036	30.7969521683271	28.627668875506	22.1009201886418
2021-03-04	12.3952152311941	10.2964103865714	6.90433378822726	17.6122997404095	4.94969602888432	30.1743858751953	27.6219771788115	21.5656075904914
2021-03-05	12.0409842521185	10.0025699684113	6.64283556269289	17.3018885416434	4.88458675810955	29.5520317359826	26.643281540413	21.0462909604169
2021-03-06	11.6963025125331	9.7129897750857	6.39478817037882	16.9926179489239	4.83670941837533	28.9301163136682	25.6922368450392	20.5436506675857
2021-03-07	11.3616395477091	9.42824812543963	6.15985204032698	16.6848450775528	4.80614207882098	28.3088661712314	24.7694979774192	20.0583670811651
2021-03-08	11.0374648929174	9.1489233383182	5.93768760157921	16.3789270428322	4.79296280858579	27.6885078716513	23.8757198222817	19.5911205703227
2021-03-09	10.7242480834292	8.87559373256652	5.7279552831774	16.0752209600639	4.79724967680906	27.0692679779071	23.0115572643557	19.1425915042257
2021-03-10	10.4224586545155	8.60883762702968	5.53031551416344	15.7740839445499	4.81908075263009	26.4513730529779	22.1776651883699	18.7134602520415
2021-03-11	10.1325661414473	8.34923334055276	5.34442872357919	15.475873111592	4.85853410518819	25.8350496598429	21.3746984790532	18.3044071829376
2021-03-12	9.85504007949573	8.0973591919809	5.16995534046655	15.1809455764922	4.91568780362264	25.2205243614814	20.6033120211347	17.9161126660814
2021-03-13	9.59035000393179	7.85379350015917	5.0065557938674	14.8896584545524	4.99061991707276	24.6080237208725	19.864160699343	17.5492570706402
2021-03-14	9.33896545002655	7.61911458393267	4.85389051282361	14.6023688610746	5.08340851467783	23.9977743009953	19.157899398407	17.2045207657815
2021-03-15	9.10125872250537	7.3938372687271	4.71160761647702	14.3195762480427	5.19395642209509	23.390028511935	18.4849079215792	16.8822621009463
2021-03-16	8.87721320391102	7.17822240629062	4.57930598436932	14.0423494141694	5.32146549105342	22.7851421522003	17.844465746206	16.5815513466706
2021-03-17	8.66671504624054	6.97246735495194	4.45657218614216	13.7718994948497	5.46496232979962	22.1834968674057	17.2355772681575	16.3011367537637
2021-03-18	8.46965040149098	6.77676947303983	4.34299279143718	13.5094376254781	5.62347354658053	21.5854743031659	16.6572468833036	16.0397665730354
2021-03-19	8.28590542165939	6.59132611888301	4.23815436989601	13.2561749414497	5.79602574964293	20.9914561050954	16.1084789875143	15.7961890552951
2021-03-20	8.11536625874283	6.41633465081021	4.14164349116031	13.0133225781591	5.98164554723366	20.4018239188088	15.5882779766596	15.5691524513523
2021-03-21	7.95791906473836	6.2519924271502	4.05304672487172	12.7820916710011	6.17935954759951	19.8169593899207	15.0956482466097	15.3574050120167
2021-03-22	7.81340198832048	6.0984132121072	3.97200324702065	12.5634405602413	6.38821018535892	19.2372972722962	14.6295411907802	15.1596985069798
2021-03-23	7.68146116487339	5.95537639338733	3.89836265899257	12.3573164056278	6.60730320061683	18.6634847528029	14.1886961927711	14.9747987814609
2021-03-24	7.56169472645872	5.82257776457222	3.83202716852175	12.1634135717793	6.83576015984984	18.0962221265586	13.7717996337278	14.8014751995615
2021-03-25	7.45370080513813	5.69971311924351	3.77289898334243	11.9814264233146	7.07270262953448	17.5362096886815	13.377537894796	14.638497125383
2021-03-26	7.35707753297326	5.58647825098281	3.72088031118885	11.8110493248525	7.31725217614734	16.9841477342894	13.0045973571213	14.4846339230267
2021-03-27	7.27142304202575	5.48256895337174	3.67587335979526	11.6519766410118	7.56853036616498	16.4407365585005	12.6516644018493	14.3386549565941
2021-03-28	7.19633546435724	5.38768101999192	3.63778033689592	11.5039027364112	7.82565876606398	15.9066764564326	12.3174254101256	14.1993295901866
2021-03-29	7.13141293202937	5.30151024442497	3.60650345022507	11.3665219756695	8.08775894232093	15.3826677232038	12.0005667630958	14.0654271879056
2021-03-30	7.07625357710379	5.22375242025253	3.58194490751695	11.2395287234055	8.35395246141235	14.8694106539322	11.6997748419056	13.9357171138525
2021-03-31	7.03045553164214	5.15410334105621	3.56400691650582	11.122617344238	8.62336088981485	14.3676055437357	11.4137360277005	13.8089687321287
2021-04-01	6.99361692770606	5.09225880041763	3.55259168492593	11.0154822027858	8.89510579400498	13.8779526877322	11.1411367016262	13.6839514068356
2021-04-02	6.9653358973572	5.03791459191841	3.54760142051152	10.9178176636676	9.16830874045934	13.4011523810399	10.8806632448283	13.5594345020745
2021-04-03	6.94521057265719	4.99076650914019	3.54893833099684	10.8293180915022	9.44209129565445	12.9379049187766	10.6310020384524	13.4341873819469
2021-04-04	6.93283908566768	4.95051034566457	3.55650462411613	10.7496778509084	9.71557502606692	12.4889105960605	10.3908394636441	13.3069794105543
2021-04-05	6.92780152292365	4.91686246824079	3.57012713205804	10.6785579528186	9.98802634166237	12.0548262252786	10.1588898331771	13.1768097921527
2021-04-06	6.92960578885338	4.88962153628845	3.5893311848287	10.6154859934197	10.2592910263628	11.6361346878945	9.93397918633796	13.0435970916173
2021-04-07	6.93774174235853	4.86860678239479	3.61356673688864	10.5599562152121	10.5293597075791	11.2332753826406	9.71496149404118	12.907489713978
2021-04-08	6.95169924234071	4.853637439147	3.64228374269839	10.5114628606963	10.7982230127225	10.8466877082497	9.50069072720137	12.7686360642648
2021-04-09	6.97096814770156	4.84453273913232	3.67493215671849	10.4695001723728	11.0658715692038	10.4768110634545	9.2900208567331	12.6271845475075
2021-04-10	6.99503831734272	4.84111191493796	3.71096193340945	10.4335623927421	11.3322960044342	10.1240848469874	9.08180585355096	12.4832835687361
2021-04-11	7.02339961016581	4.84319419915113	3.7498230272318	10.4031437643047	11.5974869458246	9.7889484575811	8.87489968856951	12.3370815329804
2021-04-12	7.05554880250851	4.85059109374531	3.79101070838452	10.3776460062499	11.8612643979804	9.47166641697772	8.66839689839036	12.1887945792798
2021-04-13	7.09101034045262	4.86308317823892	3.83420151002031	10.3561007445229	12.1227658742842	9.17180373895708	8.46235428236309	12.0389097827109
2021-04-14	7.12931558751597	4.88044330153668	3.87911728103034	10.3374470817574	12.380958265313	8.88875056030845	8.25706920552427	11.8879819523598
2021-04-15	7.16999590721642	4.90244431254328	3.92547987030575	10.3206241205874	12.6348084616437	8.62189701782111	8.05283903291047	11.7365658973124
2021-04-16	7.21258266307179	4.92885906016341	3.9730111267377	10.3045709636469	12.8832833538531	8.37063324828438	7.84996112955832	11.5852164266548
2021-04-17	7.25660721859994	4.95946039330176	4.02143289921735	10.2882267135698	13.1253498325184	8.13434938848754	7.64873286050437	11.434488349473
2021-04-18	7.3016009373187	4.99402116086303	4.07046703663585	10.2705304729899	13.3599747882163	7.91243557521987	7.4494515907852	11.284936474853
2021-04-19	7.34709518274591	5.03231421175191	4.11983538788436	10.2504213445412	13.5861251115239	7.70428194527067	7.25241468543741	11.137115611881
2021-04-20	7.39262131839941	5.07411239487311	4.16925980185402	10.2268384308577	13.8027676930181	7.5092786354292	7.05791950949756	10.9915805696428
2021-04-21	7.43771070779705	5.11918855913131	4.218462127436	10.1987208345732	14.0088694232758	7.32681578248479	6.86626342800227	10.8488861572245
2021-04-22	7.48189471445666	5.1673155534312	4.26716421352144	10.1650076583217	14.2033971928739	7.1562835232267	6.67774380598809	10.7095871837122
2021-04-23	7.52470470189609	5.21826622667748	4.31508790900151	10.124638004737	14.3853178923895	6.99707199444424	6.49265800849162	10.5742384581918
2021-04-24	7.56567203363317	5.27181342777486	4.36195506276736	10.0765509764532	14.5535984123994	6.84857133292668	6.31130340054943	10.4433947897494
2021-04-25	7.60432807318575	5.32773000562801	4.40748752371014	10.0196856761041	14.7072056434806	6.71017167546332	6.13397734719813	10.3176109874711
2021-04-26	7.64024619724356	5.38579698311038	4.4514388846211	9.95301790460185	14.8452150647867	6.58125341465987	5.96090463459452	10.1972517608539
2021-04-27	7.67316783518391	5.44582807897041	4.49368971389191	9.87567025597151	14.9671365097787	6.46115796638767	5.79201973337641	10.0819214210399
2021-04-28	7.70287642955603	5.50764518592525	4.53415232381433	9.7868020225163	15.0725884004941	6.34921700233448	5.62718453530184	9.97103417958193
2021-04-29	7.72915542290912	5.57107019669209	4.57273902668011	9.68557249653945	15.1611891589705	6.24476219418807	5.46626093212883	9.86400424803311
2021-04-30	7.75178825779238	5.6359250039881	4.60936213478102	9.57114097034423	15.2325572072454	6.14712521363622	5.30911081561546	9.76024583794647
2021-05-01	7.77055837675504	5.70203150053044	4.64393396040881	9.44266673623384	15.2863109673565	6.05563773236667	5.15559607751973	9.65917316087503
2021-05-02	7.7852492223463	5.76921157903631	4.67636681585525	9.29930908651155	15.3220688613414	5.9696314220672	5.00557860959971	9.56020042837182
2021-05-03	7.79564423711538	5.83728713222286	4.7065730134121	9.14022731348057	15.3394493112376	5.88843795442556	4.85892030361341	9.46274185198986
2021-05-04	7.80152686361149	5.90608005280728	4.7344648653711	8.96458070944417	15.3380707390828	5.81138900112954	4.7154830513189	9.36621164328221
2021-05-05	7.80268054438383	5.97541223350673	4.75995468402403	8.77152856670559	15.3175515669144	5.73781623386689	4.5751287444742	9.27002401380189
2021-05-06	7.79888872198162	6.04510556703838	4.78295478166264	8.56023017756805	15.2775102167702	5.66705132432537	4.43771927483736	9.17359317510191
2021-05-07	7.78993483895407	6.11498194611942	4.8033774705787	8.32984483433479	15.2175651106877	5.59842594419275	4.30311653416642	9.07633333873533
2021-05-08	7.77560233785039	6.18486326346702	4.82113506306396	8.07953182930904	15.1373346707044	5.53127176515679	4.17118241421941	8.97765871625516
2021-05-09	7.7556746612198	6.25457141179834	4.83613987141018	7.80845045479408	15.0364373188581	5.46492045890526	4.04177880675438	8.87698351921444
2021-05-10	7.72993558447315	6.32388724791261	4.84830813586442	7.51579608712513	14.9147210419208	5.3987956888318	3.91479576571359	8.77374222414603
2021-05-11	7.69817021446796	6.39242748493724	4.85757180849489	7.20090843876545	14.7729520856033	5.33268908515348	3.79023599377615	8.66745036750206
2021-05-12	7.66016399092338	6.45976780008171	4.8638667693251	6.86316330621029	14.6121262603509	5.26648426979325	3.66813035580538	8.5576437507145
2021-05-13	7.61570235355856	6.52548387055545	4.86712889837856	6.50193648595496	14.4332393766089	5.20006486467407	3.54850971666464	8.44385817521531
2021-05-14	7.56457074209268	6.58915137356795	4.86729407567877	6.1166037744947	14.2372872448227	5.1333144917189	3.43140494121724	8.32562944243646
2021-05-15	7.50655459624488	6.65034598632866	4.86429818124926	5.70654096832479	14.0252656754375	5.06611677285068	3.31684689432653	8.20249335380991
2021-05-16	7.44143935573433	6.70864338604704	4.85807709511352	5.27112386394048	13.7981704788987	4.99835532999236	3.20486644085583	8.07398571076762
2021-05-17	7.36912992625078	6.7636675135449	4.84868629598608	4.81023850308536	13.5570136831776	4.92992161390688	3.09548849931815	7.93977384830202
2021-05-18	7.29000907736644	6.81523536409336	4.83665965734556	4.32581190849649	13.3028721863491	4.86073839071713	2.98871420282524	7.8000512356474
2021-05-19	7.20457904462409	6.86321219657592	4.82265065136159	3.82028134815916	13.0368391040142	4.79073625538596	2.88453873813852	7.6551428755985
2021-05-20	7.11334206356654	6.90746326987604	4.80731275020378	3.29608409005872	12.760007551774	4.71984580287623	2.7829572920194	7.50537377095008
2021-05-21	7.01680036973656	6.9478538428772	4.79129942604178	2.75565740218045	12.4734706452293	4.6479976281508	2.68396505122928	7.35106892449686
2021-05-22	6.91545619867696	6.98424917446289	4.77526415104522	2.20143855250978	12.1783214999813	4.57512232617255	2.58755720252961	7.19255333903362
2021-05-23	6.80981178593055	7.01651452351656	4.75986039738372	1.635864809032	11.8756532316308	4.50115049190434	2.4937289326818	7.03015201735508
2021-05-24	6.70036936704011	7.04451514892171	4.74574163722691	1.06137343973245	11.5665589557787	4.42601272030901	2.40247542844725	6.86418996225601
2021-05-25	6.58763117754844	7.06811630956182	4.73356134274442	0.480401712596455	11.2521317880262	4.34963960634945	2.3137918765874	6.69499217653114
2021-05-26	6.47209945299832	7.08718326432035	4.72397298610588	0	10.9334648439742	4.2719617449885	2.22767346386364	6.52288366297522
2021-05-27	6.35427642893258	7.10158127208077	4.71763003948092	0	10.6116512392236	4.19290973118905	2.14411537703742	6.34818942438301
2021-05-28	6.23466434089398	7.11117559172658	4.71518597503917	0	10.2877840893754	4.11241415991393	2.06311280287014	6.17123446354925
2021-05-29	6.11376542442534	7.11583148214125	4.71729426495027	0	9.96295651003065	4.03040562612603	1.98466092812321	5.99234378326868
2021-05-30	5.99208191506944	7.11541420220825	4.72460838138383	0	9.63826161679023	3.94681472478819	1.90875493955806	5.81184238633604
2021-05-31	5.87028264141425	7.10987868880533	4.73756822463951	0	9.31472531103346	3.86165118141782	1.83539097256081	5.63010647409157
2021-06-01	5.74970280422837	7.09953859078731	4.75575940753705	0	8.99310463725271	3.77524124375036	1.76456895701629	5.44771704205728
2021-06-02	5.63184419732555	7.08479723500328	4.77855397102619	0	8.67408942571864	3.68799029007581	1.69628977143408	5.26530628430067
2021-06-03	5.51820861451957	7.06605794830233	4.8053239560567	0	8.35836950670193	3.60030369868415	1.63055429432372	5.08350639488924
2021-06-04	5.41029784962417	7.04372405753355	4.83544140357833	0	8.04663471047321	3.51258684786535	1.56736340419476	4.90294956789048
2021-06-05	5.30961369645315	7.01819888954604	4.86827835454083	0	7.73957486730319	3.42524511590942	1.50671797955677	4.72426799737189
2021-06-06	5.21765794882024	6.98988577118888	4.90320684989396	0	7.43787980746254	3.33868388110633	1.44861889891928	4.54809387740097
2021-06-07	5.13558642374615	6.95906127899359	4.93962540325306	0	7.14218592158484	3.25327611852171	1.39306664831788	4.37500542840118
2021-06-08	5.06317103107923	6.92549498822138	4.97703841889581	0	6.85291584175543	3.16926519032377	1.34006014389224	4.20536497621989
2021-06-09	4.9998377038748	6.88882972381591	5.01497677376546	0	6.57043876042266	3.08686205545638	1.28959790930809	4.03948087306046
2021-06-10	4.94501237518816	6.84870831072081	5.05297134480527	0	6.29512387003478	3.00627767286337	1.24167846823113	3.87766147112621
2021-06-11	4.89812097807458	6.80477357387973	5.0905530089585	0	6.02734036304011	2.92772300148861	1.19630034432706	3.72021512262051
2021-06-12	4.85858944558938	6.75666833823631	5.1272526431684	0	5.76745743188692	2.85140900027595	1.1534620612616	3.56745017974668
2021-06-13	4.82584371078784	6.70403542873419	5.16260112437825	0	5.5158442690235	2.77754662816924	1.11316214270045	3.41967499470806
2021-06-14	4.79930970672528	6.64651767031703	5.19612932953129	0	5.27287006689818	2.70634684411234	1.07539911230933	3.27719791970801
2021-06-15	4.77841336645698	6.58375788792847	5.22736813557079	0	5.03890401795923	2.63802060704911	1.04017149375394	3.14032730694988
2021-06-16	4.76258062303824	6.51539890651214	5.25584841944	0	4.81431531465494	2.57277887592339	1.00747781069999	3.009371508637
2021-06-17	4.75123740952436	6.44108355101169	5.28110105808218	0	4.5994731494336	2.51083260967905	0.977316586813195	2.8846388769727
2021-06-18	4.74380965897064	6.36045464637077	5.30265692844059	0	4.39474671474353	2.45239276725994	0.949686345759259	2.76643776416035
2021-06-19	4.73972330443237	6.27315501753301	5.3200469074585	0	4.200505203033	2.39767030760991	0.924585611203892	2.65507652240328
2021-06-20	4.73840427896486	6.17882748944208	5.33280187207915	0	4.01711780675031	2.34687618967281	0.902012906812802	2.55086350390484
2021-06-21	4.7393518537349	6.07731005019421	5.34058711418127	0	3.84476857194641	2.30014040811835	0.882000961506621	2.45404165821519
2021-06-22	4.74235865235538	5.96922134049612	5.34360558538539	0	3.68290095908283	2.25726910051955	0.864719325225658	2.36459232427177
2021-06-23	4.74729063655067	5.85537516420715	5.34219465224753	0	3.53077328222378	2.2179874401753	0.850371753165151	2.28243143835885
2021-06-24	4.75401376804515	5.7365853251866	5.33669168132367	0	3.38764385543344	2.18202060038446	0.839162000520334	2.2074749367607
2021-06-25	4.76239400856321	5.61366562729381	5.32743403916982	0	3.25277099277602	2.14909375444593	0.831293822486438	2.13963875576158
2021-06-26	4.77229731982924	5.48742987438809	5.31475909234198	0	3.12541300831568	2.11893207565857	0.826970974258699	2.07883883164576
2021-06-27	4.7835896635676	5.35869187032879	5.29900420739615	0	3.00482821611665	2.09126073732126	0.826397211032351	2.02499110069751
2021-06-28	4.79622984892631	5.22823164288192	5.28053389573943	0	2.89037605972792	2.06587032721045	0.829762324227422	1.97796734993137
2021-06-29	4.81054807474786	5.09669411544034	5.25982124818324	0	2.78182050063768	2.04281309101287	0.83720025016312	1.93746276928305
2021-06-30	4.82696738729837	4.9646904353036	5.23736650039011	0	2.67902662981895	2.02220668889283	0.848830961383445	1.90312839941853
2021-07-01	4.84591083284395	4.83283174977125	5.21366988802258	0	2.58185953824474	2.00416878101464	0.864774430432401	1.8746152810038
2021-07-02	4.86780145765071	4.70172920614286	5.18923164674317	0	2.49018431688806	1.98881702754261	0.885150629853987	1.85157445470485
2021-07-03	4.89306230798477	4.57199395171797	5.1645520122144	0	2.40386605672191	1.97626908864103	0.910079532192206	1.83365696118767
2021-07-04	4.92211643011224	4.44423713379615	5.1401312200988	0.134965017063355	2.32276984871931	1.96664262447423	0.939681109991059	1.82051384111824
2021-07-05	4.95538687029924	4.31906989967693	5.1164695060589	0.465750886887522	2.24676078385327	1.9600552952065	0.974075335794551	1.81179613516256
2021-07-06	4.99329667481189	4.1971033966599	5.09406710575723	0.787272234964951	2.1757039530968	1.95662476100216	1.01338218214668	1.8071548839866
2021-07-07	5.03626888991629	4.07894877204459	5.07342425485631	1.09907035354566	2.1094644474229	1.9564686820255	1.05772162159145	1.80624112825636
2021-07-08	5.08472656187857	3.96521717313057	5.05504118901866	1.40068653487963	2.04790735780458	1.95970471844084	1.10721362667285	1.80870590863782
2021-07-09	5.13909273696483	3.85651974721738	5.03941814390682	1.69166207121689	1.99089777521486	1.96645053041249	1.16197816993491	1.81420026579697
2021-07-10	5.1997904614412	3.75346764160459	5.02705535518331	1.97153825480737	1.93830079062675	1.97682377810474	1.2221352239216	1.8223752403998
2021-07-11	5.26724278157378	3.65667200359175	5.01845305851066	2.23985637790109	1.88998149501325	1.99094212168192	1.28780476117695	1.8328818731123
2021-07-12	5.34195340973986	3.56678792217938	5.01409241197872	2.49645934628531	1.84577338819862	2.00884446490275	1.35909814815175	1.84544862637602
2021-07-13	5.42474872276139	3.48464625317191	5.01437826338666	2.74239651989633	1.80538360541213	2.0302546859037	1.43609232692407	1.86011364973485
2021-07-14	5.51653576357149	3.41112179407472	5.01969638296097	2.97901887220772	1.76848769073429	2.05481790641567	1.51885563347879	1.87699251450823
2021-07-15	5.61822157510325	3.34708934239321	5.03043254092815	3.20767737669303	1.73476118824561	2.08217924816954	1.60745640380077	1.89620079201562
2021-07-16	5.73071320028981	3.29342369563276	5.04697250751468	3.42972300682582	1.7038796420266	2.11198383289622	1.7019629738749	1.91785405357647
2021-07-17	5.85491768206426	3.25099965129876	5.06970205294706	3.64650673607968	1.67551859615778	2.14387678232661	1.80244367968603	1.94206787051023
2021-07-18	5.99174206335975	3.2206920068966	5.0990069474518	3.85937953792817	1.64935359471966	2.17750321819159	1.90896685721906	1.96895781413634
2021-07-19	6.14201554896194	3.20321817507279	5.13519401943464	4.06967488140713	1.625119375757	2.21255575129669	2.02158135354022	1.9986276477925
2021-07-20	6.30625599106691	3.19866602903828	5.17825433001844	4.2786562178016	1.60278745317157	2.24891694874601	2.14025806004127	2.03113390288926
2021-07-21	6.48490340372326	3.20696605714516	5.22809999850531	4.48756949395892	1.58238853482936	2.28651686671826	2.26494837919533	2.06652130285544
2021-07-22	6.67839780097966	3.22804874774549	5.28464314419737	4.69766065672641	1.56395332859641	2.32528556139218	2.39560371347555	2.10483457111984
2021-07-23	6.88717919688474	3.26184458919136	5.34779588639675	4.91017565295142	1.54751254233871	2.36515308894648	2.53217546535505	2.14611843111125
2021-07-24	7.11168760548711	3.30828406983484	5.41747034440555	5.12636042948125	1.53309688392228	2.40604950555987	2.67461503730696	2.19041760625849
2021-07-25	7.35236304083542	3.36729767802801	5.4935786375259	5.34746093316323	1.52073706121313	2.4479048674111	2.8228738318044	2.23777681999034
2021-07-26	7.6096455169783	3.43881590212293	5.5760328850599	5.57472311084471	1.51046378207727	2.49064923067887	2.97690325132052	2.28824079573562
2021-07-27	7.8839750479644	3.5227692304717	5.6647452063097	5.80939290937302	1.50230775438071	2.53421265154192	3.13665469832844	2.34185425692313
2021-07-28	8.17579164784233	3.61908815142637	5.75962772057738	6.05271627559546	1.49629968598947	2.57852518617896	3.30207957530129	2.39866192698166
2021-07-29	8.48553533066073	3.72770315333903	5.86059254716509	6.30593915635937	1.49247028476955	2.62351689076872	3.47312928471219	2.45870852934002
2021-07-30	8.81364611046824	3.84854472456175	5.96755180537492	6.5703074985121	1.49085025858697	2.66911782148992	3.64975522903429	2.522038787427
2021-07-31	9.1605640013135	3.98154335344662	6.080417614509	6.84706724890095	1.49147031530773	2.71525803452128	3.83190881074071	2.58869742467143
2021-08-01	9.52672901724516	4.12662952834571	6.19910209386946	7.13746435437328	1.49436116279786	2.76186758604154	4.01954143230459	2.65872916450208
2021-08-02	9.91239105815836	4.28361235784618	6.32350684860378	7.44244292718353	1.49954916543826	2.8089086002884	4.21255037641885	2.73210155376689
2021-08-03	10.3170395673346	4.45181543147567	6.45349142724103	7.76173974121474	1.50704331366948	2.85647147373568	4.41061644665572	2.80847343299021
2021-08-04	10.7399738739017	4.63044095899689	6.58890486415564	8.09478973575707	1.51684825444698	2.90467867091617	4.61336632680721	2.88742646611554
2021-08-05	11.1804933069879	4.81869115017259	6.72959619372206	8.44102785010073	1.52896863472622	2.95365265636266	4.82042670066537	2.96854231708636
2021-08-06	11.6378971957209	5.01576821476544	6.87541445031471	8.79988902353583	1.54340910146264	3.00351589460797	5.03142425202218	3.05140264984616
2021-08-07	12.1114848692289	5.2208743625382	7.02620866830803	9.17080819535256	1.56017430161171	3.05439085018488	5.24598566466969	3.13558912833841
2021-08-08	12.6005556566398	5.43321180325357	7.18182788207647	9.55322030484109	1.57926888212887	3.10639998762619	5.46373762239992	3.22068341650661
2021-08-09	13.1044088870815	5.65198274667429	7.34212112599447	9.94656029129159	1.60069748996958	3.15966577146472	5.68430680900488	3.30626717829423
2021-08-10	13.6223438896821	5.87638940256308	7.50693743443647	10.3502630939943	1.62446477208929	3.21431066623326	5.90731990827662	3.39192207764478
2021-08-11	14.1536599935696	6.10563398068265	7.67612584177688	10.7637636522392	1.65057537544346	3.2704571364646	6.13240360400714	3.47722977850171
2021-08-12	14.6976565278718	6.33891869079572	7.84953538239017	11.1864969053166	1.67903394698754	3.32822764669155	6.35918457998846	3.56177194480853
2021-08-13	15.2536328217169	6.57544574266503	8.02701509065076	11.6178977925167	1.70984513367699	3.38774466144691	6.58728952001261	3.64513024050872
2021-08-14	15.8208882042327	6.8144173460533	8.20841400093311	12.0574012531296	1.74301358246726	3.44913064526348	6.81634510787163	3.72688632954577
2021-08-15	16.3987220045473	7.05503571072322	8.39358114761163	12.5044422264454	1.77854394031381	3.51250806267406	7.04597802735751	3.80662187586315
2021-08-16	16.9863354882198	7.29649708295148	8.58230197675807	12.9581171282247	1.81648235747827	3.5779975292367	7.27578693666953	3.88396814797449
2021-08-17	17.5825376665338	7.53797385507048	8.77410758123335	13.4161682801089	1.85704099744706	3.64571226461051	7.5052583916359	3.95875483267394
2021-08-18	18.1860394872042	7.77863245592659	8.96846546559567	13.8759994802098	1.90047352701277	3.71576363947985	7.73385092249207	4.03086122132581
2021-08-19	18.7955518979459	8.01763931436618	9.16484313440328	14.3350145266391	1.947033612968	3.78826302452908	7.9610230594735	4.1001666052944
2021-08-20	19.4097858464735	8.25416085923557	9.36270809221435	14.7906172175087	1.99697492210534	3.86332179044255	8.18623333281562	4.16655027594398
2021-08-21	20.027452280502	8.48736351938112	9.56152784358712	15.2402113509302	2.05055112121739	3.94105130790463	8.40894027275389	4.22989152463887
2021-08-22	20.6472621477462	8.71641372364919	9.7607698930798	15.6812007250156	2.10801587709675	4.02156294759967	8.62860240952377	4.29006964274336
2021-08-23	21.2679135004387	8.94056943052668	9.959967585872	16.1113858478455	2.16961408818915	4.10495464184217	8.84472273026724	4.34701875134502
2021-08-24	21.8880528088832	9.15945471706249	10.1589176296288	16.530154067377	2.23555557955285	4.19127056946707	9.05698204975232	4.40089229042452
2021-08-25	22.5063136479013	9.37278518994609	10.3574825726369	16.9372894415363	2.30604140789923	4.2805414709395	9.2651056396536	4.45189852968581
2021-08-26	23.1213295923143	9.58027645586694	10.5555249631826	17.3325760282493	2.38127262993968	4.37279808672453	9.46881877164567	4.50024573883285
2021-08-27	23.731734216944	9.7816441215145	10.7529073495525	17.7157978854421	2.4614503023856	4.46807115728727	9.6678467174031	4.54614218756958
2021-08-28	24.3361610966117	9.97660379357822	10.9494922800332	18.086739071041	2.54677548194839	4.56639142309281	9.86191474860047	4.58979614559995
2021-08-29	24.9332438061389	10.1648710787476	11.1451423029112	18.4451836429718	2.63744922533941	4.66778962460624	10.0507481369123	4.63141588262792
2021-08-30	25.5216159203473	10.346161583712	11.3397199664729	18.7909156591608	2.73367258927008	4.77229650229266	10.2340721540133	4.67120966835743
2021-08-31	26.0999110140582	10.5201909151609	11.533087819005	19.1237191775339	2.83564663045177	4.87994279661715	10.4116120715779	4.70938577249244
2021-09-01	26.6667626620933	10.6866746797838	11.725108408794	19.4433782560174	2.94357240559589	4.99075924804484	10.5830931612808	4.74615246473688
2021-09-02	27.2208044392739	10.8453284842702	11.9156442841263	19.7496769525371	3.05765097141382	5.10477659704079	10.7482406947964	4.78171801479473
2021-09-03	27.7606699204217	10.9958679353095	12.1045579932885	20.0423993250193	3.17808338461694	5.2220255840701	10.9067799437995	4.81629069236991
2021-09-04	28.2849926803581	11.1380086395911	12.2917120845672	20.3213294313901	3.30507070191666	5.34253694959787	11.0584361799645	4.85007876716638
2021-09-05	28.7924062939047	11.2714662038045	12.4769691062488	20.5862513295754	3.43881398002436	5.4663414340892	11.202934674966	4.8832905088881
2021-09-06	29.2815171518606	11.3960703607154	12.6601867311342	20.8370192887913	3.57937883335717	5.59339580295211	11.3399029932777	4.91609138280016
2021-09-07	29.7508229089353	11.5121073473938	12.8412031300812	21.0737684234135	3.72628910715508	5.72336092136629	11.4685778705689	4.9484756364122
2021-09-08	30.1987940358159	11.6199775269863	13.0198515984623	21.2967040591076	3.87893320436386	5.85582367945438	11.5880983353081	4.98039471279504
2021-09-09	30.6239010031897	11.720081262639	13.1959654316494	21.5060315215393	4.03669952792926	5.99037096733899	11.6976034159638	5.01180005501946
2021-09-10	31.0246142817438	11.8128189174984	13.369377925015	21.701956136374	4.19897648079701	6.12658967514278	11.7962321410045	5.04264310615627
2021-09-11	31.3994043421653	11.8985908547108	13.5399223739312	21.8846832292775	4.36515246591286	6.26406669298834	11.8831235388985	5.07287530927625
2021-09-12	31.7467416551415	11.9777974374226	13.7074320737703	22.0544181259153	4.53461588622255	6.40238891099832	11.9574166381144	5.10244810745022
2021-09-13	32.0653800854723	12.0508210145985	13.8717426907012	22.2113464270992	4.70672259216031	6.541109454491	12.0185067328428	5.13128306707087
2021-09-14	32.3552070744093	12.1179718784776	14.03269937408	22.3555748342264	4.88069822411426	6.67964638956732	12.0668141801631	5.1591822478185
2021-09-15	32.6163934573169	12.1795423071173	14.1901496440598	22.48719032384	5.05573586996103	6.81738401752389	12.1030156028769	5.18591783269529
2021-09-16	32.8491100695595	12.2358245785749	14.3439410207932	22.6062798724832	5.23102861757719	6.95370663965729	12.1277876237858	5.21126200470343
2021-09-17	33.0535277465014	12.2871109709079	14.4939210244333	22.7129304566994	5.40576955483935	7.08799855726413	12.1418068656915	5.23498694684513
2021-09-18	33.2298173235071	12.3336937621738	14.6399371751329	22.8072290530316	5.57915176962413	7.219644071641	12.1457499513954	5.25686484212256
2021-09-19	33.3781496359409	12.37586523043	14.781836993045	22.8892626380232	5.75036834980813	7.34802748408451	12.1402935036993	5.27666787353794
2021-09-20	33.4986955191673	12.4139176537338	14.9194679983223	22.9591181882173	5.91861238326794	7.47253309589126	12.1261141454048	5.29416822409344
2021-09-21	33.5916258085507	12.4481433101427	15.0526777111179	23.0168826801573	6.08307695788017	7.59254520835783	12.1038884993134	5.30913807679127
2021-09-22	33.6571113394554	12.4788344777142	15.1813136515845	23.0626430903864	6.24295516152143	7.70744812278083	12.0742931882268	5.32134961463361
2021-09-23	33.6953229472458	12.5062834345057	15.3052233398751	23.0964863954477	6.39744008206833	7.81662614045687	12.0380048349465	5.33057502062266
2021-09-24	33.7064314672864	12.5307824585745	15.4242542961425	23.1184995718846	6.54572480739745	7.91946356268253	11.9957000622742	5.3365864777606
2021-09-25	33.6906077349416	12.5526238279782	15.5382540405398	23.1287695962402	6.68700242538541	8.01534469075442	11.9480554930115	5.33915616904964
2021-09-26	33.6480225855757	12.5720998207742	15.6470700932196	23.1273834450579	6.82046602390882	8.10365382596914	11.89574774996	5.33805627749196
2021-09-27	33.5790397718537	12.5894992910429	15.7504538158734	23.11448883299	6.94557895435071	8.18384325532675	11.8393584372668	5.33314017950184
2021-09-28	33.4847947156435	12.6050973969572	15.8477719363465	23.0904764271264	7.06288562211996	8.25563720864126	11.7790890844611	5.32458602514187
2021-09-29	33.3666157561133	12.6191658727131	15.9382950240226	23.055797632666	7.17320069613181	8.3188279014301	11.715046202418	5.31265315788669
2021-09-30	33.2258312324315	12.6319764525064	16.0212936482853	23.0109038548079	7.27733884530159	8.37320754921074	11.647336302012	5.29760092121098
2021-10-01	33.0637694837664	12.6438008705331	16.0960383785184	22.9562464987509	7.37611473854457	8.41856836750063	11.5760658941182	5.27968865858941
2021-10-02	32.8817588492864	12.6549108609891	16.1617997841056	22.8922769696942	7.47034304477605	8.45470257181724	11.5013414896111	5.25917571349663
2021-10-03	32.6811276681598	12.6655781580704	16.2178484344306	22.8194466728367	7.56083843291131	8.48140237767802	11.4232695993658	5.2363214294073
2021-10-04	32.4631354506188	12.6760203343202	16.2635851634879	22.7382540552281	7.64822744644565	8.49855789824671	11.3419907611053	5.21138263190024
2021-10-05	32.2287663911503	12.6862383156719	16.2989318637152	22.6493857313212	7.73238412719437	8.50645083727225	11.2577816199459	5.18460607497077
2021-10-06	31.9789358553051	12.6961788664059	16.3239406921609	22.5535753574192	7.8129943915528	8.50546079614982	11.1709528478521	5.15623599471841
2021-10-07	31.714559208634	12.7057887508029	16.3386638058737	22.4515565898257	7.88974415591624	8.49596737627464	11.0818151167885	5.12651662724261
2021-10-08	31.4365518166877	12.7150147331434	16.3431533619019	22.3440630848441	7.96231933668	8.47835017904191	10.9906790987197	5.09569220864288
2021-10-09	31.1458290450171	12.7238035777081	16.337461517294	22.2318284987777	8.0304058502394	8.45298880584684	10.8978554656102	5.0640069750187
2021-10-10	30.8433062591728	12.7321020487776	16.3216404290984	22.11558648793	8.09368961298975	8.42026285808464	10.8036548894245	5.03170516246955
2021-10-11	30.5298988247056	12.7398569106325	16.2957422543638	21.9960707086044	8.15185654132637	8.38055193715051	10.7083880421274	4.99903100709492
2021-10-12	30.2065221071664	12.7470149275533	16.2598191501386	21.8740148171043	8.20459255164455	8.33423564443965	10.6123655956833	4.96622874499429
2021-10-13	29.8740914721058	12.7535228638208	16.2139232734711	21.7501524697331	8.25158356033963	8.28169358134729	10.5158982220567	4.93354261226715
2021-10-14	29.5335222850746	12.7593274837153	16.1581067814101	21.6252173227942	8.2925154838069	8.22330534926861	10.4192965932123	4.90121684501298
2021-10-15	29.1857299116237	12.7643755515177	16.0924218310038	21.4999430325911	8.32707423844169	8.15945054959883	10.3228713811146	4.86949567933127
2021-10-16	28.8316297173037	12.7686138315085	16.0169205793008	21.3750632554271	8.3549457406393	8.09050878373315	10.2269332577282	4.83862335132151
2021-10-17	28.4721370676654	12.7719890879682	15.9316551833495	21.2513116476057	8.37581590679505	8.01685965306678	10.1317928950176	4.80884409708318
2021-10-18	28.1080773379255	12.7744717949948	15.8367806572496	21.1293078210532	8.38948202399347	7.93887100137676	10.0377034909031	4.78033628513782
2021-10-19	27.7399159419641	12.7761272659557	15.732863443305	21.0092152101882	8.39618686207595	7.85686364196744	9.94468834712773	4.75301481369525
2021-10-20	27.3680283033272	12.7770445240355	15.6205728408705	20.8910832050522	8.39628456157311	7.77114663052499	9.85271329139005	4.72672871338734
2021-10-21	26.9927898455607	12.7773125924187	15.5005781493013	20.7749611956867	8.39012926301556	7.68202902273563	9.76174415138878	4.70132701484595
2021-10-22	26.6145759922108	12.7770204942902	15.3735486679522	20.6608985721332	8.37807510693393	7.58981987428551	9.67174675482259	4.67665874870295
2021-10-23	26.2337621668233	12.7762572528345	15.2401536961783	20.5489447244333	8.36047623385883	7.49482824086084	9.58268692939015	4.65257294559023
2021-10-24	25.8507237929443	12.7751118912363	15.1010625333346	20.4391490426283	8.33768678432086	7.39736317814779	9.49453050279011	4.62891863613963
2021-10-25	25.4658362941197	12.7736734326801	14.956944478776	20.3315609167599	8.31006089885065	7.29773374183253	9.40724330272115	4.60554485098304
2021-10-26	25.0794750938957	12.7720309003508	14.8084688318576	20.2262297368695	8.27795271797881	7.19624898760128	9.32079115688194	4.58230062075233
2021-10-27	24.692015615818	12.7702733174329	14.6563048919343	20.1232048929987	8.24171638223595	7.0932179711402	9.23513989297115	4.55903497607936
2021-10-28	24.3038332834329	12.7684897071111	14.501121958361	20.022535775189	8.2017060321527	6.98894974813549	9.15025533868744	4.535596947596
2021-10-29	23.9153035202862	12.7667690925699	14.3435893304929	19.9242717734818	8.15827580825967	6.88375337427331	9.06610332172946	4.51183556593413
2021-10-30	23.5268017499239	12.7652004969942	14.1843763076848	19.8284622779188	8.11177985108746	6.77793790523987	8.98264966979592	4.48759986172562
2021-10-31	23.1387033958921	12.7638729435685	14.0241521892918	19.7351566785413	8.0625723011667	6.67181239672134	8.89986021058546	4.46273886560233
